5883,640,1082,1477,2091,2410,,640,442,395,614,319,3473
6228,739,1250,1763,2448,2784,,739,511,513,685,336,3444
6287,745,1255,1771,2454,2823,,745,510,516,683,369,3464
6297,746,1257,1771,2509,2938,,746,511,514,738,429,3359
5988,642,1089,1527,2192,2578,,642,447,438,665,386,3410
6371,746,1258,1770,2507,2955,,746,512,512,737,448,3416
6441,744,1257,1769,2507,2951,,744,513,512,738,444,3490
6222,718,1205,1693,2435,2866,,718,487,488,742,431,3356
5850,645,1010,1399,2030,2391,,645,365,389,631,361,3459
6413,743,1257,1768,2505,2952,,743,514,511,737,447,3461
6436,746,1257,1769,2505,2950,,746,511,512,736,445,3486
6413,744,1281,1794,2532,2940,,744,537,513,738,408,3473
6386,745,1256,1767,2505,2943,,745,511,511,738,438,3443
6317,721,1208,1725,2434,2844,,721,487,517,709,410,3473
6263,719,1206,1693,2406,2815,,719,487,487,713,409,3448
6316,717,1233,1717,2431,2839,,717,516,484,714,408,3477
6208,718,1205,1692,2405,2800,,718,487,487,713,395,3408
6188,719,1205,1694,2391,2771,,719,486,489,697,380,3417
6313,748,1229,1719,2429,2840,,748,481,490,710,411,3473
6263,719,1204,1691,2404,2815,,719,485,487,713,411,3448
6264,719,1206,1694,2405,2816,,719,487,488,711,411,3448
6337,719,1204,1719,2459,2894,,719,485,515,740,435,3443
6264,719,1206,1693,2407,2816,,719,487,487,714,409,3448
6295,748,1234,1719,2399,2817,,748,486,485,680,418,3478
6290,719,1206,1696,2406,2818,,719,487,490,710,412,3472
6311,747,1257,1741,2453,2864,,747,510,484,712,411,3447
6212,718,1204,1693,2404,2794,,718,486,489,711,390,3418
6294,719,1205,1693,2407,2817,,719,486,488,714,410,3477
6293,717,1205,1693,2406,2818,,717,488,488,713,412,3475
6466,745,1257,1771,2508,2992,,745,512,514,737,484,3474
6213,718,1205,1693,2385,2793,,718,487,488,692,408,3420
6229,719,1206,1694,2406,2846,,719,487,488,712,440,3383
6343,719,1205,1723,2433,2867,,719,486,518,710,434,3476
6317,719,1205,1693,2407,2841,,719,486,488,714,434,3476
6313,718,1204,1693,2434,2841,,718,486,489,741,407,3472
6292,719,1205,1693,2405,2816,,719,486,488,712,411,3476
6411,744,1256,1769,2506,2992,,744,512,513,737,486,3419
6344,719,1208,1694,2437,2866,,719,489,486,743,429,3478
6366,747,1260,1772,2480,2891,,747,513,512,708,411,3475
6363,718,1204,1722,2463,2919,,718,486,518,741,456,3444
6236,746,1259,1742,2435,2815,,746,513,483,693,380,3421
6285,719,1207,1694,2407,2842,,719,488,487,713,435,3443
6367,749,1233,1718,2459,2891,,749,484,485,741,432,3476
6288,719,1206,1694,2406,2844,,719,487,488,712,438,3444
6264,719,1205,1693,2406,2816,,719,486,488,713,410,3448
6368,750,1264,1746,2485,2892,,750,514,482,739,407,3476
6294,721,1238,1748,2458,2866,,721,517,510,710,408,3428
6290,719,1236,1719,2433,2843,,719,517,483,714,410,3447
6318,718,1233,1718,2430,2842,,718,515,485,712,412,3476
6295,719,1236,1718,2430,2842,,719,517,482,712,412,3453
6237,718,1234,1718,2410,2818,,718,516,484,692,408,3419
6285,718,1206,1694,2406,2846,,718,488,488,712,440,3439
6264,719,1206,1693,2406,2816,,719,487,487,713,410,3448
6312,717,1207,1692,2434,2841,,717,490,485,742,407,3471
6392,750,1258,1744,2486,2918,,750,508,486,742,432,3474
6418,748,1286,1767,2480,2946,,748,538,481,713,466,3472
6240,718,1205,1692,2405,2815,,718,487,487,713,410,3425
6442,747,1284,1822,2559,2958,,747,537,538,737,399,3484
6240,741,1189,1626,2334,2763,,741,448,437,708,429,3477
6351,730,1218,1731,2474,2904,,730,488,513,743,430,3447
6156,719,1206,1694,2385,2766,,719,487,488,691,381,3390
6337,719,1234,1719,2460,2891,,719,515,485,741,431,3446
6288,718,1204,1722,2431,2840,,718,486,518,709,409,3448
6318,747,1231,1718,2430,2841,,747,484,487,712,411,3477
6339,718,1234,1719,2460,2891,,718,516,485,741,431,3448
6443,749,1262,1771,2510,2965,,749,513,509,739,455,3478
6287,718,1206,1722,2431,2841,,718,488,516,709,410,3446
6316,718,1205,1692,2404,2840,,718,487,487,712,436,3476
6264,719,1206,1693,2406,2816,,719,487,487,713,410,3448
6340,748,1232,1719,2432,2870,,748,484,487,713,438,3470
6261,748,1258,1774,2462,2843,,748,510,516,688,381,3418
6259,718,1206,1694,2405,2816,,718,488,488,711,411,3443
6289,718,1230,1717,2431,2840,,718,512,487,714,409,3449
6292,718,1205,1693,2407,2816,,718,487,488,714,409,3476
6262,719,1204,1691,2406,2816,,719,485,487,715,410,3446
6471,749,1263,1773,2512,2992,,749,514,510,739,480,3479
6291,746,1230,1717,2459,2865,,746,484,487,742,406,3426
6317,718,1234,1718,2431,2842,,718,516,484,713,411,3475
6314,719,1207,1722,2432,2865,,719,488,515,710,433,3449
6313,719,1205,1722,2434,2866,,719,486,517,712,432,3447
6237,721,1236,1720,2412,2817,,721,515,484,692,405,3420
6365,719,1235,1743,2456,2920,,719,516,508,713,464,3445
6344,720,1207,1695,2435,2867,,720,487,488,740,432,3477
6287,716,1203,1691,2403,2844,,716,487,488,712,441,3443
6343,720,1206,1723,2433,2865,,720,486,517,710,432,3478
6291,749,1234,1720,2432,2842,,749,485,486,712,410,3449
6291,718,1205,1693,2435,2865,,718,487,488,742,430,3426
6289,720,1207,1695,2406,2847,,720,487,488,711,441,3442
6293,719,1207,1694,2405,2817,,719,488,487,711,412,3476
6441,750,1260,1776,2516,2997,,750,510,516,740,481,3444
6211,749,1234,1719,2410,2793,,749,485,485,691,383,3418
6290,721,1237,1719,2431,2842,,721,516,482,712,411,3448
6339,748,1263,1742,2456,2890,,748,515,479,714,434,3449
6318,718,1234,1718,2430,2842,,718,516,484,712,412,3476
6294,719,1205,1693,2406,2816,,719,486,488,713,410,3478
6344,749,1233,1747,2458,2867,,749,484,514,711,409,3477
6289,720,1204,1693,2405,2845,,720,484,489,712,440,3444
6227,665,1156,1694,2408,2818,,665,491,538,714,410,3409
6201,709,1181,1683,2379,2778,,709,472,502,696,399,3423
6227,709,1182,1682,2379,2782,,709,473,500,697,403,3445
6188,668,1100,1594,2302,2745,,668,432,494,708,443,3443
6289,719,1205,1693,2405,2841,,719,486,488,712,436,3448
6265,719,1205,1693,2405,2816,,719,486,488,712,411,3449
6338,718,1206,1693,2435,2865,,718,488,487,742,430,3473
6317,717,1204,1722,2430,2840,,717,487,518,708,410,3477
6238,718,1205,1650,2357,2791,,718,487,445,707,434,3447
6293,721,1205,1693,2406,2816,,721,484,488,713,410,3477
6285,718,1233,1747,2457,2841,,718,515,514,710,384,3444
6263,716,1204,1667,2379,2815,,716,488,463,712,436,3448
6290,719,1231,1720,2432,2842,,719,512,489,712,410,3448
6299,721,1207,1695,2407,2819,,721,486,488,712,412,3480
6243,719,1206,1694,2407,2817,,719,487,488,713,410,3426
6250,721,1208,1695,2392,2801,,721,487,487,697,409,3449
6315,724,1236,1750,2460,2868,,724,512,514,710,408,3447
6313,718,1205,1693,2405,2841,,718,487,488,712,436,3472
6291,721,1232,1720,2433,2844,,721,511,488,713,411,3447
6262,719,1207,1694,2406,2818,,719,488,487,712,412,3444
6369,719,1216,1719,2432,2898,,719,497,503,713,466,3471
6290,719,1207,1694,2408,2843,,719,488,487,714,435,3447
6265,720,1206,1694,2407,2817,,720,486,488,713,410,3448
6232,721,1208,1695,2407,2819,,721,487,487,712,412,3413
6244,720,1207,1695,2408,2817,,720,487,488,713,409,3427
6188,720,1206,1695,2385,2767,,720,486,489,690,382,3421
6294,720,1206,1695,2408,2818,,720,486,489,713,410,3476
6294,721,1207,1695,2408,2819,,721,486,488,713,411,3475
6370,747,1232,1720,2460,2889,,747,485,488,740,429,3481
6266,720,1207,1694,2408,2818,,720,487,487,714,410,3448
6263,718,1207,1693,2406,2817,,718,489,486,713,411,3446
6289,719,1206,1694,2406,2842,,719,487,488,712,436,3447
6291,721,1209,1696,2408,2843,,721,488,487,712,435,3448
6266,720,1207,1694,2406,2818,,720,487,487,712,412,3448
6245,722,1208,1695,2408,2818,,722,486,487,713,410,3427
6190,720,1208,1695,2387,2769,,720,488,487,692,382,3421
6294,721,1209,1695,2409,2818,,721,488,486,714,409,3476
6265,719,1206,1695,2406,2817,,719,487,489,711,411,3448
6345,718,1205,1718,2430,2866,,718,487,513,712,436,3479
6266,721,1207,1695,2407,2818,,721,486,488,712,411,3448
6211,720,1235,1719,2410,2793,,720,515,484,691,383,3418
6263,724,1208,1694,2407,2819,,724,484,486,713,412,3444
6266,721,1207,1695,2408,2820,,721,486,488,713,412,3446
6316,720,1207,1695,2409,2844,,720,487,488,714,435,3472
6266,720,1208,1696,2410,2818,,720,488,488,714,408,3448
6189,720,1206,1694,2385,2767,,720,486,488,691,382,3422
6266,722,1207,1696,2408,2819,,722,485,489,712,411,3447
6315,720,1207,1720,2432,2843,,720,487,513,712,411,3472
6288,717,1203,1716,2429,2839,,717,486,513,713,410,3449
6342,717,1204,1692,2434,2865,,717,487,488,742,431,3477
6226,718,1204,1661,2380,2792,,718,486,457,719,412,3434
6319,749,1232,1720,2432,2843,,749,483,488,712,411,3476
6370,721,1235,1750,2460,2892,,721,514,515,710,432,3478
6315,721,1207,1693,2436,2866,,721,486,486,743,430,3449
6293,718,1205,1693,2405,2819,,718,487,488,712,414,3474
6288,718,1206,1693,2433,2841,,718,488,487,740,408,3447
6314,714,1229,1714,2426,2837,,714,515,485,712,411,3477
6318,751,1236,1722,2432,2841,,751,485,486,710,409,3477
6297,724,1241,1725,2437,2847,,724,517,484,712,410,3450
6243,719,1206,1694,2406,2817,,719,487,488,712,411,3426
6255,718,1235,1722,2432,2869,,718,517,487,710,437,3386
6268,747,1233,1695,2381,2793,,747,486,462,686,412,3475
6293,747,1231,1718,2430,2866,,747,484,487,712,436,3427
6291,719,1206,1695,2407,2847,,719,487,489,712,440,3444
6314,719,1204,1693,2406,2846,,719,485,489,713,440,3468
6289,719,1206,1720,2432,2842,,719,487,514,712,410,3447
6293,718,1206,1693,2405,2815,,718,488,487,712,410,3478
6293,718,1207,1693,2406,2816,,718,489,486,713,410,3477
6326,725,1213,1727,2439,2848,,725,488,514,712,409,3478
6435,744,1256,1768,2505,2994,,744,512,512,737,489,3441
6266,719,1206,1693,2406,2815,,719,487,487,713,409,3451
6293,722,1206,1694,2408,2818,,722,484,488,714,410,3475
6266,717,1204,1722,2431,2841,,717,487,518,709,410,3425
6339,749,1234,1718,2460,2891,,749,485,484,742,431,3448
6265,719,1205,1694,2406,2817,,719,486,489,712,411,3448
6289,719,1206,1693,2435,2842,,719,487,487,742,407,3447
6292,719,1206,1694,2405,2817,,719,487,488,711,412,3475
6368,721,1261,1745,2458,2893,,721,540,484,713,435,3475
6365,794,1282,1795,2506,2918,,794,488,513,711,412,3447
6296,722,1209,1721,2434,2844,,722,487,512,713,410,3452
6290,720,1212,1696,2407,2842,,720,492,484,711,435,3448
6287,721,1236,1719,2434,2842,,721,515,483,715,408,3445
6291,721,1207,1696,2408,2844,,721,486,489,712,436,3447
6265,720,1207,1694,2407,2817,,720,487,487,713,410,3448
6242,720,1208,1694,2407,2818,,720,488,486,713,411,3424
6215,721,1232,1720,2412,2793,,721,511,488,692,381,3422
6287,719,1206,1694,2407,2842,,719,487,488,713,435,3445
6326,728,1214,1727,2440,2849,,728,486,513,713,409,3477
6298,710,1193,1727,2440,2851,,710,483,534,713,411,3447
6316,719,1207,1694,2436,2867,,719,488,487,742,431,3449
6291,752,1238,1721,2438,2843,,752,486,483,717,405,3448
6292,720,1206,1694,2407,2818,,720,486,488,713,411,3474
6265,720,1206,1697,2407,2816,,720,486,491,710,409,3449
6266,720,1206,1694,2407,2817,,720,486,488,713,410,3449
6242,719,1206,1695,2407,2817,,719,487,489,712,410,3425
6215,721,1208,1697,2387,2793,,721,487,489,690,406,3422
6264,721,1208,1695,2408,2818,,721,487,487,713,410,3446
6325,755,1243,1755,2467,2879,,755,488,512,712,412,3446
6299,702,1189,1728,2440,2851,,702,487,539,712,411,3448
6266,722,1208,1696,2407,2818,,722,486,488,711,411,3448
6267,722,1208,1697,2412,2787,,722,486,489,715,375,3480
6213,721,1207,1695,2407,2797,,721,486,488,712,390,3416
6292,709,1177,1724,2433,2844,,709,468,547,709,411,3448
6291,721,1188,1696,2409,2844,,721,467,508,713,435,3447
6266,721,1209,1696,2407,2820,,721,488,487,711,413,3446
6241,721,1206,1693,2405,2817,,721,485,487,712,412,3424
6289,719,1205,1694,2406,2842,,719,486,489,712,436,3447
6316,717,1205,1692,2405,2841,,717,488,487,713,436,3475
6300,661,1168,1728,2441,2851,,661,507,560,713,410,3449
6265,719,1206,1694,2406,2818,,719,487,488,712,412,3447
6251,718,1208,1693,2408,2846,,718,490,485,715,438,3405
6216,719,1238,1695,2335,2768,,719,519,457,640,433,3448
6266,720,1207,1694,2408,2817,,720,487,487,714,409,3449
6316,721,1207,1696,2407,2844,,721,486,489,711,437,3472
6264,719,1207,1693,2407,2817,,719,488,486,714,410,3447
6268,719,1206,1694,2406,2842,,719,487,488,712,436,3426
6185,716,1203,1691,2383,2765,,716,487,488,692,382,3420
6267,721,1210,1696,2409,2819,,721,489,486,713,410,3448
6190,692,1107,1580,2319,2741,,692,415,473,739,422,3449
6289,665,1157,1696,2431,2842,,665,492,539,735,411,3447
6264,720,1237,1719,2432,2787,,720,517,482,713,355,3477
6379,757,1241,1728,2470,2902,,757,484,487,742,432,3477
6290,718,1205,1692,2406,2845,,718,487,487,714,439,3445
6339,747,1231,1718,2460,2896,,747,484,487,742,436,3443
6264,720,1206,1697,2407,2818,,720,486,491,710,411,3446
6327,757,1244,1756,2468,2880,,757,487,512,712,412,3447
6265,719,1206,1694,2406,2818,,719,487,488,712,412,3447
6345,720,1237,1720,2462,2868,,720,517,483,742,406,3477
6196,688,1100,1584,2325,2748,,688,412,484,741,423,3448
6267,721,1210,1695,2408,2818,,721,489,485,713,410,3449
6292,720,1207,1694,2407,2817,,720,487,487,713,410,3475
6267,720,1208,1695,2407,2819,,720,488,487,712,412,3448
6316,721,1208,1695,2408,2844,,721,487,487,713,436,3472
6266,720,1208,1694,2407,2817,,720,488,486,713,410,3449
6266,719,1207,1695,2406,2817,,719,488,488,711,411,3449
6267,720,1208,1695,2408,2842,,720,488,487,713,434,3425
6189,721,1208,1696,2386,2769,,721,487,488,690,383,3420
6266,687,1183,1697,2408,2820,,687,496,514,711,412,3446
6162,676,1092,1576,2291,2713,,676,416,484,715,422,3449
6292,721,1183,1696,2408,2845,,721,462,513,712,437,3447
6291,719,1206,1694,2406,2818,,719,487,488,712,412,3473
6265,722,1209,1696,2408,2819,,722,487,487,712,411,3446
6266,720,1208,1695,2408,2819,,720,488,487,713,411,3447
6291,721,1208,1696,2409,2819,,721,487,488,713,410,3472
6265,719,1206,1694,2405,2817,,719,487,488,711,412,3448
6291,724,1209,1721,2432,2843,,724,485,512,711,411,3448
6295,720,1207,1695,2407,2818,,720,487,488,712,411,3477
6290,748,1233,1719,2432,2842,,748,485,486,713,410,3448
6166,706,1112,1587,2296,2719,,706,406,475,709,423,3447
6320,719,1211,1720,2432,2843,,719,492,509,712,411,3477
6244,721,1208,1695,2408,2818,,721,487,487,713,410,3426
6217,720,1207,1695,2387,2769,,720,487,488,692,382,3448
6177,690,1145,1660,2356,2756,,690,455,515,696,400,3421
6227,708,1181,1670,2370,2780,,708,473,489,700,410,3447
6086,710,1181,1684,2340,2710,,710,471,503,656,370,3376
6301,730,1245,1752,2465,2876,,730,515,507,713,411,3425
6296,721,1209,1699,2408,2818,,721,488,490,709,410,3478
6309,708,1167,1708,2421,2831,,708,459,541,713,410,3478
6227,741,1195,1684,2380,2779,,741,454,489,696,399,3448
6109,706,1136,1681,2380,2734,,706,430,545,699,354,3375
6045,708,1180,1683,2335,2665,,708,472,503,652,330,3380
6126,708,1204,1616,2251,2691,,708,496,412,635,440,3435
6265,679,1163,1694,2405,2816,,679,484,531,711,411,3449
6290,720,1206,1696,2407,2817,,720,486,490,711,410,3473
6290,720,1208,1719,2432,2842,,720,488,511,713,410,3448
6289,706,1188,1717,2432,2840,,706,482,529,715,408,3449
6369,750,1263,1746,2457,2896,,750,513,483,711,439,3473
6266,720,1210,1694,2406,2816,,720,490,484,712,410,3450
6127,704,1116,1570,2267,2682,,704,412,454,697,415,3445
6093,712,1208,1662,2358,2716,,712,496,454,696,358,3377
6140,708,1206,1683,2300,2678,,708,498,477,617,378,3462
6354,753,1241,1753,2467,2877,,753,488,512,714,410,3477
6323,703,1188,1698,2440,2845,,703,485,510,742,405,3478
6290,749,1235,1719,2432,2842,,749,486,484,713,410,3448
6316,720,1207,1719,2431,2868,,720,487,512,712,437,3448
6299,699,1133,1693,2437,2866,,699,434,560,744,429,3433
6343,749,1233,1719,2432,2843,,749,484,486,713,411,3500
6292,719,1186,1669,2409,2817,,719,467,483,740,408,3475
6102,702,1113,1566,2263,2680,,702,411,453,697,417,3422
6216,709,1206,1642,2356,2768,,709,497,436,714,412,3448
6318,719,1206,1693,2406,2846,,719,487,487,713,440,3472
6290,718,1205,1694,2405,2817,,718,487,489,711,412,3473
6265,720,1207,1695,2407,2818,,720,487,488,712,411,3447
6292,718,1205,1693,2405,2816,,718,487,488,712,411,3476
6325,730,1216,1759,2469,2877,,730,486,543,710,408,3448
6265,720,1206,1695,2407,2818,,720,486,489,712,411,3447
6291,720,1236,1745,2456,2868,,720,516,509,711,412,3423
6295,721,1187,1672,2385,2819,,721,466,485,713,434,3476
6178,691,1157,1658,2317,2732,,691,466,501,659,415,3446
6245,709,1183,1641,2357,2769,,709,474,458,716,412,3476
6290,719,1206,1694,2406,2817,,719,487,488,712,411,3473
6342,720,1207,1694,2435,2867,,720,487,487,741,432,3475
6265,720,1206,1723,2433,2822,,720,486,517,710,389,3443
6266,719,1206,1695,2408,2819,,719,487,489,713,411,3447
6266,720,1206,1694,2407,2818,,720,486,488,713,411,3448
6214,718,1207,1642,2358,2766,,718,489,435,716,408,3448
6290,721,1208,1694,2437,2868,,721,487,486,743,431,3422
6270,721,1187,1670,2384,2793,,721,466,483,714,409,3477
6203,722,1187,1642,2356,2757,,722,465,455,714,401,3446
6241,708,1180,1660,2368,2792,,708,472,480,708,424,3449
6307,735,1222,1712,2424,2834,,735,487,490,712,410,3473
6318,673,1187,1723,2433,2843,,673,514,536,710,410,3475
6268,719,1207,1719,2432,2842,,719,488,512,713,410,3426
6267,721,1208,1696,2402,2818,,721,487,488,706,416,3449
6299,729,1215,1728,2440,2851,,729,486,513,712,411,3448
6295,722,1208,1696,2408,2818,,722,486,488,712,410,3477
6267,720,1237,1719,2434,2843,,720,517,482,715,409,3424
6337,735,1201,1708,2421,2860,,735,466,507,713,439,3477
6198,720,1183,1619,2306,2718,,720,463,436,687,412,3480
6267,719,1206,1694,2406,2818,,719,487,488,712,412,3449
6248,722,1206,1694,2407,2817,,722,484,488,713,410,3431
6295,719,1208,1670,2408,2806,,719,489,462,738,398,3489
6214,722,1207,1694,2407,2797,,722,485,487,713,390,3417
6316,721,1209,1695,2408,2843,,721,488,486,713,435,3473
6352,727,1243,1752,2465,2875,,727,516,509,713,410,3477
6319,719,1206,1694,2406,2841,,719,487,488,712,435,3478
6267,719,1207,1694,2407,2845,,719,488,487,713,438,3422
6178,720,1186,1670,2343,2756,,720,466,484,673,413,3422
5916,702,1119,1526,2176,2535,,702,417,407,650,359,3381
6165,711,1183,1643,2321,2729,,711,472,460,678,408,3436
6292,722,1208,1699,2407,2819,,722,486,491,708,412,3473
6296,750,1201,1695,2407,2818,,750,451,494,712,411,3478
6275,721,1207,1696,2407,2843,,721,486,489,711,436,3432
6265,719,1207,1694,2406,2816,,719,488,487,712,410,3449
6297,727,1214,1727,2439,2849,,727,487,513,712,410,3448
6239,719,1185,1695,2376,2792,,719,466,510,681,416,3447
6242,720,1208,1696,2406,2817,,720,488,488,710,411,3425
6246,721,1188,1673,2356,2769,,721,467,485,683,413,3477
6162,753,1228,1661,2368,2725,,753,475,433,707,357,3437
6164,709,1181,1684,2382,2781,,709,472,503,698,399,3383
5965,709,1182,1685,2301,2608,,709,473,503,616,307,3357
6165,668,1101,1595,2305,2718,,668,433,494,710,413,3447
6291,751,1235,1722,2433,2843,,751,484,487,711,410,3448
6320,752,1261,1746,2457,2854,,752,509,485,711,397,3466
6357,754,1242,1754,2467,2877,,754,488,512,713,410,3480
6266,720,1207,1695,2408,2817,,720,487,488,713,409,3449
6294,720,1207,1693,2406,2817,,720,487,486,713,411,3477
6244,720,1192,1680,2350,2767,,720,472,488,670,417,3477
6105,721,1190,1656,2312,2680,,721,469,466,656,368,3425
6123,709,1182,1683,2380,2735,,709,473,501,697,355,3388
5938,710,1207,1683,2299,2606,,710,497,476,616,307,3332
6167,668,1103,1528,2298,2693,,668,435,425,770,395,3474
6289,749,1235,1717,2429,2840,,749,486,482,712,411,3449
6320,720,1233,1719,2436,2842,,720,513,486,717,406,3478
6219,716,1214,1715,2412,2809,,716,498,501,697,397,3410
6214,706,1138,1664,2381,2762,,706,432,526,717,381,3452
6442,747,1256,1772,2483,2964,,747,509,516,711,481,3478
6251,733,1251,1733,2445,2835,,733,518,482,712,390,3416
6053,715,1161,1658,2290,2626,,715,446,497,632,336,3427
6211,716,1189,1714,2411,2758,,716,473,525,697,347,3453
6314,748,1233,1720,2431,2841,,748,485,487,711,410,3473
6293,720,1205,1697,2407,2818,,720,485,492,710,411,3475
6268,750,1235,1721,2433,2842,,750,485,486,712,409,3426
6292,708,1222,1751,2460,2849,,708,514,529,709,389,3443
6265,717,1205,1691,2404,2815,,717,488,486,713,411,3450
6291,721,1207,1723,2434,2844,,721,486,516,711,410,3447
6266,719,1208,1693,2435,2843,,719,489,485,742,408,3423
6146,714,1184,1656,2321,2672,,714,470,472,665,351,3474
6142,717,1184,1653,2284,2694,,717,467,469,631,410,3448
6154,720,1206,1697,2369,2729,,720,486,491,672,360,3425
6068,708,1180,1683,2338,2688,,708,472,503,655,350,3380
6055,710,1138,1617,2261,2612,,710,428,479,644,351,3443
6228,667,1146,1685,2382,2778,,667,479,539,697,396,3450
5960,708,1205,1684,2301,2608,,708,497,479,617,307,3352
6206,709,1183,1684,2382,2779,,709,474,501,698,397,3427
6241,711,1160,1695,2392,2804,,711,449,535,697,412,3437
6261,718,1205,1692,2405,2816,,718,487,487,713,411,3445
6270,721,1207,1695,2407,2797,,721,486,488,712,390,3473
6220,749,1258,1685,2314,2740,,749,509,427,629,426,3480
6250,747,1260,1772,2445,2826,,747,513,512,673,381,3424
6224,710,1206,1683,2379,2779,,710,496,477,696,400,3445
6204,708,1136,1683,2350,2757,,708,428,547,667,407,3447
6204,709,1205,1683,2380,2779,,709,496,478,697,399,3425
6159,709,1180,1684,2380,2778,,709,471,504,696,398,3381
6117,709,1180,1682,2319,2706,,709,471,502,637,387,3411
6266,747,1232,1721,2415,2818,,747,485,489,694,403,3448
6318,720,1206,1723,2433,2842,,720,486,517,710,409,3476
6241,721,1208,1694,2393,2802,,721,487,486,699,409,3439
6091,663,1130,1581,2259,2632,,663,467,451,678,373,3459
6230,723,1208,1696,2393,2786,,723,485,488,697,393,3444
5934,706,1177,1682,2300,2604,,706,471,505,618,304,3330
6215,709,1180,1662,2353,2769,,709,471,482,691,416,3446
6265,719,1206,1694,2408,2817,,719,487,488,714,409,3448
6266,720,1207,1694,2408,2818,,720,487,487,714,410,3448
6266,722,1207,1698,2409,2818,,722,485,491,711,409,3448
6290,720,1207,1695,2413,2843,,720,487,488,718,430,3447
6241,720,1208,1695,2408,2818,,720,488,487,713,410,3423
6178,722,1189,1671,2360,2730,,722,467,482,689,370,3448
6103,669,1171,1622,2319,2666,,669,502,451,697,347,3437
5960,707,1179,1683,2299,2605,,707,472,504,616,306,3355
6115,708,1206,1684,2382,2738,,708,498,478,698,356,3377
6026,710,1205,1645,2347,2694,,710,495,440,702,347,3332
6206,709,1182,1685,2383,2780,,709,473,503,698,397,3426
6113,710,1181,1684,2382,2738,,710,471,503,698,356,3375
6267,673,1160,1695,2407,2818,,673,487,535,712,411,3449
6241,720,1208,1695,2407,2797,,720,488,487,712,390,3444
6344,751,1261,1746,2459,2894,,751,510,485,713,435,3450
6367,719,1210,1719,2461,2891,,719,491,509,742,430,3476
6117,707,1218,1664,2306,2667,,707,511,446,642,361,3450
6230,720,1209,1695,2408,2789,,720,489,486,713,381,3441
6287,748,1237,1717,2430,2842,,748,489,480,713,412,3445
6291,720,1205,1693,2405,2818,,720,485,488,712,413,3473
6262,716,1202,1692,2403,2813,,716,486,490,711,410,3449
6290,721,1208,1697,2408,2845,,721,487,489,711,437,3445
6267,721,1208,1696,2407,2818,,721,487,488,711,411,3449
6215,720,1208,1696,2411,2798,,720,488,488,715,387,3417
6346,709,1177,1696,2437,2869,,709,468,519,741,432,3477
6290,708,1199,1724,2434,2843,,708,491,525,710,409,3447
6140,747,1260,1698,2331,2691,,747,513,438,633,360,3449
6227,718,1207,1695,2406,2785,,718,489,488,711,379,3442
6094,709,1181,1683,2339,2691,,709,472,502,656,352,3403
6295,749,1260,1769,2443,2803,,749,511,509,674,360,3492
6265,745,1206,1693,2405,2817,,745,461,487,712,412,3448
6295,720,1207,1694,2407,2818,,720,487,487,713,411,3477
6316,745,1249,1745,2457,2868,,745,504,496,712,411,3448
6292,721,1232,1720,2432,2844,,721,511,488,712,412,3448
6244,721,1208,1699,2410,2818,,721,487,491,711,408,3426
6295,709,1178,1696,2409,2820,,709,469,518,713,411,3475
6230,753,1265,1771,2448,2790,,753,512,506,677,342,3440
5936,711,1182,1686,2304,2608,,711,471,504,618,304,3328
6246,710,1181,1685,2383,2805,,710,471,504,698,422,3441
6297,721,1206,1696,2407,2818,,721,485,490,711,411,3479
6291,721,1207,1694,2407,2847,,721,486,487,713,440,3444
6291,720,1207,1695,2408,2848,,720,487,488,713,440,3443
6154,745,1139,1608,2309,2706,,745,394,469,701,397,3448
6068,710,1183,1685,2341,2686,,710,473,502,656,345,3382
6230,710,1181,1710,2408,2804,,710,471,529,698,396,3426
5994,709,1179,1642,2281,2614,,709,470,463,639,333,3380
6193,708,1160,1674,2352,2734,,708,452,514,678,382,3459
6268,723,1207,1695,2408,2804,,723,484,488,713,396,3464
6265,721,1207,1696,2408,2818,,721,486,489,712,410,3447
6321,721,1207,1695,2408,2844,,721,486,488,713,436,3477
6319,719,1230,1719,2430,2840,,719,511,489,711,410,3479
6346,721,1236,1721,2434,2868,,721,515,485,713,434,3478
6266,745,1173,1695,2406,2817,,745,428,522,711,411,3449
6269,720,1208,1696,2409,2818,,720,488,488,713,409,3451
6266,720,1208,1695,2407,2843,,720,488,487,712,436,3423
6269,704,1187,1723,2434,2843,,704,483,536,711,409,3426
6128,694,1175,1683,2338,2712,,694,481,508,655,374,3416
6116,710,1182,1683,2384,2735,,710,472,501,701,351,3381
5998,709,1204,1709,2326,2632,,709,495,505,617,306,3366
6102,709,1180,1684,2338,2665,,709,471,504,654,327,3437
5959,707,1179,1683,2301,2606,,707,472,504,618,305,3353
6179,711,1183,1646,2348,2754,,711,472,463,702,406,3425
6164,650,1054,1499,2304,2718,,650,404,445,805,414,3446
6268,721,1208,1696,2409,2819,,721,487,488,713,410,3449
6319,720,1207,1694,2408,2843,,720,487,487,714,435,3476
6320,721,1236,1721,2433,2843,,721,515,485,712,410,3477
6155,706,1134,1644,2345,2714,,706,428,510,701,369,3441
6416,758,1267,1771,2483,2968,,758,509,504,712,485,3448
6341,721,1207,1695,2437,2868,,721,486,488,742,431,3473
6320,720,1206,1695,2436,2842,,720,486,489,741,406,3478
6266,722,1207,1695,2407,2818,,722,485,488,712,411,3448
6220,720,1206,1694,2406,2744,,720,486,488,712,338,3476
6190,720,1182,1615,2331,2742,,720,462,433,716,411,3448
6242,719,1206,1696,2406,2818,,719,487,490,710,412,3424
6295,708,1176,1681,2389,2820,,708,468,505,708,431,3475
6000,749,1177,1631,2274,2628,,749,428,454,643,354,3372
6218,710,1140,1681,2371,2757,,710,430,541,690,386,3461
6267,720,1208,1695,2407,2817,,720,488,487,712,410,3450
6286,720,1206,1726,2436,2870,,720,486,520,710,434,3416
6265,748,1230,1745,2432,2800,,748,482,515,687,368,3465
6318,745,1173,1726,2435,2872,,745,428,553,709,437,3446
6291,719,1207,1694,2407,2818,,719,488,487,713,411,3473
6265,749,1210,1630,2363,2822,,749,461,420,733,459,3443
6290,750,1233,1719,2432,2843,,750,483,486,713,411,3447
6241,721,1208,1695,2408,2818,,721,487,487,713,410,3423
6152,722,1208,1677,2360,2745,,722,486,469,683,385,3407
6191,709,1156,1681,2344,2735,,709,447,525,663,391,3456
6291,719,1208,1694,2407,2848,,719,489,486,713,441,3443
6293,720,1209,1696,2408,2819,,720,489,487,712,411,3474
6312,719,1205,1747,2457,2865,,719,486,542,710,408,3447
6321,720,1209,1695,2408,2843,,720,489,486,713,435,3478
6265,721,1209,1695,2408,2818,,721,488,486,713,410,3447
6243,744,1194,1651,2361,2793,,744,450,457,710,432,3450
6287,718,1234,1717,2430,2841,,718,516,483,713,411,3446
6271,718,1206,1694,2407,2842,,718,488,488,713,435,3429
6151,722,1209,1676,2359,2744,,722,487,467,683,385,3407
6168,708,1136,1642,2303,2682,,708,428,506,661,379,3486
6268,721,1208,1695,2408,2819,,721,487,487,713,411,3449
6296,722,1208,1699,2408,2818,,722,486,491,709,410,3478
6351,729,1215,1728,2441,2877,,729,486,513,713,436,3474
6331,734,1221,1735,2447,2882,,734,487,514,712,435,3449
6346,750,1235,1751,2460,2868,,750,485,516,709,408,3478
6321,750,1239,1681,2416,2844,,750,489,442,735,428,3477
6137,718,1207,1657,2322,2697,,718,489,450,665,375,3440
6241,722,1210,1696,2408,2821,,722,488,486,712,413,3420
6172,718,1204,1698,2382,2766,,718,486,494,684,384,3406
6022,685,1089,1499,2139,2520,,685,404,410,640,381,3502
6265,721,1208,1694,2407,2817,,721,487,486,713,410,3448
6318,721,1208,1695,2407,2843,,721,487,487,712,436,3475
6296,729,1215,1728,2440,2851,,729,486,513,712,411,3445
6265,720,1206,1696,2407,2819,,720,486,490,711,412,3446
6321,724,1208,1696,2409,2844,,724,484,488,713,435,3477
6242,722,1187,1669,2371,2795,,722,465,482,702,424,3447
6264,720,1206,1695,2407,2817,,720,486,489,712,410,3447
6244,721,1208,1696,2407,2819,,721,487,488,711,412,3425
6150,724,1208,1675,2359,2744,,724,484,467,684,385,3406
6164,709,1137,1632,2319,2711,,709,428,495,687,392,3453
6268,721,1209,1695,2406,2818,,721,488,486,711,412,3450
6128,694,1118,1591,2287,2683,,694,424,473,696,396,3445
6203,711,1184,1687,2385,2779,,711,473,503,698,394,3424
6229,728,1201,1711,2409,2805,,728,473,510,698,396,3424
6101,709,1181,1643,2280,2678,,709,472,462,637,398,3423
6062,669,1079,1493,2201,2679,,669,410,414,708,478,3383
6091,712,1184,1686,2342,2713,,712,472,502,656,371,3378
6192,712,1183,1711,2408,2805,,712,471,528,697,397,3387
5977,666,1161,1592,2230,2560,,666,495,431,638,330,3417
6142,708,1181,1640,2324,2710,,708,473,459,684,386,3432
6264,720,1207,1695,2407,2818,,720,487,488,712,411,3446
6303,722,1208,1695,2410,2850,,722,486,487,715,440,3453
6236,729,1216,1729,2417,2794,,729,487,513,688,377,3442
6105,652,1078,1492,2260,2679,,652,426,414,768,419,3426
5961,710,1183,1685,2302,2608,,710,473,502,617,306,3353
5988,710,1116,1528,2201,2578,,710,406,412,673,377,3410
6185,712,1187,1685,2381,2779,,712,475,498,696,398,3406
6227,722,1209,1695,2408,2782,,722,487,486,713,374,3445
5989,706,1135,1614,2251,2609,,706,429,479,637,358,3380
6126,705,1174,1661,2366,2731,,705,469,487,705,365,3395
6264,720,1207,1695,2407,2818,,720,487,488,712,411,3446
6290,720,1207,1695,2407,2818,,720,487,488,712,411,3472
6299,754,1241,1754,2466,2857,,754,487,513,712,391,3442
6304,736,1222,1735,2447,2858,,736,486,513,712,411,3446
6320,723,1209,1699,2409,2844,,723,486,490,710,435,3476
6192,751,1234,1701,2349,2748,,751,483,467,648,399,3444
6256,724,1208,1696,2409,2844,,724,484,488,713,435,3412
6203,710,1207,1684,2381,2779,,710,497,477,697,398,3424
6145,710,1182,1709,2406,2766,,710,472,527,697,360,3379
6140,719,1148,1636,2317,2704,,719,429,488,681,387,3436
6266,722,1208,1697,2409,2820,,722,486,489,712,411,3446
6290,718,1207,1694,2406,2816,,718,489,487,712,410,3474
6293,748,1235,1748,2462,2851,,748,487,513,714,389,3442
6268,722,1208,1696,2409,2819,,722,486,488,713,410,3449
6266,721,1209,1696,2408,2819,,721,488,487,712,411,3447
6215,719,1206,1670,2353,2760,,719,487,464,683,407,3455
6211,719,1205,1695,2406,2796,,719,486,490,711,390,3415
6268,722,1208,1696,2409,2819,,722,486,488,713,410,3449
6264,720,1208,1695,2407,2818,,720,488,487,712,411,3446
6237,719,1206,1695,2406,2794,,719,487,489,711,388,3443
6251,721,1209,1696,2408,2819,,721,488,487,712,411,3432
6344,723,1209,1698,2412,2846,,723,486,489,714,434,3498
6231,720,1208,1695,2408,2818,,720,488,487,713,410,3413
6267,722,1210,1697,2410,2820,,722,488,487,713,410,3447
6290,721,1206,1694,2407,2842,,721,485,488,713,435,3448
6217,721,1209,1726,2397,2754,,721,488,517,671,357,3463
6289,721,1209,1721,2433,2844,,721,488,512,712,411,3445
6242,721,1211,1695,2408,2798,,721,490,484,713,390,3444
6228,691,1183,1698,2408,2819,,691,492,515,710,411,3409
6212,721,1207,1695,2409,2843,,721,486,488,714,434,3369
6319,722,1233,1722,2433,2870,,722,511,489,711,437,3449
6292,721,1209,1697,2408,2822,,721,488,488,711,414,3470
6215,722,1208,1698,2409,2800,,722,486,490,711,391,3415
6201,763,1259,1725,2410,2795,,763,496,466,685,385,3406
6068,710,1180,1686,2343,2693,,710,470,506,657,350,3375
6055,707,1177,1619,2255,2614,,707,470,442,636,359,3441
6187,710,1208,1685,2384,2805,,710,498,477,699,421,3382
6229,709,1182,1685,2385,2780,,709,473,503,700,395,3449
6006,642,1124,1596,2251,2644,,642,482,472,655,393,3362
6054,711,1177,1633,2274,2613,,711,466,456,641,339,3441
6060,708,1180,1684,2341,2690,,708,472,504,657,349,3370
6086,710,1206,1710,2364,2717,,710,496,504,654,353,3369
6050,709,1179,1642,2279,2613,,709,470,463,637,334,3437
6128,651,1080,1492,2260,2679,,651,429,412,768,419,3449
5961,710,1181,1685,2301,2608,,710,471,504,616,307,3353
6015,710,1139,1620,2256,2616,,710,429,481,636,360,3399
5962,710,1182,1687,2304,2608,,710,472,505,617,304,3354
5960,712,1209,1686,2304,2608,,712,497,477,618,304,3352
6086,709,1182,1709,2365,2714,,709,473,527,656,349,3372
6046,709,1179,1684,2339,2667,,709,470,505,655,328,3379
6077,709,1183,1682,2312,2638,,709,474,499,630,326,3439
6112,710,1180,1684,2379,2741,,710,470,504,695,362,3371
6038,713,1208,1685,2384,2686,,713,495,477,699,302,3352
6250,747,1217,1747,2443,2842,,747,470,530,696,399,3408
5987,712,1182,1643,2281,2616,,712,470,461,638,335,3371
6013,709,1138,1617,2254,2613,,709,429,479,637,359,3400
6115,709,1181,1684,2381,2738,,709,472,503,697,357,3377
6140,711,1181,1688,2384,2761,,711,470,507,696,377,3379
6092,717,1214,1717,2373,2723,,717,497,503,656,350,3369
6168,709,1180,1661,2332,2725,,709,471,481,671,393,3443
6267,721,1208,1697,2408,2819,,721,487,489,711,411,3448
6267,722,1207,1696,2409,2819,,722,485,489,713,410,3448
6264,721,1207,1695,2408,2817,,721,486,488,713,409,3447
6268,722,1209,1696,2408,2819,,722,487,487,712,411,3449
6268,721,1208,1698,2408,2819,,721,487,490,710,411,3449
6241,749,1259,1744,2433,2799,,749,510,485,689,366,3442
6191,722,1208,1697,2388,2769,,722,486,489,691,381,3422
6265,721,1208,1697,2408,2819,,721,487,489,711,411,3446
6245,720,1208,1694,2408,2818,,720,488,486,714,410,3427
6285,722,1208,1696,2413,2844,,722,486,488,717,431,3441
6268,724,1209,1697,2409,2819,,724,485,488,712,410,3449
6271,720,1207,1697,2407,2818,,720,487,490,710,411,3453
6214,697,1184,1696,2409,2820,,697,487,512,713,411,3394
6229,710,1182,1685,2381,2781,,710,472,503,696,400,3448
6036,710,1181,1684,2314,2663,,710,471,503,630,349,3373
6054,709,1179,1642,2282,2614,,709,470,463,640,332,3440
6113,709,1207,1684,2384,2738,,709,498,477,700,354,3375
5961,709,1181,1683,2302,2608,,709,472,502,619,306,3353
6023,668,1139,1610,2264,2651,,668,471,471,654,387,3372
6052,710,1182,1644,2281,2616,,710,472,462,637,335,3436
6104,709,1182,1642,2304,2671,,709,473,460,662,367,3433
6090,709,1205,1709,2405,2712,,709,496,504,696,307,3378
6226,676,1148,1685,2384,2782,,676,472,537,699,398,3444
6218,670,1160,1650,2359,2770,,670,490,490,709,411,3448
6266,721,1209,1696,2409,2820,,721,488,487,713,411,3446
6193,722,1208,1698,2384,2751,,722,486,490,686,367,3442
6265,719,1207,1693,2406,2816,,719,488,486,713,410,3449
6338,717,1229,1716,2429,2865,,717,512,487,713,436,3473
6268,764,1260,1747,2438,2822,,764,496,487,691,384,3446
6302,720,1208,1699,2409,2855,,720,488,491,710,446,3447
6294,723,1211,1699,2411,2846,,723,488,488,712,435,3448
6269,723,1210,1698,2409,2821,,723,487,488,711,412,3448
6243,709,1193,1698,2435,2807,,709,484,505,737,372,3436
6245,749,1224,1657,2364,2795,,749,475,433,707,431,3450
6295,722,1209,1696,2408,2844,,722,487,487,712,436,3451
6244,723,1210,1697,2410,2800,,723,487,487,713,390,3444
6268,723,1208,1697,2410,2821,,723,485,489,713,411,3447
6242,722,1211,1696,2409,2799,,722,489,485,713,390,3443
6239,716,1202,1690,2403,2814,,716,486,488,713,411,3425
6125,725,1210,1678,2362,2718,,725,485,468,684,356,3407
6036,710,1206,1685,2380,2688,,710,496,479,695,308,3348
5964,712,1183,1694,2318,2608,,712,471,511,624,290,3356
6229,715,1187,1686,2383,2784,,715,472,499,697,401,3445
6140,711,1207,1710,2323,2733,,711,496,503,613,410,3407
5987,712,1208,1644,2282,2616,,712,496,436,638,334,3371
6050,707,1178,1640,2278,2612,,707,471,462,638,334,3438
6113,709,1179,1686,2382,2739,,709,470,507,696,357,3374
5960,708,1180,1682,2299,2607,,708,472,502,617,308,3353
6089,713,1185,1713,2368,2718,,713,472,528,655,350,3371
6149,710,1182,1685,2382,2741,,710,472,503,697,359,3408
6267,723,1208,1696,2409,2820,,723,485,488,713,411,3447
6268,721,1207,1696,2409,2818,,721,486,489,713,409,3450
6291,720,1179,1696,2407,2844,,720,459,517,711,437,3447
6268,720,1208,1696,2407,2817,,720,488,488,711,410,3451
6269,722,1209,1698,2409,2820,,722,487,489,711,411,3449
6268,721,1209,1726,2436,2819,,721,488,517,710,383,3449
6268,723,1208,1698,2408,2821,,723,485,490,710,413,3447
6268,722,1209,1697,2409,2821,,722,487,488,712,412,3447
6267,721,1208,1696,2408,2819,,721,487,488,712,411,3448
6276,720,1209,1696,2409,2822,,720,489,487,713,413,3454
6267,722,1210,1696,2409,2819,,722,488,486,713,410,3448
6292,721,1208,1700,2435,2845,,721,487,492,735,410,3447
6291,723,1191,1699,2411,2850,,723,468,508,712,439,3441
6292,670,1158,1696,2408,2844,,670,488,538,712,436,3448
6318,722,1210,1696,2440,2870,,722,488,486,744,430,3448
6320,723,1238,1722,2463,2870,,723,515,484,741,407,3450
6246,722,1210,1698,2409,2820,,722,488,488,711,411,3426
6268,722,1209,1697,2409,2820,,722,487,488,712,411,3448
6267,723,1209,1697,2409,2820,,723,486,488,712,411,3447
6268,722,1210,1697,2409,2820,,722,488,487,712,411,3448
6268,720,1206,1694,2407,2842,,720,486,488,713,435,3426
6267,721,1209,1698,2410,2820,,721,488,489,712,410,3447
6331,733,1220,1732,2445,2856,,733,487,512,713,411,3475
6152,722,1210,1676,2362,2744,,722,488,466,686,382,3408
6064,714,1185,1686,2341,2693,,714,471,501,655,352,3371
6129,708,1181,1683,2336,2689,,708,473,502,653,353,3440
6114,710,1183,1685,2383,2739,,710,473,502,698,356,3375
6201,709,1181,1684,2381,2780,,709,472,503,697,399,3421
6205,669,1147,1687,2383,2781,,669,478,540,696,398,3424
6069,710,1183,1685,2339,2691,,710,473,502,654,352,3378
5987,712,1184,1644,2286,2616,,712,472,460,642,330,3371
6087,712,1184,1710,2366,2717,,712,472,526,656,351,3370
6029,713,1140,1574,2222,2552,,713,427,434,648,330,3477
6103,670,1083,1494,2261,2680,,670,413,411,767,419,3423
5934,707,1179,1681,2297,2607,,707,472,502,616,310,3327
6041,711,1182,1685,2315,2639,,711,471,503,630,324,3402
5938,710,1182,1685,2301,2609,,710,472,503,616,308,3329
6260,718,1190,1716,2412,2810,,718,472,526,696,398,3450
6236,720,1192,1719,2415,2814,,720,472,527,696,399,3422
6093,707,1178,1682,2338,2710,,707,471,504,656,372,3383
5995,710,1206,1641,2283,2614,,710,496,435,642,331,3381
6231,711,1182,1711,2409,2806,,711,471,529,698,397,3425
6185,719,1150,1631,2328,2739,,719,431,481,697,411,3446
6105,710,1182,1714,2410,2714,,710,472,532,696,304,3391
5993,711,1207,1644,2282,2616,,711,496,437,638,334,3377
6014,709,1179,1644,2281,2615,,709,470,465,637,334,3399
6114,709,1206,1685,2381,2739,,709,497,479,696,358,3375
6096,720,1217,1719,2417,2720,,720,497,502,698,303,3376
6230,711,1183,1709,2405,2805,,711,472,526,696,400,3425
6095,711,1181,1685,2340,2712,,711,470,504,655,372,3383
5986,710,1183,1646,2281,2614,,710,473,463,635,333,3372
6225,708,1179,1708,2404,2802,,708,471,529,696,398,3423
6211,710,1206,1710,2406,2805,,710,496,504,696,399,3406
6328,780,1269,1756,2471,2878,,780,489,487,715,407,3450
6418,722,1237,1776,2485,2969,,722,515,539,709,484,3449
6318,751,1264,1746,2459,2874,,751,513,482,713,415,3444
6292,726,1236,1722,2435,2844,,726,510,486,713,409,3448
6306,723,1209,1698,2410,2821,,723,486,489,712,411,3485
6269,708,1191,1697,2409,2820,,708,483,506,712,411,3449
6293,722,1209,1697,2437,2845,,722,487,488,740,408,3448
6292,720,1208,1695,2407,2844,,720,488,487,712,437,3448
6267,723,1209,1698,2410,2821,,723,486,489,712,411,3446
6344,707,1244,1714,2432,2867,,707,537,470,718,435,3477
6415,762,1257,1774,2483,2967,,762,495,517,709,484,3448
6317,722,1209,1697,2410,2873,,722,487,488,713,463,3444
6266,721,1207,1696,2409,2819,,721,486,489,713,410,3447
6339,718,1206,1693,2434,2895,,718,488,487,741,461,3444
6293,719,1206,1719,2431,2866,,719,487,513,712,435,3427
6193,723,1211,1697,2390,2770,,723,488,486,693,380,3423
6295,724,1210,1726,2435,2847,,724,486,516,709,412,3448
6353,758,1245,1756,2466,2877,,758,487,511,710,411,3476
6271,723,1209,1668,2384,2795,,723,486,459,716,411,3476
6254,722,1210,1698,2411,2821,,722,488,488,713,410,3433
6281,761,1248,1680,2398,2833,,761,487,432,718,435,3448
6293,722,1238,1722,2435,2846,,722,516,484,713,411,3447
6266,722,1208,1700,2412,2819,,722,486,492,712,407,3447
6293,723,1209,1696,2408,2849,,723,486,487,712,441,3444
6266,722,1208,1696,2409,2820,,722,486,488,713,411,3446
6266,746,1211,1696,2409,2818,,746,465,485,713,409,3448
6267,722,1209,1696,2410,2819,,722,487,487,714,409,3448
6269,723,1211,1698,2412,2821,,723,488,487,714,409,3448
6341,719,1207,1695,2435,2866,,719,488,488,740,431,3475
6266,720,1207,1719,2432,2819,,720,487,512,713,387,3447
6292,722,1212,1722,2435,2845,,722,490,510,713,410,3447
6267,721,1208,1696,2408,2819,,721,487,488,712,411,3448
6265,721,1208,1696,2410,2820,,721,487,488,714,410,3445
6291,723,1209,1698,2410,2845,,723,486,489,712,435,3446
6267,723,1210,1697,2409,2821,,723,487,487,712,412,3446
6268,724,1210,1697,2409,2820,,724,486,487,712,411,3448
6266,721,1208,1695,2407,2819,,721,487,487,712,412,3447
6266,722,1208,1699,2409,2819,,722,486,491,710,410,3447
6269,724,1210,1697,2409,2822,,724,486,487,712,413,3447
6266,722,1188,1696,2409,2820,,722,466,508,713,411,3446
6266,724,1210,1697,2408,2819,,724,486,487,711,411,3447
6293,722,1208,1697,2409,2847,,722,486,489,712,438,3446
6296,723,1210,1698,2410,2820,,723,487,488,712,410,3476
6267,722,1209,1697,2408,2822,,722,487,488,711,414,3445
6266,728,1214,1696,2410,2821,,728,486,482,714,411,3445
6445,788,1280,1799,2508,2967,,788,492,519,709,459,3478
6268,722,1210,1697,2410,2821,,722,488,487,713,411,3447
6305,736,1223,1734,2447,2858,,736,487,511,713,411,3447
6267,722,1208,1697,2408,2819,,722,486,489,711,411,3448
6144,652,1056,1547,2273,2695,,652,404,491,726,422,3449
6269,676,1163,1697,2409,2820,,676,487,534,712,411,3449
6267,723,1209,1697,2409,2820,,723,486,488,712,411,3447
6257,722,1210,1697,2410,2820,,722,488,487,713,410,3437
6264,717,1207,1692,2405,2817,,717,490,485,713,412,3447
6321,723,1210,1701,2411,2846,,723,487,491,710,435,3475
6294,724,1211,1723,2436,2846,,724,487,512,713,410,3448
6293,721,1210,1697,2409,2844,,721,489,487,712,435,3449
6269,723,1209,1698,2411,2821,,723,486,489,713,410,3448
6282,712,1198,1712,2424,2833,,712,486,514,712,409,3449
6192,709,1120,1606,2322,2745,,709,411,486,716,423,3447
6293,749,1230,1723,2434,2845,,749,481,493,711,411,3448
6269,651,1163,1697,2410,2820,,651,512,534,713,410,3449
6270,722,1208,1697,2410,2820,,722,486,489,713,410,3450
6294,722,1209,1696,2410,2844,,722,487,487,714,434,3450
6291,722,1192,1696,2409,2845,,722,470,504,713,436,3446
6268,747,1180,1696,2409,2820,,747,433,516,713,411,3448
6293,723,1209,1698,2411,2846,,723,486,489,713,435,3447
6267,722,1208,1696,2409,2818,,722,486,488,713,409,3449
6267,721,1210,1697,2408,2819,,721,489,487,711,411,3448
6142,709,1119,1590,2258,2696,,709,410,471,668,438,3446
6268,747,1170,1696,2409,2820,,747,423,526,713,411,3448
6270,724,1210,1698,2410,2820,,724,486,488,712,410,3450
6267,722,1208,1695,2408,2819,,722,486,487,713,411,3448
6272,723,1209,1697,2410,2820,,723,486,488,713,410,3452
6292,723,1210,1698,2410,2847,,723,487,488,712,437,3445
6269,747,1174,1697,2409,2820,,747,427,523,712,411,3449
6292,723,1210,1697,2410,2845,,723,487,487,713,435,3447
6265,720,1206,1695,2407,2818,,720,486,489,712,411,3447
6293,723,1210,1698,2410,2821,,723,487,488,712,411,3472
6179,721,1186,1626,2335,2723,,721,465,440,709,388,3456
6292,722,1209,1724,2418,2845,,722,487,515,694,427,3447
6266,721,1209,1696,2410,2821,,721,488,487,714,411,3445
6294,724,1209,1698,2409,2820,,724,485,489,711,411,3474
6319,727,1210,1728,2438,2871,,727,483,518,710,433,3448
6260,731,1216,1681,2391,2821,,731,485,465,710,430,3439
6298,698,1185,1699,2413,2822,,698,487,514,714,409,3476
6319,722,1209,1701,2410,2845,,722,487,492,709,435,3474
6319,701,1213,1697,2441,2874,,701,512,484,744,433,3445
6268,722,1209,1696,2410,2820,,722,487,487,714,410,3448
6197,723,1210,1618,2335,2745,,723,487,408,717,410,3452
6318,766,1259,1722,2434,2869,,766,493,463,712,435,3449
6293,722,1209,1696,2408,2849,,722,487,487,712,441,3444
6294,724,1236,1723,2436,2846,,724,512,487,713,410,3448
6294,723,1210,1697,2410,2821,,723,487,487,713,411,3473
6295,726,1212,1697,2411,2821,,726,486,485,714,410,3474
6269,725,1211,1700,2412,2822,,725,486,489,712,410,3447
6265,667,1160,1695,2408,2820,,667,493,535,713,412,3445
6269,710,1194,1697,2411,2821,,710,484,503,714,410,3448
6268,708,1195,1696,2410,2820,,708,487,501,714,410,3448
6143,723,1130,1596,2304,2691,,723,407,466,708,387,3452
6294,749,1235,1726,2438,2846,,749,486,491,712,408,3448
6268,724,1210,1698,2410,2821,,724,486,488,712,411,3447
6269,723,1210,1698,2410,2823,,723,487,488,712,413,3446
6268,722,1210,1697,2410,2822,,722,488,487,713,412,3446
6324,723,1240,1723,2437,2845,,723,517,483,714,408,3479
6273,724,1188,1698,2410,2821,,724,464,510,712,411,3452
6267,723,1210,1697,2409,2819,,723,487,487,712,410,3448
6269,723,1194,1698,2411,2820,,723,471,504,713,409,3449
6294,724,1210,1698,2411,2821,,724,486,488,713,410,3473
6115,720,1129,1620,2305,2664,,720,409,491,685,359,3451
6268,748,1156,1698,2409,2821,,748,408,542,711,412,3447
6268,724,1211,1698,2411,2822,,724,487,487,713,411,3446
6269,724,1209,1698,2413,2822,,724,485,489,715,409,3447
6268,722,1209,1697,2409,2821,,722,487,488,712,412,3447
6217,724,1216,1697,2354,2770,,724,492,481,657,416,3447
6320,749,1176,1698,2440,2871,,749,427,522,742,431,3449
6316,751,1261,1748,2460,2870,,751,510,487,712,410,3446
6162,645,1049,1541,2292,2714,,645,404,492,751,422,3448
6193,668,1118,1602,2323,2746,,668,450,484,721,423,3447
6172,723,1189,1673,2353,2696,,723,466,484,680,343,3476
6116,685,1151,1608,2241,2693,,685,466,457,633,452,3423
6271,724,1211,1701,2405,2823,,724,487,490,704,418,3448
6319,723,1211,1727,2464,2872,,723,488,516,737,408,3447
6293,722,1209,1697,2412,2844,,722,487,488,715,432,3449
6246,722,1208,1697,2410,2820,,722,486,489,713,410,3426
6298,751,1212,1699,2409,2821,,751,461,487,710,412,3477
6266,723,1214,1698,2410,2821,,723,491,484,712,411,3445
6301,760,1244,1729,2442,2853,,760,484,485,713,411,3448
6342,752,1241,1747,2439,2869,,752,489,506,692,430,3473
6179,750,1259,1716,2382,2747,,750,509,457,666,365,3432
6005,710,1137,1542,2202,2561,,710,427,405,660,359,3444
5963,714,1186,1686,2303,2611,,714,472,500,617,308,3352
6207,713,1185,1685,2382,2781,,713,472,500,697,399,3426
6091,711,1183,1686,2342,2713,,711,472,503,656,371,3378
6218,711,1181,1700,2374,2764,,711,470,519,674,390,3454
6268,669,1160,1698,2411,2821,,669,491,538,713,410,3447
6234,723,1209,1697,2410,2820,,723,486,488,713,410,3414
6244,723,1210,1672,2384,2796,,723,487,462,712,412,3448
6268,722,1209,1697,2409,2819,,722,487,488,712,410,3449
6143,723,1188,1672,2360,2695,,723,465,484,688,335,3448
6266,721,1233,1720,2433,2822,,721,512,487,713,389,3444
6266,720,1208,1694,2408,2818,,720,488,486,714,410,3448
6268,723,1209,1696,2409,2820,,723,486,487,713,411,3448
6327,757,1243,1756,2469,2879,,757,486,513,713,410,3448
6097,724,1209,1619,2253,2611,,724,485,410,634,358,3486
6268,722,1209,1697,2409,2820,,722,487,488,712,411,3448
6244,723,1210,1672,2384,2795,,723,487,462,712,411,3449
6292,722,1210,1700,2412,2845,,722,488,490,712,433,3447
6267,751,1235,1696,2409,2820,,751,484,461,713,411,3447
6141,724,1210,1620,2316,2696,,724,486,410,696,380,3445
6295,724,1210,1699,2410,2827,,724,486,489,711,417,3468
6268,723,1209,1697,2409,2821,,723,486,488,712,412,3447
6269,723,1210,1698,2411,2822,,723,487,488,713,411,3447
6293,721,1209,1696,2409,2849,,721,488,487,713,440,3444
6168,751,1158,1671,2309,2693,,751,407,513,638,384,3475
6294,747,1213,1698,2409,2845,,747,466,485,711,436,3449
6296,721,1208,1698,2411,2844,,721,487,490,713,433,3452
6292,696,1182,1696,2409,2843,,696,486,514,713,434,3449
6293,723,1209,1698,2409,2845,,723,486,489,711,436,3448
6094,720,1207,1618,2248,2609,,720,487,411,630,361,3485
6268,748,1204,1697,2409,2820,,748,456,493,712,411,3448
6267,722,1208,1697,2409,2819,,722,486,489,712,410,3448
6269,722,1210,1698,2410,2821,,722,488,488,712,411,3448
6321,723,1207,1695,2407,2834,,723,484,488,712,427,3487
6203,723,1194,1697,2381,2785,,723,471,503,684,404,3418
6131,651,1057,1536,2261,2681,,651,406,479,725,420,3450
6162,710,1182,1644,2347,2760,,710,472,462,703,413,3402
6073,671,1149,1620,2319,2694,,671,478,471,699,375,3379
6067,715,1145,1646,2312,2691,,715,430,501,666,379,3376
6230,713,1210,1670,2375,2783,,713,497,460,705,408,3447
6106,651,1056,1539,2218,2684,,651,405,483,679,466,3422
6166,712,1209,1687,2383,2783,,712,497,478,696,400,3383
6099,722,1194,1721,2380,2729,,722,472,527,659,349,3370
5987,709,1182,1642,2281,2613,,709,473,460,639,332,3374
6213,712,1183,1672,2374,2781,,712,471,489,702,407,3432
6031,653,1056,1473,2162,2578,,653,403,417,689,416,3453
6092,712,1142,1643,2350,2719,,712,430,501,707,369,3373
6190,710,1186,1658,2296,2757,,710,476,472,638,461,3433
6293,724,1211,1700,2410,2822,,724,487,489,710,412,3471
6310,750,1235,1721,2464,2871,,750,485,486,743,407,3439
6219,751,1235,1700,2350,2763,,751,484,465,650,413,3456
6268,723,1210,1698,2410,2821,,723,487,488,712,411,3447
6319,723,1240,1722,2434,2875,,723,517,482,712,441,3444
6293,723,1210,1697,2410,2846,,723,487,487,713,436,3447
6299,724,1235,1725,2435,2828,,724,511,490,710,393,3471
6324,724,1241,1723,2435,2845,,724,517,482,712,410,3479
6293,724,1236,1723,2440,2847,,724,512,487,717,407,3446
6331,737,1224,1765,2478,2883,,737,487,541,713,405,3448
6152,724,1210,1698,2354,2745,,724,486,488,656,391,3407
6179,712,1208,1686,2382,2741,,712,496,478,696,359,3438
6079,651,1122,1593,2289,2638,,651,471,471,696,349,3441
6193,712,1211,1687,2384,2805,,712,499,476,697,421,3388
6062,710,1206,1686,2342,2692,,710,496,480,656,350,3370
5990,711,1183,1645,2283,2616,,711,472,462,638,333,3374
6255,712,1184,1712,2409,2812,,712,472,528,697,403,3443
6206,669,1158,1687,2385,2781,,669,489,529,698,396,3425
6114,712,1181,1645,2308,2709,,712,469,464,663,401,3405
6118,670,1103,1596,2306,2666,,670,433,493,710,360,3452
6269,723,1210,1698,2413,2820,,723,487,488,715,407,3449
6273,722,1210,1696,2410,2799,,722,488,486,714,389,3474
6293,747,1216,1696,2409,2848,,747,469,480,713,439,3445
6295,724,1210,1698,2409,2850,,724,486,488,711,441,3445
6319,723,1211,1698,2438,2870,,723,488,487,740,432,3449
6246,722,1209,1696,2409,2820,,722,487,487,713,411,3426
6248,723,1239,1723,2374,2771,,723,516,484,651,397,3477
6344,745,1231,1719,2430,2866,,745,486,488,711,436,3478
6267,723,1209,1698,2410,2806,,723,486,489,712,396,3461
6194,715,1170,1685,2381,2740,,715,455,515,696,359,3454
6296,723,1210,1699,2410,2802,,723,487,489,711,392,3494
6299,725,1213,1698,2413,2828,,725,488,485,715,415,3471
6269,748,1177,1699,2410,2822,,748,429,522,711,412,3447
6292,752,1236,1721,2433,2845,,752,484,485,712,412,3447
6320,725,1236,1725,2463,2871,,725,511,489,738,408,3449
6266,750,1235,1751,2460,2849,,750,485,516,709,389,3417
6256,723,1239,1723,2435,2813,,723,516,484,712,378,3443
6108,653,1059,1522,2264,2682,,653,406,463,742,418,3426
5951,711,1185,1685,2301,2608,,711,474,500,616,307,3343
6089,674,1109,1558,2225,2643,,674,435,449,667,418,3446
6153,724,1190,1673,2362,2744,,724,466,483,689,382,3409
6327,723,1211,1699,2441,2871,,723,488,488,742,430,3456
6295,747,1197,1684,2422,2845,,747,450,487,738,423,3450
6294,723,1209,1696,2415,2845,,723,486,487,719,430,3449
6320,723,1211,1699,2439,2876,,723,488,488,740,437,3444
6323,723,1239,1723,2466,2896,,723,516,484,743,430,3427
6323,723,1211,1698,2440,2845,,723,488,487,742,405,3478
6219,723,1186,1655,2363,2771,,723,463,469,708,408,3448
6123,726,1211,1697,2389,2736,,726,485,486,692,347,3387
6132,684,1132,1558,2261,2686,,684,448,426,703,425,3446
6221,713,1211,1687,2360,2735,,713,498,476,673,375,3486
6398,727,1239,1722,2463,2924,,727,512,483,741,461,3474
6195,751,1235,1703,2376,2738,,751,484,468,673,362,3457
6348,723,1234,1724,2435,2871,,723,511,490,711,436,3477
6269,724,1211,1698,2411,2821,,724,487,487,713,410,3448
6269,720,1207,1720,2432,2843,,720,487,513,712,411,3426
6280,725,1214,1699,2440,2839,,725,489,485,741,399,3441
6206,710,1145,1688,2386,2781,,710,435,543,698,395,3425
6208,712,1184,1687,2385,2781,,712,472,503,698,396,3427
6240,635,1110,1602,2349,2797,,635,475,492,747,448,3443
6269,722,1209,1698,2410,2820,,722,487,489,712,410,3449
6347,723,1239,1748,2460,2871,,723,516,509,712,411,3476
6268,747,1157,1697,2409,2820,,747,410,540,712,411,3448
6292,722,1209,1727,2437,2844,,722,487,518,710,407,3448
6261,725,1239,1722,2435,2845,,725,514,483,713,410,3416
6248,724,1212,1699,2413,2822,,724,488,487,714,409,3426
6194,724,1210,1698,2413,2748,,724,486,488,715,335,3446
6269,749,1199,1698,2409,2821,,749,450,499,711,412,3448
6246,721,1236,1687,2395,2800,,721,515,451,708,405,3446
6196,714,1130,1613,2325,2747,,714,416,483,712,422,3449
6270,725,1211,1699,2412,2823,,725,486,488,713,411,3447
6268,724,1211,1699,2412,2821,,724,487,488,713,409,3447
6268,750,1176,1699,2411,2822,,750,426,523,712,411,3446
6294,723,1235,1723,2436,2846,,723,512,488,713,410,3448
6269,723,1209,1697,2410,2820,,723,486,488,713,410,3449
6268,725,1211,1698,2411,2822,,725,486,487,713,411,3446
6219,726,1213,1725,2437,2769,,726,487,512,712,332,3450
6269,723,1186,1700,2411,2822,,723,463,514,711,411,3447
6270,725,1236,1723,2415,2821,,725,511,487,692,406,3449
6195,710,1120,1606,2330,2746,,710,410,486,724,416,3449
6269,723,1211,1699,2411,2822,,723,488,488,712,411,3447
6316,725,1209,1697,2438,2871,,725,484,488,741,433,3445
6241,722,1184,1673,2384,2795,,722,462,489,711,411,3446
6266,721,1207,1695,2407,2818,,721,486,488,712,411,3448
6270,724,1211,1699,2411,2821,,724,487,488,712,410,3449
6318,723,1235,1723,2436,2872,,723,512,488,713,436,3446
6216,722,1209,1697,2388,2770,,722,487,488,691,382,3446
6294,751,1212,1688,2396,2849,,751,461,476,708,453,3445
6219,724,1212,1699,2391,2773,,724,488,487,692,382,3446
6193,722,1131,1622,2330,2744,,722,409,491,708,414,3449
6268,722,1209,1697,2409,2820,,722,487,488,712,411,3448
6289,721,1206,1695,2407,2842,,721,485,489,712,435,3447
6271,721,1234,1661,2369,2793,,721,513,427,708,424,3478
6267,722,1209,1696,2410,2819,,722,487,487,714,409,3448
6309,738,1250,1737,2449,2860,,738,512,487,712,411,3449
6317,746,1233,1747,2457,2869,,746,487,514,710,412,3448
6212,723,1210,1698,2410,2742,,723,487,488,712,332,3470
6197,724,1212,1619,2337,2748,,724,488,407,718,411,3449
6244,724,1212,1697,2390,2798,,724,488,485,693,408,3446
6131,711,1128,1563,2262,2685,,711,417,435,699,423,3446
6232,712,1184,1690,2386,2783,,712,472,506,696,397,3449
5944,715,1197,1687,2303,2610,,715,482,490,616,307,3334
6133,716,1189,1688,2385,2739,,716,473,499,697,354,3394
6347,725,1242,1754,2464,2898,,725,517,512,710,434,3449
6372,722,1209,1726,2437,2899,,722,487,517,711,462,3473
6270,723,1210,1697,2411,2820,,723,487,487,714,409,3450
6265,723,1209,1725,2435,2870,,723,486,516,710,435,3395
6191,724,1157,1686,2385,2786,,724,433,529,699,401,3405
5993,713,1185,1644,2284,2616,,713,472,459,640,332,3377
6032,670,1106,1548,2213,2588,,670,436,442,665,375,3444
6208,712,1184,1687,2387,2765,,712,472,503,700,378,3443
5942,711,1183,1685,2301,2610,,711,472,502,616,309,3332
5940,713,1185,1686,2303,2611,,713,472,501,617,308,3329
6207,714,1186,1687,2384,2783,,714,472,501,697,399,3424
6231,713,1185,1686,2381,2782,,713,472,501,695,401,3449
6206,711,1183,1686,2385,2781,,711,472,503,699,396,3425
6206,714,1184,1687,2384,2781,,714,470,503,697,397,3425
6232,713,1185,1691,2387,2783,,713,472,506,696,396,3449
6207,712,1186,1687,2383,2781,,712,474,501,696,398,3426
6219,713,1143,1644,2360,2774,,713,430,501,716,414,3445
6269,723,1209,1698,2410,2820,,723,486,489,712,410,3449
6295,726,1210,1727,2435,2847,,726,484,517,708,412,3448
6183,755,1216,1621,2325,2737,,755,461,405,704,412,3446
5960,707,1179,1683,2300,2607,,707,472,504,617,307,3353
6141,713,1210,1689,2385,2743,,713,497,479,696,358,3398
6140,712,1184,1686,2383,2739,,712,472,502,697,356,3401
6023,709,1205,1684,2383,2686,,709,496,479,699,303,3337
5791,671,1070,1465,2102,2446,,671,399,395,637,344,3345
5696,652,1048,1444,2074,2364,,652,396,396,630,290,3332
6246,714,1185,1666,2373,2798,,714,471,481,707,425,3448
6295,723,1210,1698,2412,2850,,723,487,488,714,438,3445
6292,723,1210,1698,2411,2850,,723,487,488,713,439,3442
6206,723,1210,1645,2349,2760,,723,487,435,704,411,3446
6230,711,1181,1686,2382,2781,,711,470,505,696,399,3449
6166,712,1186,1688,2384,2783,,712,474,502,696,399,3383
6114,719,1197,1684,2381,2740,,719,478,487,697,359,3374
6117,711,1183,1685,2381,2741,,711,472,502,696,360,3376
6241,722,1192,1721,2418,2815,,722,470,529,697,397,3426
6121,712,1185,1688,2386,2741,,712,473,503,698,355,3380
6212,713,1169,1647,2349,2772,,713,456,478,702,423,3440
6324,725,1237,1723,2435,2846,,725,512,486,712,411,3478
6268,725,1210,1698,2411,2822,,725,485,488,713,411,3446
6233,724,1243,1693,2400,2811,,724,519,450,707,411,3422
5995,713,1185,1645,2285,2622,,713,472,460,640,337,3373
5986,710,1141,1618,2256,2613,,710,431,477,638,357,3373
5986,714,1145,1620,2256,2616,,714,431,475,636,360,3370
5991,712,1142,1620,2257,2616,,712,430,478,637,359,3375
5979,711,1139,1620,2263,2612,,711,428,481,643,349,3367
5993,712,1144,1622,2260,2616,,712,432,478,638,356,3377
6026,712,1143,1643,2290,2644,,712,431,500,647,354,3382
5947,671,1105,1521,2194,2526,,671,434,416,673,332,3421
5920,671,1109,1519,2194,2528,,671,438,410,675,334,3392
5916,672,1105,1521,2195,2528,,672,433,416,674,333,3388
5989,712,1142,1620,2257,2615,,712,430,478,637,358,3374
5987,710,1138,1619,2255,2615,,710,428,481,636,360,3372
5976,708,1153,1614,2236,2607,,708,445,461,622,371,3369
5992,714,1143,1622,2258,2616,,714,429,479,636,358,3376
5989,712,1167,1624,2256,2615,,712,455,457,632,359,3374
5992,712,1142,1620,2256,2615,,712,430,478,636,359,3377
5943,687,1116,1534,2198,2538,,687,429,418,664,340,3405
5998,714,1145,1623,2258,2617,,714,431,478,635,359,3381
5998,712,1167,1624,2257,2617,,712,455,457,633,360,3381
5981,713,1141,1626,2253,2613,,713,428,485,627,360,3368
5991,713,1143,1622,2257,2618,,713,430,479,635,361,3373
5989,713,1143,1620,2257,2615,,713,430,477,637,358,3374
5982,713,1144,1621,2252,2612,,713,431,477,631,360,3370
5991,711,1166,1621,2257,2616,,711,455,455,636,359,3375
5989,711,1139,1621,2261,2617,,711,428,482,640,356,3372
5990,711,1167,1619,2258,2615,,711,456,452,639,357,3375
5996,713,1142,1620,2260,2623,,713,429,478,640,363,3373
5995,713,1187,1646,2286,2616,,713,474,459,640,330,3379
6022,713,1142,1625,2258,2616,,713,429,483,633,358,3406
6183,723,1211,1646,2350,2761,,723,488,435,704,411,3422
6116,712,1209,1688,2385,2739,,712,497,479,697,354,3377
6066,713,1209,1686,2342,2694,,713,496,477,656,352,3372
6064,710,1181,1685,2341,2692,,710,471,504,656,351,3372
6089,710,1182,1711,2366,2717,,710,472,529,655,351,3372
6089,711,1182,1711,2369,2718,,711,471,529,658,349,3371
6067,707,1179,1707,2361,2688,,707,472,528,654,327,3379
6206,712,1184,1669,2352,2758,,712,472,485,683,406,3448
6297,725,1212,1698,2411,2821,,725,487,486,713,410,3476
6327,723,1238,1722,2464,2899,,723,515,484,742,435,3428
6275,727,1211,1679,2387,2797,,727,484,468,708,410,3478
6349,699,1187,1727,2437,2877,,699,488,540,710,440,3472
6295,725,1213,1699,2411,2850,,725,488,486,712,439,3445
6209,724,1190,1646,2350,2762,,724,466,456,704,412,3447
5992,713,1183,1645,2285,2618,,713,470,462,640,333,3374
5985,708,1138,1618,2256,2613,,708,430,480,638,357,3372
5990,712,1139,1621,2259,2615,,712,427,482,638,356,3375
5998,711,1140,1621,2256,2622,,711,429,481,635,366,3376
5996,713,1145,1620,2256,2620,,713,432,475,636,364,3376
5865,672,1106,1519,2169,2502,,672,434,413,650,333,3363
5937,671,1105,1520,2193,2532,,671,434,415,673,339,3405
5990,712,1141,1621,2258,2617,,712,429,480,637,359,3373
5909,689,1122,1539,2191,2510,,689,433,417,652,319,3399
5987,713,1144,1623,2259,2616,,713,431,479,636,357,3371
5988,712,1142,1621,2256,2615,,712,430,479,635,359,3373
5992,710,1142,1620,2257,2618,,710,432,478,637,361,3374
5992,712,1141,1622,2257,2615,,712,429,481,635,358,3377
6025,714,1143,1621,2257,2618,,714,429,478,636,361,3407
6270,724,1235,1723,2436,2847,,724,511,488,713,411,3423
6123,725,1164,1689,2384,2743,,725,439,525,695,359,3380
5994,713,1145,1620,2258,2617,,713,432,475,638,359,3377
5989,713,1142,1623,2259,2616,,713,429,481,636,357,3373
5990,713,1143,1623,2258,2617,,713,430,480,635,359,3373
5990,713,1143,1622,2261,2620,,713,430,479,639,359,3370
5989,712,1141,1622,2257,2617,,712,429,481,635,360,3372
5988,712,1140,1620,2262,2619,,712,428,480,642,357,3369
5992,716,1157,1619,2257,2616,,716,441,462,638,359,3376
5999,713,1141,1621,2257,2617,,713,428,480,636,360,3382
5991,710,1141,1617,2255,2613,,710,431,476,638,358,3378
6016,712,1185,1645,2308,2643,,712,473,460,663,335,3373
5988,711,1141,1621,2261,2616,,711,430,480,640,355,3372
6013,710,1169,1643,2280,2639,,710,459,474,637,359,3374
5989,713,1142,1622,2259,2617,,713,429,480,637,358,3372
5989,712,1167,1620,2260,2618,,712,455,453,640,358,3371
5990,714,1144,1622,2258,2616,,714,430,478,636,358,3374
5987,711,1140,1620,2259,2614,,711,429,480,639,355,3373
6002,712,1167,1621,2259,2617,,712,455,454,638,358,3385
5995,712,1141,1621,2256,2616,,712,429,480,635,360,3379
6020,712,1143,1621,2256,2615,,712,431,478,635,359,3405
6176,722,1210,1697,2389,2770,,722,488,487,692,381,3406
6182,719,1206,1693,2381,2781,,719,487,487,688,400,3401
5987,711,1183,1643,2281,2615,,711,472,460,638,334,3372
5986,710,1166,1620,2255,2615,,710,456,454,635,360,3371
5989,711,1141,1621,2266,2622,,711,430,480,645,356,3367
5988,713,1145,1620,2256,2615,,713,432,475,636,359,3373
5982,715,1143,1622,2254,2614,,715,428,479,632,360,3368
5990,713,1146,1622,2257,2616,,713,433,476,635,359,3374
5993,711,1139,1621,2255,2614,,711,428,482,634,359,3379
5989,713,1144,1620,2256,2615,,713,431,476,636,359,3374
5941,681,1086,1496,2207,2538,,681,405,410,711,331,3403
5938,672,1106,1523,2195,2531,,672,434,417,672,336,3407
5914,672,1106,1521,2195,2529,,672,434,415,674,334,3385
5939,672,1106,1520,2194,2528,,672,434,414,674,334,3411
5939,673,1105,1520,2195,2540,,673,432,415,675,345,3399
5915,671,1105,1522,2195,2528,,671,434,417,673,333,3387
5915,670,1105,1520,2193,2531,,670,435,415,673,338,3384
5940,674,1106,1521,2195,2530,,674,432,415,674,335,3410
5994,672,1107,1520,2193,2615,,672,435,413,673,422,3379
5906,712,1130,1556,2190,2509,,712,418,426,634,319,3397
5992,714,1143,1621,2258,2614,,714,429,478,637,356,3378
5983,712,1140,1620,2257,2630,,712,428,480,637,373,3353
6018,712,1167,1645,2281,2640,,712,455,478,636,359,3378
5957,711,1139,1621,2252,2612,,711,428,482,631,360,3345
5995,714,1148,1623,2259,2618,,714,434,475,636,359,3377
5994,713,1141,1624,2258,2616,,713,428,483,634,358,3378
5997,712,1143,1621,2257,2619,,712,431,478,636,362,3378
5987,712,1143,1622,2256,2617,,712,431,479,634,361,3370
5995,713,1141,1622,2256,2615,,713,428,481,634,359,3380
5989,712,1141,1622,2257,2616,,712,429,481,635,359,3373
5989,707,1137,1619,2253,2611,,707,430,482,634,358,3378
5994,714,1144,1622,2258,2617,,714,430,478,636,359,3377
5972,722,1151,1567,2228,2560,,722,429,416,661,332,3412
5990,672,1105,1520,2194,2615,,672,433,415,674,421,3375
5992,712,1141,1620,2258,2615,,712,429,479,638,357,3377
5968,713,1143,1621,2256,2616,,713,430,478,635,360,3352
5990,713,1167,1622,2260,2616,,713,454,455,638,356,3374
5990,713,1143,1620,2258,2616,,713,430,477,638,358,3374
6054,712,1140,1619,2256,2615,,712,428,479,637,359,3439
5939,672,1088,1496,2194,2516,,672,416,408,698,322,3423
5944,673,1108,1522,2195,2518,,673,435,414,673,323,3426
5938,672,1104,1519,2196,2529,,672,432,415,677,333,3409
5945,677,1112,1528,2228,2560,,677,435,416,700,332,3385
5938,674,1107,1523,2197,2532,,674,433,416,674,335,3406
5915,671,1104,1521,2192,2528,,671,433,417,671,336,3387
5941,671,1106,1522,2195,2530,,671,435,416,673,335,3411
5933,673,1106,1522,2196,2528,,673,433,416,674,332,3405
5939,673,1107,1522,2196,2530,,673,434,415,674,334,3409
5944,672,1106,1520,2194,2518,,672,434,414,674,324,3426
5915,676,1106,1523,2196,2531,,676,430,417,673,335,3384
5951,673,1106,1522,2195,2530,,673,433,416,673,335,3421
6271,725,1214,1699,2391,2823,,725,489,485,692,432,3448
6303,758,1242,1728,2442,2852,,758,484,486,714,410,3451
6271,725,1211,1698,2411,2822,,725,486,487,713,411,3449
6310,726,1240,1723,2464,2866,,726,514,483,741,402,3444
6119,712,1209,1688,2384,2742,,712,497,479,696,358,3377
6057,712,1184,1689,2356,2691,,712,472,505,667,335,3366
6066,713,1185,1714,2367,2696,,713,472,529,653,329,3370
6023,716,1187,1672,2312,2644,,716,471,485,640,332,3379
6014,713,1210,1669,2309,2641,,713,497,459,640,332,3373
6097,710,1180,1685,2339,2668,,710,470,505,654,329,3429
6206,723,1210,1698,2358,2760,,723,487,488,660,402,3446
5965,712,1184,1686,2304,2613,,712,472,502,618,309,3352
6018,713,1184,1646,2309,2642,,713,471,462,663,333,3376
5993,713,1145,1621,2256,2615,,713,432,476,635,359,3378
5983,713,1142,1621,2257,2616,,713,429,479,636,359,3367
5991,714,1143,1621,2233,2620,,714,429,478,612,387,3371
5989,712,1168,1620,2256,2617,,712,456,452,636,361,3372
5944,711,1143,1559,2218,2540,,711,432,416,659,322,3404
5987,713,1145,1620,2257,2615,,713,432,475,637,358,3372
5990,713,1145,1622,2257,2615,,713,432,477,635,358,3375
5994,712,1141,1622,2258,2617,,712,429,481,636,359,3377
6066,713,1183,1691,2346,2714,,713,470,508,655,368,3352
5991,713,1143,1620,2262,2616,,713,430,477,642,354,3375
5993,713,1141,1623,2258,2617,,713,428,482,635,359,3376
5989,711,1166,1620,2257,2614,,711,455,454,637,357,3375
5967,713,1142,1556,2218,2552,,713,429,414,662,334,3415
5975,749,1177,1591,2255,2589,,749,428,414,664,334,3386
6026,721,1175,1656,2291,2650,,721,454,481,635,359,3376
6093,713,1210,1689,2347,2717,,713,497,479,658,370,3376
6143,712,1183,1677,2399,2769,,712,471,494,722,370,3374
6042,712,1209,1687,2344,2667,,712,497,478,657,323,3375
6344,691,1186,1699,2411,2875,,691,495,513,712,464,3469
6108,703,1175,1703,2360,2730,,703,472,528,657,370,3378
6068,715,1186,1687,2343,2694,,715,471,501,656,351,3374
6089,712,1184,1712,2370,2719,,712,472,528,658,349,3370
6024,722,1195,1682,2320,2651,,722,473,487,638,331,3373
6012,709,1206,1666,2306,2638,,709,497,460,640,332,3374
6054,712,1184,1670,2309,2643,,712,472,486,639,334,3411
6051,710,1179,1643,2281,2615,,710,469,464,638,334,3436
6051,710,1179,1643,2283,2616,,710,469,464,640,333,3435
6055,711,1182,1641,2271,2619,,711,471,459,630,348,3436
6255,711,1154,1694,2400,2811,,711,443,540,706,411,3444
6094,714,1187,1687,2347,2715,,714,473,500,660,368,3379
5969,714,1146,1622,2259,2616,,714,432,476,637,357,3353
5990,713,1142,1622,2259,2617,,713,429,480,637,358,3373
5999,749,1179,1591,2256,2592,,749,430,412,665,336,3407
5913,673,1105,1522,2198,2528,,673,432,417,676,330,3385
5918,676,1107,1521,2197,2529,,676,431,414,676,332,3389
5914,672,1107,1523,2195,2528,,672,435,416,672,333,3386
5941,673,1109,1522,2196,2530,,673,436,413,674,334,3411
5965,670,1103,1520,2218,2550,,670,433,417,698,332,3415
6274,696,1241,1725,2438,2847,,696,545,484,713,409,3427
6271,727,1213,1705,2415,2824,,727,486,492,710,409,3447
6271,726,1213,1699,2413,2823,,726,487,486,714,410,3448
6270,725,1211,1699,2413,2823,,725,486,488,714,410,3447
6292,722,1209,1722,2434,2830,,722,487,513,712,396,3462
6269,725,1212,1700,2412,2823,,725,487,488,712,411,3446
6268,698,1185,1698,2410,2821,,698,487,513,712,411,3447
6270,725,1212,1700,2412,2822,,725,487,488,712,410,3448
6273,701,1186,1700,2412,2823,,701,485,514,712,411,3450
6257,723,1210,1698,2410,2823,,723,487,488,712,413,3434
6091,714,1168,1689,2345,2692,,714,454,521,656,347,3399
6064,712,1184,1686,2343,2691,,712,472,502,657,348,3373
5992,713,1142,1620,2256,2616,,713,429,478,636,360,3376
5988,714,1142,1621,2257,2617,,714,428,479,636,360,3371
5994,715,1146,1622,2256,2616,,715,431,476,634,360,3378
5990,713,1143,1621,2257,2617,,713,430,478,636,360,3373
5970,713,1145,1556,2220,2553,,713,432,411,664,333,3417
5992,747,1177,1594,2251,2596,,747,430,417,657,345,3396
5916,713,1140,1546,2197,2529,,713,427,406,651,332,3387
5943,672,1107,1521,2195,2530,,672,435,414,674,335,3413
6051,674,1109,1546,2239,2623,,674,435,437,693,384,3428
6274,726,1213,1700,2393,2829,,726,487,487,693,436,3445
6272,724,1211,1699,2412,2823,,724,487,488,713,411,3449
6272,726,1213,1701,2414,2823,,726,487,488,713,409,3449
6242,715,1210,1721,2413,2819,,715,495,511,692,406,3423
6296,726,1212,1699,2412,2848,,726,486,487,713,436,3448
6202,725,1213,1699,2413,2822,,725,488,486,714,409,3380
6273,726,1214,1701,2414,2827,,726,488,487,713,413,3446
6193,722,1210,1624,2334,2746,,722,488,414,710,412,3447
6270,726,1212,1701,2413,2823,,726,486,489,712,410,3447
6271,725,1213,1700,2412,2823,,725,488,487,712,411,3448
6272,726,1161,1701,2414,2823,,726,435,540,713,409,3449
6273,727,1214,1701,2414,2825,,727,487,487,713,411,3448
6269,727,1213,1704,2414,2823,,727,486,491,710,409,3446
6249,728,1214,1700,2388,2823,,728,486,486,688,435,3426
6182,727,1238,1705,2389,2776,,727,511,467,684,387,3406
6055,722,1193,1680,2342,2678,,722,471,487,662,336,3377
5990,713,1144,1621,2258,2616,,713,431,477,637,358,3374
5991,713,1142,1622,2258,2616,,713,429,480,636,358,3375
5937,712,1141,1558,2219,2562,,712,429,417,661,343,3375
5990,713,1142,1624,2268,2617,,713,429,482,644,349,3373
5992,714,1143,1623,2258,2617,,714,429,480,635,359,3375
5993,712,1140,1622,2259,2617,,712,428,482,637,358,3376
5992,714,1145,1621,2258,2617,,714,431,476,637,359,3375
6259,747,1204,1725,2418,2832,,747,457,521,693,414,3427
6272,726,1214,1701,2413,2824,,726,488,487,712,411,3448
6266,710,1192,1701,2413,2823,,710,482,509,712,410,3443
6270,724,1211,1698,2411,2821,,724,487,487,713,410,3449
6290,723,1211,1697,2411,2846,,723,488,486,714,435,3444
6297,725,1211,1700,2412,2848,,725,486,489,712,436,3449
6220,725,1211,1700,2363,2771,,725,486,489,663,408,3449
6269,724,1213,1699,2412,2823,,724,489,486,713,411,3446
6296,725,1237,1725,2438,2850,,725,512,488,713,412,3446
6270,726,1212,1700,2411,2822,,726,486,488,711,411,3448
6222,725,1190,1701,2411,2770,,725,465,511,710,359,3452
6272,727,1214,1701,2413,2824,,727,487,487,712,411,3448
6323,688,1204,1733,2444,2880,,688,516,529,711,436,3443
6302,732,1218,1732,2443,2854,,732,486,514,711,411,3448
6321,755,1268,1749,2490,2872,,755,513,481,741,382,3449
6271,725,1212,1700,2411,2828,,725,487,488,711,417,3443
6272,725,1211,1698,2413,2826,,725,486,487,715,413,3446
6231,725,1213,1729,2418,2824,,725,488,516,689,406,3407
6298,727,1215,1727,2438,2852,,727,488,512,711,414,3446
6201,724,1213,1699,2413,2823,,724,489,486,714,410,3378
6271,724,1212,1700,2413,2824,,724,488,488,713,411,3447
6294,724,1211,1702,2411,2847,,724,487,491,709,436,3447
6269,718,1205,1718,2430,2841,,718,487,513,712,411,3428
6038,712,1184,1687,2343,2666,,712,472,503,656,323,3372
5990,712,1142,1620,2257,2615,,712,430,478,637,358,3375
6232,777,1264,1756,2440,2811,,777,487,492,684,371,3421
6219,724,1210,1698,2412,2796,,724,486,488,714,384,3423
6235,726,1213,1700,2398,2796,,726,487,487,698,398,3439
6245,709,1167,1699,2411,2822,,709,458,532,712,411,3423
6296,727,1214,1701,2414,2849,,727,487,487,713,435,3447
6270,727,1238,1678,2388,2822,,727,511,440,710,434,3448
6296,725,1178,1701,2413,2848,,725,453,523,712,435,3448
6283,732,1219,1732,2446,2855,,732,487,513,714,409,3428
6066,716,1211,1688,2344,2695,,716,495,477,656,351,3371
5977,721,1155,1564,2234,2562,,721,434,409,670,328,3415
5992,712,1140,1619,2256,2616,,712,428,479,637,360,3376
6001,713,1143,1621,2257,2617,,713,430,478,636,360,3384
5990,714,1168,1621,2258,2619,,714,454,453,637,361,3371
5994,713,1168,1623,2258,2618,,713,455,455,635,360,3376
5990,715,1142,1623,2260,2617,,715,427,481,637,357,3373
5989,718,1161,1645,2287,2624,,718,443,484,642,337,3365
5989,713,1142,1622,2258,2617,,713,429,480,636,359,3372
6031,715,1146,1646,2287,2621,,715,431,500,641,334,3410
5980,703,1135,1634,2275,2608,,703,432,499,641,333,3372
6023,723,1177,1655,2290,2649,,723,454,478,635,359,3374
5940,689,1121,1534,2195,2549,,689,432,413,661,354,3391
6001,714,1144,1620,2258,2616,,714,430,476,638,358,3385
5991,713,1142,1621,2259,2618,,713,429,479,638,359,3373
6056,715,1144,1622,2257,2617,,715,429,478,635,360,3439
5940,674,1085,1496,2195,2529,,674,411,411,699,334,3411
5920,675,1110,1524,2199,2530,,675,435,414,675,331,3390
5990,713,1143,1623,2258,2618,,713,430,480,635,360,3372
5977,714,1148,1645,2285,2616,,714,434,497,640,331,3361
5992,715,1146,1624,2259,2618,,715,431,478,635,359,3374
5973,723,1154,1568,2229,2561,,723,431,414,661,332,3412
5994,715,1145,1626,2258,2619,,715,430,481,632,361,3375
6001,714,1168,1622,2257,2618,,714,454,454,635,361,3383
5990,716,1172,1622,2257,2617,,716,456,450,635,360,3373
5994,713,1141,1622,2257,2617,,713,428,481,635,360,3377
5990,712,1141,1622,2259,2617,,712,429,481,637,358,3373
5995,714,1157,1625,2259,2619,,714,443,468,634,360,3376
5989,714,1144,1620,2258,2616,,714,430,476,638,358,3373
6156,706,1148,1617,2312,2726,,706,442,469,695,414,3430
6271,725,1214,1700,2413,2823,,725,489,486,713,410,3448
6289,718,1205,1718,2430,2840,,718,487,513,712,410,3449
6194,680,1188,1699,2391,2773,,680,508,511,692,382,3421
6273,728,1213,1701,2414,2824,,728,485,488,713,410,3449
6272,725,1213,1700,2413,2823,,725,488,487,713,410,3449
6270,727,1214,1702,2413,2823,,727,487,488,711,410,3447
6247,727,1213,1682,2389,2799,,727,486,469,707,410,3448
6218,723,1190,1699,2394,2796,,723,467,509,695,402,3422
6269,699,1186,1698,2412,2821,,699,487,512,714,409,3448
6277,724,1212,1697,2411,2822,,724,488,485,714,411,3455
6297,679,1188,1712,2421,2842,,679,509,524,709,421,3455
6270,725,1212,1699,2412,2822,,725,487,487,713,410,3448
6248,718,1212,1700,2412,2802,,718,494,488,712,390,3446
6270,725,1212,1699,2411,2822,,725,487,487,712,411,3448
6230,723,1211,1698,2411,2790,,723,488,487,713,379,3440
6122,714,1186,1689,2386,2743,,714,472,503,697,357,3379
6269,726,1215,1700,2412,2823,,726,489,485,712,411,3446
6272,724,1212,1688,2398,2815,,724,488,476,710,417,3457
6251,726,1212,1689,2400,2824,,726,486,477,711,424,3427
6272,727,1215,1701,2413,2824,,727,488,486,712,411,3448
6233,679,1151,1689,2387,2787,,679,472,538,698,400,3446
6225,706,1177,1706,2403,2802,,706,471,529,697,399,3423
6120,714,1185,1692,2388,2745,,714,471,507,696,357,3375
6004,715,1145,1647,2285,2617,,715,430,502,638,332,3387
5941,692,1122,1535,2196,2532,,692,430,413,661,336,3409
5940,675,1108,1524,2200,2531,,675,433,416,676,331,3409
5970,675,1108,1524,2196,2532,,675,433,416,672,336,3438
5946,673,1107,1524,2200,2532,,673,434,417,676,332,3414
5990,673,1107,1523,2195,2618,,673,434,416,672,423,3372
6244,716,1163,1688,2379,2777,,716,447,525,691,398,3467
6179,685,1169,1699,2391,2773,,685,484,530,692,382,3406
6295,726,1213,1700,2413,2848,,726,487,487,713,435,3447
6209,726,1182,1701,2412,2771,,726,456,519,711,359,3438
6000,712,1185,1647,2284,2616,,712,473,462,637,332,3384
5990,714,1145,1624,2260,2617,,714,431,479,636,357,3373
5992,716,1146,1623,2258,2618,,716,430,477,635,360,3374
5997,715,1143,1623,2259,2621,,715,428,480,636,362,3376
5946,689,1117,1533,2199,2529,,689,428,416,666,330,3417
5940,688,1118,1532,2195,2531,,688,430,414,663,336,3409
5976,641,1058,1468,2133,2522,,641,417,410,665,389,3454
6177,725,1199,1699,2392,2770,,725,474,500,693,378,3407
6274,677,1163,1702,2413,2823,,677,486,539,711,410,3451
6208,725,1214,1699,2392,2784,,725,489,485,693,392,3424
6131,714,1187,1688,2384,2743,,714,473,501,696,359,3388
6066,714,1184,1690,2349,2695,,714,470,506,659,346,3371
6040,712,1183,1688,2343,2669,,712,471,505,655,326,3371
6092,714,1187,1714,2372,2720,,714,473,527,658,348,3372
6138,709,1180,1665,2347,2732,,709,471,485,682,385,3406
6066,713,1184,1688,2344,2694,,713,471,504,656,350,3372
6169,669,1120,1539,2298,2720,,669,451,419,759,422,3449
6118,712,1209,1688,2386,2745,,712,497,479,698,359,3373
6335,673,1158,1725,2435,2894,,673,485,567,710,459,3441
6221,725,1212,1701,2392,2773,,725,487,489,691,381,3448
6296,726,1238,1726,2438,2848,,726,512,488,712,410,3448
6272,726,1213,1703,2414,2824,,726,487,490,711,410,3448
6296,726,1214,1701,2413,2849,,726,488,487,712,436,3447
6298,727,1214,1702,2414,2849,,727,487,488,712,435,3449
6198,727,1213,1700,2339,2749,,727,486,487,639,410,3449
6271,726,1215,1701,2413,2823,,726,489,486,712,410,3448
6249,728,1179,1653,2363,2798,,728,451,474,710,435,3451
6198,714,1124,1611,2328,2750,,714,410,487,717,422,3448
6272,726,1212,1699,2414,2824,,726,486,487,715,410,3448
6298,725,1243,1713,2422,2850,,725,518,470,709,428,3448
6273,726,1213,1701,2414,2825,,726,487,488,713,411,3448
6196,726,1213,1700,2412,2744,,726,487,487,712,332,3452
6273,728,1215,1702,2414,2825,,728,487,487,712,411,3448
6272,727,1214,1703,2413,2824,,727,487,489,710,411,3448
6096,727,1213,1700,2333,2664,,727,486,487,633,331,3432
6222,727,1214,1701,2361,2773,,727,487,487,660,412,3449
6222,727,1180,1637,2345,2774,,727,453,457,708,429,3448
6271,713,1183,1700,2413,2824,,713,470,517,713,411,3447
6299,728,1185,1728,2418,2850,,728,457,543,690,432,3449
6297,726,1212,1701,2412,2849,,726,486,489,711,437,3448
6274,726,1213,1701,2413,2824,,726,487,488,712,411,3450
6271,684,1170,1701,2414,2823,,684,486,531,713,409,3448
6273,728,1213,1702,2413,2825,,728,485,489,711,412,3448
6273,727,1214,1703,2414,2825,,727,487,489,711,411,3448
6271,726,1237,1726,2438,2817,,726,511,489,712,379,3454
6302,726,1213,1701,2413,2825,,726,487,488,712,412,3477
6221,724,1152,1639,2344,2773,,724,428,487,705,429,3448
6209,727,1214,1647,2351,2762,,727,487,433,704,411,3447
6272,718,1147,1702,2413,2824,,718,429,555,711,411,3448
6221,726,1214,1700,2392,2774,,726,488,486,692,382,3447
6300,726,1213,1702,2413,2825,,726,487,489,711,412,3475
6272,726,1212,1701,2414,2826,,726,486,489,713,412,3446
6274,726,1212,1700,2413,2851,,726,486,488,713,438,3423
6298,726,1212,1704,2414,2852,,726,486,492,710,438,3446
6247,726,1213,1700,2394,2799,,726,487,487,694,405,3448
6327,732,1219,1732,2444,2885,,732,487,513,712,441,3442
6221,726,1162,1643,2351,2774,,726,436,481,708,423,3447
6206,725,1212,1647,2350,2761,,725,487,435,703,411,3445
6271,713,1160,1700,2412,2823,,713,447,540,712,411,3448
6246,725,1214,1700,2412,2808,,725,489,486,712,396,3438
6271,725,1213,1701,2413,2823,,725,488,488,712,410,3448
6271,726,1212,1701,2413,2824,,726,486,489,712,411,3447
6247,723,1210,1697,2410,2820,,723,487,487,713,410,3427
6271,724,1211,1699,2410,2822,,724,487,488,711,412,3449
6222,726,1213,1700,2392,2775,,726,487,487,692,383,3447
6270,725,1211,1700,2412,2823,,725,486,489,712,411,3447
6135,728,1141,1549,2265,2687,,728,413,408,716,422,3448
6016,715,1187,1647,2313,2647,,715,472,460,666,334,3369
6297,715,1146,1698,2414,2850,,715,431,552,716,436,3447
6252,726,1215,1701,2381,2776,,726,489,486,680,395,3476
6331,756,1267,1751,2463,2899,,756,511,484,712,436,3432
6272,725,1212,1699,2413,2824,,725,487,487,714,411,3448
6327,727,1269,1752,2495,2899,,727,542,483,743,404,3428
6298,728,1239,1728,2440,2849,,728,511,489,712,409,3449
6301,725,1236,1724,2438,2828,,725,511,488,714,390,3473
6296,726,1238,1726,2444,2850,,726,512,488,718,406,3446
6172,726,1188,1626,2337,2749,,726,462,438,711,412,3423
6075,761,1224,1654,2332,2693,,761,463,430,678,361,3382
6184,715,1145,1646,2323,2740,,715,430,501,677,417,3444
6002,712,1208,1643,2270,2647,,712,496,435,627,377,3355
6015,713,1210,1647,2308,2643,,713,497,437,661,335,3372
5994,714,1145,1621,2257,2616,,714,431,476,636,359,3378
5991,713,1142,1622,2258,2616,,713,429,480,636,358,3375
5990,713,1142,1623,2259,2617,,713,429,481,636,358,3373
6000,714,1144,1621,2258,2618,,714,430,477,637,360,3382
6000,714,1142,1623,2258,2618,,714,428,481,635,360,3382
6221,715,1144,1646,2352,2773,,715,429,502,706,421,3448
6246,724,1211,1699,2391,2798,,724,487,488,692,407,3448
6247,727,1214,1704,2366,2799,,727,487,490,662,433,3448
6281,734,1221,1733,2446,2831,,734,487,512,713,385,3450
6272,727,1213,1705,2414,2823,,727,486,492,709,409,3449
6271,728,1212,1700,2413,2825,,728,484,488,713,412,3446
6270,726,1212,1700,2412,2822,,726,486,488,712,410,3448
6273,725,1214,1700,2413,2823,,725,489,486,713,410,3450
6257,724,1210,1724,2435,2811,,724,486,514,711,376,3446
6067,715,1212,1690,2347,2695,,715,497,478,657,348,3372
6246,714,1142,1666,2375,2799,,714,428,524,709,424,3447
6198,725,1212,1680,2371,2773,,725,487,468,691,402,3425
6272,728,1213,1701,2413,2824,,728,485,488,712,411,3448
6269,723,1211,1724,2436,2813,,723,488,513,712,377,3456
6272,726,1213,1701,2414,2824,,726,487,488,713,410,3448
6271,725,1212,1701,2412,2823,,725,487,489,711,411,3448
6270,724,1211,1698,2410,2822,,724,487,487,712,412,3448
6270,724,1212,1699,2414,2823,,724,488,487,715,409,3447
6267,733,1221,1734,2446,2823,,733,488,513,712,377,3444
6018,715,1185,1648,2309,2646,,715,470,463,661,337,3372
6245,713,1160,1664,2372,2797,,713,447,504,708,425,3448
6246,726,1213,1701,2412,2806,,726,487,488,711,394,3440
6246,724,1212,1699,2372,2797,,724,488,487,673,425,3449
6305,735,1247,1735,2446,2857,,735,512,488,711,411,3448
6272,726,1215,1702,2414,2824,,726,489,487,712,410,3448
6271,726,1212,1700,2412,2823,,726,486,488,712,411,3448
6280,728,1215,1701,2413,2849,,728,487,486,712,436,3431
6299,726,1243,1726,2439,2849,,726,517,483,713,410,3450
6310,735,1220,1734,2445,2836,,735,485,514,711,391,3474
6273,726,1213,1701,2414,2824,,726,487,488,713,410,3449
6114,727,1215,1718,2373,2731,,727,488,503,655,358,3383
6207,728,1239,1730,2439,2805,,728,511,491,709,366,3402
6271,728,1213,1701,2414,2824,,728,485,488,713,410,3447
6332,760,1248,1761,2474,2884,,760,488,513,713,410,3448
6273,728,1213,1700,2415,2824,,728,485,487,715,409,3449
6271,725,1212,1700,2416,2823,,725,487,488,716,407,3448
6223,728,1214,1702,2414,2804,,728,486,488,712,390,3419
6273,729,1215,1701,2416,2824,,729,486,486,715,408,3449
6142,757,1228,1756,2412,2757,,757,471,528,656,345,3385
5992,715,1146,1624,2260,2619,,715,431,478,636,359,3373
6104,715,1170,1633,2307,2701,,715,455,463,674,394,3403
6168,727,1213,1701,2357,2741,,727,486,488,656,384,3427
6247,727,1214,1701,2414,2803,,727,487,487,713,389,3444
6269,724,1210,1698,2409,2821,,724,486,488,711,412,3448
6272,729,1215,1700,2413,2824,,729,486,485,713,411,3448
6295,727,1245,1726,2437,2849,,727,518,481,711,412,3446
6273,727,1214,1701,2414,2824,,727,487,487,713,410,3449
6276,727,1243,1727,2438,2850,,727,516,484,711,412,3426
6296,728,1212,1730,2437,2848,,728,484,518,707,411,3448
6270,725,1213,1700,2411,2822,,725,488,487,711,411,3448
6158,726,1214,1648,2351,2722,,726,488,434,703,371,3436
6001,714,1211,1648,2285,2618,,714,497,437,637,333,3383
6179,684,1159,1630,2328,2743,,684,475,471,698,415,3436
6294,724,1210,1723,2437,2846,,724,486,513,714,409,3448
6271,726,1212,1699,2412,2822,,726,486,487,713,410,3449
6272,726,1161,1701,2413,2824,,726,435,540,712,411,3448
6250,725,1214,1702,2414,2824,,725,489,488,712,410,3426
6183,728,1240,1708,2391,2776,,728,512,468,683,385,3407
6050,715,1185,1690,2344,2670,,715,470,505,654,326,3380
6013,713,1186,1672,2310,2642,,713,473,486,638,332,3371
6176,719,1191,1718,2374,2723,,719,472,527,656,349,3453
6288,701,1188,1702,2414,2824,,701,487,514,712,410,3464
6270,723,1210,1698,2411,2822,,723,487,488,713,411,3448
6295,717,1200,1727,2436,2847,,717,483,527,709,411,3448
6272,726,1213,1701,2412,2823,,726,487,488,711,411,3449
6273,727,1215,1702,2415,2826,,727,488,487,713,411,3447
6250,726,1214,1701,2414,2824,,726,488,487,713,410,3426
6157,728,1217,1682,2367,2752,,728,489,465,685,385,3405
6272,744,1237,1727,2437,2849,,744,493,490,710,412,3423
6272,727,1245,1727,2418,2825,,727,518,482,691,407,3447
6276,726,1213,1682,2390,2800,,726,487,469,708,410,3476
6273,727,1214,1695,2414,2825,,727,487,481,719,411,3448
6272,727,1213,1700,2413,2823,,727,486,487,713,410,3449
6298,727,1213,1702,2415,2850,,727,486,489,713,435,3448
6273,727,1213,1701,2414,2825,,727,486,488,713,411,3448
6298,726,1213,1700,2414,2849,,726,487,487,714,435,3449
6250,727,1213,1700,2413,2824,,727,486,487,713,411,3426
6187,728,1215,1682,2368,2771,,728,487,467,686,403,3416
5725,656,1055,1452,2060,2378,,656,399,397,608,318,3347
5719,655,1050,1446,2080,2371,,655,395,396,634,291,3348
5772,673,1071,1466,2083,2403,,673,398,395,617,320,3369
6092,715,1211,1636,2243,2660,,715,496,425,607,417,3432
6147,690,1162,1690,2386,2745,,690,472,528,696,359,3402
6156,773,1224,1696,2397,2752,,773,451,472,701,355,3404
6093,717,1189,1689,2345,2719,,717,472,500,656,374,3374
6067,716,1187,1691,2350,2695,,716,471,504,659,345,3372
6068,716,1188,1691,2348,2698,,716,472,503,657,350,3370
6101,724,1196,1724,2379,2730,,724,472,528,655,351,3371
6100,715,1152,1689,2345,2721,,715,437,537,656,376,3379
5993,717,1190,1648,2287,2620,,717,473,458,639,333,3373
6209,717,1188,1713,2410,2769,,717,471,525,697,359,3440
6209,725,1195,1725,2398,2774,,725,470,530,673,376,3435
6272,731,1216,1703,2415,2826,,731,485,487,712,411,3446
6245,712,1198,1700,2411,2801,,712,486,502,711,390,3444
6300,726,1211,1700,2411,2824,,726,485,489,711,413,3476
6248,727,1213,1704,2414,2828,,727,486,491,710,414,3420
6271,726,1212,1700,2414,2824,,726,486,488,714,410,3447
6270,726,1212,1700,2412,2823,,726,486,488,712,411,3447
6219,726,1213,1700,2413,2854,,726,487,487,713,441,3365
6298,727,1214,1701,2415,2850,,727,487,487,714,435,3448
6196,727,1134,1626,2325,2748,,727,407,492,699,423,3448
6252,727,1214,1701,2413,2825,,727,487,487,712,412,3427
6273,729,1216,1702,2414,2827,,729,487,486,712,413,3446
6222,726,1238,1725,2440,2771,,726,512,487,715,331,3451
6297,726,1214,1699,2413,2849,,726,488,485,714,436,3448
6271,726,1215,1701,2413,2823,,726,489,486,712,410,3448
6293,723,1210,1696,2410,2845,,723,487,486,714,435,3448
6310,739,1226,1739,2452,2862,,739,487,513,713,410,3448
6197,730,1214,1702,2415,2824,,730,484,488,713,409,3373
6272,727,1214,1701,2415,2824,,727,487,487,714,409,3448
6070,727,1135,1540,2191,2619,,727,408,405,651,428,3451
6272,728,1215,1701,2413,2824,,728,487,486,712,411,3448
6273,727,1214,1701,2415,2825,,727,487,487,714,410,3448
6196,725,1214,1700,2412,2745,,725,489,486,712,333,3451
6297,701,1218,1727,2439,2851,,701,517,509,712,412,3446
6272,727,1214,1701,2413,2825,,727,487,487,712,412,3447
6322,726,1244,1751,2464,2875,,726,518,507,713,411,3447
6274,727,1214,1701,2414,2824,,727,487,487,713,410,3450
6222,726,1217,1727,2439,2850,,726,491,510,712,411,3372
6274,728,1214,1702,2414,2826,,728,486,488,712,412,3448
6073,728,1135,1543,2192,2620,,728,407,408,649,428,3453
6336,741,1228,1741,2454,2888,,741,487,513,713,434,3448
6295,726,1213,1701,2413,2848,,726,487,488,712,435,3447
6224,728,1214,1702,2444,2771,,728,486,488,742,327,3453
6272,726,1213,1702,2414,2824,,726,487,489,712,410,3448
6271,726,1213,1700,2414,2823,,726,487,487,714,409,3448
6272,726,1214,1701,2413,2824,,726,488,487,712,411,3448
6273,727,1213,1705,2414,2825,,727,486,492,709,411,3448
6243,727,1214,1702,2414,2849,,727,487,488,712,435,3394
6095,716,1189,1692,2348,2719,,716,473,503,656,371,3376
6231,712,1184,1712,2408,2805,,712,472,528,696,397,3426
6073,712,1185,1688,2342,2693,,712,473,503,654,351,3380
6141,717,1189,1692,2345,2697,,717,472,503,653,352,3444
6243,751,1222,1750,2446,2804,,751,471,528,696,358,3439
5943,715,1212,1691,2308,2613,,715,497,479,617,305,3330
6174,721,1190,1722,2419,2777,,721,469,532,697,358,3397
6146,716,1187,1691,2412,2771,,716,471,504,721,359,3375
6120,715,1188,1690,2387,2744,,715,473,502,697,357,3376
6206,712,1183,1687,2384,2765,,712,471,504,697,381,3441
6271,727,1214,1701,2414,2825,,727,487,487,713,411,3446
6302,730,1215,1729,2418,2824,,730,485,514,689,406,3478
6273,727,1215,1701,2414,2824,,727,488,486,713,410,3449
6323,727,1214,1701,2444,2877,,727,487,487,743,433,3446
6322,755,1264,1751,2464,2874,,755,509,487,713,410,3448
6274,728,1215,1702,2415,2826,,728,487,487,713,411,3448
6283,712,1199,1712,2424,2835,,712,487,513,712,411,3448
6273,724,1211,1699,2412,2822,,724,487,488,713,410,3451
6295,724,1236,1724,2436,2847,,724,512,488,712,411,3448
6270,700,1187,1701,2412,2822,,700,487,514,711,410,3448
6245,725,1212,1699,2413,2801,,725,487,487,714,388,3444
6272,726,1213,1701,2415,2824,,726,487,488,714,409,3448
6273,727,1215,1702,2414,2824,,727,488,487,712,410,3449
6289,719,1216,1718,2431,2841,,719,497,502,713,410,3448
6248,729,1213,1701,2414,2783,,729,484,488,713,369,3465
6273,704,1189,1702,2414,2825,,704,485,513,712,411,3448
6248,727,1216,1668,2376,2799,,727,489,452,708,423,3449
6254,728,1218,1703,2415,2826,,728,490,485,712,411,3428
6274,714,1199,1702,2414,2825,,714,485,503,712,411,3449
6305,727,1214,1702,2414,2830,,727,487,488,712,416,3475
6192,727,1243,1710,2391,2775,,727,516,467,681,384,3417
6398,726,1242,1755,2462,2913,,726,516,513,707,451,3485
6405,752,1265,1777,2515,2959,,752,513,512,738,444,3446
6371,712,1221,1728,2465,2900,,712,509,507,737,435,3471
6376,652,1165,1727,2465,2901,,652,513,562,738,436,3475
6303,727,1214,1701,2416,2825,,727,487,487,715,409,3478
6273,727,1214,1701,2414,2824,,727,487,487,713,410,3449
6249,726,1213,1701,2413,2823,,726,487,488,712,410,3426
6302,712,1172,1701,2412,2823,,712,460,529,711,411,3479
6271,717,1200,1700,2413,2824,,717,483,500,713,411,3447
6198,728,1213,1681,2365,2749,,728,485,468,684,384,3449
6211,729,1213,1700,2414,2766,,729,484,487,714,352,3445
6159,649,1128,1599,2295,2710,,649,479,471,696,415,3449
6236,718,1189,1691,2387,2787,,718,471,502,696,400,3449
6272,728,1215,1703,2415,2825,,728,487,488,712,410,3447
6272,727,1214,1702,2414,2824,,727,487,488,712,410,3448
6274,678,1164,1702,2414,2824,,678,486,538,712,410,3450
6274,727,1216,1701,2414,2826,,727,489,485,713,412,3448
6245,725,1214,1730,2439,2828,,725,489,516,709,389,3417
6299,703,1205,1732,2441,2852,,703,502,527,709,411,3447
6302,731,1240,1727,2439,2829,,731,509,487,712,390,3473
6210,726,1213,1701,2400,2772,,726,487,488,699,372,3438
6234,724,1200,1688,2387,2785,,724,476,488,699,398,3449
6208,715,1186,1691,2386,2785,,715,471,505,695,399,3423
6196,715,1118,1610,2327,2750,,715,403,492,717,423,3446
6297,725,1213,1701,2415,2849,,725,488,488,714,434,3448
6301,727,1215,1702,2414,2825,,727,488,487,712,411,3476
6272,726,1214,1701,2414,2824,,726,488,487,713,410,3448
6296,727,1242,1726,2469,2878,,727,515,484,743,409,3418
6274,703,1190,1704,2415,2825,,703,487,514,711,410,3449
6297,754,1262,1751,2463,2853,,754,508,489,712,390,3444
6184,725,1213,1701,2398,2746,,725,488,488,697,348,3438
6173,712,1183,1690,2386,2781,,712,471,507,696,395,3392
6182,714,1210,1690,2386,2747,,714,496,480,696,361,3435
6231,675,1150,1688,2384,2783,,675,475,538,696,399,3448
6260,700,1178,1689,2398,2815,,700,478,511,709,417,3445
6253,715,1134,1619,2358,2777,,715,419,485,739,419,3476
6271,727,1213,1701,2412,2823,,727,486,488,711,411,3448
6223,727,1214,1651,2365,2775,,727,487,437,714,410,3448
6298,727,1214,1702,2415,2849,,727,487,488,713,434,3449
6269,725,1213,1702,2413,2823,,725,488,489,711,410,3446
6208,727,1213,1702,2412,2771,,727,486,489,710,359,3437
6202,716,1147,1689,2387,2789,,716,431,542,698,402,3413
6309,711,1199,1711,2425,2835,,711,488,512,714,410,3474
6271,727,1193,1702,2414,2825,,727,466,509,712,411,3446
6302,730,1214,1702,2415,2825,,730,484,488,713,410,3477
6251,727,1215,1647,2363,2775,,727,488,432,716,412,3476
6272,727,1213,1701,2414,2823,,727,486,488,713,409,3449
6230,727,1213,1702,2415,2808,,727,486,489,713,393,3422
6274,727,1215,1702,2414,2824,,727,488,487,712,410,3450
6220,726,1212,1700,2412,2801,,726,486,488,712,389,3419
6233,726,1214,1702,2414,2792,,726,488,488,712,378,3441
6319,715,1152,1702,2444,2875,,715,437,550,742,431,3444
6295,728,1239,1727,2439,2850,,728,511,488,712,411,3445
6180,713,1186,1690,2386,2788,,713,473,504,696,402,3392
6237,716,1188,1692,2388,2787,,716,472,504,696,399,3450
6184,715,1145,1656,2352,2765,,715,430,511,696,413,3419
6234,713,1184,1690,2386,2785,,713,471,506,696,399,3449
6249,714,1185,1666,2373,2799,,714,471,481,707,426,3450
6321,726,1213,1701,2442,2874,,726,487,488,741,432,3447
6296,727,1237,1725,2437,2848,,727,510,488,712,411,3448
6233,726,1214,1702,2414,2789,,726,488,488,712,375,3444
6303,717,1145,1731,2439,2850,,717,428,586,708,411,3453
6288,727,1215,1731,2440,2850,,727,488,516,709,410,3438
6212,714,1145,1694,2391,2789,,714,431,549,697,398,3423
6236,714,1184,1690,2386,2787,,714,470,506,696,401,3449
6248,715,1147,1649,2365,2804,,715,432,502,716,439,3444
6273,727,1214,1702,2414,2828,,727,487,488,712,414,3445
6274,727,1215,1702,2414,2825,,727,488,487,712,411,3449
6293,722,1211,1723,2436,2845,,722,489,512,713,409,3448
6284,736,1222,1734,2447,2857,,736,486,512,713,410,3427
6260,727,1215,1702,2416,2820,,727,488,487,714,404,3440
6273,714,1163,1703,2414,2825,,714,449,540,711,411,3448
6292,726,1212,1725,2437,2847,,726,486,513,712,410,3445
6274,726,1213,1702,2414,2824,,726,487,489,712,410,3450
6269,725,1212,1699,2411,2823,,725,487,487,712,412,3446
6250,727,1215,1701,2412,2824,,727,488,486,711,412,3426
6277,731,1242,1728,2440,2851,,731,511,486,712,411,3426
6198,729,1216,1704,2386,2777,,729,487,488,682,391,3421
6273,702,1190,1702,2414,2826,,702,488,512,712,412,3447
6230,736,1222,1736,2427,2810,,736,486,514,691,383,3420
6256,728,1216,1702,2414,2804,,728,488,486,712,390,3452
6246,712,1198,1648,2362,2772,,712,486,450,714,410,3474
6324,727,1271,1752,2464,2875,,727,544,481,712,411,3449
6324,757,1266,1754,2465,2876,,757,509,488,711,411,3448
6197,728,1213,1702,2394,2776,,728,485,489,692,382,3421
6274,728,1215,1702,2399,2825,,728,487,487,697,426,3449
6273,728,1215,1701,2416,2825,,728,487,486,715,409,3448
6275,728,1215,1702,2421,2850,,728,487,487,719,429,3425
6274,728,1217,1704,2416,2826,,728,489,487,712,410,3448
6252,736,1222,1734,2448,2838,,736,486,512,714,390,3414
6274,728,1215,1702,2415,2830,,728,487,487,713,415,3444
6224,715,1198,1625,2339,2749,,715,483,427,714,410,3475
6320,725,1212,1725,2436,2848,,725,487,513,711,412,3472
6246,705,1193,1678,2389,2800,,705,488,485,711,411,3446
6299,728,1215,1703,2416,2851,,728,487,488,713,435,3448
6223,728,1213,1705,2349,2776,,728,485,492,644,427,3447
6249,726,1212,1701,2412,2823,,726,486,489,711,411,3426
6197,728,1214,1702,2394,2776,,728,486,488,692,382,3421
6273,731,1216,1702,2413,2825,,731,485,486,711,412,3448
6250,757,1245,1758,2449,2831,,757,488,513,691,382,3419
6273,729,1216,1703,2414,2806,,729,487,487,711,392,3467
6223,727,1214,1623,2339,2775,,727,487,409,716,436,3448
6298,728,1216,1704,2414,2825,,728,488,488,710,411,3473
6198,727,1195,1633,2340,2750,,727,468,438,707,410,3448
6160,729,1220,1679,2364,2737,,729,491,459,685,373,3423
6211,691,1163,1692,2389,2768,,691,472,529,697,379,3443
6146,716,1189,1692,2388,2769,,716,473,503,696,381,3377
6227,716,1188,1690,2345,2781,,716,472,502,655,436,3446
6323,730,1241,1755,2464,2877,,730,511,514,709,413,3446
6252,727,1215,1702,2414,2827,,727,488,487,712,413,3425
6325,727,1215,1702,2417,2851,,727,488,487,715,434,3474
6272,727,1136,1676,2390,2829,,727,409,540,714,439,3443
6328,702,1190,1703,2414,2855,,702,488,513,711,441,3473
6221,725,1159,1645,2362,2773,,725,434,486,717,411,3448
6223,727,1240,1707,2391,2777,,727,513,467,684,386,3446
6166,728,1215,1702,2396,2742,,728,487,487,694,346,3424
6241,709,1180,1666,2382,2792,,709,471,486,716,410,3449
6296,726,1213,1701,2413,2849,,726,487,488,712,436,3447
6272,727,1220,1702,2414,2826,,727,493,482,712,412,3446
6154,724,1211,1678,2361,2746,,724,487,467,683,385,3408
6123,718,1188,1692,2389,2745,,718,470,504,697,356,3378
6144,716,1190,1691,2401,2772,,716,474,501,710,371,3372
6152,725,1198,1725,2423,2777,,725,473,527,698,354,3375
6225,719,1170,1650,2366,2776,,719,451,480,716,410,3449
6274,729,1216,1704,2415,2826,,729,487,488,711,411,3448
6211,729,1215,1705,2417,2769,,729,486,490,712,352,3442
5969,718,1191,1691,2307,2614,,718,473,500,616,307,3355
6163,694,1167,1695,2351,2716,,694,473,528,656,365,3447
6298,726,1213,1701,2413,2851,,726,487,488,712,438,3447
6299,730,1243,1726,2439,2849,,730,513,483,713,410,3450
6221,727,1214,1702,2414,2805,,727,487,488,712,391,3416
6146,703,1169,1679,2338,2740,,703,466,510,659,402,3406
6321,765,1251,1764,2476,2891,,765,486,513,712,415,3430
6249,717,1188,1647,2365,2804,,717,471,459,718,439,3445
6274,729,1215,1703,2417,2825,,729,486,488,714,408,3449
6250,729,1214,1703,2395,2801,,729,485,489,692,406,3449
6274,727,1214,1702,2415,2825,,727,487,488,713,410,3449
6296,726,1214,1701,2412,2848,,726,488,487,711,436,3448
6294,725,1211,1724,2437,2847,,725,486,513,713,410,3447
6248,729,1241,1729,2441,2831,,729,512,488,712,390,3417
6246,729,1213,1701,2413,2803,,729,484,488,712,390,3443
6174,728,1214,1625,2316,2702,,728,486,411,691,386,3472
6297,727,1213,1699,2414,2824,,727,486,486,715,410,3473
6306,735,1223,1735,2447,2858,,735,488,512,712,411,3448
6251,704,1191,1703,2415,2825,,704,487,512,712,410,3426
6296,725,1211,1700,2413,2849,,725,486,489,713,436,3447
6278,728,1214,1702,2415,2825,,728,486,488,713,410,3453
6276,730,1218,1704,2416,2827,,730,488,486,712,411,3449
6304,735,1221,1734,2446,2858,,735,486,513,712,412,3446
6222,727,1190,1703,2415,2805,,727,463,513,712,390,3417
6232,730,1215,1704,2416,2810,,730,485,489,712,394,3422
6224,726,1238,1649,2364,2755,,726,512,411,715,391,3469
6299,728,1216,1703,2415,2827,,728,488,487,712,412,3472
6332,737,1222,1736,2452,2887,,737,485,514,716,435,3445
6251,727,1215,1703,2415,2826,,727,488,488,712,411,3425
6236,727,1214,1703,2444,2814,,727,487,489,741,370,3422
6122,717,1189,1692,2390,2745,,717,472,503,698,355,3377
6076,694,1173,1692,2349,2699,,694,479,519,657,350,3377
6077,692,1164,1693,2347,2699,,692,472,529,654,352,3378
5867,663,1080,1523,2175,2512,,663,417,443,652,337,3355
6118,715,1188,1716,2412,2716,,715,473,528,696,304,3402
6080,692,1164,1691,2390,2694,,692,472,527,699,304,3386
6137,710,1182,1710,2407,2763,,710,472,528,697,356,3374
6260,715,1187,1717,2414,2815,,715,472,530,697,401,3445
6125,692,1164,1693,2390,2747,,692,472,529,697,357,3378
6080,695,1167,1692,2348,2697,,695,472,525,656,349,3383
6017,693,1165,1653,2313,2652,,693,472,488,660,339,3365
6075,718,1191,1693,2349,2698,,718,473,502,656,349,3377
6075,715,1188,1690,2344,2695,,715,473,502,654,351,3380
6107,664,1080,1533,2302,2704,,664,416,453,769,402,3403
6300,729,1215,1704,2417,2826,,729,486,489,713,409,3474
6186,729,1216,1682,2369,2742,,729,487,466,687,373,3444
6082,658,1152,1622,2278,2645,,658,494,470,656,367,3437
6213,716,1188,1692,2351,2766,,716,472,504,659,415,3447
6220,716,1187,1694,2394,2812,,716,471,507,700,418,3408
5997,741,1149,1560,2249,2583,,741,408,411,689,334,3414
5994,716,1189,1650,2285,2622,,716,473,461,635,337,3372
6072,715,1187,1690,2346,2695,,715,472,503,656,349,3377
6077,716,1188,1691,2344,2698,,716,472,503,653,354,3379
6201,661,1130,1558,2303,2755,,661,469,428,745,452,3446
6298,728,1214,1703,2415,2825,,728,486,489,712,410,3473
6104,726,1214,1680,2364,2736,,726,488,466,684,372,3368
6247,676,1163,1651,2361,2773,,676,487,488,710,412,3474
6273,728,1216,1704,2397,2826,,728,488,488,693,429,3447
6272,729,1216,1705,2416,2825,,729,487,489,711,409,3447
6271,703,1190,1703,2416,2826,,703,487,513,713,410,3445
6296,725,1212,1725,2438,2848,,725,487,513,713,410,3448
6274,729,1215,1704,2415,2827,,729,486,489,711,412,3447
6294,710,1192,1725,2436,2847,,710,482,533,711,411,3447
6302,709,1196,1704,2416,2855,,709,487,508,712,439,3447
6253,703,1190,1703,2415,2827,,703,487,513,712,412,3426
6200,704,1195,1683,2367,2752,,704,491,488,684,385,3448
6300,698,1191,1708,2419,2853,,698,493,517,711,434,3447
6173,734,1208,1691,2348,2768,,734,474,483,657,420,3405
6274,703,1190,1703,2415,2826,,703,487,513,712,411,3448
6250,729,1215,1704,2382,2803,,729,486,489,678,421,3447
6301,728,1240,1728,2441,2851,,728,512,488,713,410,3450
6274,703,1191,1704,2416,2826,,703,488,513,712,410,3448
6274,690,1177,1703,2417,2826,,690,487,526,714,409,3448
6222,727,1215,1703,2415,2807,,727,488,488,712,392,3415
6347,725,1241,1754,2462,2902,,725,516,513,708,440,3445
6197,726,1213,1701,2337,2749,,726,487,488,636,412,3448
6271,727,1214,1702,2414,2825,,727,487,488,712,411,3446
6303,728,1215,1703,2416,2828,,728,487,488,713,412,3475
6221,728,1213,1700,2392,2799,,728,485,487,692,407,3422
6272,726,1214,1701,2413,2824,,726,488,487,712,411,3448
6298,727,1215,1702,2414,2851,,727,488,487,712,437,3447
6272,728,1215,1702,2415,2825,,728,487,487,713,410,3447
6274,728,1205,1702,2415,2826,,728,477,497,713,411,3448
6162,725,1195,1685,2352,2758,,725,470,490,667,406,3404
6235,694,1167,1694,2391,2788,,694,473,527,697,397,3447
6045,717,1193,1691,2387,2692,,717,476,498,696,305,3353
6182,685,1122,1613,2322,2735,,685,437,491,709,413,3447
6299,728,1221,1728,2441,2851,,728,493,507,713,410,3448
6224,706,1191,1704,2417,2807,,706,485,513,713,390,3417
6277,729,1216,1704,2418,2827,,729,487,488,714,409,3450
6276,705,1190,1704,2416,2827,,705,485,514,712,411,3449
6275,730,1216,1703,2416,2827,,730,486,487,713,411,3448
6272,703,1190,1702,2415,2826,,703,487,512,713,411,3446
6155,703,1169,1679,2367,2735,,703,466,510,688,368,3420
6046,719,1191,1693,2393,2694,,719,472,502,700,301,3352
6096,694,1167,1695,2392,2696,,694,473,528,697,304,3400
6232,725,1151,1645,2361,2784,,725,426,494,716,423,3448
6249,729,1215,1712,2421,2794,,729,486,497,709,373,3455
6222,727,1215,1702,2414,2805,,727,488,487,712,391,3417
6299,729,1217,1704,2417,2853,,729,488,487,713,436,3446
6274,702,1190,1703,2415,2828,,702,488,513,712,413,3446
6276,729,1217,1705,2417,2828,,729,488,488,712,411,3448
6248,728,1215,1667,2377,2800,,728,487,452,710,423,3448
6157,729,1214,1649,2341,2731,,729,485,435,692,390,3426
5943,718,1216,1693,2309,2615,,718,498,477,616,306,3328
6048,718,1191,1692,2389,2695,,718,473,501,697,306,3353
6136,729,1158,1638,2293,2682,,729,429,480,655,389,3454
6273,729,1215,1704,2416,2829,,729,486,489,712,413,3444
6284,729,1216,1731,2440,2852,,729,487,515,709,412,3432
6298,761,1246,1729,2441,2852,,761,485,483,712,411,3446
6306,734,1246,1734,2446,2857,,734,512,488,712,411,3449
6300,728,1215,1734,2443,2851,,728,487,519,709,408,3449
6274,728,1216,1704,2415,2827,,728,488,488,711,412,3447
6079,727,1193,1677,2349,2678,,727,466,484,672,329,3401
6046,719,1191,1693,2391,2696,,719,472,502,698,305,3350
6022,720,1192,1695,2392,2695,,720,472,503,697,303,3327
6182,686,1141,1566,2312,2735,,686,455,425,746,423,3447
6268,706,1191,1704,2417,2827,,706,485,513,713,410,3441
6223,729,1217,1704,2416,2807,,729,488,487,712,391,3416
6300,704,1192,1705,2421,2852,,704,488,513,716,431,3448
6273,728,1214,1702,2415,2825,,728,486,488,713,410,3448
6273,729,1217,1704,2415,2826,,729,488,487,711,411,3447
6272,726,1215,1702,2415,2825,,726,489,487,713,410,3447
6152,722,1211,1678,2361,2746,,722,489,467,683,385,3406
6196,694,1165,1694,2391,2788,,694,471,529,697,397,3408
6045,717,1189,1692,2391,2694,,717,472,503,699,303,3351
6335,755,1225,1757,2477,2887,,755,470,532,720,410,3448
6275,729,1216,1705,2418,2827,,729,487,489,713,409,3448
6278,729,1217,1704,2417,2851,,729,488,487,713,434,3427
6203,705,1196,1708,2417,2828,,705,491,512,709,411,3375
6303,730,1217,1734,2445,2853,,730,487,517,711,408,3450
6323,759,1243,1728,2440,2877,,759,484,485,712,437,3446
6275,703,1215,1703,2415,2826,,703,512,488,712,411,3449
6248,729,1247,1734,2417,2803,,729,518,487,683,386,3445
6251,728,1215,1703,2415,2826,,728,487,488,712,411,3425
6250,730,1215,1703,2416,2810,,730,485,488,713,394,3440
6287,718,1203,1715,2429,2839,,718,485,512,714,410,3448
6297,727,1214,1727,2441,2850,,727,487,513,714,409,3447
6212,717,1205,1716,2408,2790,,717,488,511,692,382,3422
6299,731,1217,1704,2445,2853,,731,486,487,741,408,3446
6275,729,1215,1704,2416,2827,,729,486,489,712,411,3448
6299,728,1215,1702,2444,2850,,728,487,487,742,406,3449
6293,725,1237,1722,2434,2845,,725,512,485,712,411,3448
6155,728,1214,1680,2340,2750,,728,486,466,660,410,3405
6236,718,1214,1693,2395,2787,,718,496,479,702,392,3449
6045,719,1190,1692,2389,2694,,719,471,502,697,305,3351
6250,715,1185,1667,2375,2777,,715,470,482,708,402,3473
6269,726,1211,1700,2412,2823,,726,485,489,712,411,3446
6278,728,1215,1702,2415,2826,,728,487,487,713,411,3452
6272,727,1214,1701,2413,2825,,727,487,487,712,412,3447
6276,704,1191,1702,2414,2825,,704,487,511,712,411,3451
6297,728,1214,1704,2414,2852,,728,486,490,710,438,3445
6249,702,1189,1702,2415,2825,,702,487,513,713,410,3424
6159,704,1191,1683,2367,2752,,704,487,492,684,385,3407
6124,696,1169,1695,2392,2792,,696,473,526,697,400,3332
6047,720,1192,1694,2390,2695,,720,472,502,696,305,3352
6139,737,1209,1657,2301,2731,,737,472,448,644,430,3408
6126,718,1191,1717,2413,2770,,718,473,526,696,357,3356
6123,718,1191,1692,2389,2746,,718,473,501,697,357,3377
6042,690,1165,1691,2347,2672,,690,475,526,656,325,3370
6071,718,1190,1695,2350,2698,,718,472,505,655,348,3373
6055,716,1188,1696,2352,2700,,716,472,508,656,348,3355
6073,729,1204,1691,2346,2699,,729,475,487,655,353,3374
6026,717,1189,1675,2313,2647,,717,472,486,638,334,3379
6219,719,1192,1718,2416,2814,,719,473,526,698,398,3405
6042,714,1186,1689,2385,2691,,714,472,503,696,306,3351
6183,726,1152,1569,2253,2735,,726,426,417,684,482,3448
6300,714,1197,1729,2441,2851,,714,483,532,712,410,3449
6275,730,1217,1703,2416,2827,,730,487,486,713,411,3448
6300,729,1216,1704,2442,2852,,729,487,488,738,410,3448
6276,729,1216,1705,2416,2827,,729,487,489,711,411,3449
6244,729,1215,1702,2415,2825,,729,486,487,713,410,3419
6159,735,1223,1682,2366,2751,,735,488,459,684,385,3408
6118,738,1209,1739,2396,2745,,738,471,530,657,349,3373
6124,716,1186,1715,2412,2719,,716,470,529,697,307,3405
6161,718,1191,1674,2315,2713,,718,473,483,641,398,3448
6036,679,1087,1502,2218,2610,,679,408,415,716,392,3426
6080,665,1162,1636,2344,2697,,665,497,474,708,353,3383
5996,661,1133,1605,2261,2625,,661,472,472,656,364,3371
6065,714,1186,1689,2345,2694,,714,472,503,656,349,3371
6069,718,1190,1694,2352,2700,,718,472,504,658,348,3369
6071,717,1190,1691,2349,2697,,717,473,501,658,348,3374
6105,692,1162,1693,2351,2723,,692,470,531,658,372,3382
6021,718,1189,1675,2312,2645,,718,471,486,637,333,3376
6258,717,1189,1717,2415,2811,,717,472,528,698,396,3447
6042,671,1142,1570,2233,2566,,671,471,428,663,333,3476
6135,681,1089,1500,2216,2687,,681,408,411,716,471,3448
6176,718,1160,1631,2329,2718,,718,442,471,698,389,3458
6274,730,1215,1702,2415,2825,,730,485,487,713,410,3449
6275,728,1214,1704,2416,2826,,728,486,490,712,410,3449
6299,728,1215,1703,2415,2851,,728,487,488,712,436,3448
6300,730,1216,1704,2417,2852,,730,486,488,713,435,3448
6222,729,1189,1705,2394,2801,,729,460,516,689,407,3421
6277,730,1218,1708,2418,2827,,730,488,490,710,409,3450
6270,726,1214,1702,2414,2824,,726,488,488,712,410,3446
6303,731,1219,1734,2444,2855,,731,488,515,710,411,3448
6075,664,1092,1505,2265,2639,,664,428,413,760,374,3436
6272,729,1215,1704,2415,2827,,729,486,489,711,412,3445
6275,729,1215,1703,2415,2827,,729,486,488,712,412,3448
6274,727,1214,1702,2414,2824,,727,487,488,712,410,3450
6299,756,1242,1728,2441,2850,,756,486,486,713,409,3449
6277,728,1215,1702,2416,2855,,728,487,487,714,439,3422
6158,705,1170,1680,2367,2753,,705,465,510,687,386,3405
6119,738,1210,1739,2393,2744,,738,472,529,654,351,3375
6233,717,1215,1716,2412,2812,,717,498,501,696,400,3421
6027,718,1190,1674,2314,2647,,718,472,484,640,333,3380
5837,654,1064,1459,2095,2413,,654,410,395,636,318,3424
6148,638,1069,1559,2279,2701,,638,431,490,720,422,3447
6273,726,1208,1701,2413,2825,,726,482,493,712,412,3448
6272,727,1214,1701,2414,2824,,727,487,487,713,410,3448
6300,729,1240,1728,2441,2850,,729,511,488,713,409,3450
6297,726,1213,1700,2412,2848,,726,487,487,712,436,3449
6199,728,1215,1703,2395,2776,,728,487,488,692,381,3423
6275,705,1191,1705,2416,2828,,705,486,514,711,412,3447
6282,728,1214,1703,2414,2825,,728,486,489,711,411,3457
6301,704,1190,1703,2415,2829,,704,486,513,712,414,3472
6126,704,1173,1664,2330,2688,,704,469,491,666,358,3438
6276,728,1216,1703,2415,2826,,728,488,487,712,411,3450
6300,730,1222,1703,2416,2851,,730,492,481,713,435,3449
6253,730,1217,1704,2417,2800,,730,487,487,713,383,3453
6275,729,1215,1703,2416,2825,,729,486,488,713,409,3450
6252,729,1216,1704,2416,2827,,729,487,488,712,411,3425
6158,729,1216,1684,2366,2753,,729,487,468,682,387,3405
6073,718,1190,1693,2348,2700,,718,472,503,655,352,3373
6253,718,1189,1717,2414,2812,,718,471,528,697,398,3441
6028,662,1137,1610,2262,2655,,662,475,473,652,393,3373
6062,717,1231,1651,2283,2619,,717,514,420,632,336,3443
6011,753,1195,1665,2280,2667,,753,442,470,615,387,3344
6023,653,1089,1578,2275,2650,,653,436,489,697,375,3373
6069,719,1191,1692,2346,2698,,719,472,501,654,352,3371
6046,717,1187,1691,2345,2673,,717,470,504,654,328,3373
6044,718,1192,1692,2348,2674,,718,474,500,656,326,3370
6051,716,1212,1691,2345,2673,,716,496,479,654,328,3378
6019,716,1188,1676,2312,2643,,716,472,488,636,331,3376
6186,718,1150,1630,2327,2738,,718,432,480,697,411,3448
5971,652,1132,1561,2228,2560,,652,480,429,667,332,3411
5997,676,1093,1502,2202,2537,,676,417,409,700,335,3460
6199,729,1145,1628,2339,2752,,729,416,483,711,413,3447
6276,732,1216,1671,2392,2826,,732,484,455,721,434,3450
6277,733,1216,1703,2416,2827,,733,483,487,713,411,3450
6326,730,1242,1731,2442,2877,,730,512,489,711,435,3449
6276,730,1217,1704,2417,2827,,730,487,487,713,410,3449
6298,703,1191,1703,2416,2852,,703,488,512,713,436,3446
6251,730,1217,1704,2417,2828,,730,487,487,713,411,3423
6160,730,1217,1684,2368,2753,,730,487,467,684,385,3407
6054,650,1065,1536,2294,2671,,650,415,471,758,377,3383
6085,716,1172,1631,2262,2646,,716,456,459,631,384,3439
6136,692,1121,1603,2300,2689,,692,429,482,697,389,3447
6251,717,1188,1649,2367,2802,,717,471,461,718,435,3449
6300,729,1217,1704,2416,2852,,729,488,487,712,436,3448
6275,729,1216,1703,2416,2826,,729,487,487,713,410,3449
6272,727,1214,1702,2413,2824,,727,487,488,711,411,3448
6221,728,1216,1703,2415,2805,,728,488,487,712,390,3416
6274,730,1217,1704,2417,2827,,730,487,487,713,410,3447
6274,729,1216,1704,2416,2827,,729,487,488,712,411,3447
6268,729,1164,1704,2419,2827,,729,435,540,715,408,3441
6101,731,1174,1666,2297,2664,,731,443,492,631,367,3437
6150,643,1125,1559,2280,2703,,643,482,434,721,423,3447
6276,730,1217,1705,2416,2827,,730,487,488,711,411,3449
6249,704,1194,1684,2393,2801,,704,490,490,709,408,3448
6240,706,1156,1693,2391,2793,,706,450,537,698,402,3447
6122,693,1166,1693,2392,2744,,693,473,527,699,352,3378
6076,696,1180,1693,2350,2698,,696,484,513,657,348,3378
6020,719,1190,1676,2314,2647,,719,471,486,638,333,3373
6146,729,1159,1574,2305,2726,,729,430,415,731,421,3420
5820,633,1039,1477,2103,2436,,633,406,438,626,333,3384
6026,653,1085,1543,2216,2581,,653,432,458,673,365,3445
6301,716,1199,1708,2420,2852,,716,483,509,712,432,3449
6300,704,1191,1704,2417,2854,,704,487,513,713,437,3446
6250,729,1241,1730,2441,2799,,729,512,489,711,358,3451
6275,733,1217,1704,2416,2826,,733,484,487,712,410,3449
6300,730,1240,1729,2441,2851,,730,510,489,712,410,3449
6277,730,1216,1705,2417,2853,,730,486,489,712,436,3424
6273,730,1216,1705,2416,2827,,730,486,489,711,411,3446
6297,732,1213,1732,2469,2850,,732,481,519,737,381,3447
6329,756,1203,1706,2417,2829,,756,447,503,711,412,3500
6139,717,1147,1654,2355,2700,,717,430,507,701,345,3439
6226,695,1145,1644,2352,2778,,695,450,499,708,426,3448
6299,703,1192,1702,2417,2851,,703,489,510,715,434,3448
6325,730,1217,1704,2447,2876,,730,487,487,743,429,3449
6255,730,1217,1705,2418,2827,,730,487,488,713,409,3428
6277,718,1187,1706,2417,2828,,718,469,519,711,411,3449
6153,706,1120,1604,2314,2727,,706,414,484,710,413,3426
6219,729,1216,1704,2416,2827,,729,487,488,712,411,3392
6198,729,1215,1703,2395,2778,,729,486,488,692,383,3420
6306,732,1194,1675,2393,2829,,732,462,481,718,436,3477
6100,689,1097,1584,2247,2659,,689,408,487,663,412,3441
6250,706,1217,1670,2379,2803,,706,511,453,709,424,3447
6304,707,1194,1706,2423,2854,,707,487,512,717,431,3450
6327,730,1217,1710,2421,2858,,730,487,493,711,437,3469
6339,742,1230,1741,2455,2890,,742,488,511,714,435,3449
6277,706,1218,1705,2418,2829,,706,512,487,713,411,3448
6275,731,1217,1705,2417,2828,,731,486,488,712,411,3447
6077,703,1130,1571,2261,2684,,703,427,441,690,423,3393
6110,692,1130,1568,2266,2703,,692,438,438,698,437,3407
5821,657,1053,1433,2056,2374,,657,396,380,623,318,3447
5766,658,1081,1474,2088,2387,,658,423,393,614,299,3379
6079,668,1091,1511,2185,2620,,668,423,420,674,435,3459
6301,704,1191,1705,2419,2856,,704,487,514,714,437,3445
6276,707,1217,1704,2418,2827,,707,510,487,714,409,3449
6275,730,1217,1705,2418,2827,,730,487,488,713,409,3448
6275,729,1216,1704,2416,2826,,729,487,488,712,410,3449
6169,732,1216,1651,2353,2762,,732,484,435,702,409,3407
6073,691,1164,1691,2346,2694,,691,473,527,655,348,3379
6060,716,1146,1560,2228,2625,,716,430,414,668,397,3435
5876,658,1063,1475,2124,2462,,658,405,412,649,338,3414
6282,759,1221,1741,2426,2812,,759,462,520,685,386,3470
6220,726,1213,1700,2357,2774,,726,487,487,657,417,3446
6250,729,1216,1703,2416,2798,,729,487,487,713,382,3452
6276,731,1218,1705,2417,2828,,731,487,487,712,411,3448
6301,738,1248,1735,2443,2852,,738,510,487,708,409,3449
6324,729,1214,1732,2444,2876,,729,485,518,712,432,3448
6220,727,1215,1704,2415,2806,,727,488,489,711,391,3414
6272,731,1218,1705,2417,2827,,731,487,487,712,410,3445
6271,727,1214,1701,2414,2825,,727,487,487,713,411,3446
6201,752,1199,1659,2367,2775,,752,447,460,708,408,3426
6200,727,1215,1683,2362,2736,,727,488,468,679,374,3464
6274,731,1216,1705,2416,2828,,731,485,489,711,412,3446
6275,729,1216,1704,2416,2826,,729,487,488,712,410,3449
6275,729,1215,1704,2416,2827,,729,486,489,712,411,3448
6299,732,1218,1704,2417,2852,,732,486,486,713,435,3447
6277,729,1216,1707,2417,2852,,729,487,491,710,435,3425
6200,743,1231,1722,2406,2792,,743,488,491,684,386,3408
6068,719,1190,1695,2351,2701,,719,471,505,656,350,3367
6062,720,1150,1562,2231,2627,,720,430,412,669,396,3435
6082,677,1087,1513,2231,2678,,677,410,426,718,447,3404
6177,730,1217,1697,2350,2728,,730,487,480,653,378,3449
6224,730,1217,1707,2417,2775,,730,487,490,710,358,3449
6275,729,1216,1703,2416,2828,,729,487,487,713,412,3447
6275,703,1190,1704,2416,2827,,703,487,514,712,411,3448
6276,731,1209,1705,2417,2828,,731,478,496,712,411,3448
6253,729,1217,1704,2416,2827,,729,488,487,712,411,3426
6158,706,1192,1686,2370,2754,,706,486,494,684,384,3404
6070,719,1217,1693,2349,2701,,719,498,476,656,352,3369
6161,719,1192,1652,2289,2713,,719,473,460,637,424,3448
5943,678,1089,1499,2199,2528,,678,411,410,700,329,3415
6063,716,1189,1626,2265,2622,,716,473,437,639,357,3441
6224,718,1190,1691,2366,2762,,718,472,501,675,396,3462
6299,729,1241,1730,2442,2851,,729,512,489,712,409,3448
6272,731,1216,1701,2414,2824,,731,485,485,713,410,3448
6280,705,1196,1705,2417,2828,,705,491,509,712,411,3452
6276,731,1217,1704,2419,2828,,731,486,487,715,409,3448
6244,726,1213,1726,2419,2824,,726,487,513,693,405,3420
6275,730,1217,1706,2416,2828,,730,487,489,710,412,3447
6299,705,1193,1705,2418,2853,,705,488,512,713,435,3446
6200,729,1192,1662,2303,2754,,729,463,470,641,451,3446
6135,729,1196,1644,2339,2696,,729,467,448,695,357,3439
5938,617,1113,1585,2282,2595,,617,496,472,697,313,3343
6130,694,1166,1695,2393,2747,,694,472,529,698,354,3383
6068,692,1164,1693,2348,2697,,692,472,529,655,349,3371
6097,716,1148,1666,2362,2722,,716,432,518,696,360,3375
6072,694,1191,1693,2352,2700,,694,497,502,659,348,3372
6361,704,1199,1737,2450,2886,,704,495,538,713,436,3475
6301,730,1217,1707,2418,2853,,730,487,490,711,435,3448
6275,704,1191,1704,2418,2827,,704,487,513,714,409,3448
6172,727,1241,1692,2359,2753,,727,514,451,667,394,3419
6190,730,1198,1666,2360,2766,,730,468,468,694,406,3424
6241,680,1155,1694,2390,2793,,680,475,539,696,403,3448
6212,716,1189,1691,2389,2766,,716,473,502,698,377,3446
6274,704,1191,1703,2415,2826,,704,487,512,712,411,3448
6278,730,1241,1684,2376,2815,,730,511,443,692,439,3463
6325,730,1216,1705,2445,2876,,730,486,489,740,431,3449
6242,699,1189,1727,2438,2849,,699,490,538,711,411,3393
6278,730,1215,1704,2416,2851,,730,485,489,712,435,3427
6277,713,1201,1706,2417,2829,,713,488,505,711,412,3448
6225,729,1242,1691,2369,2775,,729,513,449,678,406,3450
6193,759,1243,1691,2387,2756,,759,484,448,696,369,3437
6238,679,1162,1696,2393,2794,,679,483,534,697,401,3444
6152,719,1191,1694,2395,2770,,719,472,503,701,375,3382
6191,694,1167,1693,2348,2743,,694,473,526,655,395,3448
6276,729,1216,1704,2416,2827,,729,487,488,712,411,3449
6356,760,1243,1731,2445,2879,,760,483,488,714,434,3477
6195,708,1116,1608,2327,2749,,708,408,492,719,422,3446
6253,731,1218,1705,2417,2829,,731,487,487,712,412,3424
6274,705,1193,1706,2418,2828,,705,488,513,712,410,3446
6123,702,1190,1677,2347,2686,,702,488,487,670,339,3437
6211,728,1245,1692,2387,2792,,728,517,447,695,405,3419
6274,719,1148,1705,2418,2827,,719,429,557,713,409,3447
6300,728,1217,1703,2446,2852,,728,489,486,743,406,3448
6300,729,1151,1704,2417,2852,,729,422,553,713,435,3448
6251,705,1191,1704,2392,2803,,705,486,513,688,411,3448
6381,730,1271,1779,2492,2902,,730,541,508,713,410,3479
6275,729,1242,1728,2441,2852,,729,513,486,713,411,3423
6200,705,1192,1705,2397,2779,,705,487,513,692,382,3421
6277,730,1216,1705,2417,2852,,730,486,489,712,435,3425
6176,733,1242,1709,2374,2735,,733,509,467,665,361,3441
6225,703,1191,1684,2391,2802,,703,488,493,707,411,3423
6297,705,1225,1707,2418,2854,,705,520,482,711,436,3443
6277,730,1218,1706,2417,2828,,730,488,488,711,411,3449
6300,729,1216,1704,2416,2852,,729,487,488,712,436,3448
6277,705,1192,1705,2420,2828,,705,487,513,715,408,3449
6327,731,1249,1756,2468,2879,,731,518,507,712,411,3448
6250,730,1216,1695,2404,2826,,730,486,479,709,422,3424
6235,730,1215,1704,2402,2811,,730,485,489,698,409,3424
6254,729,1217,1705,2417,2828,,729,488,488,712,411,3426
6150,730,1217,1680,2349,2709,,730,487,463,669,360,3441
6197,704,1191,1685,2370,2779,,704,487,494,685,409,3418
6275,731,1217,1709,2420,2828,,731,486,492,711,408,3447
6303,734,1218,1705,2421,2854,,734,484,487,716,433,3449
6279,707,1193,1706,2419,2829,,707,486,513,713,410,3450
6228,707,1194,1707,2420,2776,,707,487,513,713,356,3452
6277,705,1192,1706,2418,2829,,705,487,514,712,411,3448
6265,703,1191,1704,2416,2827,,703,488,513,712,411,3438
6253,705,1192,1705,2417,2827,,705,487,513,712,410,3426
6224,707,1193,1705,2397,2805,,707,486,512,692,408,3419
6154,706,1193,1681,2351,2739,,706,487,488,670,388,3415
6160,729,1216,1707,2342,2741,,729,487,491,635,399,3419
6170,695,1166,1614,2309,2717,,695,471,448,695,408,3453
6129,720,1192,1694,2390,2748,,720,472,502,696,358,3381
6072,696,1167,1694,2351,2701,,696,471,527,657,350,3371
6132,696,1194,1696,2368,2710,,696,498,502,672,342,3422
6277,706,1194,1706,2418,2829,,706,488,512,712,411,3448
6224,671,1165,1653,2362,2775,,671,494,488,709,413,3449
6299,729,1244,1727,2439,2850,,729,515,483,712,411,3449
6280,731,1217,1706,2417,2852,,731,486,489,711,435,3428
6252,734,1217,1731,2405,2801,,734,483,514,674,396,3451
6008,730,1198,1637,2290,2639,,730,468,439,653,349,3369
6270,723,1211,1701,2411,2821,,723,488,490,710,410,3449
6276,730,1218,1705,2418,2828,,730,488,487,713,410,3448
6227,730,1217,1705,2397,2779,,730,487,488,692,382,3448
6249,729,1216,1704,2417,2796,,729,487,488,713,379,3453
6302,730,1217,1705,2417,2853,,730,487,488,712,436,3449
6251,679,1190,1704,2417,2827,,679,511,514,713,410,3424
6161,731,1218,1686,2369,2754,,731,487,468,683,385,3407
6093,727,1199,1687,2323,2656,,727,472,488,636,333,3437
6064,718,1171,1626,2262,2623,,718,453,455,636,361,3441
6003,717,1188,1647,2286,2622,,717,471,459,639,336,3381
6049,693,1190,1694,2390,2697,,693,497,504,696,307,3352
6131,720,1193,1696,2395,2747,,720,473,503,699,352,3384
6073,720,1193,1695,2350,2700,,720,473,502,655,350,3373
6101,723,1194,1695,2351,2699,,723,471,501,656,348,3402
6073,696,1168,1697,2350,2702,,696,472,529,653,352,3371
6274,703,1192,1704,2417,2827,,703,489,512,713,410,3447
6275,705,1193,1705,2417,2828,,705,488,512,712,411,3447
6306,705,1222,1706,2417,2828,,705,517,484,711,411,3478
6151,734,1217,1680,2349,2709,,734,483,463,669,360,3442
6252,705,1193,1704,2396,2804,,705,488,511,692,408,3448
6273,707,1192,1705,2419,2828,,707,485,513,714,409,3445
6354,704,1191,1734,2443,2878,,704,487,543,709,435,3476
6302,706,1192,1705,2419,2853,,706,486,513,714,434,3449
6301,706,1194,1706,2419,2854,,706,488,512,713,435,3447
6301,731,1242,1731,2443,2853,,731,511,489,712,410,3448
6251,704,1149,1705,2417,2827,,704,445,556,712,410,3424
6198,705,1192,1705,2397,2779,,705,487,513,692,382,3419
6342,722,1209,1722,2463,2895,,722,487,513,741,432,3447
6200,730,1217,1704,2393,2760,,730,487,487,689,367,3440
6164,705,1192,1706,2398,2780,,705,487,514,692,382,3384
6221,733,1219,1706,2419,2829,,733,486,487,713,410,3392
6274,730,1217,1704,2416,2828,,730,487,487,712,412,3446
6277,731,1217,1708,2418,2828,,731,486,491,710,410,3449
6300,704,1192,1704,2416,2853,,704,488,512,712,437,3447
6277,730,1218,1705,2418,2828,,730,488,487,713,410,3449
6181,705,1139,1630,2339,2753,,705,434,491,709,414,3428
6226,731,1220,1705,2398,2806,,731,489,485,693,408,3420
6276,731,1217,1706,2418,2829,,731,486,489,712,411,3447
6252,729,1216,1732,2421,2791,,729,487,516,689,370,3461
6250,730,1217,1704,2396,2804,,730,487,487,692,408,3446
6308,731,1211,1734,2442,2853,,731,480,523,708,411,3455
6275,705,1191,1705,2416,2828,,705,486,514,711,412,3447
6158,704,1191,1683,2368,2753,,704,487,492,685,385,3405
6111,720,1192,1694,2391,2748,,720,472,502,697,357,3363
6047,694,1164,1694,2339,2675,,694,470,530,645,336,3372
6201,680,1113,1618,2330,2753,,680,433,505,712,423,3448
6275,704,1191,1705,2417,2827,,704,487,514,712,410,3448
6299,729,1217,1728,2441,2852,,729,488,511,713,411,3447
6253,705,1192,1704,2417,2804,,705,487,512,713,387,3449
6075,729,1215,1625,2260,2617,,729,486,410,635,357,3458
6276,731,1219,1706,2417,2829,,731,488,487,711,412,3447
6278,705,1193,1706,2418,2828,,705,488,513,712,410,3450
6226,706,1192,1705,2397,2779,,706,486,513,692,382,3447
6274,728,1215,1704,2416,2826,,728,487,489,712,410,3448
6275,729,1217,1704,2416,2828,,729,488,487,712,412,3447
6199,733,1219,1707,2399,2779,,733,486,488,692,380,3420
6161,731,1218,1687,2370,2753,,731,487,469,683,383,3408
5892,677,1117,1532,2177,2523,,677,440,415,645,346,3369
6066,721,1218,1629,2266,2625,,721,497,411,637,359,3441
6170,726,1222,1726,2425,2728,,726,496,504,699,303,3442
6105,721,1178,1669,2366,2726,,721,457,491,697,360,3379
6075,693,1166,1693,2348,2699,,693,473,527,655,351,3376
6071,721,1194,1694,2350,2700,,721,473,500,656,350,3371
6082,719,1191,1693,2349,2700,,719,472,502,656,351,3382
6071,721,1219,1700,2367,2700,,721,498,481,667,333,3371
6132,694,1165,1625,2321,2727,,694,471,460,696,406,3405
6276,731,1218,1705,2417,2828,,731,487,487,712,411,3448
6276,712,1221,1728,2440,2851,,712,509,507,712,411,3425
6250,728,1218,1704,2417,2803,,728,490,486,713,386,3447
6232,750,1237,1749,2441,2788,,750,487,512,692,347,3444
6222,693,1164,1649,2367,2777,,693,471,485,718,410,3445
6324,729,1215,1703,2446,2877,,729,486,488,743,431,3447
6277,706,1193,1705,2419,2828,,706,487,512,714,409,3449
6253,703,1191,1703,2416,2827,,703,488,512,713,411,3426
6252,731,1197,1681,2393,2804,,731,466,484,712,411,3448
6198,704,1191,1648,2355,2765,,704,487,457,707,410,3433
6076,720,1193,1695,2351,2697,,720,473,502,656,346,3379
5985,706,1162,1596,2275,2603,,706,456,434,679,328,3382
6116,718,1190,1695,2329,2674,,718,472,505,634,345,3442
6050,718,1191,1692,2389,2693,,718,473,501,697,304,3357
6106,694,1165,1694,2352,2722,,694,471,529,658,370,3384
6071,695,1168,1694,2349,2700,,695,473,526,655,351,3371
6166,716,1187,1690,2386,2783,,716,471,503,696,397,3383
6083,721,1192,1695,2350,2704,,721,471,503,655,354,3379
6095,717,1188,1718,2373,2723,,717,471,530,655,350,3372
6048,747,1219,1711,2352,2677,,747,472,492,641,325,3371
6019,717,1189,1676,2315,2647,,717,472,487,639,332,3372
5986,691,1169,1596,2252,2580,,691,478,427,656,328,3406
6065,719,1188,1651,2291,2624,,719,469,463,640,333,3441
6144,678,1128,1582,2302,2706,,678,450,454,720,404,3438
6148,731,1219,1649,2357,2769,,731,488,430,708,412,3379
6282,730,1217,1705,2417,2828,,730,487,488,712,411,3454
6277,731,1219,1706,2418,2830,,731,488,487,712,412,3447
6274,729,1216,1704,2415,2826,,729,487,488,711,411,3448
6298,727,1215,1703,2416,2853,,727,488,488,713,437,3445
6248,727,1194,1676,2388,2800,,727,467,482,712,412,3448
6276,730,1219,1710,2419,2829,,730,489,491,709,410,3447
6097,678,1112,1596,2252,2693,,678,434,484,656,441,3404
6089,692,1164,1650,2290,2649,,692,472,486,640,359,3440
6144,694,1168,1695,2362,2721,,694,474,527,667,359,3423
6285,706,1194,1706,2418,2829,,706,488,512,712,411,3456
6279,706,1195,1706,2419,2829,,706,489,511,713,410,3450
6202,705,1193,1704,2419,2754,,705,488,511,715,335,3448
6274,706,1192,1705,2417,2829,,706,486,513,712,412,3445
6212,705,1192,1685,2368,2804,,705,487,493,683,436,3408
6276,732,1220,1733,2423,2830,,732,488,513,690,407,3446
6275,731,1218,1705,2418,2829,,731,487,487,713,411,3446
5997,678,1115,1570,2229,2626,,678,437,455,659,397,3371
6062,695,1166,1650,2290,2623,,695,471,484,640,333,3439
6139,658,1132,1604,2300,2713,,658,474,472,696,413,3426
6126,718,1190,1693,2391,2748,,718,472,503,698,357,3378
6049,695,1167,1693,2348,2696,,695,472,526,655,348,3353
6071,721,1193,1694,2352,2700,,721,472,501,658,348,3371
6129,716,1192,1717,2399,2748,,716,476,525,682,349,3381
6095,719,1191,1721,2376,2724,,719,472,530,655,348,3371
6011,666,1136,1608,2264,2650,,666,470,472,656,386,3361
6047,722,1193,1681,2338,2676,,722,471,488,657,338,3371
5968,680,1151,1579,2225,2557,,680,471,428,646,332,3411
6048,718,1192,1651,2289,2624,,718,474,459,638,335,3424
6302,700,1193,1705,2419,2854,,700,493,512,714,435,3448
6224,727,1218,1705,2418,2828,,727,491,487,713,410,3396
6173,720,1192,1693,2391,2788,,720,472,501,698,397,3385
6068,693,1165,1694,2350,2698,,693,472,529,656,348,3370
6055,719,1192,1693,2348,2676,,719,473,501,655,328,3379
6095,718,1190,1716,2371,2724,,718,472,526,655,353,3371
6020,665,1136,1607,2264,2657,,665,471,471,657,393,3363
6019,717,1189,1675,2313,2646,,717,472,486,638,333,3373
6019,716,1187,1672,2316,2646,,716,471,485,644,330,3373
6020,694,1165,1651,2293,2622,,694,471,486,642,329,3398
6060,717,1213,1648,2287,2620,,717,496,435,639,333,3440
6238,694,1191,1694,2390,2792,,694,497,503,696,402,3446
6121,693,1164,1693,2389,2747,,693,471,529,696,358,3374
6041,719,1215,1694,2350,2676,,719,496,479,656,326,3365
6210,719,1190,1692,2387,2789,,719,471,502,695,402,3421
6275,731,1219,1705,2418,2828,,731,488,486,713,410,3447
6202,706,1185,1705,2417,2768,,706,479,520,712,351,3434
6277,706,1193,1706,2418,2828,,706,487,513,712,410,3449
6154,734,1185,1723,2421,2780,,734,451,538,698,359,3374
6154,712,1184,1712,2366,2719,,712,472,528,654,353,3435
6211,714,1146,1648,2353,2763,,714,432,502,705,410,3448
6177,678,1102,1584,2294,2729,,678,424,482,710,435,3448
6275,732,1217,1705,2417,2828,,732,485,488,712,411,3447
6300,730,1218,1705,2418,2853,,730,488,487,713,435,3447
6282,733,1218,1707,2418,2828,,733,485,489,711,410,3454
6275,730,1216,1705,2418,2827,,730,486,489,713,409,3448
6191,704,1138,1620,2320,2743,,704,434,482,700,423,3448
6048,719,1218,1692,2348,2674,,719,499,474,656,326,3374
5969,721,1200,1644,2265,2622,,721,479,444,621,357,3347
6058,720,1192,1694,2347,2677,,720,472,502,653,330,3381
6185,717,1223,1693,2367,2766,,717,506,470,674,399,3419
5972,720,1190,1695,2311,2618,,720,470,505,616,307,3354
6124,721,1217,1696,2394,2748,,721,496,479,698,354,3376
6101,696,1168,1694,2348,2721,,696,472,526,654,373,3380
6046,697,1169,1695,2350,2677,,697,472,526,655,327,3369
6072,695,1167,1695,2352,2700,,695,472,528,657,348,3372
6053,694,1166,1669,2328,2676,,694,472,503,659,348,3377
6073,719,1190,1695,2351,2702,,719,471,505,656,351,3371
6001,693,1163,1652,2290,2625,,693,470,489,638,335,3376
6069,718,1189,1717,2372,2698,,718,471,528,655,326,3371
6238,719,1189,1694,2391,2789,,719,470,505,697,398,3449
5946,696,1168,1683,2294,2591,,696,472,515,611,297,3355
6125,694,1169,1694,2390,2749,,694,475,525,696,359,3376
6098,695,1192,1695,2350,2722,,695,497,503,655,372,3376
6072,696,1169,1695,2350,2701,,696,473,526,655,351,3371
6073,695,1192,1695,2351,2701,,695,497,503,656,350,3372
6040,697,1195,1696,2345,2671,,697,498,501,649,326,3369
6073,720,1193,1694,2350,2701,,720,473,501,656,351,3372
6002,697,1163,1659,2292,2630,,697,466,496,633,338,3372
6047,719,1191,1677,2338,2677,,719,472,486,661,339,3370
6264,721,1216,1699,2408,2815,,721,495,483,709,407,3449
5970,719,1191,1695,2310,2615,,719,472,504,615,305,3355
6125,720,1193,1694,2392,2746,,720,473,501,698,354,3379
6100,695,1166,1695,2350,2722,,695,471,529,655,372,3378
6071,722,1193,1693,2350,2699,,722,471,500,657,349,3372
6050,694,1167,1696,2353,2676,,694,473,529,657,323,3374
6075,721,1195,1695,2352,2702,,721,474,500,657,350,3373
6047,720,1218,1694,2348,2676,,720,498,476,654,328,3371
6023,721,1195,1678,2318,2649,,721,474,483,640,331,3374
6045,721,1193,1676,2340,2676,,721,472,483,664,336,3369
6240,696,1168,1703,2407,2816,,696,472,535,704,409,3424
5921,720,1194,1693,2294,2591,,720,474,499,601,297,3330
6124,719,1192,1692,2389,2747,,719,473,500,697,358,3377
6096,691,1163,1691,2349,2718,,691,472,528,658,369,3378
6072,695,1166,1695,2351,2699,,695,471,529,656,348,3373
6049,694,1165,1694,2349,2676,,694,471,529,655,327,3373
6075,697,1169,1694,2341,2698,,697,472,525,647,357,3377
6073,696,1168,1695,2349,2702,,696,472,527,654,353,3371
6020,722,1194,1653,2293,2624,,722,472,459,640,331,3396
6139,728,1158,1596,2280,2702,,728,430,438,684,422,3437
6202,760,1244,1652,2368,2760,,760,484,408,716,392,3442
6301,759,1243,1730,2442,2853,,759,484,487,712,411,3448
6302,705,1191,1729,2441,2853,,705,486,538,712,412,3449
6278,732,1220,1710,2420,2829,,732,488,490,710,409,3449
6299,730,1218,1705,2418,2853,,730,488,487,713,435,3446
6276,706,1192,1706,2418,2829,,706,486,514,712,411,3447
6263,730,1217,1705,2417,2817,,730,487,488,712,400,3446
6123,720,1217,1694,2392,2746,,720,497,477,698,354,3377
6009,719,1191,1652,2292,2623,,719,472,461,640,331,3386
6071,674,1156,1628,2322,2699,,674,482,472,694,377,3372
6162,694,1166,1695,2360,2718,,694,472,529,665,358,3444
5974,721,1219,1696,2313,2619,,721,498,477,617,306,3355
6104,720,1218,1695,2395,2749,,720,498,477,700,354,3355
6105,720,1217,1695,2351,2722,,720,497,478,656,371,3383
6047,720,1193,1695,2352,2677,,720,473,502,657,325,3370
6046,719,1191,1695,2351,2677,,719,472,504,656,326,3369
6072,721,1216,1692,2349,2700,,721,495,476,657,351,3372
6049,719,1191,1694,2348,2675,,719,472,503,654,327,3374
6021,715,1210,1653,2291,2628,,715,495,443,638,337,3393
6033,693,1168,1638,2290,2661,,693,475,470,652,371,3372
6214,696,1193,1697,2393,2789,,696,497,504,696,396,3425
5970,721,1193,1694,2311,2618,,721,472,501,617,307,3352
6125,695,1166,1695,2392,2750,,695,471,529,697,358,3375
6075,697,1169,1695,2351,2699,,697,472,526,656,348,3376
6100,694,1165,1695,2350,2721,,694,471,530,655,371,3379
6073,695,1166,1695,2354,2702,,695,471,529,659,348,3371
6276,663,1147,1705,2417,2831,,663,484,558,712,414,3445
6273,730,1215,1705,2416,2826,,730,485,490,711,410,3447
6252,731,1219,1706,2419,2810,,731,488,487,713,391,3442
6257,718,1219,1706,2420,2829,,718,501,487,714,409,3428
6166,707,1193,1675,2324,2717,,707,486,482,649,393,3449
6238,723,1207,1694,2391,2792,,723,484,487,697,401,3446
6170,694,1168,1694,2392,2788,,694,474,526,698,396,3382
6101,694,1166,1695,2352,2722,,694,472,529,657,370,3379
6072,720,1193,1695,2352,2700,,720,473,502,657,348,3372
6074,697,1169,1699,2354,2700,,697,472,530,655,346,3374
6051,720,1190,1695,2350,2677,,720,470,505,655,327,3374
6050,720,1217,1695,2350,2678,,720,497,478,655,328,3372
5999,719,1191,1652,2293,2623,,719,472,461,641,330,3376
6174,720,1192,1721,2417,2799,,720,472,529,696,382,3375
6138,695,1167,1695,2348,2701,,695,472,528,653,353,3437
6238,720,1170,1694,2390,2796,,720,450,524,696,406,3442
5971,721,1194,1693,2311,2617,,721,473,499,618,306,3354
6126,720,1192,1695,2392,2749,,720,472,503,697,357,3377
6074,720,1192,1696,2350,2702,,720,472,504,654,352,3372
6072,720,1192,1694,2349,2700,,720,472,502,655,351,3372
6077,694,1169,1694,2349,2700,,694,475,525,655,351,3377
6051,697,1169,1695,2349,2678,,697,472,526,654,329,3373
5998,722,1194,1652,2290,2623,,722,472,458,638,333,3375
6095,721,1192,1718,2373,2727,,721,471,526,655,354,3368
6190,694,1165,1695,2349,2747,,694,471,530,654,398,3443
6256,712,1184,1712,2408,2806,,712,472,528,696,398,3450
6144,717,1190,1716,2412,2770,,717,473,526,696,358,3374
6075,695,1167,1696,2349,2697,,695,472,529,653,348,3378
6073,695,1167,1695,2350,2703,,695,472,528,655,353,3370
6094,717,1188,1716,2371,2723,,717,471,528,655,352,3371
6075,695,1167,1695,2349,2702,,695,472,528,654,353,3373
6073,696,1167,1696,2353,2700,,696,471,529,657,347,3373
6010,695,1166,1653,2291,2624,,695,471,487,638,333,3386
6101,719,1168,1640,2346,2744,,719,449,472,706,398,3357
6152,695,1191,1653,2315,2700,,695,496,462,662,385,3452
6238,740,1228,1658,2364,2789,,740,488,430,706,425,3449
6301,730,1217,1704,2417,2852,,730,487,487,713,435,3449
6326,728,1215,1728,2440,2876,,728,487,513,712,436,3450
6327,708,1193,1738,2448,2879,,708,485,545,710,431,3448
6279,734,1219,1707,2420,2830,,734,485,488,713,410,3449
6213,730,1218,1650,2356,2769,,730,488,432,706,413,3444
6072,720,1193,1699,2365,2700,,720,473,506,666,335,3372
6114,692,1162,1692,2344,2676,,692,470,530,652,332,3438
6302,681,1157,1708,2420,2832,,681,476,551,712,412,3470
6164,731,1217,1684,2368,2721,,731,486,467,684,353,3443
6215,719,1217,1694,2391,2790,,719,498,477,697,399,3425
6221,718,1191,1718,2417,2813,,718,473,527,699,396,3408
6075,720,1218,1695,2351,2697,,720,498,477,656,346,3378
6074,721,1218,1696,2352,2703,,721,497,478,656,351,3371
6123,719,1190,1717,2372,2745,,719,471,527,655,373,3378
6075,720,1193,1694,2352,2702,,720,473,501,658,350,3373
6072,721,1219,1695,2349,2703,,721,498,476,654,354,3369
6003,695,1167,1653,2292,2624,,695,472,486,639,332,3379
6177,669,1089,1572,2307,2731,,669,420,483,735,424,3446
6238,732,1217,1703,2396,2788,,732,485,486,693,392,3450
6237,719,1215,1717,2414,2812,,719,496,502,697,398,3425
6148,718,1191,1717,2415,2770,,718,473,526,698,355,3378
6100,697,1170,1696,2353,2722,,697,473,526,657,369,3378
6074,697,1171,1696,2350,2703,,697,474,525,654,353,3371
6104,727,1222,1728,2383,2734,,727,495,506,655,351,3370
6075,694,1166,1695,2352,2702,,694,472,529,657,350,3373
6074,696,1170,1696,2351,2703,,696,474,526,655,352,3371
6001,697,1194,1654,2293,2625,,697,497,460,639,332,3376
6206,670,1108,1590,2307,2729,,670,438,482,717,422,3477
6214,707,1193,1707,2397,2765,,707,486,514,690,368,3449
6221,738,1215,1726,2402,2797,,738,477,511,676,395,3424
6204,729,1200,1727,2424,2823,,729,471,527,697,399,3381
6101,722,1194,1695,2350,2723,,722,472,501,655,373,3378
6070,718,1189,1694,2353,2699,,718,471,505,659,346,3371
6079,726,1197,1725,2381,2707,,726,471,528,656,326,3372
6063,720,1191,1696,2351,2703,,720,471,505,655,352,3360
6048,699,1195,1696,2350,2677,,699,496,501,654,327,3371
6001,695,1168,1654,2290,2625,,695,473,486,636,335,3376
6069,718,1147,1627,2324,2674,,718,429,480,697,350,3395
6188,722,1193,1695,2392,2751,,722,471,502,697,359,3437
6148,735,1215,1728,2426,2729,,735,480,513,698,303,3419
6159,729,1199,1730,2428,2782,,729,470,531,698,354,3377
6118,713,1184,1711,2390,2738,,713,471,527,679,348,3380
6048,721,1218,1696,2352,2677,,721,497,478,656,325,3371
6349,779,1267,1779,2491,2901,,779,488,512,712,410,3448
6277,707,1194,1706,2419,2829,,707,487,512,713,410,3448
6302,706,1192,1705,2417,2853,,706,486,513,712,436,3449
6251,706,1194,1706,2418,2807,,706,488,512,712,389,3444
6254,733,1218,1705,2418,2830,,733,485,487,713,412,3424
6228,732,1218,1705,2419,2780,,732,486,487,714,361,3448
6299,729,1215,1728,2440,2851,,729,486,513,712,411,3448
6296,726,1214,1727,2438,2849,,726,488,513,711,411,3447
6300,705,1191,1704,2416,2852,,705,486,513,712,436,3448
6277,707,1194,1707,2418,2829,,707,487,513,711,411,3448
6277,708,1194,1707,2419,2830,,708,486,513,712,411,3447
6325,724,1220,1706,2419,2885,,724,496,486,713,466,3440
6224,729,1216,1705,2417,2807,,729,487,489,712,390,3417
6252,732,1219,1707,2420,2809,,732,487,488,713,389,3443
6254,706,1194,1691,2401,2829,,706,488,497,710,428,3425
6188,706,1193,1707,2397,2767,,706,487,514,690,370,3421
6148,654,1072,1542,2280,2701,,654,418,470,738,421,3447
6168,715,1186,1691,2386,2784,,715,471,505,695,398,3384
6098,694,1165,1693,2348,2722,,694,471,528,655,374,3376
6074,697,1169,1695,2352,2698,,697,472,526,657,346,3376
6072,718,1191,1693,2347,2699,,718,473,502,654,352,3373
6075,723,1197,1697,2353,2702,,723,474,500,656,349,3373
6074,722,1219,1696,2352,2702,,722,497,477,656,350,3372
5999,696,1192,1653,2290,2625,,696,496,461,637,335,3374
6250,717,1190,1692,2401,2804,,717,473,502,709,403,3446
6202,733,1219,1706,2419,2753,,733,486,487,713,334,3449
6265,731,1166,1698,2408,2816,,731,435,532,710,408,3449
6164,706,1177,1706,2403,2811,,706,471,529,697,408,3353
6125,695,1192,1694,2391,2747,,695,497,502,697,356,3378
6050,696,1192,1695,2351,2676,,696,496,503,656,325,3374
6277,663,1148,1706,2417,2828,,663,485,558,711,411,3449
6279,706,1194,1706,2419,2830,,706,488,512,713,411,3449
6278,706,1194,1707,2419,2829,,706,488,513,712,410,3449
6278,707,1194,1707,2420,2830,,707,487,513,713,410,3448
6279,706,1194,1711,2423,2854,,706,488,517,712,431,3425
6203,708,1194,1707,2418,2753,,708,486,513,711,335,3450
6139,639,1056,1529,2269,2692,,639,417,473,740,423,3447
6087,714,1210,1716,2330,2658,,714,496,506,614,328,3429
6125,721,1194,1695,2392,2751,,721,473,501,697,359,3374
6098,694,1166,1693,2348,2720,,694,472,527,655,372,3378
6125,695,1144,1695,2392,2750,,695,449,551,697,358,3375
6074,694,1178,1694,2351,2701,,694,484,516,657,350,3373
6072,720,1192,1695,2350,2701,,720,472,503,655,351,3371
5999,722,1195,1654,2293,2625,,722,473,459,639,332,3374
6178,723,1153,1608,2316,2731,,723,430,455,708,415,3447
6200,732,1220,1707,2419,2777,,732,488,487,712,358,3423
6215,723,1178,1696,2394,2793,,723,455,518,698,399,3422
6241,678,1157,1696,2393,2818,,678,479,539,697,425,3423
6328,741,1249,1731,2443,2883,,741,508,482,712,440,3445
6301,731,1218,1736,2446,2853,,731,487,518,710,407,3448
6302,732,1169,1708,2419,2855,,732,437,539,711,436,3447
6240,720,1151,1695,2394,2794,,720,431,544,699,400,3446
6077,721,1218,1695,2350,2723,,721,497,477,655,373,3354
6004,719,1191,1653,2292,2623,,719,472,462,639,331,3381
6142,721,1153,1587,2295,2719,,721,432,434,708,424,3423
6152,697,1170,1696,2393,2751,,697,473,526,697,358,3401
6142,672,1124,1542,2273,2695,,672,452,418,731,422,3447
6040,696,1193,1695,2312,2621,,696,497,502,617,309,3419
6130,679,1158,1697,2393,2750,,679,479,539,696,357,3380
6075,721,1193,1695,2350,2696,,721,472,502,655,346,3379
6179,697,1144,1603,2312,2730,,697,447,459,709,418,3449
6254,706,1173,1685,2394,2805,,706,467,512,709,411,3449
6277,706,1193,1705,2418,2829,,706,487,512,713,411,3448
6273,706,1193,1706,2418,2829,,706,487,513,712,411,3444
6225,731,1218,1706,2419,2812,,731,487,488,713,393,3413
6306,709,1195,1710,2421,2856,,709,486,515,711,435,3450
6266,706,1198,1700,2406,2819,,706,492,502,706,413,3447
6241,696,1151,1696,2393,2794,,696,455,545,697,401,3447
6052,657,1142,1622,2322,2678,,657,485,480,700,356,3374
6101,696,1170,1696,2351,2725,,696,474,526,655,374,3376
6152,695,1150,1636,2348,2734,,695,455,486,712,386,3418
6214,732,1244,1677,2381,2790,,732,512,433,704,409,3424
6100,721,1193,1696,2350,2723,,721,472,503,654,373,3377
5976,721,1218,1654,2293,2624,,721,497,436,639,331,3352
6292,722,1218,1722,2420,2845,,722,496,504,698,425,3447
6232,714,1188,1713,2409,2806,,714,474,525,696,397,3426
6239,720,1170,1696,2394,2793,,720,450,526,698,399,3446
6125,721,1197,1695,2391,2750,,721,476,498,696,359,3375
6280,684,1170,1707,2420,2831,,684,486,537,713,411,3449
6278,732,1219,1707,2420,2831,,732,487,488,713,411,3447
6277,732,1218,1707,2418,2830,,732,486,489,711,412,3447
6278,707,1193,1686,2395,2829,,707,486,493,709,434,3449
6277,731,1217,1706,2418,2829,,731,486,489,712,411,3448
5977,693,1133,1570,2227,2571,,693,440,437,657,344,3406
6136,736,1203,1696,2362,2740,,736,467,493,666,378,3396
6324,711,1193,1751,2464,2874,,711,482,558,713,410,3450
6204,695,1134,1576,2289,2756,,695,439,442,713,467,3448
6242,698,1153,1696,2395,2794,,698,455,543,699,399,3448
6305,722,1151,1709,2421,2857,,722,429,558,712,436,3448
6279,708,1195,1709,2419,2832,,708,487,514,710,413,3447
6302,706,1193,1740,2430,2855,,706,487,547,690,425,3447
6254,707,1194,1686,2374,2805,,707,487,492,688,431,3449
6278,707,1194,1707,2419,2832,,707,487,513,712,413,3446
6253,707,1195,1708,2419,2830,,707,488,513,711,411,3423
6282,709,1195,1708,2393,2807,,709,486,513,685,414,3475
6313,767,1256,1768,2479,2869,,767,489,512,711,390,3444
6279,708,1195,1709,2409,2831,,708,487,514,700,422,3448
6142,671,1138,1557,2245,2697,,671,467,419,688,452,3445
6278,722,1169,1708,2419,2831,,722,447,539,711,412,3447
6304,707,1194,1707,2421,2856,,707,487,513,714,435,3448
6229,708,1195,1708,2366,2784,,708,487,513,658,418,3445
6303,732,1220,1707,2419,2855,,732,488,487,712,436,3448
6279,707,1195,1707,2419,2831,,707,488,512,712,412,3448
6292,733,1217,1705,2418,2853,,733,484,488,713,435,3439
6160,708,1194,1687,2368,2755,,708,486,493,681,387,3405
6246,698,1169,1697,2393,2792,,698,471,528,696,399,3454
6155,697,1128,1547,2283,2706,,697,431,419,736,423,3449
6216,694,1183,1651,2359,2769,,694,489,468,708,410,3447
6128,721,1151,1637,2334,2744,,721,430,486,697,410,3384
6073,723,1221,1696,2354,2704,,723,498,475,658,350,3369
6092,723,1200,1697,2351,2718,,723,477,497,654,367,3374
6124,682,1159,1696,2394,2751,,682,477,537,698,357,3373
6075,698,1171,1697,2356,2703,,698,473,526,659,347,3372
6047,720,1191,1679,2317,2650,,720,471,488,638,333,3397
6240,733,1207,1732,2387,2792,,733,474,525,655,405,3448
6308,733,1220,1707,2420,2830,,733,487,487,713,410,3478
6142,672,1144,1593,2298,2719,,672,472,449,705,421,3423
6122,722,1193,1696,2394,2749,,722,471,503,698,355,3373
6277,696,1167,1652,2400,2830,,696,471,485,748,430,3447
6277,733,1219,1708,2420,2831,,733,486,489,712,411,3446
6279,708,1195,1708,2421,2833,,708,487,513,713,412,3446
6278,733,1219,1707,2420,2831,,733,486,488,713,411,3447
6279,707,1199,1711,2421,2830,,707,492,512,710,409,3449
6275,704,1191,1705,2417,2827,,704,487,514,712,410,3448
6225,706,1193,1706,2419,2809,,706,487,513,713,390,3416
6275,711,1197,1709,2420,2832,,711,486,512,711,412,3443
6203,733,1209,1642,2351,2759,,733,476,433,709,408,3444
6279,707,1174,1706,2419,2829,,707,467,532,713,410,3450
6279,733,1219,1708,2420,2831,,733,486,489,712,411,3448
6279,707,1195,1707,2419,2831,,707,488,512,712,412,3448
6227,734,1222,1709,2421,2811,,734,488,487,712,390,3416
6204,710,1141,1632,2342,2757,,710,431,491,710,415,3447
6277,706,1193,1706,2419,2829,,706,487,513,713,410,3448
6304,709,1195,1708,2420,2830,,709,486,513,712,410,3474
6202,707,1194,1707,2400,2776,,707,487,513,693,376,3426
6296,733,1217,1705,2417,2857,,733,484,488,712,440,3439
6228,738,1229,1698,2383,2783,,738,491,469,685,400,3445
6279,733,1199,1707,2410,2830,,733,466,508,703,420,3449
6333,762,1246,1731,2443,2855,,762,484,485,712,412,3478
6279,707,1195,1677,2395,2830,,707,488,482,718,435,3449
6226,706,1194,1706,2398,2806,,706,488,512,692,408,3420
6282,707,1195,1707,2419,2831,,707,488,512,712,412,3451
6354,708,1195,1707,2450,2909,,708,487,512,743,459,3445
6276,707,1194,1706,2419,2829,,707,487,512,713,410,3447
6307,707,1195,1707,2419,2828,,707,488,512,712,409,3479
6326,731,1220,1707,2419,2855,,731,489,487,712,436,3471
6204,708,1195,1674,2358,2757,,708,487,479,684,399,3447
6042,708,1150,1569,2218,2599,,708,442,419,649,381,3443
6052,721,1192,1653,2306,2678,,721,471,461,653,372,3374
6104,697,1168,1698,2355,2723,,697,471,530,657,368,3381
6062,697,1169,1695,2349,2677,,697,472,526,654,328,3385
6139,698,1129,1565,2283,2705,,698,431,436,718,422,3434
6303,733,1220,1709,2421,2856,,733,487,489,712,435,3447
6303,734,1244,1732,2445,2855,,734,510,488,713,410,3448
6277,735,1219,1710,2419,2830,,735,484,491,709,411,3447
6213,757,1211,1705,2418,2808,,757,454,494,713,390,3405
6104,665,1132,1536,2222,2655,,665,467,404,686,433,3449
6128,694,1103,1591,2288,2680,,694,409,488,697,392,3448
6304,707,1249,1732,2447,2856,,707,542,483,715,409,3448
6279,732,1220,1707,2420,2830,,732,488,487,713,410,3449
6307,707,1194,1709,2420,2831,,707,487,515,711,411,3476
6258,760,1205,1645,2353,2781,,760,445,440,708,428,3477
6334,735,1220,1709,2425,2856,,735,485,489,716,431,3478
6401,735,1247,1760,2497,2957,,735,512,513,737,460,3444
6279,708,1195,1708,2422,2830,,708,487,513,714,408,3449
6277,734,1160,1709,2421,2831,,734,426,549,712,410,3446
6204,731,1180,1642,2324,2755,,731,449,462,682,431,3449
6252,692,1161,1705,2417,2809,,692,469,544,712,392,3443
6278,732,1220,1706,2419,2816,,732,488,486,713,397,3462
6303,733,1220,1708,2444,2856,,733,487,488,736,412,3447
6225,733,1218,1707,2421,2810,,733,485,489,714,389,3415
6230,759,1207,1665,2372,2783,,759,448,458,707,411,3447
6278,708,1195,1708,2421,2830,,708,487,513,713,409,3448
6282,708,1195,1707,2420,2831,,708,487,512,713,411,3451
6279,733,1221,1707,2419,2830,,733,488,486,712,411,3449
6281,734,1182,1709,2421,2831,,734,448,527,712,410,3450
6202,731,1179,1667,2374,2756,,731,448,488,707,382,3446
6191,737,1247,1732,2413,2766,,737,510,485,681,353,3425
6180,723,1219,1696,2393,2739,,723,496,477,697,346,3441
6279,709,1195,1708,2420,2831,,709,486,513,712,411,3448
6258,710,1189,1709,2420,2832,,710,479,520,711,412,3426
6255,733,1182,1668,2352,2807,,733,449,486,684,455,3448
6303,732,1219,1706,2420,2859,,732,487,487,714,439,3444
6278,732,1219,1707,2419,2830,,732,487,488,712,411,3448
6303,707,1194,1706,2420,2855,,707,487,512,714,435,3448
6278,758,1206,1684,2396,2831,,758,448,478,712,435,3447
6190,732,1200,1678,2337,2751,,732,468,478,659,414,3439
6218,696,1169,1708,2421,2778,,696,473,539,713,357,3440
6154,696,1167,1696,2392,2775,,696,471,529,696,383,3379
5995,696,1167,1655,2292,2626,,696,471,488,637,334,3369
6012,718,1148,1561,2227,2562,,718,430,413,666,335,3450
6039,676,1088,1500,2200,2588,,676,412,412,700,388,3451
6107,730,1228,1730,2384,2737,,730,498,502,654,353,3370
6022,721,1218,1680,2318,2650,,721,497,462,638,332,3372
6108,729,1201,1727,2381,2733,,729,472,526,654,352,3375
6114,718,1124,1535,2291,2673,,718,406,411,756,382,3441
6115,720,1125,1537,2211,2679,,720,405,412,674,468,3436
6217,721,1175,1661,2358,2770,,721,454,486,697,412,3447
6177,694,1191,1695,2392,2791,,694,497,504,697,399,3386
6050,694,1166,1694,2349,2696,,694,472,528,655,347,3354
6086,720,1191,1720,2373,2701,,720,471,529,653,328,3385
5998,693,1190,1654,2292,2626,,693,497,464,638,334,3372
6048,723,1221,1680,2340,2677,,723,498,459,660,337,3371
6020,718,1214,1677,2316,2646,,718,496,463,639,330,3374
6053,722,1153,1565,2231,2610,,722,431,412,666,379,3443
6228,733,1179,1643,2352,2779,,733,446,464,709,427,3449
6129,659,1145,1633,2341,2677,,659,486,488,708,336,3452
6278,707,1194,1697,2407,2829,,707,487,503,710,422,3449
6277,710,1194,1707,2397,2829,,710,484,513,690,432,3448
6279,733,1220,1707,2420,2831,,733,487,487,713,411,3448
6302,731,1218,1707,2447,2854,,731,487,489,740,407,3448
6279,695,1178,1708,2421,2831,,695,483,530,713,410,3448
6304,732,1219,1706,2420,2855,,732,487,487,714,435,3449
6278,708,1195,1709,2420,2831,,708,487,514,711,411,3447
6302,731,1219,1732,2445,2855,,731,488,513,713,410,3447
6228,734,1205,1664,2371,2781,,734,471,459,707,410,3447
6229,708,1197,1708,2399,2781,,708,489,511,691,382,3448
6278,709,1195,1707,2420,2831,,709,486,512,713,411,3447
6228,731,1219,1710,2397,2780,,731,488,491,687,383,3448
6279,708,1196,1708,2419,2831,,708,488,512,711,412,3448
6303,733,1219,1707,2420,2855,,733,486,488,713,435,3448
6281,696,1160,1709,2421,2836,,696,464,549,712,415,3445
6279,734,1220,1707,2421,2831,,734,486,487,714,410,3448
6281,735,1221,1709,2421,2831,,735,486,488,712,410,3450
6312,741,1228,1740,2453,2865,,741,487,512,713,412,3447
6255,733,1181,1667,2379,2807,,733,448,486,712,428,3448
6279,733,1213,1707,2420,2830,,733,480,494,713,410,3449
6241,708,1194,1706,2421,2800,,708,486,512,715,379,3441
6178,695,1168,1694,2393,2789,,695,473,526,699,396,3389
6074,696,1168,1695,2352,2702,,696,472,527,657,350,3372
6082,719,1190,1719,2374,2702,,719,471,529,655,328,3380
6096,719,1195,1718,2374,2723,,719,476,523,656,349,3373
6083,732,1203,1731,2387,2711,,732,471,528,656,324,3372
6023,720,1217,1679,2316,2650,,720,497,462,637,334,3373
6017,721,1150,1565,2230,2589,,721,429,415,665,359,3428
6040,720,1125,1538,2203,2604,,720,405,413,665,401,3436
6217,695,1166,1696,2350,2766,,695,471,530,654,416,3451
6104,720,1150,1653,2359,2728,,720,430,503,706,369,3376
6051,696,1170,1695,2350,2678,,696,474,525,655,328,3373
6073,697,1170,1697,2350,2703,,697,473,527,653,353,3370
6106,718,1189,1719,2378,2725,,718,471,530,659,347,3381
6096,720,1191,1720,2374,2727,,720,471,529,654,353,3369
6060,756,1227,1714,2354,2684,,756,471,487,640,330,3376
6020,719,1191,1676,2313,2648,,719,472,485,637,335,3372
6092,722,1151,1565,2230,2652,,722,429,414,665,422,3440
6039,695,1099,1511,2202,2598,,695,404,412,691,396,3441
6166,698,1195,1655,2321,2718,,698,497,460,666,397,3448
6028,695,1125,1606,2302,2651,,695,430,481,696,349,3377
6103,696,1167,1697,2352,2723,,696,471,530,655,371,3380
6075,722,1194,1696,2352,2702,,722,472,502,656,350,3373
6107,721,1194,1724,2380,2727,,721,473,530,656,347,3380
6063,719,1191,1719,2368,2694,,719,472,528,649,326,3369
6289,719,1205,1719,2430,2841,,719,486,514,711,411,3448
6275,706,1193,1705,2417,2828,,706,487,512,712,411,3447
6277,706,1193,1706,2419,2829,,706,487,513,713,410,3448
6155,733,1194,1665,2308,2704,,733,461,471,643,396,3451
6280,708,1175,1684,2396,2830,,708,467,509,712,434,3450
6255,709,1195,1708,2420,2809,,709,486,513,712,389,3446
6253,707,1195,1708,2420,2814,,707,488,513,712,394,3439
6279,708,1196,1707,2421,2830,,708,488,511,714,409,3449
6231,708,1195,1708,2420,2831,,708,487,513,712,411,3400
6280,711,1175,1709,2421,2832,,711,464,534,712,411,3448
6241,733,1220,1708,2378,2794,,733,487,488,670,416,3447
6049,694,1165,1694,2347,2674,,694,471,529,653,327,3375
5977,669,1139,1569,2237,2565,,669,470,430,668,328,3412
5993,696,1099,1512,2205,2537,,696,403,413,693,332,3456
6243,696,1168,1698,2394,2793,,696,472,530,696,399,3450
6191,696,1172,1698,2334,2746,,696,476,526,636,412,3445
6102,721,1194,1696,2353,2724,,721,473,502,657,371,3378
6075,721,1193,1697,2352,2703,,721,472,504,655,351,3372
6071,719,1189,1719,2373,2700,,719,470,530,654,327,3371
6071,720,1192,1721,2379,2703,,720,472,529,658,324,3368
6024,672,1142,1614,2268,2653,,672,470,472,654,385,3371
6021,720,1217,1677,2313,2650,,720,497,460,636,337,3371
5984,677,1147,1578,2228,2578,,677,470,431,650,350,3406
6018,695,1101,1512,2203,2537,,695,406,411,691,334,3481
6188,719,1191,1694,2341,2743,,719,472,503,647,402,3445
6203,722,1194,1673,2326,2755,,722,472,479,653,429,3448
6277,730,1217,1704,2417,2827,,730,487,487,713,410,3450
6304,708,1195,1708,2420,2856,,708,487,513,712,436,3448
6278,733,1219,1707,2421,2830,,733,486,488,714,409,3448
6213,731,1219,1688,2374,2806,,731,488,469,686,432,3407
6304,736,1220,1737,2447,2858,,736,484,517,710,411,3446
6304,709,1196,1708,2421,2860,,709,487,512,713,439,3444
6300,672,1180,1731,2443,2854,,672,508,551,712,411,3446
6155,708,1170,1666,2330,2692,,708,462,496,664,362,3463
6304,733,1219,1736,2446,2855,,733,486,517,710,409,3449
6306,709,1224,1709,2428,2858,,709,515,485,719,430,3448
6304,708,1194,1707,2421,2856,,708,486,513,714,435,3448
6279,708,1196,1707,2421,2831,,708,488,511,714,410,3448
6304,708,1194,1708,2420,2855,,708,486,514,712,435,3449
6306,709,1195,1709,2420,2852,,709,486,514,711,432,3454
6278,711,1221,1708,2422,2832,,711,510,487,714,410,3446
6279,734,1220,1708,2420,2830,,734,486,488,712,410,3449
6202,709,1195,1708,2399,2781,,709,486,513,691,382,3421
6177,706,1243,1693,2357,2735,,706,537,450,664,378,3442
6327,733,1245,1732,2447,2881,,733,512,487,715,434,3446
6279,708,1195,1707,2420,2831,,708,487,512,713,411,3448
6278,709,1220,1707,2420,2830,,709,511,487,713,410,3448
6280,733,1221,1708,2421,2831,,733,488,487,713,410,3449
6277,708,1194,1707,2419,2829,,708,486,513,712,410,3448
6283,735,1221,1707,2419,2830,,735,486,486,712,411,3453
6279,708,1197,1708,2419,2830,,708,489,511,711,411,3449
6249,731,1218,1706,2418,2833,,731,487,488,712,415,3416
6264,733,1180,1717,2411,2816,,733,447,537,694,405,3448
6205,708,1195,1684,2352,2738,,708,487,489,668,386,3467
6275,709,1175,1711,2420,2831,,709,466,536,709,411,3444
6279,736,1220,1707,2420,2830,,736,484,487,713,410,3449
6280,735,1222,1710,2421,2832,,735,487,488,711,411,3448
6278,709,1194,1708,2419,2831,,709,485,514,711,412,3447
6280,708,1195,1707,2421,2831,,708,487,512,714,410,3449
6281,735,1221,1708,2421,2832,,735,486,487,713,411,3449
6259,709,1163,1709,2423,2831,,709,454,546,714,408,3428
6282,709,1197,1710,2422,2834,,709,488,513,712,412,3448
6255,708,1200,1712,2421,2832,,708,492,512,709,411,3423
6205,707,1194,1683,2353,2752,,707,487,489,670,399,3453
6277,709,1155,1708,2421,2832,,709,446,553,713,411,3445
6228,709,1194,1708,2421,2773,,709,485,514,713,352,3455
6278,732,1219,1707,2418,2830,,732,487,488,711,412,3448
6279,708,1195,1707,2420,2831,,708,487,512,713,411,3448
6303,707,1194,1707,2419,2854,,707,487,513,712,435,3449
6273,728,1216,1701,2416,2825,,728,488,485,715,409,3448
6278,707,1196,1708,2420,2830,,707,489,512,712,410,3448
6281,710,1195,1708,2420,2831,,710,485,513,712,411,3450
6178,709,1196,1652,2370,2760,,709,487,456,718,390,3418
6157,709,1196,1685,2354,2714,,709,487,489,669,360,3443
6298,732,1219,1731,2443,2854,,732,487,512,712,411,3444
6275,706,1194,1705,2418,2834,,706,488,511,713,416,3441
6278,709,1195,1708,2421,2832,,709,486,513,713,411,3446
6279,732,1220,1707,2420,2832,,732,488,487,713,412,3447
6282,709,1221,1708,2420,2832,,709,512,487,712,412,3450
6335,734,1222,1725,2434,2857,,734,488,503,709,423,3478
6279,733,1220,1708,2422,2831,,733,487,488,714,409,3448
6328,708,1194,1707,2419,2861,,708,486,513,712,442,3467
6227,712,1197,1708,2421,2810,,712,485,511,713,389,3417
6178,733,1219,1683,2353,2739,,733,486,464,670,386,3439
6269,733,1219,1705,2420,2855,,733,486,486,715,435,3414
6278,733,1220,1708,2420,2831,,733,487,488,712,411,3447
6276,732,1219,1708,2420,2831,,732,487,489,712,411,3445
6328,709,1195,1707,2449,2880,,709,486,512,742,431,3448
6279,709,1195,1708,2420,2832,,709,486,513,712,412,3447
6278,732,1219,1709,2419,2830,,732,487,490,710,411,3448
6278,707,1194,1696,2405,2830,,707,487,502,709,425,3448
6278,734,1219,1709,2421,2831,,734,485,490,712,410,3447
6225,711,1198,1690,2386,2793,,711,487,492,696,407,3432
6066,697,1168,1653,2292,2626,,697,471,485,639,334,3440
6140,696,1127,1562,2271,2695,,696,431,435,709,424,3445
6177,721,1192,1695,2367,2745,,721,471,503,672,378,3432
6304,710,1195,1711,2421,2857,,710,485,516,710,436,3447
6279,709,1194,1710,2420,2831,,709,485,516,710,411,3448
6280,701,1195,1707,2419,2831,,701,494,512,712,412,3449
6279,708,1194,1707,2420,2830,,708,486,513,713,410,3449
6279,710,1195,1715,2426,2834,,710,485,520,711,408,3445
6280,709,1195,1709,2420,2830,,709,486,514,711,410,3450
6255,709,1166,1708,2414,2833,,709,457,542,706,419,3422
6282,733,1250,1788,2473,2843,,733,517,538,685,370,3439
6277,733,1167,1708,2423,2830,,733,434,541,715,407,3447
6300,707,1195,1707,2420,2856,,707,488,512,713,436,3444
6279,711,1198,1710,2423,2833,,711,487,512,713,410,3446
6306,733,1218,1705,2449,2879,,733,485,487,744,430,3427
6281,710,1197,1709,2422,2833,,710,487,512,713,411,3448
6230,709,1196,1709,2367,2781,,709,487,513,658,414,3449
6309,734,1222,1709,2421,2832,,734,488,487,712,411,3477
6327,761,1244,1731,2473,2880,,761,483,487,742,407,3447
6225,732,1218,1706,2421,2808,,732,486,488,715,387,3417
6202,708,1197,1708,2396,2765,,708,489,511,688,369,3437
6232,760,1243,1731,2467,2852,,760,483,488,736,385,3380
6326,732,1219,1707,2449,2879,,732,487,488,742,430,3447
6282,711,1197,1710,2422,2831,,711,486,513,712,409,3451
6280,709,1197,1710,2422,2832,,709,488,513,712,410,3448
6202,709,1199,1709,2400,2781,,709,490,510,691,381,3421
6305,711,1197,1709,2423,2866,,711,486,512,714,443,3439
6281,709,1196,1709,2422,2832,,709,487,513,713,410,3449
6281,710,1197,1710,2423,2833,,710,487,513,713,410,3448
6284,711,1197,1708,2423,2861,,711,486,511,715,438,3423
6332,711,1198,1739,2475,2868,,711,487,541,736,393,3464
6289,738,1224,1737,2451,2836,,738,486,513,714,385,3453
6303,708,1194,1707,2420,2831,,708,486,513,713,411,3472
6287,710,1201,1713,2424,2833,,710,491,512,711,409,3454
6306,710,1196,1709,2422,2858,,710,486,513,713,436,3448
6202,709,1196,1708,2400,2780,,709,487,512,692,380,3422
6306,711,1223,1711,2422,2836,,711,512,488,711,414,3470
6281,709,1196,1709,2413,2832,,709,487,513,704,419,3449
6281,710,1196,1709,2421,2831,,710,486,513,712,410,3450
6290,736,1223,1711,2422,2863,,736,487,488,711,441,3427
6327,731,1177,1760,2494,2864,,731,446,583,734,370,3463
6313,742,1229,1741,2453,2864,,742,487,512,712,411,3449
6279,709,1196,1708,2421,2832,,709,487,512,713,411,3447
6279,709,1196,1709,2423,2832,,709,487,513,714,409,3447
6280,708,1196,1709,2421,2832,,708,488,513,712,411,3448
6280,709,1199,1709,2421,2832,,709,490,510,712,411,3448
6279,734,1219,1706,2418,2828,,734,485,487,712,410,3451
6305,734,1221,1711,2428,2857,,734,487,490,717,429,3448
6281,711,1196,1714,2423,2832,,711,485,518,709,409,3449
6225,736,1221,1708,2420,2810,,736,485,487,712,390,3415
6255,738,1222,1711,2421,2808,,738,484,489,710,387,3447
6341,770,1258,1771,2482,2895,,770,488,513,711,413,3446
6284,735,1221,1709,2421,2832,,735,486,488,712,411,3452
6278,734,1221,1707,2421,2833,,734,487,486,714,412,3445
6305,709,1196,1710,2421,2856,,709,487,514,711,435,3449
6279,710,1196,1709,2421,2831,,710,486,513,712,410,3448
6303,732,1219,1731,2444,2855,,732,487,512,713,411,3448
6279,708,1195,1707,2421,2819,,708,487,512,714,398,3460
6305,710,1196,1709,2422,2857,,710,486,513,713,435,3448
6237,707,1195,1707,2420,2816,,707,488,512,713,396,3421
6197,709,1195,1708,2420,2753,,709,486,513,712,333,3444
6273,728,1219,1703,2415,2826,,728,491,484,712,411,3447
6279,734,1221,1709,2421,2832,,734,487,488,712,411,3447
6278,709,1196,1709,2422,2832,,709,487,513,713,410,3446
6305,710,1195,1709,2422,2857,,710,485,514,713,435,3448
6304,709,1201,1713,2422,2857,,709,492,512,709,435,3447
6237,741,1175,1664,2374,2788,,741,434,489,710,414,3449
6281,709,1197,1710,2421,2815,,709,488,513,711,394,3466
6279,734,1223,1709,2422,2832,,734,489,486,713,410,3447
6253,708,1196,1709,2423,2830,,708,488,513,714,407,3423
6231,709,1196,1738,2426,2805,,709,487,542,688,379,3426
6327,733,1225,1733,2445,2879,,733,492,508,712,434,3448
6280,709,1196,1709,2422,2832,,709,487,513,713,410,3448
6303,734,1221,1709,2421,2856,,734,487,488,712,435,3447
6281,709,1195,1709,2421,2832,,709,486,514,712,411,3449
6281,710,1197,1709,2422,2833,,710,487,512,713,411,3448
6339,769,1255,1768,2481,2890,,769,486,513,713,409,3449
6283,735,1222,1711,2423,2833,,735,487,489,712,410,3450
6276,705,1192,1706,2416,2828,,705,487,514,710,412,3448
6241,710,1198,1710,2424,2824,,710,488,512,714,400,3417
6200,733,1220,1708,2399,2777,,733,487,488,691,378,3423
6296,723,1198,1725,2437,2848,,723,475,527,712,411,3448
6279,709,1195,1708,2420,2831,,709,486,513,712,411,3448
6281,709,1197,1709,2421,2832,,709,488,512,712,411,3449
6305,709,1198,1709,2421,2859,,709,489,511,712,438,3446
6280,709,1196,1709,2421,2832,,709,487,513,712,411,3448
6226,731,1218,1652,2368,2779,,731,487,434,716,411,3447
6304,709,1220,1708,2420,2856,,709,511,488,712,436,3448
6280,710,1197,1709,2422,2832,,710,487,512,713,410,3448
6276,708,1196,1707,2421,2835,,708,488,511,714,414,3441
6227,738,1248,1732,2424,2802,,738,510,484,692,378,3425
6280,739,1223,1709,2421,2832,,739,484,486,712,411,3448
6280,710,1221,1710,2421,2831,,710,511,489,711,410,3449
6281,711,1198,1710,2422,2833,,711,487,512,712,411,3448
6305,709,1195,1709,2422,2857,,709,486,514,713,435,3448
6306,734,1246,1734,2445,2857,,734,512,488,711,412,3449
6280,709,1195,1709,2420,2833,,709,486,514,711,413,3447
6279,709,1195,1711,2421,2832,,709,486,516,710,411,3447
6306,709,1195,1709,2422,2858,,709,486,514,713,436,3448
6201,709,1197,1709,2400,2782,,709,488,512,691,382,3419
6280,709,1197,1710,2422,2833,,709,488,513,712,411,3447
6152,632,1120,1608,2317,2710,,632,488,488,709,393,3442
6300,731,1217,1729,2442,2852,,731,486,512,713,410,3448
6279,732,1220,1707,2420,2830,,732,488,487,713,410,3449
6280,710,1197,1709,2421,2832,,710,487,512,712,411,3448
6280,735,1221,1709,2421,2832,,735,486,488,712,411,3448
6274,678,1166,1703,2415,2826,,678,488,537,712,411,3448
6281,709,1197,1710,2422,2833,,709,488,513,712,411,3448
6281,710,1222,1709,2421,2831,,710,512,487,712,410,3450
6255,709,1197,1709,2421,2832,,709,488,512,712,411,3423
6180,710,1198,1689,2373,2755,,710,488,491,684,382,3425
6206,673,1159,1690,2343,2759,,673,486,531,653,416,3447
6305,710,1227,1734,2446,2857,,710,517,507,712,411,3448
6281,709,1195,1708,2421,2831,,709,486,513,713,410,3450
6281,711,1197,1709,2421,2832,,711,486,512,712,411,3449
6305,710,1196,1709,2421,2857,,710,486,513,712,436,3448
6282,709,1193,1707,2424,2830,,709,484,514,717,406,3452
6306,711,1196,1708,2422,2857,,711,485,512,714,435,3449
6279,710,1196,1710,2422,2832,,710,486,514,712,410,3447
6203,708,1195,1708,2400,2807,,708,487,513,692,407,3396
6168,710,1197,1689,2374,2755,,710,487,492,685,381,3413
6281,706,1196,1709,2420,2843,,706,490,513,711,423,3438
6306,711,1197,1710,2423,2859,,711,486,513,713,436,3447
6304,736,1246,1733,2446,2856,,736,510,487,713,410,3448
6279,735,1220,1709,2422,2831,,735,485,489,713,409,3448
6279,734,1221,1709,2419,2831,,734,487,488,710,412,3448
6253,709,1179,1706,2420,2797,,709,470,527,714,377,3456
6306,734,1221,1709,2422,2857,,734,487,488,713,435,3449
6306,710,1196,1710,2422,2833,,710,486,514,712,411,3473
6256,709,1196,1713,2423,2832,,709,487,517,710,409,3424
6191,711,1198,1710,2402,2785,,711,487,512,692,383,3406
6282,694,1193,1711,2423,2837,,694,499,518,712,414,3445
6279,710,1195,1708,2420,2832,,710,485,513,712,412,3447
6279,736,1221,1710,2422,2833,,736,485,489,712,411,3446
6280,710,1196,1708,2421,2831,,710,486,512,713,410,3449
6280,708,1195,1709,2421,2831,,708,487,514,712,410,3449
6280,734,1224,1710,2422,2832,,734,490,486,712,410,3448
6280,738,1223,1708,2420,2832,,738,485,485,712,412,3448
6281,709,1197,1710,2421,2833,,709,488,513,711,412,3448
6257,708,1196,1709,2422,2831,,708,488,513,713,409,3426
6242,711,1197,1709,2407,2819,,711,486,512,698,412,3423
6156,632,1052,1535,2285,2708,,632,420,483,750,423,3448
6303,733,1220,1733,2446,2855,,733,487,513,713,409,3448
6306,735,1222,1710,2423,2858,,735,487,488,713,435,3448
6281,710,1197,1710,2422,2833,,710,487,513,712,411,3448
6229,710,1198,1710,2402,2808,,710,488,512,692,406,3421
6281,736,1224,1704,2423,2833,,736,488,480,719,410,3448
6329,732,1220,1733,2445,2880,,732,488,513,712,435,3449
6284,710,1197,1710,2421,2833,,710,487,513,711,412,3451
6258,710,1196,1710,2422,2832,,710,486,514,712,410,3426
6256,701,1170,1695,2403,2808,,701,469,525,708,405,3448
6225,677,1141,1629,2340,2757,,677,464,488,711,417,3468
6281,736,1222,1710,2422,2832,,736,486,488,712,410,3449
6306,735,1222,1710,2422,2859,,735,487,488,712,437,3447
6281,711,1198,1710,2423,2833,,711,487,512,713,410,3448
6205,710,1222,1709,2398,2783,,710,512,487,689,385,3422
6211,711,1195,1665,2374,2784,,711,484,470,709,410,3427
6309,711,1198,1711,2424,2859,,711,487,513,713,435,3450
6281,710,1196,1709,2423,2833,,710,486,513,714,410,3448
6237,738,1224,1735,2428,2834,,738,486,511,693,406,3403
6030,726,1197,1656,2321,2655,,726,471,459,665,334,3375
6205,656,1158,1633,2346,2757,,656,502,475,713,411,3448
6323,753,1240,1755,2465,2877,,753,487,515,710,412,3446
6336,766,1254,1766,2479,2890,,766,488,512,713,411,3446
6280,735,1222,1710,2422,2833,,735,487,488,712,411,3447
6305,709,1196,1708,2424,2855,,709,487,512,716,431,3450
6280,710,1202,1690,2401,2832,,710,492,488,711,431,3448
6282,708,1194,1707,2448,2855,,708,486,513,741,407,3427
6278,709,1195,1709,2420,2831,,709,486,514,711,411,3447
6276,733,1219,1708,2420,2830,,733,486,489,712,410,3446
6280,711,1197,1710,2422,2832,,711,486,513,712,410,3448
6280,698,1156,1710,2424,2833,,698,458,554,714,409,3447
6303,732,1219,1732,2444,2856,,732,487,513,712,412,3447
6280,709,1195,1708,2421,2831,,709,486,513,713,410,3449
6303,733,1219,1733,2444,2855,,733,486,514,711,411,3448
6303,733,1221,1707,2419,2856,,733,488,486,712,437,3447
6280,709,1196,1693,2402,2833,,709,487,497,709,431,3447
6306,736,1247,1734,2446,2857,,736,511,487,712,411,3449
6229,740,1224,1710,2421,2813,,740,484,486,711,392,3416
6306,712,1224,1711,2423,2860,,712,512,487,712,437,3446
6331,710,1196,1738,2447,2883,,710,486,542,709,436,3448
6255,697,1163,1663,2371,2812,,697,466,500,708,441,3443
6279,709,1196,1709,2421,2832,,709,487,513,712,411,3447
6305,709,1222,1709,2423,2856,,709,513,487,714,433,3449
6337,740,1227,1740,2453,2888,,740,487,513,713,435,3449
6280,709,1197,1709,2424,2834,,709,488,512,715,410,3446
6206,712,1197,1706,2351,2758,,712,485,509,645,407,3448
6261,735,1221,1709,2422,2832,,735,486,488,713,410,3429
6165,735,1222,1690,2372,2758,,735,487,468,682,386,3407
6007,723,1194,1657,2295,2627,,723,471,463,638,332,3380
6092,722,1194,1697,2328,2653,,722,472,503,631,325,3439
6154,696,1124,1581,2288,2706,,696,428,457,707,418,3448
6279,735,1221,1709,2423,2833,,735,486,488,714,410,3446
6310,739,1225,1742,2451,2862,,739,486,517,709,411,3448
6280,709,1196,1709,2423,2833,,709,487,513,714,410,3447
6281,709,1196,1710,2422,2832,,709,487,514,712,410,3449
6206,711,1197,1710,2367,2758,,711,486,513,657,391,3448
6280,710,1197,1712,2422,2833,,710,487,515,710,411,3447
6230,739,1223,1711,2423,2812,,739,484,488,712,389,3418
6287,711,1197,1711,2423,2833,,711,486,514,712,410,3454
6284,712,1200,1711,2424,2834,,712,488,511,713,410,3450
6280,720,1161,1693,2401,2831,,720,441,532,708,430,3449
6336,742,1258,1767,2481,2891,,742,516,509,714,410,3445
6311,740,1228,1741,2453,2863,,740,488,513,712,410,3448
6281,735,1222,1709,2423,2833,,735,487,487,714,410,3448
6280,736,1221,1709,2422,2833,,736,485,488,713,411,3447
6231,712,1197,1711,2407,2775,,712,485,514,696,368,3456
6256,710,1197,1710,2422,2832,,710,487,513,712,410,3424
6205,735,1222,1710,2401,2784,,735,487,488,691,383,3421
6331,712,1198,1711,2452,2884,,712,486,513,741,432,3447
6280,710,1197,1710,2422,2838,,710,487,513,712,416,3442
6228,735,1195,1683,2356,2781,,735,460,488,673,425,3447
6312,739,1226,1739,2451,2863,,739,487,513,712,412,3449
6289,802,1286,1770,2482,2893,,802,484,484,712,411,3396
6127,696,1169,1698,2396,2752,,696,473,529,698,356,3375
6076,698,1169,1698,2359,2705,,698,471,529,661,346,3371
6034,722,1195,1679,2317,2660,,722,473,484,638,343,3374
6028,722,1219,1680,2322,2651,,722,497,461,642,329,3377
6038,720,1214,1653,2291,2625,,720,494,439,638,334,3413
6239,701,1173,1700,2397,2795,,701,472,527,697,398,3444
6101,723,1194,1658,2359,2724,,723,471,464,701,365,3377
6092,661,1111,1581,2233,2649,,661,450,470,652,416,3443
6367,770,1257,1769,2481,2893,,770,487,512,712,412,3474
6278,707,1194,1708,2420,2831,,707,487,514,712,411,3447
6314,745,1230,1743,2454,2867,,745,485,513,711,413,3447
6280,709,1200,1713,2422,2832,,709,491,513,709,410,3448
6256,710,1196,1709,2422,2800,,710,486,513,713,378,3456
6280,710,1197,1710,2423,2834,,710,487,513,713,411,3446
6230,710,1197,1710,2423,2813,,710,487,513,713,390,3417
6279,711,1198,1710,2424,2833,,711,487,512,714,409,3446
6281,710,1197,1710,2422,2833,,710,487,513,712,411,3448
6131,709,1175,1668,2307,2670,,709,466,493,639,363,3461
6072,717,1189,1690,2346,2717,,717,472,501,656,371,3355
5999,697,1154,1632,2268,2628,,697,457,478,636,360,3371
5954,699,1128,1541,2207,2540,,699,429,413,666,333,3414
5945,653,1089,1504,2202,2536,,653,436,415,698,334,3409
5964,682,1116,1530,2206,2540,,682,434,414,676,334,3424
5976,684,1119,1533,2207,2540,,684,435,414,674,333,3436
6241,710,1197,1712,2408,2818,,710,487,515,696,410,3423
6264,712,1197,1711,2422,2833,,712,485,514,711,411,3431
6075,699,1172,1700,2353,2705,,699,473,528,653,352,3370
5777,663,1060,1482,2111,2429,,663,397,422,629,318,3348
5856,667,1063,1459,2088,2431,,667,396,396,629,343,3425
6247,701,1172,1699,2397,2794,,701,471,527,698,397,3453
6243,723,1194,1722,2419,2820,,723,471,528,697,401,3423
6106,724,1196,1701,2357,2727,,724,472,505,656,370,3379
6132,698,1169,1699,2354,2728,,698,471,530,655,374,3404
6154,724,1196,1699,2396,2754,,724,472,503,697,358,3400
6280,733,1220,1708,2421,2832,,733,487,488,713,411,3448
6290,710,1196,1710,2422,2832,,710,486,514,712,410,3458
6306,735,1224,1711,2424,2859,,735,489,487,713,435,3447
6205,704,1198,1653,2372,2758,,704,494,455,719,386,3447
6330,710,1196,1709,2456,2883,,710,486,513,747,427,3447
6280,705,1197,1709,2421,2832,,705,492,512,712,411,3448
6278,732,1219,1707,2419,2831,,732,487,488,712,412,3447
6307,710,1197,1710,2424,2858,,710,487,513,714,434,3449
6204,708,1143,1631,2342,2756,,708,435,488,711,414,3448
6334,709,1202,1713,2424,2857,,709,493,511,711,433,3477
6281,710,1198,1710,2423,2832,,710,488,512,713,409,3449
6205,710,1196,1709,2401,2783,,710,486,513,692,382,3422
6256,711,1199,1712,2423,2814,,711,488,513,711,391,3442
6143,709,1173,1649,2332,2697,,709,464,476,683,365,3446
6106,670,1142,1614,2309,2717,,670,472,472,695,408,3389
6201,659,1162,1698,2396,2800,,659,503,536,698,404,3401
6057,732,1203,1693,2351,2692,,732,471,490,658,341,3365
5951,697,1126,1539,2206,2540,,697,429,413,667,334,3411
6246,684,1156,1698,2392,2794,,684,472,542,694,402,3452
6307,711,1197,1710,2424,2858,,711,486,513,714,434,3449
6306,711,1198,1711,2423,2860,,711,487,513,712,437,3446
6279,734,1221,1709,2422,2833,,734,487,488,713,411,3446
6282,711,1198,1711,2425,2834,,711,487,513,714,409,3448
6142,734,1220,1679,2359,2718,,734,486,459,680,359,3424
6280,695,1171,1694,2403,2833,,695,476,523,709,430,3447
6232,665,1148,1636,2345,2784,,665,483,488,709,439,3448
6282,710,1199,1710,2423,2834,,710,489,511,713,411,3448
6256,711,1198,1712,2426,2813,,711,487,514,714,387,3443
6232,711,1198,1659,2373,2784,,711,487,461,714,411,3448
6305,710,1197,1709,2422,2857,,710,487,512,713,435,3448
6279,734,1221,1708,2421,2831,,734,487,487,713,410,3448
6283,710,1197,1709,2423,2859,,710,487,512,714,436,3424
6167,710,1199,1691,2374,2760,,710,489,492,683,386,3407
6156,699,1171,1654,2372,2706,,699,472,483,718,334,3450
6317,698,1182,1710,2423,2834,,698,484,528,713,411,3483
6280,711,1173,1711,2422,2833,,711,462,538,711,411,3447
6280,738,1222,1709,2422,2832,,738,484,487,713,410,3448
6282,714,1199,1710,2422,2834,,714,485,511,712,412,3448
6282,711,1198,1711,2423,2833,,711,487,513,712,410,3449
6305,740,1224,1709,2423,2834,,740,484,485,714,411,3471
6240,710,1197,1709,2407,2817,,710,487,512,698,410,3423
6329,736,1248,1761,2498,2881,,736,512,513,737,383,3448
6332,709,1197,1710,2422,2885,,709,488,513,712,463,3447
6194,710,1197,1710,2393,2754,,710,487,513,683,361,3440
6168,699,1150,1620,2323,2720,,699,451,470,703,397,3448
6077,723,1199,1697,2351,2704,,723,476,498,654,353,3373
5925,689,1122,1531,2206,2539,,689,433,409,675,333,3386
5951,699,1128,1544,2207,2542,,699,429,416,663,335,3409
6012,724,1152,1633,2273,2627,,724,428,481,640,354,3385
5996,697,1126,1538,2204,2625,,697,429,412,666,421,3371
5949,701,1129,1545,2206,2539,,701,428,416,661,333,3410
5924,698,1124,1539,2206,2539,,698,426,415,667,333,3385
6002,724,1155,1632,2268,2628,,724,431,477,636,360,3374
6103,658,1092,1567,2254,2682,,658,434,475,687,428,3421
6183,711,1113,1596,2311,2733,,711,402,483,715,422,3450
6128,698,1128,1608,2305,2722,,698,430,480,697,417,3406
6000,722,1194,1657,2293,2627,,722,472,463,636,334,3373
6009,723,1155,1631,2267,2626,,723,432,476,636,359,3383
6091,698,1126,1542,2236,2672,,698,428,416,694,436,3419
6163,712,1197,1690,2373,2744,,712,485,493,683,371,3419
6261,711,1198,1712,2423,2833,,711,487,514,711,410,3428
6282,712,1199,1711,2424,2835,,712,487,512,713,411,3447
6280,710,1197,1710,2423,2833,,710,487,513,713,410,3447
6096,742,1208,1716,2365,2726,,742,466,508,649,361,3370
6281,723,1152,1710,2422,2833,,723,429,558,712,411,3448
6306,698,1170,1724,2434,2858,,698,472,554,710,424,3448
6150,723,1131,1606,2322,2745,,723,408,475,716,423,3405
5999,725,1197,1656,2295,2627,,725,472,459,639,332,3372
5945,698,1125,1540,2205,2547,,698,427,415,665,342,3398
5999,700,1156,1633,2270,2629,,700,456,477,637,359,3370
5955,700,1128,1542,2208,2541,,700,428,414,666,333,3414
5948,698,1127,1541,2206,2542,,698,429,414,665,336,3406
6002,725,1154,1632,2274,2629,,725,429,478,642,355,3373
5957,697,1123,1527,2202,2562,,697,426,404,675,360,3395
6282,699,1172,1711,2422,2833,,699,473,539,711,411,3449
6208,710,1198,1639,2348,2759,,710,488,441,709,411,3449
6156,641,1047,1536,2286,2710,,641,406,489,750,424,3446
6282,737,1224,1711,2424,2834,,737,487,487,713,410,3448
6155,736,1223,1632,2324,2695,,736,487,409,692,371,3460
6280,736,1222,1711,2423,2834,,736,486,489,712,411,3446
6282,712,1202,1711,2425,2834,,712,490,509,714,409,3448
6282,711,1201,1710,2423,2833,,711,490,509,713,410,3449
6165,711,1198,1690,2375,2759,,711,487,492,685,384,3406
6096,717,1188,1675,2340,2697,,717,471,487,665,357,3399
6018,698,1153,1671,2317,2651,,698,455,518,646,334,3367
6114,700,1129,1586,2282,2692,,700,429,457,696,410,3422
6201,738,1167,1699,2398,2798,,738,429,532,699,400,3403
5999,700,1173,1655,2293,2629,,700,473,482,638,336,3370
5963,699,1126,1531,2206,2540,,699,427,405,675,334,3423
5926,658,1093,1507,2207,2540,,658,435,414,700,333,3386
5927,660,1093,1508,2209,2541,,660,433,415,701,332,3386
5949,658,1092,1506,2207,2539,,658,434,414,701,332,3410
5924,656,1090,1507,2204,2537,,656,434,417,697,333,3387
5947,693,1123,1535,2199,2536,,693,430,412,664,337,3411
5953,658,1092,1512,2191,2516,,658,434,420,679,325,3437
5951,698,1128,1541,2215,2540,,698,430,413,674,325,3411
5948,699,1129,1543,2206,2544,,699,430,414,663,338,3404
5952,700,1131,1543,2207,2541,,700,431,412,664,334,3411
5963,700,1129,1544,2207,2543,,700,429,415,663,336,3420
6138,710,1177,1682,2356,2740,,710,467,505,674,384,3398
6164,736,1223,1690,2374,2743,,736,487,467,684,369,3421
6285,714,1199,1714,2424,2861,,714,485,515,710,437,3424
6058,681,1162,1634,2290,2681,,681,481,472,656,391,3377
6054,697,1126,1583,2281,2654,,697,429,457,698,373,3400
6156,699,1131,1584,2293,2708,,699,432,453,709,415,3448
6306,711,1202,1714,2431,2859,,711,491,512,717,428,3447
6232,711,1197,1639,2349,2785,,711,486,442,710,436,3447
6305,736,1222,1711,2422,2836,,736,486,489,711,414,3469
6102,711,1142,1623,2324,2722,,711,431,481,701,398,3380
5940,714,1144,1558,2224,2556,,714,430,414,666,332,3384
6002,724,1155,1633,2268,2630,,724,431,478,635,362,3372
5960,699,1130,1541,2205,2541,,699,431,411,664,336,3419
6006,700,1155,1635,2270,2628,,700,455,480,635,358,3378
5954,668,1096,1517,2207,2554,,668,428,421,690,347,3400
5791,683,1108,1505,2127,2449,,683,425,397,622,322,3342
5927,700,1129,1545,2208,2552,,700,429,416,663,344,3375
6166,699,1147,1616,2324,2719,,699,448,469,708,395,3447
6280,709,1195,1708,2421,2832,,709,486,513,713,411,3448
6198,733,1164,1695,2393,2792,,733,431,531,698,399,3406
6002,700,1172,1658,2294,2631,,700,472,486,636,337,3371
6063,700,1171,1656,2294,2627,,700,471,485,638,333,3436
5949,660,1092,1508,2205,2541,,660,432,416,697,336,3408
5973,682,1119,1531,2229,2552,,682,437,412,698,323,3421
5927,646,1079,1517,2183,2517,,646,433,438,666,334,3410
5944,700,1131,1543,2212,2543,,700,431,412,669,331,3401
5995,700,1129,1543,2206,2537,,700,429,414,663,331,3458
6189,711,1197,1712,2402,2781,,711,486,515,690,379,3408
6282,713,1199,1711,2425,2836,,713,486,512,714,411,3446
6258,711,1177,1687,2398,2809,,711,466,510,711,411,3449
6307,710,1198,1711,2424,2863,,710,488,513,713,439,3444
6333,712,1198,1710,2424,2859,,712,486,512,714,435,3474
6337,711,1198,1711,2423,2859,,711,487,513,712,436,3478
6340,770,1256,1770,2481,2892,,770,486,514,711,411,3448
6120,699,1164,1703,2346,2694,,699,465,539,643,348,3426
6153,699,1171,1700,2352,2752,,699,472,529,652,400,3401
6077,700,1171,1657,2319,2664,,700,471,486,662,345,3413
6307,736,1223,1711,2424,2859,,736,487,488,713,435,3448
6307,711,1196,1714,2423,2858,,711,485,518,709,435,3449
6219,710,1197,1657,2361,2773,,710,487,460,704,412,3446
6049,699,1195,1700,2355,2682,,699,496,505,655,327,3367
6023,723,1195,1681,2320,2653,,723,472,486,639,333,3370
6026,725,1196,1684,2321,2654,,725,471,488,637,333,3372
6144,698,1170,1700,2353,2706,,698,472,530,653,353,3438
6220,725,1193,1656,2361,2772,,725,468,463,705,411,3448
6220,724,1197,1678,2367,2795,,724,473,481,689,428,3425
6080,699,1170,1699,2355,2704,,699,471,529,656,349,3376
6105,699,1128,1585,2279,2693,,699,429,457,694,414,3412
6283,713,1198,1714,2424,2834,,713,485,516,710,410,3449
6219,710,1198,1678,2386,2797,,710,488,480,708,411,3422
5999,699,1170,1657,2295,2629,,699,471,487,638,334,3370
6033,732,1186,1667,2303,2661,,732,454,481,636,358,3372
5873,699,1128,1543,2182,2515,,699,429,415,639,333,3358
5925,698,1127,1540,2206,2540,,698,429,413,666,334,3385
5953,699,1130,1547,2210,2552,,699,431,417,663,342,3401
5989,715,1141,1557,2225,2579,,715,426,416,668,354,3410
6163,734,1221,1709,2402,2769,,734,487,488,693,367,3394
6001,701,1173,1658,2297,2636,,701,472,485,639,339,3365
6008,724,1155,1632,2267,2627,,724,431,477,635,360,3381
5945,699,1129,1543,2205,2539,,699,430,414,662,334,3406
5992,718,1148,1625,2237,2620,,718,430,477,612,383,3372
5983,731,1159,1573,2239,2572,,731,428,414,666,333,3411
6142,696,1170,1696,2353,2721,,696,474,526,657,368,3421
6297,734,1220,1733,2446,2856,,734,486,513,713,410,3441
6095,712,1145,1581,2224,2660,,712,433,436,643,436,3435
6187,728,1213,1701,2399,2761,,728,485,488,698,362,3426
6245,713,1199,1714,2425,2824,,713,486,515,711,399,3421
6192,725,1197,1701,2398,2767,,725,472,504,697,369,3425
6307,766,1252,1737,2448,2859,,766,486,485,711,411,3448
6259,713,1199,1680,2363,2815,,713,486,481,683,452,3444
6311,711,1198,1714,2425,2835,,711,487,516,711,410,3476
6330,738,1251,1762,2500,2885,,738,513,511,738,385,3445
6312,711,1199,1711,2423,2834,,711,488,512,712,411,3478
6257,713,1199,1692,2399,2810,,713,486,493,707,411,3447
6194,710,1163,1698,2353,2747,,710,453,535,655,394,3447
6171,699,1168,1701,2357,2730,,699,469,533,656,373,3441
6258,711,1198,1711,2423,2817,,711,487,513,712,394,3441
6306,710,1197,1710,2422,2834,,710,487,513,712,412,3472
6280,710,1197,1709,2422,2833,,710,487,512,713,411,3447
6332,710,1198,1711,2452,2890,,710,488,513,741,438,3442
6282,711,1199,1711,2424,2833,,711,488,512,713,409,3449
6332,711,1198,1712,2452,2884,,711,487,514,740,432,3448
6141,644,1130,1618,2344,2739,,644,486,488,726,395,3402
6164,712,1178,1687,2374,2757,,712,466,509,687,383,3407
6168,713,1178,1702,2398,2747,,713,465,524,696,349,3421
6232,711,1198,1711,2422,2814,,711,487,513,711,392,3418
6283,712,1199,1711,2424,2834,,712,487,512,713,410,3449
6281,712,1198,1711,2423,2834,,712,486,513,712,411,3447
6307,712,1197,1712,2423,2859,,712,485,515,711,436,3448
6285,711,1197,1710,2423,2841,,711,486,513,713,418,3444
6282,714,1199,1715,2424,2835,,714,485,516,709,411,3447
6282,711,1198,1712,2423,2835,,711,487,514,711,412,3447
6266,711,1198,1712,2424,2833,,711,487,514,712,409,3433
6201,731,1222,1706,2393,2781,,731,491,484,687,388,3420
6207,711,1198,1658,2363,2751,,711,487,460,705,388,3456
6246,711,1198,1710,2423,2818,,711,487,512,713,395,3428
6246,711,1197,1712,2423,2804,,711,486,515,711,381,3442
6171,702,1199,1701,2355,2725,,702,497,502,654,370,3446
6281,736,1222,1710,2422,2833,,736,486,488,712,411,3448
6282,736,1223,1711,2424,2834,,736,487,488,713,410,3448
6314,744,1231,1744,2458,2868,,744,487,513,714,410,3446
6281,711,1197,1710,2423,2834,,711,486,513,713,411,3447
6282,711,1197,1715,2424,2834,,711,486,518,709,410,3448
6181,686,1138,1608,2301,2732,,686,452,470,693,431,3449
6206,711,1198,1678,2374,2749,,711,487,480,696,375,3457
6252,732,1219,1706,2419,2808,,732,487,487,713,389,3444
6268,735,1220,1734,2446,2824,,735,485,514,712,378,3444
6034,700,1171,1657,2318,2656,,700,471,486,661,338,3378
5925,697,1124,1541,2205,2539,,697,427,417,664,334,3386
5944,700,1129,1544,2201,2544,,700,429,415,657,343,3400
5928,701,1128,1544,2209,2542,,701,427,416,665,333,3386
6061,759,1218,1694,2329,2688,,759,459,476,635,359,3373
5960,700,1129,1543,2207,2539,,700,429,414,664,332,3421
6226,716,1193,1730,2423,2828,,716,477,537,693,405,3398
6218,712,1162,1670,2367,2773,,712,450,508,697,406,3445
6110,698,1195,1699,2352,2726,,698,497,504,653,374,3384
6003,700,1154,1632,2270,2629,,700,454,478,638,359,3374
6008,725,1155,1634,2269,2627,,725,430,479,635,358,3381
6001,726,1154,1635,2272,2629,,726,428,481,637,357,3372
5998,722,1150,1636,2268,2627,,722,428,486,632,359,3371
5952,701,1130,1546,2208,2541,,701,429,416,662,333,3411
6000,720,1150,1632,2267,2628,,720,430,482,635,361,3372
6006,701,1128,1531,2208,2629,,701,427,403,677,421,3377
6172,750,1233,1726,2396,2776,,750,483,493,670,380,3396
6134,711,1178,1658,2311,2723,,711,467,480,653,412,3411
6010,726,1198,1658,2296,2629,,726,472,460,638,333,3381
5953,722,1154,1565,2230,2564,,722,432,411,665,334,3389
6008,702,1158,1634,2269,2628,,702,456,476,635,359,3380
5925,700,1128,1542,2207,2542,,700,428,414,665,335,3383
6002,724,1151,1632,2272,2628,,724,427,481,640,356,3374
5952,699,1128,1546,2207,2542,,699,429,418,661,335,3410
6001,699,1155,1632,2269,2633,,699,456,477,637,364,3368
5925,698,1129,1541,2207,2542,,698,431,412,666,335,3383
6027,737,1173,1608,2288,2618,,737,436,435,680,330,3409
6089,699,1196,1704,2360,2720,,699,497,508,656,360,3369
6171,700,1173,1700,2354,2728,,700,473,527,654,374,3443
6281,710,1198,1710,2422,2833,,710,488,512,712,411,3448
6282,710,1197,1711,2423,2833,,710,487,514,712,410,3449
6307,737,1223,1712,2423,2865,,737,486,489,711,442,3442
6196,710,1197,1676,2375,2774,,710,487,479,699,399,3422
6094,717,1188,1716,2371,2721,,717,471,528,655,350,3373
6024,720,1192,1681,2317,2652,,720,472,489,636,335,3372
6025,721,1191,1679,2320,2652,,721,470,488,641,332,3373
5974,658,1109,1579,2212,2542,,658,451,470,633,330,3432
6098,700,1173,1657,2322,2685,,700,473,484,665,363,3413
6308,737,1227,1737,2450,2859,,737,490,510,713,409,3449
6308,711,1199,1711,2423,2860,,711,488,512,712,437,3448
6283,711,1197,1710,2423,2833,,711,486,513,713,410,3450
6280,709,1197,1710,2422,2832,,709,488,513,712,410,3448
6246,711,1197,1711,2390,2799,,711,486,514,679,409,3447
6001,700,1171,1657,2296,2628,,700,471,486,639,332,3373
5951,661,1139,1568,2209,2543,,661,478,429,641,334,3408
6003,701,1157,1634,2269,2628,,701,456,477,635,359,3375
5950,701,1128,1548,2207,2544,,701,427,420,659,337,3406
5939,701,1131,1544,2207,2544,,701,430,413,663,337,3395
6009,725,1155,1633,2269,2628,,725,430,478,636,359,3381
5976,722,1152,1566,2230,2564,,722,430,414,664,334,3412
5958,660,1094,1509,2208,2543,,660,434,415,699,335,3415
5952,659,1093,1507,2209,2541,,659,434,414,702,332,3411
5952,659,1095,1508,2208,2552,,659,436,413,700,344,3400
5943,680,1109,1526,2224,2558,,680,429,417,698,334,3385
5769,659,1090,1489,2102,2420,,659,431,399,613,318,3349
5936,661,1095,1508,2209,2542,,661,434,413,701,333,3394
5956,661,1093,1510,2208,2547,,661,432,417,698,339,3409
5816,682,1093,1505,2129,2449,,682,411,412,624,320,3367
5861,659,1092,1502,2132,2467,,659,433,410,630,335,3394
5931,700,1129,1545,2208,2541,,700,429,416,663,333,3390
5959,699,1128,1544,2208,2540,,699,429,416,664,332,3419
5951,659,1092,1508,2205,2529,,659,433,416,697,324,3422
5932,660,1094,1511,2211,2543,,660,434,417,700,332,3389
5790,647,1066,1464,2100,2420,,647,419,398,636,320,3370
5797,661,1096,1506,2129,2447,,661,435,410,623,318,3350
5953,661,1093,1510,2209,2543,,661,432,417,699,334,3410
5952,660,1092,1508,2208,2541,,660,432,416,700,333,3411
5956,684,1118,1535,2207,2541,,684,434,417,672,334,3415
5935,662,1093,1509,2207,2542,,662,431,416,698,335,3393
5929,658,1092,1507,2206,2540,,658,434,415,699,334,3389
5932,661,1094,1507,2207,2541,,661,433,413,700,334,3391
5951,660,1094,1508,2208,2541,,660,434,414,700,333,3410
5928,658,1094,1506,2206,2541,,658,436,412,700,335,3387
5950,665,1120,1532,2206,2540,,665,455,412,674,334,3410
5953,686,1122,1533,2208,2542,,686,436,411,675,334,3411
5949,684,1117,1532,2207,2539,,684,433,415,675,332,3410
5953,685,1119,1532,2209,2541,,685,434,413,677,332,3412
5953,661,1095,1509,2207,2541,,661,434,414,698,334,3412
6140,729,1200,1728,2381,2756,,729,471,528,653,375,3384
6003,699,1154,1634,2269,2628,,699,455,480,635,359,3375
6008,724,1152,1631,2268,2626,,724,428,479,637,358,3382
5951,700,1130,1543,2208,2542,,700,430,413,665,334,3409
5930,685,1118,1533,2208,2542,,685,433,415,675,334,3388
5794,655,1084,1482,2102,2421,,655,429,398,620,319,3373
5926,659,1092,1512,2208,2542,,659,433,420,696,334,3384
5928,662,1095,1511,2209,2543,,662,433,416,698,334,3385
5946,701,1121,1562,2179,2523,,701,420,441,617,344,3423
5929,700,1128,1543,2208,2542,,700,428,415,665,334,3387
6008,701,1155,1636,2270,2630,,701,454,481,634,360,3378
5974,721,1149,1565,2229,2565,,721,428,416,664,336,3409
6005,699,1154,1631,2267,2627,,699,455,477,636,360,3378
6002,701,1156,1634,2271,2630,,701,455,478,637,359,3372
5955,699,1128,1540,2207,2542,,699,429,412,667,335,3413
5843,692,1115,1515,2128,2472,,692,423,400,613,344,3371
5953,662,1095,1507,2215,2545,,662,433,412,708,330,3408
6003,702,1157,1635,2271,2629,,702,455,478,636,358,3374
5920,708,1136,1534,2210,2539,,708,428,398,676,329,3381
6018,702,1130,1543,2208,2631,,702,428,413,665,423,3387
5945,663,1094,1509,2203,2522,,663,431,415,694,319,3423
5963,693,1126,1543,2240,2576,,693,433,417,697,336,3387
5958,660,1094,1511,2209,2542,,660,434,417,698,333,3416
5927,660,1094,1512,2207,2541,,660,434,418,695,334,3386
5954,686,1120,1532,2209,2544,,686,434,412,677,335,3410
5794,678,1098,1495,2129,2449,,678,420,397,634,320,3345
5952,661,1096,1510,2212,2543,,661,435,414,702,331,3409
5958,660,1094,1509,2208,2540,,660,434,415,699,332,3418
5929,658,1096,1508,2208,2543,,658,438,412,700,335,3386
5938,660,1095,1508,2212,2542,,660,435,413,704,330,3396
5932,700,1130,1548,2208,2530,,700,430,418,660,322,3402
5961,734,1163,1578,2241,2578,,734,429,415,663,337,3383
6008,700,1155,1635,2270,2631,,700,455,480,635,361,3377
5926,700,1129,1544,2207,2542,,700,429,415,663,335,3384
5953,661,1095,1508,2211,2545,,661,434,413,703,334,3408
5945,662,1094,1510,2203,2547,,662,432,416,693,344,3398
6018,700,1128,1542,2212,2543,,700,428,414,670,331,3475
5928,686,1098,1509,2207,2554,,686,412,411,698,347,3374
5955,658,1095,1508,2207,2543,,658,437,413,699,336,3412
5935,660,1093,1508,2210,2542,,660,433,415,702,332,3393
5977,661,1095,1510,2209,2542,,661,434,415,699,333,3435
5962,695,1129,1544,2242,2565,,695,434,415,698,323,3397
5954,660,1091,1507,2206,2540,,660,431,416,699,334,3414
5951,685,1119,1534,2208,2544,,685,434,415,674,336,3407
5930,662,1094,1510,2212,2544,,662,432,416,702,332,3386
5809,689,1107,1498,2117,2438,,689,418,391,619,321,3371
5954,701,1130,1543,2213,2543,,701,429,413,670,330,3411
5932,660,1094,1510,2208,2542,,660,434,416,698,334,3390
5956,661,1098,1513,2211,2542,,661,437,415,698,331,3414
6089,700,1170,1701,2360,2707,,700,470,531,659,347,3382
6078,700,1172,1699,2354,2703,,700,472,527,655,349,3375
6138,732,1204,1733,2388,2761,,732,472,529,655,373,3377
6059,701,1173,1700,2355,2682,,701,472,527,655,327,3377
6103,723,1222,1724,2379,2727,,723,499,502,655,348,3376
6094,723,1195,1722,2377,2725,,723,472,527,655,348,3369
6048,726,1197,1684,2339,2698,,726,471,487,655,359,3350
6022,728,1203,1686,2328,2655,,728,475,483,642,327,3367
6030,729,1200,1688,2324,2657,,729,471,488,636,333,3373
6051,725,1162,1657,2294,2629,,725,437,495,637,335,3422
6257,711,1198,1711,2379,2810,,711,487,513,668,431,3447
6286,711,1199,1711,2425,2834,,711,488,512,714,409,3452
6301,728,1216,1727,2439,2851,,728,488,511,712,412,3450
6305,710,1197,1711,2423,2858,,710,487,514,712,435,3447
6285,713,1201,1714,2426,2836,,713,488,513,712,410,3449
6151,713,1179,1689,2377,2761,,713,466,510,688,384,3390
6186,713,1121,1612,2322,2735,,713,408,491,710,413,3451
6209,712,1198,1634,2354,2760,,712,486,436,720,406,3449
6307,712,1199,1712,2424,2859,,712,487,513,712,435,3448
6132,644,1134,1618,2317,2711,,644,490,484,699,394,3421
6168,713,1198,1691,2375,2765,,713,485,493,684,390,3403
6283,729,1214,1714,2426,2836,,729,485,500,712,410,3447
6282,712,1198,1711,2423,2834,,712,486,513,712,411,3448
6307,713,1199,1712,2425,2860,,713,486,513,713,435,3447
6232,739,1227,1713,2425,2817,,739,488,486,712,392,3415
6158,700,1186,1691,2376,2727,,700,486,505,685,351,3431
6161,665,1130,1614,2326,2735,,665,465,484,712,409,3426
6284,737,1225,1693,2400,2836,,737,488,468,707,436,3448
6307,712,1203,1744,2454,2884,,712,491,541,710,430,3423
6231,713,1199,1712,2424,2836,,713,486,513,712,412,3395
6170,713,1227,1713,2387,2746,,713,514,486,674,359,3424
6153,703,1175,1663,2365,2775,,703,472,488,702,410,3378
6144,702,1175,1703,2360,2706,,702,473,528,657,346,3438
6035,733,1205,1693,2329,2663,,733,472,488,636,334,3372
6104,726,1197,1725,2380,2731,,726,471,528,655,351,3373
6028,722,1218,1684,2319,2652,,722,496,466,635,333,3376
6028,725,1197,1682,2316,2662,,725,472,485,634,346,3366
6068,699,1167,1656,2294,2630,,699,468,489,638,336,3438
6144,699,1128,1567,2274,2693,,699,429,439,707,419,3451
6125,699,1171,1700,2356,2707,,699,472,529,656,351,3418
6241,710,1198,1711,2424,2799,,710,488,513,713,375,3442
6050,724,1195,1681,2343,2679,,724,471,486,662,336,3371
6258,709,1196,1709,2422,2831,,709,487,513,713,409,3427
6289,711,1198,1711,2422,2834,,711,487,513,711,412,3455
6309,713,1200,1713,2425,2860,,713,487,513,712,435,3449
6208,712,1199,1712,2346,2760,,712,487,513,634,414,3448
6183,712,1200,1634,2350,2740,,712,488,434,716,390,3443
6166,712,1199,1691,2375,2761,,712,487,492,684,386,3405
6285,714,1200,1713,2425,2836,,714,486,513,712,411,3449
6181,713,1199,1681,2377,2760,,713,486,482,696,383,3421
6230,744,1229,1714,2406,2811,,744,485,485,692,405,3419
6252,736,1224,1737,2449,2859,,736,488,513,712,410,3393
6284,714,1203,1714,2426,2837,,714,489,511,712,411,3447
6261,715,1200,1713,2427,2837,,715,485,513,714,410,3424
6208,715,1201,1714,2404,2787,,715,486,513,690,383,3421
6167,700,1209,1691,2375,2760,,700,509,482,684,385,3407
6114,712,1200,1692,2374,2718,,712,488,492,682,344,3396
6157,713,1200,1713,2348,2737,,713,487,513,635,389,3420
6284,713,1200,1713,2426,2836,,713,487,513,713,410,3448
6194,712,1199,1714,2409,2762,,712,487,515,695,353,3432
6231,713,1204,1717,2409,2786,,713,491,513,692,377,3445
6286,713,1200,1714,2425,2836,,713,487,514,711,411,3450
6283,713,1200,1712,2425,2835,,713,487,512,713,410,3448
6283,712,1224,1711,2424,2836,,712,512,487,713,412,3447
6231,712,1199,1711,2424,2813,,712,487,512,713,389,3418
6231,725,1210,1712,2408,2812,,725,485,502,696,404,3419
6157,704,1187,1713,2347,2736,,704,483,526,634,389,3421
6209,713,1201,1714,2347,2761,,713,488,513,633,414,3448
6281,712,1198,1711,2423,2834,,712,486,513,712,411,3447
6251,714,1184,1715,2411,2821,,714,470,531,696,410,3430
6229,712,1201,1712,2403,2811,,712,489,511,691,408,3418
6283,666,1179,1713,2424,2835,,666,513,534,711,411,3448
6319,713,1207,1745,2457,2869,,713,494,538,712,412,3450
6264,715,1200,1713,2425,2835,,715,485,513,712,410,3429
6001,699,1170,1657,2296,2631,,699,471,487,639,335,3370
5946,700,1129,1547,2207,2551,,700,429,418,660,344,3395
5946,700,1125,1524,2203,2521,,700,425,399,679,318,3425
5955,659,1093,1508,2209,2542,,659,434,415,701,333,3413
5929,662,1096,1513,2209,2544,,662,434,417,696,335,3385
5954,661,1095,1511,2213,2543,,661,434,416,702,330,3411
5960,661,1093,1515,2212,2541,,661,432,422,697,329,3419
5952,659,1094,1510,2210,2541,,659,435,416,700,331,3411
6125,652,1102,1548,2271,2695,,652,450,446,723,424,3430
6308,713,1199,1712,2454,2860,,713,486,513,742,406,3448
6283,713,1203,1713,2426,2836,,713,490,510,713,410,3447
6257,712,1178,1686,2398,2810,,712,466,508,712,412,3447
6334,763,1250,1762,2473,2885,,763,487,512,711,412,3449
6243,710,1198,1710,2422,2801,,710,488,512,712,379,3442
5998,700,1171,1645,2286,2625,,700,471,474,641,339,3373
5955,701,1130,1544,2214,2543,,701,429,414,670,329,3412
6006,701,1156,1634,2275,2631,,701,455,478,641,356,3375
6024,723,1178,1657,2293,2652,,723,455,479,636,359,3372
5946,703,1127,1527,2205,2525,,703,424,400,678,320,3421
5928,661,1095,1510,2208,2543,,661,434,415,698,335,3385
6002,701,1172,1658,2296,2629,,701,471,486,638,333,3373
5929,702,1133,1546,2214,2545,,702,431,413,668,331,3384
6006,701,1154,1635,2271,2630,,701,453,481,636,359,3376
5933,703,1132,1547,2209,2545,,703,429,415,662,336,3388
5951,662,1096,1510,2209,2542,,662,434,414,699,333,3409
5954,700,1128,1543,2214,2542,,700,428,415,671,328,3412
5933,700,1131,1545,2212,2544,,700,431,414,667,332,3389
5950,698,1129,1541,2206,2541,,698,431,412,665,335,3409
5951,699,1129,1543,2208,2543,,699,430,414,665,335,3408
5952,660,1094,1509,2209,2543,,660,434,415,700,334,3409
5997,661,1095,1510,2184,2534,,661,434,415,674,350,3463
6169,713,1200,1713,2344,2745,,713,487,513,631,401,3424
6358,704,1197,1712,2454,2884,,704,493,515,742,430,3474
6295,712,1200,1712,2453,2853,,712,488,512,741,400,3442
6028,701,1173,1660,2321,2656,,701,472,487,661,335,3372
5967,702,1132,1544,2211,2541,,702,430,412,667,330,3426
6105,713,1200,1677,2374,2724,,713,487,477,697,350,3381
5939,722,1155,1554,2222,2569,,722,433,399,668,347,3370
5927,700,1131,1545,2208,2545,,700,431,414,663,337,3382
5927,660,1094,1509,2209,2542,,660,434,415,700,333,3385
5953,660,1093,1508,2209,2542,,660,433,415,701,333,3411
5806,642,1074,1483,2109,2444,,642,432,409,626,335,3362
5957,688,1123,1536,2210,2543,,688,435,413,674,333,3414
5955,688,1120,1534,2210,2542,,688,432,414,676,332,3413
5951,661,1095,1511,2211,2542,,661,434,416,700,331,3409
6079,685,1119,1534,2236,2674,,685,434,415,702,438,3405
6195,744,1227,1713,2426,2819,,744,483,486,713,393,3376
6280,710,1198,1710,2422,2832,,710,488,512,712,410,3448
6182,699,1122,1603,2311,2734,,699,423,481,708,423,3448
6285,713,1200,1712,2426,2838,,713,487,512,714,412,3447
6333,712,1203,1715,2455,2885,,712,491,512,740,430,3448
6184,712,1200,1692,2400,2739,,712,488,492,708,339,3445
6260,714,1198,1713,2426,2817,,714,484,515,713,391,3443
6210,713,1200,1713,2425,2757,,713,487,513,712,332,3453
6258,713,1200,1713,2425,2816,,713,487,513,712,391,3442
6266,714,1200,1712,2386,2810,,714,486,512,674,424,3456
6233,711,1198,1710,2424,2835,,711,487,512,714,411,3398
6308,713,1200,1713,2424,2860,,713,487,513,711,436,3448
6157,641,1045,1535,2287,2709,,641,404,490,752,422,3448
6310,714,1200,1714,2427,2862,,714,486,514,713,435,3448
6285,714,1202,1714,2427,2837,,714,488,512,713,410,3448
6343,773,1259,1773,2484,2895,,773,486,514,711,411,3448
6258,714,1201,1713,2425,2815,,714,487,512,712,390,3443
6283,714,1200,1713,2427,2840,,714,486,513,714,413,3443
6262,714,1202,1714,2424,2835,,714,488,512,710,411,3427
6232,715,1201,1713,2401,2812,,715,486,512,688,411,3420
6315,702,1185,1714,2426,2862,,702,483,529,712,436,3453
6286,714,1201,1714,2427,2838,,714,487,513,713,411,3448
6161,644,1048,1539,2290,2712,,644,404,491,751,422,3449
6310,714,1201,1714,2426,2864,,714,487,513,712,438,3446
6287,714,1200,1713,2425,2837,,714,486,513,712,412,3450
6285,713,1200,1712,2426,2836,,713,487,512,714,410,3449
6284,714,1201,1713,2429,2837,,714,487,512,716,408,3447
6284,713,1199,1713,2429,2839,,713,486,514,716,410,3445
6262,738,1224,1714,2424,2836,,738,486,490,710,412,3426
6231,716,1201,1714,2406,2812,,716,485,513,692,406,3419
6285,701,1184,1713,2426,2837,,701,483,529,713,411,3448
6285,704,1189,1714,2427,2837,,704,485,525,713,410,3448
6161,643,1048,1539,2293,2711,,643,405,491,754,418,3450
6283,713,1198,1712,2423,2835,,713,485,514,711,412,3448
6284,714,1200,1714,2426,2836,,714,486,514,712,410,3448
6259,715,1201,1713,2425,2823,,715,486,512,712,398,3436
6284,714,1204,1716,2425,2836,,714,490,512,709,411,3448
6259,714,1200,1712,2425,2815,,714,486,512,713,390,3444
6286,714,1200,1714,2427,2860,,714,486,514,713,433,3426
6088,701,1140,1579,2275,2670,,701,439,439,696,395,3418
6091,700,1139,1577,2274,2697,,700,439,438,697,423,3394
6088,692,1137,1576,2271,2695,,692,445,439,695,424,3393
6236,715,1123,1622,2339,2793,,715,408,499,717,454,3443
6284,714,1200,1714,2425,2836,,714,486,514,711,411,3448
6308,736,1223,1711,2424,2859,,736,487,488,713,435,3449
6357,713,1200,1713,2424,2892,,713,487,513,711,468,3465
6283,715,1201,1714,2427,2837,,715,486,513,713,410,3446
6282,736,1224,1711,2426,2839,,736,488,487,715,413,3443
6263,714,1200,1714,2427,2836,,714,486,514,713,409,3427
6180,713,1202,1713,2405,2755,,713,489,511,692,350,3425
6254,701,1186,1715,2427,2837,,701,485,529,712,410,3417
6247,706,1140,1703,2404,2801,,706,434,563,701,397,3446
6238,734,1207,1734,2431,2829,,734,473,527,697,398,3409
6202,700,1176,1699,2396,2794,,700,476,523,697,398,3408
6204,726,1197,1701,2397,2797,,726,471,504,696,400,3407
6079,702,1133,1571,2277,2700,,702,431,438,706,423,3379
6313,710,1226,1744,2456,2867,,710,516,518,712,411,3446
6284,737,1223,1711,2424,2834,,737,486,488,713,410,3450
6284,713,1200,1714,2426,2836,,713,487,514,712,410,3448
6293,714,1200,1713,2425,2837,,714,486,513,712,412,3456
6178,750,1238,1728,2409,2779,,750,488,490,681,370,3399
6286,715,1191,1698,2407,2836,,715,476,507,709,429,3450
6316,744,1231,1733,2443,2867,,744,487,502,710,424,3449
6319,748,1234,1747,2458,2870,,748,486,513,711,412,3449
6308,736,1223,1736,2448,2860,,736,487,513,712,412,3448
6284,712,1228,1713,2425,2836,,712,516,485,712,411,3448
6282,714,1200,1712,2428,2837,,714,486,512,716,409,3445
6285,713,1202,1713,2425,2837,,713,489,511,712,412,3448
6308,712,1198,1716,2426,2861,,712,486,518,710,435,3447
6286,714,1200,1713,2425,2863,,714,486,513,712,438,3423
6283,739,1225,1713,2426,2836,,739,486,488,713,410,3447
6283,711,1188,1713,2424,2835,,711,477,525,711,411,3448
6243,747,1233,1676,2384,2794,,747,486,443,708,410,3449
6284,714,1201,1713,2426,2836,,714,487,512,713,410,3448
6284,714,1200,1714,2426,2837,,714,486,514,712,411,3447
6234,714,1200,1714,2371,2786,,714,486,514,657,415,3448
6225,713,1198,1711,2372,2785,,713,485,513,661,413,3440
6261,715,1201,1715,2426,2837,,715,486,514,711,411,3424
6263,716,1201,1715,2426,2837,,716,485,514,711,411,3426
6210,716,1202,1715,2406,2789,,716,486,513,691,383,3421
6310,702,1172,1715,2429,2862,,702,470,543,714,433,3448
6250,703,1185,1703,2401,2801,,703,482,518,698,400,3449
6308,703,1174,1660,2404,2866,,703,471,486,744,462,3442
6203,774,1248,1774,2471,2828,,774,474,526,697,357,3375
6056,702,1173,1702,2358,2684,,702,471,529,656,326,3372
6106,702,1178,1701,2356,2739,,702,476,523,655,383,3367
6056,662,1139,1611,2309,2681,,662,477,472,698,372,3375
6032,726,1198,1684,2325,2656,,726,472,486,641,331,3376
6030,729,1226,1684,2324,2657,,729,497,458,640,333,3373
6145,702,1198,1702,2357,2709,,702,496,504,655,352,3436
6195,701,1171,1701,2398,2753,,701,470,530,697,355,3442
6104,703,1135,1613,2309,2724,,703,432,478,696,415,3380
6179,721,1154,1606,2314,2731,,721,433,452,708,417,3448
6390,712,1227,1740,2480,2909,,712,515,513,740,429,3481
6413,712,1253,1737,2480,2913,,712,541,484,743,433,3500
6288,713,1229,1713,2454,2810,,713,516,484,741,356,3478
6383,711,1199,1740,2475,2912,,711,488,541,735,437,3471
6307,707,1194,1707,2420,2830,,707,487,513,713,410,3477
6313,712,1231,1712,2426,2835,,712,519,481,714,409,3478
6282,711,1228,1711,2423,2834,,711,517,483,712,411,3448
6311,711,1198,1714,2423,2834,,711,487,516,709,411,3477
6248,713,1190,1703,2400,2799,,713,477,513,697,399,3449
6310,724,1197,1700,2407,2832,,724,473,503,707,425,3478
6308,742,1251,1738,2450,2861,,742,509,487,712,411,3447
6345,746,1233,1745,2457,2868,,746,487,512,712,411,3477
6362,711,1198,1711,2453,2884,,711,487,513,742,431,3478
6285,739,1205,1712,2425,2836,,739,466,507,713,411,3449
6356,742,1250,1737,2479,2914,,742,508,487,742,435,3442
6337,741,1225,1711,2453,2859,,741,484,486,742,406,3478
6363,742,1227,1712,2453,2886,,742,485,485,741,433,3477
6320,774,1260,1775,2486,2876,,774,486,515,711,390,3444
6170,712,1178,1674,2339,2749,,712,466,496,665,410,3421
6179,702,1173,1660,2365,2775,,702,471,487,705,410,3404
6081,703,1176,1702,2358,2708,,703,473,526,656,350,3373
6057,703,1175,1703,2361,2684,,703,472,528,658,323,3373
6034,727,1199,1685,2323,2656,,727,472,486,638,333,3378
6029,729,1200,1685,2323,2656,,729,471,485,638,333,3373
6069,701,1168,1656,2297,2628,,701,467,488,641,331,3441
6180,704,1176,1702,2399,2797,,704,472,526,697,398,3383
6132,702,1174,1702,2357,2733,,702,472,528,655,376,3399
6089,704,1176,1702,2358,2704,,704,472,526,656,346,3385
6132,684,1165,1694,2392,2759,,684,481,529,698,367,3373
6107,686,1165,1660,2363,2733,,686,479,495,703,370,3374
6004,633,1104,1601,2264,2634,,633,471,497,663,370,3370
6079,702,1174,1701,2357,2708,,702,472,527,656,351,3371
6198,702,1172,1703,2358,2754,,702,470,531,655,396,3444
6309,678,1161,1715,2425,2860,,678,483,554,710,435,3449
6316,745,1228,1714,2427,2863,,745,483,486,713,436,3453
6285,744,1228,1713,2426,2836,,744,484,485,713,410,3449
6261,713,1201,1713,2425,2837,,713,488,512,712,412,3424
6223,715,1180,1690,2363,2777,,715,465,510,673,414,3446
6132,703,1174,1703,2398,2760,,703,471,529,695,362,3372
6134,703,1175,1707,2403,2760,,703,472,532,696,357,3374
6130,662,1140,1700,2397,2757,,662,478,560,697,360,3373
6073,720,1190,1720,2375,2701,,720,470,530,655,326,3372
6088,701,1174,1702,2356,2707,,701,473,528,654,351,3381
6132,703,1176,1702,2400,2757,,703,473,526,698,357,3375
6079,729,1225,1703,2359,2708,,729,496,478,656,349,3371
6079,703,1175,1704,2361,2709,,703,472,529,657,348,3370
6084,702,1173,1701,2356,2707,,702,471,528,655,351,3377
6060,700,1172,1701,2357,2704,,700,472,529,656,347,3356
6056,702,1137,1612,2309,2682,,702,435,475,697,373,3374
6237,703,1200,1703,2362,2788,,703,497,503,659,426,3449
6334,713,1200,1741,2451,2886,,713,487,541,710,435,3448
6331,740,1224,1711,2422,2863,,740,484,487,711,441,3468
6365,744,1283,1766,2477,2888,,744,539,483,711,411,3477
6340,742,1189,1713,2426,2861,,742,447,524,713,435,3479
6314,714,1201,1715,2425,2837,,714,487,514,710,412,3477
6314,713,1200,1714,2425,2836,,713,487,514,711,411,3478
6285,714,1202,1714,2426,2838,,714,488,512,712,412,3447
6314,715,1230,1713,2426,2838,,715,515,483,713,412,3476
6359,736,1223,1735,2448,2885,,736,487,512,713,437,3474
6257,713,1118,1610,2359,2810,,713,405,492,749,451,3447
6211,715,1146,1639,2349,2762,,715,431,493,710,413,3449
6316,715,1201,1716,2427,2838,,715,486,515,711,411,3478
6309,701,1188,1713,2426,2861,,701,487,525,713,435,3448
6335,715,1201,1716,2428,2891,,715,486,515,712,463,3444
6283,715,1200,1714,2427,2836,,715,485,514,713,409,3447
6151,713,1201,1707,2402,2786,,713,488,506,695,384,3365
6167,713,1180,1689,2376,2762,,713,467,509,687,386,3405
6183,701,1173,1699,2397,2800,,701,472,526,698,403,3383
6053,702,1174,1703,2342,2682,,702,472,529,639,340,3371
6107,703,1176,1704,2361,2736,,703,473,528,657,375,3371
6285,704,1157,1714,2426,2837,,704,453,557,712,411,3448
6313,714,1201,1718,2427,2836,,714,487,517,709,409,3477
6264,714,1200,1713,2371,2787,,714,486,513,658,416,3477
6310,631,1167,1713,2426,2861,,631,536,546,713,435,3449
6308,738,1225,1742,2453,2861,,738,487,517,711,408,3447
6315,713,1229,1713,2425,2836,,713,516,484,712,411,3479
6364,717,1255,1737,2451,2890,,717,538,482,714,439,3474
6349,749,1263,1748,2462,2871,,749,514,485,714,409,3478
6234,705,1200,1695,2379,2787,,705,495,495,684,408,3447
6218,683,1161,1700,2357,2776,,683,478,539,657,419,3442
6235,701,1149,1641,2350,2792,,701,448,492,709,442,3443
6260,661,1151,1667,2378,2813,,661,490,516,711,435,3447
6289,713,1200,1714,2427,2812,,713,487,514,713,385,3477
6234,714,1201,1742,2431,2812,,714,487,541,689,381,3422
6286,716,1202,1716,2427,2838,,716,486,514,711,411,3448
6314,715,1230,1713,2426,2836,,715,515,483,713,410,3478
6314,742,1226,1714,2426,2836,,742,484,488,712,410,3478
6424,802,1285,1773,2515,2947,,802,483,488,742,432,3477
6211,715,1178,1693,2377,2763,,715,463,515,684,386,3448
6147,701,1185,1727,2375,2723,,701,484,542,648,348,3424
6211,701,1133,1553,2317,2735,,701,432,420,764,418,3476
6308,711,1196,1709,2422,2831,,711,485,513,713,409,3477
6309,713,1200,1741,2452,2865,,713,487,541,711,413,3444
6233,744,1184,1714,2425,2815,,744,440,530,711,390,3418
6359,714,1232,1713,2426,2892,,714,518,481,713,466,3467
6309,714,1201,1715,2427,2861,,714,487,514,712,434,3448
6335,743,1255,1767,2476,2862,,743,512,512,709,386,3473
6311,738,1223,1711,2424,2835,,738,485,488,713,411,3476
6369,774,1284,1797,2507,2886,,774,510,513,710,379,3483
6139,704,1215,1660,2311,2659,,704,511,445,651,348,3480
6221,743,1226,1660,2363,2776,,743,483,434,703,413,3445
6080,663,1138,1609,2304,2700,,663,475,471,695,396,3380
6196,702,1173,1701,2358,2751,,702,471,528,657,393,3445
6339,713,1199,1717,2454,2861,,713,486,518,737,407,3478
6363,714,1200,1714,2455,2891,,714,486,514,741,436,3472
6364,741,1223,1741,2479,2885,,741,482,518,738,406,3479
6197,742,1206,1702,2401,2802,,742,464,496,699,401,3395
6118,736,1208,1734,2392,2737,,736,472,526,658,345,3381
6094,702,1132,1552,2317,2661,,702,430,420,765,344,3433
6012,664,1137,1610,2277,2658,,664,473,473,667,381,3354
6107,727,1224,1703,2361,2730,,727,497,479,658,369,3377
6030,700,1094,1564,2275,2654,,700,394,470,711,379,3376
6189,664,1096,1587,2297,2712,,664,432,491,710,415,3477
6285,713,1229,1701,2412,2837,,713,516,472,711,425,3448
6362,715,1202,1744,2481,2913,,715,487,542,737,432,3449
6336,715,1203,1714,2455,2892,,715,488,511,741,437,3444
6365,714,1201,1714,2456,2888,,714,487,513,742,432,3477
6411,766,1251,1765,2504,2934,,766,485,514,739,430,3477
6246,773,1260,1803,2434,2786,,773,487,543,631,352,3460
6222,701,1171,1745,2417,2775,,701,470,574,672,358,3447
6204,704,1179,1706,2404,2798,,704,475,527,698,394,3406
6210,702,1130,1624,2339,2762,,702,428,494,715,423,3448
6361,714,1201,1743,2454,2893,,714,487,542,711,439,3468
6263,720,1205,1713,2425,2836,,720,485,508,712,411,3427
6358,715,1256,1768,2478,2912,,715,541,512,710,434,3446
6389,713,1201,1743,2482,2918,,713,488,542,739,436,3471
6339,714,1201,1743,2453,2864,,714,487,542,710,411,3475
6262,717,1201,1714,2426,2837,,717,484,513,712,411,3425
6213,701,1185,1713,2347,2737,,701,484,528,634,390,3476
6148,701,1164,1674,2378,2722,,701,463,510,704,344,3426
6179,702,1200,1702,2358,2776,,702,498,502,656,418,3403
6337,703,1156,1744,2478,2889,,703,453,588,734,411,3448
6334,713,1230,1714,2454,2886,,713,517,484,740,432,3448
6263,743,1227,1713,2427,2837,,743,484,486,714,410,3426
6389,714,1202,1715,2457,2916,,714,488,513,742,459,3473
6384,714,1233,1746,2485,2939,,714,519,513,739,454,3445
6363,713,1201,1742,2451,2887,,713,488,541,709,436,3476
6264,714,1201,1714,2427,2837,,714,487,513,713,410,3427
6161,713,1125,1642,2330,2713,,713,412,517,688,383,3448
6147,702,1152,1623,2328,2713,,702,450,471,705,385,3434
6123,702,1199,1704,2402,2753,,702,497,505,698,351,3370
6032,702,1133,1534,2277,2658,,702,431,401,743,381,3374
6061,702,1174,1703,2357,2683,,702,472,529,654,326,3378
6262,699,1127,1620,2336,2788,,699,428,493,716,452,3474
6364,744,1230,1714,2455,2886,,744,486,484,741,431,3478
6337,714,1201,1713,2427,2863,,714,487,512,714,436,3474
6341,714,1200,1713,2427,2866,,714,486,513,714,439,3475
6150,695,1144,1613,2332,2732,,695,449,469,719,400,3418
6172,714,1144,1615,2313,2725,,714,430,471,698,412,3447
6170,702,1175,1702,2398,2771,,702,473,527,696,373,3399
6125,703,1175,1702,2358,2746,,703,472,527,656,388,3379
6217,703,1133,1568,2290,2742,,703,430,435,722,452,3475
6310,715,1230,1744,2454,2862,,715,515,514,710,408,3448
6272,713,1168,1704,2401,2825,,713,455,536,697,424,3447
6514,789,1305,1819,2557,3016,,789,516,514,738,459,3498
6285,714,1230,1714,2427,2837,,714,516,484,713,410,3448
6307,713,1200,1697,2438,2862,,713,487,497,741,424,3445
6335,715,1201,1714,2456,2891,,715,486,513,742,435,3444
6145,681,1147,1591,2288,2699,,681,466,444,697,411,3446
6128,702,1199,1702,2399,2753,,702,497,503,697,354,3375
6079,729,1202,1702,2357,2711,,729,473,500,655,354,3368
6048,703,1200,1703,2352,2679,,703,497,503,649,327,3369
6215,705,1137,1590,2209,2743,,705,432,453,619,534,3472
6197,715,1231,1634,2340,2752,,715,516,403,706,412,3445
6132,702,1175,1702,2399,2754,,702,473,527,697,355,3378
6055,702,1174,1703,2360,2684,,702,472,529,657,324,3371
6056,701,1173,1702,2357,2682,,701,472,529,655,325,3374
6290,687,1206,1711,2402,2813,,687,519,505,691,411,3477
6236,745,1254,1739,2451,2789,,745,509,485,712,338,3447
6172,714,1179,1691,2377,2747,,714,465,512,686,370,3425
6139,704,1177,1704,2403,2757,,704,473,527,699,354,3382
6082,704,1176,1704,2361,2710,,704,472,528,657,349,3372
6079,703,1176,1702,2360,2713,,703,473,526,658,353,3366
6031,663,1119,1602,2303,2657,,663,456,483,701,354,3374
6120,704,1176,1703,2359,2683,,704,472,527,656,324,3437
6077,699,1172,1700,2354,2706,,699,473,528,654,352,3371
6061,704,1174,1703,2357,2684,,704,470,529,654,327,3377
6123,653,1166,1659,2312,2675,,653,513,493,653,363,3448
6101,722,1167,1640,2347,2702,,722,445,473,707,355,3399
6098,702,1175,1707,2364,2723,,702,473,532,657,359,3375
6084,704,1176,1703,2359,2709,,704,472,527,656,350,3375
6077,701,1196,1702,2360,2709,,701,495,506,658,349,3368
6075,704,1177,1703,2360,2718,,704,473,526,657,358,3357
6007,664,1141,1612,2269,2635,,664,477,471,657,366,3372
6340,678,1164,1714,2427,2862,,678,486,550,713,435,3478
6340,715,1231,1743,2455,2862,,715,516,512,712,407,3478
6389,743,1228,1714,2456,2916,,743,485,486,742,460,3473
6247,715,1183,1690,2401,2823,,715,468,507,711,422,3424
6190,728,1142,1655,2361,2711,,728,414,513,706,350,3479
6174,714,1180,1654,2352,2751,,714,466,474,698,399,3423
6137,704,1201,1704,2401,2757,,704,497,503,697,356,3380
6073,702,1173,1702,2371,2705,,702,471,529,669,334,3368
6060,706,1202,1703,2358,2685,,706,496,501,655,327,3375
6079,703,1158,1704,2359,2710,,703,455,546,655,351,3369
6031,675,1151,1632,2287,2659,,675,476,481,655,372,3372
6029,727,1199,1684,2323,2658,,727,472,485,639,335,3371
6120,703,1197,1702,2332,2682,,703,494,505,630,350,3438
6134,702,1189,1702,2367,2734,,702,487,513,665,367,3400
6153,724,1220,1687,2385,2755,,724,496,467,698,370,3398
6135,703,1175,1707,2374,2733,,703,472,532,667,359,3402
6086,702,1172,1703,2357,2705,,702,470,531,654,348,3381
6054,704,1176,1701,2357,2687,,704,472,525,656,330,3367
6060,704,1176,1702,2356,2685,,704,472,526,654,329,3375
5948,663,1098,1578,2230,2552,,663,435,480,652,322,3396
6215,662,1089,1602,2314,2737,,662,427,513,712,423,3478
6397,748,1233,1747,2458,2897,,748,485,514,711,439,3500
6309,716,1230,1715,2455,2862,,716,514,485,740,407,3447
6143,711,1145,1572,2221,2697,,711,434,427,649,476,3446
6255,735,1208,1710,2407,2809,,735,473,502,697,402,3446
6175,703,1176,1702,2358,2727,,703,473,526,656,369,3448
6260,743,1226,1714,2427,2819,,743,483,488,713,392,3441
6290,714,1201,1693,2429,2817,,714,487,492,736,388,3473
6315,714,1201,1714,2403,2842,,714,487,513,689,439,3473
6310,714,1180,1689,2432,2862,,714,466,509,743,430,3448
6368,715,1228,1745,2456,2887,,715,513,517,711,431,3481
6342,776,1288,1772,2485,2894,,776,512,484,713,409,3448
6157,740,1214,1703,2399,2800,,740,474,489,696,401,3357
6035,662,1099,1554,2280,2662,,662,437,455,726,382,3373
6084,738,1210,1739,2388,2730,,738,472,529,649,342,3354
6202,703,1176,1703,2371,2754,,703,473,527,668,383,3448
6310,714,1202,1715,2427,2866,,714,488,513,712,439,3444
6236,715,1231,1740,2450,2794,,715,516,509,710,344,3442
6291,741,1259,1741,2433,2814,,741,518,482,692,381,3477
6164,646,1050,1541,2291,2714,,646,404,491,750,423,3450
6283,713,1200,1713,2454,2836,,713,487,513,741,382,3447
6267,718,1203,1717,2427,2839,,718,485,514,710,412,3428
6231,715,1204,1715,2427,2816,,715,489,511,712,389,3415
6018,716,1202,1657,2301,2649,,716,486,455,644,348,3369
6201,687,1126,1583,2303,2725,,687,439,457,720,422,3476
6201,771,1256,1694,2345,2755,,771,485,438,651,410,3446
6136,704,1175,1702,2400,2759,,704,471,527,698,359,3377
6196,702,1174,1707,2374,2752,,702,472,533,667,378,3444
6339,742,1255,1739,2452,2866,,742,513,484,713,414,3473
6315,715,1201,1714,2427,2837,,715,486,513,713,410,3478
6364,714,1229,1741,2452,2887,,714,515,512,711,435,3477
6205,752,1249,1751,2450,2829,,752,497,502,699,379,3376
6082,703,1176,1704,2361,2710,,703,473,528,657,349,3372
6087,706,1177,1705,2362,2712,,706,471,528,657,350,3375
6068,737,1167,1611,2295,2691,,737,430,444,684,396,3377
6084,698,1170,1699,2354,2708,,698,472,529,655,354,3376
6083,703,1200,1703,2359,2710,,703,497,503,656,351,3373
6061,702,1175,1703,2357,2684,,702,473,528,654,327,3377
6085,703,1174,1704,2361,2709,,703,471,530,657,348,3376
6211,705,1136,1559,2321,2767,,705,431,423,762,446,3444
6341,716,1203,1746,2454,2864,,716,487,543,708,410,3477
6312,712,1228,1712,2424,2835,,712,516,484,712,411,3477
6338,714,1202,1746,2456,2862,,714,488,544,710,406,3476
6148,715,1202,1680,2338,2709,,715,487,478,658,371,3439
6109,736,1207,1738,2392,2755,,736,471,531,654,363,3354
6092,704,1202,1706,2363,2721,,704,498,504,657,358,3371
6059,703,1173,1702,2358,2684,,703,470,529,656,326,3375
6062,703,1175,1703,2360,2688,,703,472,528,657,328,3374
6060,705,1177,1704,2360,2686,,705,472,527,656,326,3374
6047,703,1175,1703,2351,2680,,703,472,528,648,329,3367
6074,704,1175,1704,2362,2699,,704,471,529,658,337,3375
6078,703,1177,1703,2362,2710,,703,474,526,659,348,3368
6048,705,1178,1702,2350,2679,,705,473,524,648,329,3369
6086,706,1178,1704,2361,2713,,706,472,526,657,352,3373
6161,765,1237,1764,2427,2788,,765,472,527,663,361,3373
6090,705,1176,1704,2362,2710,,705,471,528,658,348,3380
6059,703,1199,1704,2361,2686,,703,496,505,657,325,3373
6133,703,1175,1704,2361,2734,,703,472,529,657,373,3399
6214,704,1200,1703,2330,2727,,704,496,503,627,397,3487
6247,714,1205,1717,2427,2805,,714,491,512,710,378,3442
6261,702,1173,1680,2369,2817,,702,471,507,689,448,3444
6315,714,1203,1715,2426,2837,,714,489,512,711,411,3478
6155,714,1148,1630,2328,2727,,714,434,482,698,399,3428
6183,726,1210,1713,2356,2733,,726,484,503,643,377,3450
6278,736,1247,1736,2425,2812,,736,511,489,689,387,3466
6186,714,1202,1714,2348,2737,,714,488,512,634,389,3449
6337,717,1203,1747,2456,2864,,717,486,544,709,408,3473
6313,735,1222,1710,2423,2834,,735,487,488,713,411,3479
6213,715,1202,1636,2352,2793,,715,487,434,716,441,3420
6170,717,1233,1694,2377,2764,,717,516,461,683,387,3406
6142,705,1178,1704,2401,2750,,705,473,526,697,349,3392
6006,669,1141,1613,2271,2634,,669,472,472,658,363,3372
6078,702,1175,1703,2361,2707,,702,473,528,658,346,3371
6043,704,1177,1660,2329,2662,,704,473,483,669,333,3381
6026,702,1131,1533,2278,2658,,702,429,402,745,380,3368
6091,705,1175,1704,2360,2706,,705,470,529,656,346,3385
6085,704,1179,1704,2360,2709,,704,475,525,656,349,3376
6087,705,1177,1706,2362,2709,,705,472,529,656,347,3378
6059,702,1174,1702,2357,2683,,702,472,528,655,326,3376
6210,704,1174,1645,2353,2763,,704,470,471,708,410,3447
6311,714,1201,1714,2455,2864,,714,487,513,741,409,3447
6416,719,1232,1740,2483,2943,,719,513,508,743,460,3473
6310,716,1202,1715,2428,2867,,716,486,513,713,439,3443
6212,716,1203,1716,2457,2774,,716,487,513,741,317,3438
6166,716,1203,1719,2410,2778,,716,487,516,691,368,3388
6142,704,1177,1704,2401,2759,,704,473,527,697,358,3383
6122,704,1177,1704,2363,2730,,704,473,527,659,367,3392
6086,705,1178,1704,2359,2708,,705,473,526,655,349,3378
6060,703,1174,1705,2361,2686,,703,471,531,656,325,3374
6215,704,1136,1589,2298,2744,,704,432,453,709,446,3471
6286,714,1226,1713,2426,2838,,714,512,487,713,412,3448
6286,744,1230,1718,2429,2838,,744,486,488,711,409,3448
6257,742,1227,1744,2434,2833,,742,485,517,690,399,3424
6299,716,1202,1744,2454,2855,,716,486,542,710,401,3444
6245,702,1173,1678,2416,2801,,702,471,505,738,385,3444
6210,703,1175,1704,2402,2797,,703,472,529,698,395,3413
6082,702,1174,1703,2360,2710,,702,472,529,657,350,3372
6087,705,1175,1702,2358,2710,,705,470,527,656,352,3377
6058,703,1175,1703,2358,2684,,703,472,528,655,326,3374
6107,702,1173,1660,2364,2734,,702,471,487,704,370,3373
6068,705,1176,1704,2359,2685,,705,471,528,655,326,3383
6032,704,1122,1593,2289,2660,,704,418,471,696,371,3372
6080,704,1175,1704,2359,2709,,704,471,529,655,350,3371
6059,701,1171,1701,2356,2681,,701,470,530,655,325,3378
6137,703,1198,1702,2397,2760,,703,495,504,695,363,3377
6086,702,1172,1705,2359,2710,,702,470,533,654,351,3376
6057,703,1199,1705,2358,2685,,703,496,506,653,327,3372
6013,704,1136,1613,2267,2635,,704,432,477,654,368,3378
6175,703,1178,1703,2360,2752,,703,475,525,657,392,3423
6236,715,1202,1715,2375,2788,,715,487,513,660,413,3448
6365,716,1230,1745,2454,2893,,716,514,515,709,439,3472
6313,717,1207,1714,2456,2862,,717,490,507,742,406,3451
6364,714,1201,1738,2451,2886,,714,487,537,713,435,3478
6299,744,1232,1715,2459,2855,,744,488,483,744,396,3444
6154,707,1180,1706,2404,2759,,707,473,526,698,355,3395
6114,704,1201,1704,2361,2731,,704,497,503,657,370,3383
6116,739,1235,1738,2396,2743,,739,496,503,658,347,3373
6087,704,1177,1704,2360,2708,,704,473,527,656,348,3379
6084,703,1175,1702,2359,2710,,703,472,527,657,351,3374
6265,703,1130,1626,2369,2787,,703,427,496,743,418,3478
6340,744,1229,1715,2427,2869,,744,485,486,712,442,3471
6391,715,1202,1743,2483,2913,,715,487,541,740,430,3478
6308,713,1199,1712,2454,2861,,713,486,513,742,407,3447
6261,713,1205,1717,2426,2816,,713,492,512,709,390,3445
6227,705,1189,1718,2408,2774,,705,484,529,690,366,3453
6137,704,1177,1704,2401,2757,,704,473,527,697,356,3380
6082,704,1176,1703,2359,2710,,704,472,527,656,351,3372
6148,704,1177,1704,2361,2709,,704,473,527,657,348,3439
6084,705,1201,1704,2360,2711,,705,496,503,656,351,3373
6162,704,1135,1588,2296,2713,,704,431,453,708,417,3449
6317,716,1203,1716,2427,2839,,716,487,513,711,412,3478
6282,712,1228,1707,2424,2834,,712,516,479,717,410,3448
6390,718,1203,1747,2485,2914,,718,485,544,738,429,3476
6291,716,1202,1715,2427,2817,,716,486,513,712,390,3474
6274,716,1231,1743,2452,2831,,716,515,512,709,379,3443
6228,735,1206,1736,2433,2832,,735,471,530,697,399,3396
6077,704,1176,1705,2360,2710,,704,472,529,655,350,3367
5937,703,1133,1546,2211,2543,,703,430,413,665,332,3394
5960,703,1131,1547,2211,2545,,703,428,416,664,334,3415
5956,702,1133,1544,2218,2546,,702,431,411,674,328,3410
5890,703,1134,1546,2186,2519,,703,431,412,640,333,3371
5955,703,1131,1549,2219,2546,,703,428,418,670,327,3409
6005,705,1160,1639,2273,2635,,705,455,479,634,362,3370
5963,704,1134,1547,2212,2545,,704,430,413,665,333,3418
6133,664,1151,1638,2318,2715,,664,487,487,680,397,3418
6293,714,1200,1713,2426,2838,,714,486,513,713,412,3455
6327,712,1199,1710,2453,2884,,712,487,511,743,431,3443
6285,716,1204,1715,2428,2838,,716,488,511,713,410,3447
6186,664,1153,1641,2351,2742,,664,489,488,710,391,3444
6263,716,1228,1715,2391,2813,,716,512,487,676,422,3450
6311,716,1205,1717,2428,2864,,716,489,512,711,436,3447
6286,717,1204,1717,2427,2838,,717,487,513,710,411,3448
6154,740,1149,1615,2323,2738,,740,409,466,708,415,3416
6172,717,1204,1696,2379,2765,,717,487,492,683,386,3407
6237,667,1185,1706,2357,2791,,667,518,521,651,434,3446
6338,746,1255,1739,2481,2888,,746,509,484,742,407,3450
6316,716,1202,1715,2427,2839,,716,486,513,712,412,3477
6285,717,1226,1715,2427,2837,,717,509,489,712,410,3448
6249,716,1202,1681,2400,2802,,716,486,479,719,402,3447
5979,702,1174,1662,2299,2619,,702,472,488,637,320,3360
5945,704,1133,1548,2213,2547,,704,429,415,665,334,3398
5954,703,1132,1548,2217,2544,,703,429,416,669,327,3410
5931,664,1097,1512,2212,2559,,664,433,415,700,347,3372
6118,657,1078,1526,2268,2694,,657,421,448,742,426,3424
6212,716,1204,1716,2408,2789,,716,488,512,692,381,3423
6286,716,1203,1716,2429,2839,,716,487,513,713,410,3447
6319,749,1235,1749,2460,2872,,749,486,514,711,412,3447
6282,715,1201,1714,2426,2837,,715,486,513,712,411,3445
6309,715,1201,1693,2431,2867,,715,486,492,738,436,3442
6084,714,1201,1645,2344,2712,,714,487,444,699,368,3372
6017,702,1132,1545,2210,2547,,702,430,413,665,337,3470
5833,666,1076,1488,2135,2476,,666,410,412,647,341,3357
5958,705,1134,1548,2212,2547,,705,429,414,664,335,3411
5960,664,1096,1512,2210,2544,,664,432,416,698,334,3416
5960,705,1143,1571,2216,2547,,705,438,428,645,331,3413
6008,706,1161,1639,2275,2632,,706,455,478,636,357,3376
5954,703,1132,1546,2212,2546,,703,429,414,666,334,3408
6009,703,1158,1635,2272,2630,,703,455,477,637,358,3379
5962,704,1131,1546,2212,2545,,704,427,415,666,333,3417
5931,704,1137,1545,2215,2545,,704,433,408,670,330,3386
5944,707,1136,1549,2211,2545,,707,429,413,662,334,3399
5930,664,1097,1511,2211,2549,,664,433,414,700,338,3381
5956,665,1098,1513,2213,2546,,665,433,415,700,333,3410
6086,704,1176,1703,2358,2709,,704,472,527,655,351,3377
6161,664,1083,1550,2276,2711,,664,419,467,726,435,3450
6285,715,1202,1715,2428,2839,,715,487,513,713,411,3446
6286,715,1202,1715,2428,2838,,715,487,513,713,410,3448
6310,713,1228,1716,2426,2836,,713,515,488,710,410,3474
6272,741,1255,1738,2430,2822,,741,514,483,692,392,3450
6077,703,1176,1702,2361,2709,,703,473,526,659,348,3368
6034,725,1222,1684,2322,2654,,725,497,462,638,332,3380
6022,725,1198,1682,2321,2668,,725,473,484,639,347,3354
6081,706,1201,1702,2334,2684,,706,495,501,632,350,3397
6193,704,1176,1705,2401,2803,,704,472,529,696,402,3390
6100,705,1180,1705,2360,2725,,705,475,525,655,365,3375
5960,706,1138,1549,2213,2546,,706,432,411,664,333,3414
5930,704,1137,1548,2211,2545,,704,433,411,663,334,3385
5932,703,1133,1546,2212,2544,,703,430,413,666,332,3388
6284,744,1255,1768,2480,2866,,744,511,513,712,386,3418
6189,746,1230,1696,2333,2741,,746,484,466,637,408,3448
6286,715,1203,1714,2427,2837,,715,488,511,713,410,3449
6159,716,1202,1694,2378,2730,,716,486,492,684,352,3429
6286,715,1202,1715,2427,2838,,715,487,513,712,411,3448
6156,714,1201,1714,2348,2738,,714,487,513,634,390,3418
6161,646,1051,1529,2290,2703,,646,405,478,761,413,3458
6286,716,1202,1715,2428,2838,,716,486,513,713,410,3448
6312,717,1203,1715,2429,2866,,717,486,512,714,437,3446
6335,716,1202,1715,2458,2889,,716,486,513,743,431,3446
6112,715,1203,1715,2349,2679,,715,488,512,634,330,3433
6263,716,1203,1717,2427,2819,,716,487,514,710,392,3444
6334,715,1203,1716,2459,2888,,715,488,513,743,429,3446
6062,717,1202,1638,2268,2629,,717,485,436,630,361,3433
6265,718,1203,1715,2428,2839,,718,485,512,713,411,3426
6184,717,1205,1695,2380,2764,,717,488,490,685,384,3420
6287,718,1204,1718,2429,2841,,718,486,514,711,412,3446
6314,716,1204,1717,2429,2838,,716,488,513,712,409,3476
6286,716,1203,1715,2428,2839,,716,487,512,713,411,3447
6292,718,1205,1716,2429,2840,,718,487,511,713,411,3452
6213,716,1203,1718,2428,2760,,716,487,515,710,332,3453
6316,718,1204,1721,2432,2841,,718,486,517,711,409,3475
6258,743,1225,1742,2479,2867,,743,482,517,737,388,3391
6110,716,1203,1637,2270,2688,,716,487,434,633,418,3422
6236,716,1203,1716,2428,2819,,716,487,513,712,391,3417
6173,717,1203,1695,2379,2765,,717,486,492,684,386,3408
6210,706,1137,1592,2312,2769,,706,431,455,720,457,3441
6284,715,1201,1714,2427,2838,,715,486,513,713,411,3446
6286,716,1202,1715,2428,2839,,716,486,513,713,411,3447
6336,715,1203,1715,2457,2889,,715,488,512,742,432,3447
6286,715,1201,1714,2427,2839,,715,486,513,713,412,3447
6312,716,1203,1716,2429,2864,,716,487,513,713,435,3448
6326,732,1219,1731,2443,2879,,732,487,512,712,436,3447
6262,718,1203,1717,2429,2818,,718,485,514,712,389,3444
6286,716,1202,1715,2427,2839,,716,486,513,712,412,3447
6254,712,1200,1712,2424,2820,,712,488,512,712,396,3434
6185,745,1228,1685,2320,2738,,745,483,457,635,418,3447
6308,715,1202,1714,2427,2862,,715,487,512,713,435,3446
6286,716,1203,1716,2428,2838,,716,487,513,712,410,3448
6285,716,1202,1715,2427,2837,,716,486,513,712,410,3448
6291,717,1203,1717,2428,2839,,717,486,514,711,411,3452
6311,718,1233,1714,2432,2864,,718,515,481,718,432,3447
6267,716,1203,1715,2428,2838,,716,487,512,713,410,3429
6264,717,1203,1716,2428,2818,,717,486,513,712,390,3446
6335,744,1254,1739,2452,2888,,744,510,485,713,436,3447
6079,716,1161,1601,2275,2697,,716,445,440,674,422,3382
6118,703,1142,1605,2278,2700,,703,439,463,673,422,3418
6093,701,1165,1604,2276,2699,,701,464,439,672,423,3394
6290,748,1233,1718,2433,2841,,748,485,485,715,408,3449
6313,717,1204,1717,2429,2865,,717,487,513,712,436,3448
6263,747,1232,1716,2432,2819,,747,485,484,716,387,3444
6313,717,1204,1718,2430,2866,,717,487,514,712,436,3447
6291,718,1204,1717,2430,2806,,718,486,513,713,376,3485
6367,716,1202,1749,2443,2893,,716,486,547,694,450,3474
6294,735,1207,1736,2434,2832,,735,472,529,698,398,3462
6212,706,1178,1706,2404,2799,,706,472,528,698,395,3413
6070,705,1136,1572,2280,2658,,705,431,436,708,378,3412
6227,725,1197,1704,2400,2799,,725,472,507,696,399,3428
6207,705,1177,1704,2401,2824,,705,472,527,697,423,3383
6209,705,1177,1705,2401,2804,,705,472,528,696,403,3405
6160,704,1176,1704,2400,2767,,704,472,528,696,367,3393
6138,705,1178,1663,2317,2681,,705,473,485,654,364,3457
6285,715,1202,1716,2427,2839,,715,487,514,711,412,3446
6293,716,1234,1716,2430,2818,,716,518,482,714,388,3475
6366,718,1232,1746,2455,2892,,718,514,514,709,437,3474
6249,715,1231,1697,2404,2821,,715,516,466,707,417,3428
6270,706,1202,1660,2378,2820,,706,496,458,718,442,3450
6350,744,1227,1743,2452,2888,,744,483,516,709,436,3462
6316,745,1256,1743,2456,2868,,745,511,487,713,412,3448
6286,716,1203,1715,2427,2837,,716,487,512,712,410,3449
6210,714,1201,1694,2376,2763,,714,487,493,682,387,3447
6170,716,1202,1693,2378,2763,,716,486,491,685,385,3407
6208,705,1176,1704,2401,2799,,705,471,528,697,398,3409
6141,736,1207,1734,2393,2762,,736,471,527,659,369,3379
6135,704,1175,1704,2403,2760,,704,471,529,699,357,3375
6136,705,1176,1704,2402,2758,,705,471,528,698,356,3378
6192,707,1139,1575,2226,2714,,707,432,436,651,488,3478
6334,713,1201,1714,2455,2887,,713,488,513,741,432,3447
6312,717,1203,1716,2457,2863,,717,486,513,741,406,3449
6415,740,1256,1769,2506,2938,,740,516,513,737,432,3477
6225,715,1203,1715,2408,2799,,715,488,512,693,391,3426
6234,705,1175,1704,2413,2824,,705,470,529,709,411,3410
6086,705,1177,1703,2359,2708,,705,472,526,656,349,3378
6086,706,1180,1707,2363,2711,,706,474,527,656,348,3375
6058,707,1181,1708,2363,2688,,707,474,527,655,325,3370
6085,705,1177,1710,2376,2713,,705,472,533,666,337,3372
6008,705,1134,1571,2240,2640,,705,429,437,669,400,3368
6160,732,1229,1732,2429,2786,,732,497,503,697,357,3374
6257,738,1236,1736,2434,2832,,738,498,500,698,398,3425
6180,707,1179,1706,2403,2800,,707,472,527,697,397,3380
6085,702,1174,1705,2361,2711,,702,472,531,656,350,3374
6076,705,1176,1704,2362,2712,,705,471,528,658,350,3364
6005,704,1177,1665,2300,2633,,704,473,488,635,333,3372
6071,703,1173,1661,2303,2638,,703,470,488,642,335,3433
6032,706,1176,1639,2274,2633,,706,470,463,635,359,3399
6085,705,1161,1662,2326,2724,,705,456,501,664,398,3361
6031,706,1177,1664,2327,2665,,706,471,487,663,338,3366
6109,733,1229,1733,2387,2737,,733,496,504,654,350,3372
6231,727,1199,1725,2423,2821,,727,472,526,698,398,3410
6226,707,1179,1706,2403,2799,,707,472,527,697,396,3427
6139,703,1198,1703,2401,2756,,703,495,505,698,355,3383
6113,706,1204,1703,2358,2732,,706,498,499,655,374,3381
6082,704,1200,1704,2359,2711,,704,496,504,655,352,3371
6062,707,1178,1706,2361,2688,,707,471,528,655,327,3374
6058,706,1178,1704,2359,2687,,706,472,526,655,328,3371
6037,705,1177,1664,2324,2662,,705,472,487,660,338,3375
6025,705,1175,1663,2327,2662,,705,470,488,664,335,3363
6084,734,1205,1731,2389,2713,,734,471,526,658,324,3371
6214,741,1224,1736,2431,2831,,741,483,512,695,400,3383
6225,708,1180,1705,2402,2801,,708,472,525,697,399,3424
6140,707,1178,1705,2403,2759,,707,471,527,698,356,3381
6089,706,1177,1705,2360,2708,,706,471,528,655,348,3381
6082,704,1175,1704,2359,2711,,704,471,529,655,352,3371
6084,704,1174,1705,2361,2710,,704,470,531,656,349,3374
6015,704,1175,1661,2277,2633,,704,471,486,616,356,3382
6072,730,1225,1732,2382,2706,,730,495,507,650,324,3366
6089,732,1204,1733,2348,2714,,732,472,529,615,366,3375
6108,732,1230,1736,2401,2740,,732,498,506,665,339,3368
6282,738,1210,1740,2437,2832,,738,472,530,697,395,3450
5956,703,1175,1702,2320,2626,,703,472,527,618,306,3330
6137,702,1174,1703,2400,2757,,702,472,529,697,357,3380
6108,702,1174,1703,2362,2732,,702,472,529,659,370,3376
6084,701,1171,1702,2354,2708,,701,470,531,652,354,3376
6061,707,1177,1705,2362,2687,,707,470,528,657,325,3374
6060,705,1179,1704,2358,2687,,705,474,525,654,329,3373
6111,730,1202,1729,2382,2735,,730,472,527,653,353,3376
6174,706,1179,1683,2353,2769,,706,473,504,670,416,3405
6284,741,1228,1741,2452,2863,,741,487,513,711,411,3421
6312,717,1207,1745,2455,2864,,717,490,538,710,409,3448
6312,718,1234,1746,2456,2864,,718,516,512,710,408,3448
6236,744,1255,1742,2452,2784,,744,511,487,710,332,3452
6237,717,1207,1691,2378,2789,,717,490,484,687,411,3448
6288,716,1204,1715,2429,2840,,716,488,511,714,411,3448
6316,715,1202,1714,2426,2838,,715,487,512,712,412,3478
6193,716,1202,1715,2407,2773,,716,486,513,692,366,3420
5853,679,1095,1511,2155,2495,,679,416,416,644,340,3358
6010,705,1202,1665,2305,2641,,705,497,463,640,336,3369
6132,731,1229,1731,2431,2760,,731,498,502,700,329,3372
6284,764,1261,1764,2461,2860,,764,497,503,697,399,3424
6250,707,1180,1705,2402,2800,,707,473,525,697,398,3450
6135,703,1173,1703,2400,2755,,703,470,530,697,355,3380
6105,705,1177,1706,2361,2735,,705,472,529,655,374,3370
6080,707,1206,1706,2363,2713,,707,499,500,657,350,3367
6117,736,1234,1736,2391,2742,,736,498,502,655,351,3375
6084,706,1177,1706,2361,2712,,706,471,529,655,351,3372
6121,739,1210,1739,2395,2745,,739,471,529,656,350,3376
6011,705,1178,1663,2301,2637,,705,473,485,638,336,3374
6109,732,1205,1733,2386,2738,,732,473,528,653,352,3371
6226,704,1178,1704,2400,2798,,704,474,526,696,398,3428
6241,720,1191,1724,2419,2816,,720,471,533,695,397,3425
6163,735,1218,1733,2429,2784,,735,483,515,696,355,3379
6113,710,1192,1705,2358,2732,,710,482,513,653,374,3381
6084,704,1177,1704,2360,2730,,704,473,527,656,370,3354
6085,704,1176,1705,2360,2710,,704,472,529,655,350,3375
6125,706,1177,1706,2383,2753,,706,471,529,677,370,3372
6010,705,1202,1665,2303,2634,,705,497,463,638,331,3376
6081,731,1202,1690,2330,2673,,731,471,488,640,343,3408
6067,719,1191,1664,2324,2698,,719,472,473,660,374,3369
6207,705,1178,1706,2402,2799,,705,473,528,696,397,3408
5958,705,1178,1704,2321,2628,,705,473,526,617,307,3330
6152,727,1198,1728,2427,2793,,727,471,530,699,366,3359
6092,706,1178,1707,2362,2708,,706,472,529,655,346,3384
6058,706,1202,1706,2363,2687,,706,496,504,657,324,3371
6114,736,1208,1738,2394,2741,,736,472,530,656,347,3373
6067,704,1176,1704,2357,2685,,704,472,528,653,328,3382
6215,767,1214,1697,2406,2773,,767,447,483,709,367,3442
6396,751,1267,1780,2517,2948,,751,516,513,737,431,3448
6159,732,1204,1730,2426,2784,,732,472,526,696,358,3375
6224,706,1177,1705,2400,2799,,706,471,528,695,399,3425
6251,707,1179,1707,2405,2800,,707,472,528,698,395,3451
6174,741,1215,1742,2439,2795,,741,474,527,697,356,3379
6060,705,1181,1662,2326,2691,,705,476,481,664,365,3369
6170,706,1178,1706,2361,2733,,706,472,528,655,372,3437
6120,741,1214,1741,2397,2746,,741,473,527,656,349,3374
6083,707,1204,1706,2361,2712,,707,497,502,655,351,3371
6075,705,1176,1713,2366,2706,,705,471,537,653,340,3369
6239,732,1229,1709,2417,2788,,732,497,480,708,371,3451
6311,715,1230,1714,2426,2837,,715,515,484,712,411,3474
6241,630,1141,1625,2342,2764,,630,511,484,717,422,3477
6392,716,1203,1715,2459,2918,,716,487,512,744,459,3474
6275,715,1202,1744,2421,2827,,715,487,542,677,406,3448
6113,706,1203,1709,2325,2679,,706,497,506,616,354,3434
6363,747,1232,1745,2487,2915,,747,485,513,742,428,3448
6377,732,1220,1761,2499,2931,,732,488,541,738,432,3446
6286,717,1202,1716,2427,2838,,717,485,514,711,411,3448
6262,715,1202,1715,2407,2813,,715,487,513,692,406,3449
6308,738,1224,1736,2449,2863,,738,486,512,713,414,3445
6313,745,1229,1716,2429,2839,,745,484,487,713,410,3474
6312,708,1190,1717,2429,2869,,708,482,527,712,440,3443
6149,649,1122,1597,2293,2705,,649,473,475,696,412,3444
6160,730,1227,1728,2425,2782,,730,497,501,697,357,3378
6213,708,1179,1706,2377,2756,,708,471,527,671,379,3457
6312,716,1203,1715,2428,2864,,716,487,512,713,436,3448
6252,710,1197,1711,2423,2833,,710,487,514,712,410,3419
6491,746,1286,1792,2532,3019,,746,540,506,740,487,3472
6275,744,1229,1716,2457,2828,,744,485,487,741,371,3447
6040,702,1174,1646,2312,2659,,702,472,472,666,347,3381
6135,680,1151,1623,2321,2730,,680,471,472,698,409,3405
6224,704,1179,1705,2401,2804,,704,475,526,696,403,3420
6225,705,1176,1705,2404,2800,,705,471,529,699,396,3425
6169,738,1210,1738,2437,2793,,738,472,528,699,356,3376
6269,707,1179,1706,2381,2775,,707,472,527,675,394,3494
6337,745,1254,1742,2455,2895,,745,509,488,713,440,3442
6358,716,1202,1744,2481,2915,,716,486,542,737,434,3443
6391,717,1205,1716,2457,2918,,717,488,511,741,461,3473
6312,716,1203,1745,2454,2843,,716,487,542,709,389,3469
6248,744,1260,1739,2431,2798,,744,516,479,692,367,3450
5934,671,1143,1614,2230,2522,,671,472,471,616,292,3412
6236,704,1116,1654,2365,2787,,704,412,538,711,422,3449
6341,716,1204,1745,2453,2864,,716,488,541,708,411,3477
6277,717,1258,1742,2454,2833,,717,541,484,712,379,3444
6051,705,1176,1707,2324,2628,,705,471,531,617,304,3423
6135,704,1176,1704,2401,2757,,704,472,528,697,356,3378
6008,655,1152,1624,2290,2637,,655,497,472,666,347,3371
6067,708,1205,1707,2364,2687,,708,497,502,657,323,3380
6093,737,1208,1737,2395,2720,,737,471,529,658,325,3373
5986,688,1176,1610,2241,2572,,688,488,434,631,331,3414
5942,653,1131,1603,2238,2555,,653,478,472,635,317,3387
6243,669,1100,1621,2331,2766,,669,431,521,710,435,3477
6174,716,1147,1630,2330,2729,,716,431,483,700,399,3445
6147,739,1211,1737,2394,2765,,739,472,526,657,371,3382
6006,704,1174,1662,2300,2639,,704,470,488,638,339,3367
6123,703,1197,1703,2355,2684,,703,494,506,652,329,3439
5957,666,1142,1614,2230,2617,,666,476,472,616,387,3340
6133,705,1178,1705,2403,2757,,705,473,527,698,354,3376
6148,769,1241,1767,2422,2772,,769,472,526,655,350,3376
6004,707,1201,1654,2277,2631,,707,494,453,623,354,3373
6059,679,1150,1622,2319,2690,,679,471,472,697,371,3369
6150,664,1098,1581,2282,2703,,664,434,483,701,421,3447
6225,705,1177,1705,2402,2801,,705,472,528,697,399,3424
6199,765,1236,1766,2464,2817,,765,471,530,698,353,3382
6090,705,1177,1706,2360,2708,,705,472,529,654,348,3382
6112,705,1160,1706,2362,2733,,705,455,546,656,371,3379
6034,705,1130,1601,2305,2661,,705,425,471,704,356,3373
6083,706,1178,1706,2362,2713,,706,472,528,656,351,3370
6156,774,1246,1775,2434,2780,,774,472,529,659,346,3376
6016,707,1178,1667,2302,2635,,707,471,489,635,333,3381
6087,732,1167,1642,2340,2730,,732,435,475,698,390,3357
6189,665,1104,1606,2318,2741,,665,439,502,712,423,3448
6313,745,1207,1717,2457,2866,,745,462,510,740,409,3447
6331,763,1247,1764,2472,2883,,763,484,517,708,411,3448
6262,717,1203,1717,2429,2821,,717,486,514,712,392,3441
6363,716,1203,1716,2458,2918,,716,487,513,742,460,3445
6312,717,1186,1717,2430,2869,,717,469,531,713,439,3443
6288,717,1232,1717,2430,2840,,717,515,485,713,410,3448
6286,714,1206,1717,2428,2837,,714,492,511,711,409,3449
6162,648,1130,1539,2291,2715,,648,482,409,752,424,3447
6241,645,1059,1541,2322,2768,,645,414,482,781,446,3473
6321,749,1237,1753,2463,2873,,749,488,516,710,410,3448
6312,703,1214,1703,2438,2864,,703,511,489,735,426,3448
6285,713,1200,1713,2426,2835,,713,487,513,713,409,3450
6237,714,1230,1714,2407,2789,,714,516,484,693,382,3448
6313,716,1203,1716,2430,2864,,716,487,513,714,434,3449
6311,715,1202,1716,2456,2863,,715,487,514,740,407,3448
6246,738,1226,1702,2398,2802,,738,488,476,696,404,3444
6063,708,1208,1705,2361,2687,,708,500,497,656,326,3376
6126,715,1193,1706,2355,2724,,715,478,513,649,369,3402
6338,710,1207,1718,2459,2871,,710,497,511,741,412,3467
6345,749,1239,1750,2463,2901,,749,490,511,713,438,3444
6200,718,1233,1662,2370,2779,,718,515,429,708,409,3421
6218,706,1177,1705,2378,2734,,706,471,528,673,356,3484
6214,717,1233,1717,2431,2763,,717,516,484,714,332,3451
6318,718,1204,1717,2430,2840,,718,486,513,713,410,3478
6289,719,1205,1698,2408,2839,,719,486,493,710,431,3450
6365,745,1259,1741,2453,2894,,745,514,482,712,441,3471
6369,743,1259,1742,2441,2895,,743,516,483,699,454,3474
6239,717,1181,1691,2402,2813,,717,464,510,711,411,3426
6267,718,1126,1659,2368,2790,,718,408,533,709,422,3477
6270,718,1212,1729,2413,2822,,718,494,517,684,409,3448
6225,717,1171,1664,2367,2779,,717,454,493,703,412,3446
6137,692,1167,1705,2361,2732,,692,475,538,656,371,3405
6141,705,1177,1705,2401,2760,,705,472,528,696,359,3381
6087,707,1203,1707,2362,2734,,707,496,504,655,372,3353
6213,706,1155,1638,2346,2765,,706,449,483,708,419,3448
6317,716,1203,1716,2428,2838,,716,487,513,712,410,3479
6285,717,1203,1717,2429,2839,,717,486,514,712,410,3446
6089,717,1124,1603,2309,2640,,717,407,479,706,331,3449
6328,738,1197,1731,2441,2853,,738,459,534,710,412,3475
6236,704,1178,1609,2324,2788,,704,474,431,715,464,3448
6265,717,1183,1694,2405,2816,,717,466,511,711,411,3449
6286,719,1204,1715,2428,2838,,719,485,511,713,410,3448
6162,744,1258,1742,2379,2709,,744,514,484,637,330,3453
6236,716,1202,1715,2427,2819,,716,486,513,712,392,3417
6285,716,1202,1716,2427,2840,,716,486,514,711,413,3445
6338,717,1204,1747,2455,2890,,717,487,543,708,435,3448
6366,715,1230,1743,2453,2888,,715,515,513,710,435,3478
5849,645,1049,1453,2086,2410,,645,404,404,633,324,3439
6192,718,1126,1532,2293,2716,,718,408,406,761,423,3476
6265,714,1200,1692,2374,2786,,714,486,492,682,412,3479
6315,717,1184,1717,2430,2870,,717,467,533,713,440,3445
6313,718,1232,1717,2429,2866,,718,514,485,712,437,3447
6138,745,1229,1716,2350,2682,,745,484,487,634,332,3456
6237,716,1235,1717,2409,2816,,716,519,482,692,407,3421
6343,718,1205,1717,2435,2865,,718,487,512,718,430,3478
6440,744,1256,1769,2506,2968,,744,512,513,737,462,3472
6342,713,1204,1716,2458,2864,,713,491,512,742,406,3478
5868,646,1052,1465,2087,2380,,646,406,413,622,293,3488
6212,718,1184,1691,2405,2795,,718,466,507,714,390,3417
6219,706,1200,1702,2347,2743,,706,494,502,645,396,3476
6222,718,1234,1687,2328,2743,,718,516,453,641,415,3479
6289,747,1236,1716,2429,2868,,747,489,480,713,439,3421
6289,718,1205,1747,2458,2845,,718,487,542,711,387,3444
6288,719,1204,1717,2431,2839,,719,485,513,714,408,3449
6289,717,1229,1717,2459,2841,,717,512,488,742,382,3448
6318,718,1234,1716,2429,2840,,718,516,482,713,411,3478
6319,719,1189,1702,2410,2841,,719,470,513,708,431,3478
6098,717,1170,1664,2326,2718,,717,453,494,662,392,3380
6061,705,1134,1573,2282,2704,,705,429,439,709,422,3357
6189,707,1179,1666,2369,2730,,707,472,487,703,361,3459
6417,716,1207,1748,2480,2943,,716,491,541,732,463,3474
6368,717,1208,1716,2459,2890,,717,491,508,743,431,3478
6291,746,1230,1717,2428,2819,,746,484,487,711,391,3472
6235,716,1231,1715,2427,2818,,716,515,484,712,391,3417
6363,717,1202,1744,2481,2916,,717,485,542,737,435,3447
6367,716,1231,1745,2453,2893,,716,515,514,708,440,3474
6252,744,1232,1723,2406,2816,,744,488,491,683,410,3436
6163,717,1228,1641,2331,2718,,717,511,413,690,387,3445
6263,693,1179,1697,2407,2815,,693,486,518,710,408,3448
6388,706,1189,1748,2486,2920,,706,483,559,738,434,3468
6293,746,1230,1717,2429,2807,,746,484,487,712,378,3486
6394,718,1206,1719,2431,2895,,718,488,513,712,464,3499
6124,718,1207,1717,2354,2686,,718,489,510,637,332,3438
6267,747,1232,1698,2381,2793,,747,485,466,683,412,3474
6342,749,1263,1743,2455,2866,,749,514,480,712,411,3476
6342,744,1228,1716,2429,2868,,744,484,488,713,439,3474
6361,715,1202,1744,2481,2914,,715,487,542,737,433,3447
6062,746,1260,1664,2296,2632,,746,514,404,632,336,3430
6267,745,1208,1692,2380,2791,,745,463,484,688,411,3476
6321,721,1205,1717,2429,2842,,721,484,512,712,413,3479
6317,717,1232,1716,2428,2844,,717,515,484,712,416,3473
6344,718,1205,1711,2430,2869,,718,487,506,719,439,3475
6236,745,1254,1743,2434,2815,,745,509,489,691,381,3421
6237,718,1205,1718,2410,2817,,718,487,513,692,407,3420
6368,718,1235,1717,2460,2894,,718,517,482,743,434,3474
6313,718,1233,1718,2429,2869,,718,515,485,711,440,3444
6311,715,1202,1745,2453,2864,,715,487,543,708,411,3447
6086,716,1186,1640,2275,2633,,716,470,454,635,358,3453
6242,717,1198,1716,2359,2766,,717,481,518,643,407,3476
6289,718,1204,1717,2429,2840,,718,486,513,712,411,3449
6385,768,1281,1765,2506,2936,,768,513,484,741,430,3449
6313,717,1232,1724,2463,2866,,717,515,492,739,403,3447
6211,717,1203,1719,2409,2790,,717,486,516,690,381,3421
6212,746,1231,1717,2409,2791,,746,485,486,692,382,3421
6337,718,1235,1747,2456,2893,,718,517,512,709,437,3444
6311,745,1227,1715,2456,2864,,745,482,488,741,408,3447
6261,717,1149,1641,2350,2794,,717,432,492,709,444,3467
6192,716,1189,1701,2336,2723,,716,473,512,635,387,3469
6289,746,1235,1716,2425,2842,,746,489,481,709,417,3447
6268,718,1206,1718,2431,2840,,718,488,512,713,409,3428
6290,719,1235,1718,2431,2841,,719,516,483,713,410,3449
6265,719,1206,1720,2432,2842,,719,487,514,712,410,3423
6254,717,1206,1718,2430,2808,,717,489,512,712,378,3446
6135,706,1178,1707,2403,2761,,706,472,529,696,358,3374
6070,708,1203,1706,2362,2687,,708,495,503,656,325,3383
6168,740,1212,1739,2437,2802,,740,472,527,698,365,3366
6241,708,1135,1628,2372,2791,,708,427,493,744,419,3450
6165,746,1210,1692,2336,2753,,746,464,482,644,417,3412
6342,732,1185,1741,2433,2864,,732,453,556,692,431,3478
6317,716,1207,1717,2429,2839,,716,491,510,712,410,3478
6287,716,1232,1717,2428,2841,,716,516,485,711,413,3446
6267,718,1233,1717,2430,2841,,718,515,484,713,411,3426
6243,719,1206,1719,2430,2764,,719,487,513,711,334,3479
6261,745,1230,1745,2434,2840,,745,485,515,689,406,3421
6289,719,1231,1718,2430,2841,,719,512,487,712,411,3448
6487,771,1286,1795,2532,3043,,771,515,509,737,511,3444
6114,700,1134,1622,2332,2664,,700,434,488,710,332,3450
6138,717,1203,1643,2338,2693,,717,486,440,695,355,3445
6241,745,1228,1691,2402,2764,,745,483,463,711,362,3477
6287,716,1183,1717,2429,2840,,716,467,534,712,411,3447
6338,716,1203,1746,2456,2894,,716,487,543,710,438,3444
6267,717,1205,1717,2432,2841,,717,488,512,715,409,3426
6201,718,1236,1721,2406,2794,,718,518,485,685,388,3407
6197,707,1180,1707,2403,2762,,707,473,527,696,359,3435
6096,706,1178,1708,2364,2710,,706,472,530,656,346,3386
6082,707,1178,1706,2364,2713,,707,471,528,658,349,3369
6239,707,1134,1627,2373,2791,,707,427,493,746,418,3448
6134,715,1203,1695,2378,2721,,715,488,492,683,343,3413
6226,718,1205,1719,2430,2789,,718,487,514,711,359,3437
6242,705,1152,1626,2342,2764,,705,447,474,716,422,3478
6343,718,1204,1746,2455,2865,,718,486,542,709,410,3478
6240,716,1203,1707,2397,2814,,716,487,504,690,417,3426
6266,718,1206,1747,2436,2817,,718,488,541,689,381,3449
6237,746,1231,1717,2430,2820,,746,485,486,713,390,3417
6290,718,1236,1719,2431,2841,,718,518,483,712,410,3449
6311,740,1228,1741,2453,2862,,740,488,513,712,409,3449
6317,716,1204,1716,2429,2839,,716,488,512,713,410,3478
6090,718,1205,1701,2335,2662,,718,487,496,634,327,3428
6073,705,1136,1549,2221,2635,,705,431,413,672,414,3438
6238,706,1202,1652,2361,2790,,706,496,450,709,429,3448
6368,747,1263,1768,2481,2891,,747,516,505,713,410,3477
6341,719,1234,1718,2460,2892,,719,515,484,742,432,3449
6270,719,1236,1719,2410,2793,,719,517,483,691,383,3477
6237,718,1234,1747,2436,2817,,718,516,513,689,381,3420
6342,719,1204,1717,2460,2891,,719,485,513,743,431,3451
6320,749,1236,1750,2463,2872,,749,487,514,713,409,3448
6288,718,1234,1719,2430,2839,,718,516,485,711,409,3449
6175,719,1205,1698,2381,2767,,719,486,493,683,386,3408
6077,707,1176,1639,2283,2637,,707,469,463,644,354,3440
6189,708,1137,1574,2322,2740,,708,429,437,748,418,3449
6290,718,1205,1717,2429,2841,,718,487,512,712,412,3449
6267,716,1203,1744,2454,2814,,716,487,541,710,360,3453
6237,716,1204,1747,2456,2787,,716,488,543,709,331,3450
6247,717,1204,1717,2428,2824,,717,487,513,711,396,3423
6317,717,1233,1717,2430,2839,,717,516,484,713,409,3478
6347,749,1237,1750,2462,2898,,749,488,513,712,436,3449
6263,718,1204,1700,2438,2844,,718,486,496,738,406,3419
6110,718,1204,1696,2381,2762,,718,486,492,685,381,3348
6270,718,1235,1745,2418,2800,,718,517,510,673,382,3470
6311,715,1203,1716,2458,2864,,715,488,513,742,406,3447
6318,716,1204,1717,2428,2841,,716,488,513,711,413,3477
6368,749,1233,1719,2458,2891,,749,484,486,739,433,3477
6213,719,1205,1718,2429,2769,,719,486,513,711,340,3444
6212,718,1234,1718,2410,2791,,718,516,484,692,381,3421
6392,747,1232,1746,2483,2916,,747,485,514,737,433,3476
6349,778,1264,1776,2489,2900,,778,486,512,713,411,3449
6291,746,1236,1720,2433,2844,,746,490,484,713,411,3447
6146,718,1204,1718,2351,2742,,718,486,514,633,391,3404
6074,705,1176,1663,2302,2645,,705,471,487,639,343,3429
6217,759,1187,1644,2353,2769,,759,428,457,709,416,3448
6437,747,1286,1820,2529,2990,,747,539,534,709,461,3447
6313,717,1204,1745,2455,2866,,717,487,541,710,411,3447
6318,717,1166,1718,2430,2840,,717,449,552,712,410,3478
6310,745,1256,1770,2507,2892,,745,511,514,737,385,3418
6312,717,1206,1747,2457,2866,,717,489,541,710,409,3446
6211,733,1205,1735,2431,2827,,733,472,530,696,396,3384
6264,707,1179,1663,2380,2817,,707,472,484,717,437,3447
6196,717,1203,1716,2408,2791,,717,486,513,692,383,3405
6275,747,1258,1773,2457,2832,,747,511,515,684,375,3443
6199,706,1177,1664,2335,2754,,706,471,487,671,419,3445
6145,707,1180,1706,2402,2761,,707,473,526,696,359,3384
6095,708,1178,1710,2366,2715,,708,470,532,656,349,3380
6203,707,1181,1705,2361,2755,,707,474,524,656,394,3448
6317,748,1234,1716,2429,2839,,748,486,482,713,410,3478
6312,718,1234,1718,2430,2866,,718,516,484,712,436,3446
6286,716,1201,1714,2427,2837,,716,485,513,713,410,3449
6316,717,1204,1746,2456,2866,,717,487,542,710,410,3450
6232,717,1204,1717,2409,2815,,717,487,513,692,406,3417
6320,746,1230,1749,2433,2832,,746,484,519,684,399,3488
6289,719,1206,1719,2423,2842,,719,487,513,704,419,3447
6314,719,1205,1717,2430,2869,,719,486,512,713,439,3445
6315,716,1232,1715,2428,2839,,716,516,483,713,411,3476
6311,718,1204,1746,2457,2864,,718,486,542,711,407,3447
6368,718,1205,1718,2460,2890,,718,487,513,742,430,3478
6307,718,1206,1747,2457,2891,,718,488,541,710,434,3416
6288,718,1205,1718,2430,2841,,718,487,513,712,411,3447
6233,744,1227,1715,2427,2818,,744,483,488,712,391,3415
6212,718,1191,1704,2396,2802,,718,473,513,692,406,3410
6075,706,1203,1664,2302,2635,,706,497,461,638,333,3440
6138,706,1204,1707,2361,2780,,706,498,503,654,419,3358
6143,707,1202,1706,2402,2762,,707,495,504,696,360,3381
6177,707,1205,1706,2360,2731,,707,498,501,654,371,3446
6318,718,1234,1718,2429,2842,,718,516,484,711,413,3476
6365,746,1255,1743,2485,2916,,746,509,488,742,431,3449
6291,719,1206,1719,2431,2841,,719,487,513,712,410,3450
6198,686,1177,1664,2402,2758,,686,491,487,738,356,3440
6138,706,1176,1705,2403,2762,,706,470,529,698,359,3376
5966,681,1151,1580,2248,2575,,681,470,429,668,327,3391
6051,707,1191,1653,2275,2632,,707,484,462,622,357,3419
6061,706,1179,1665,2369,2723,,706,473,486,704,354,3338
6169,707,1179,1707,2406,2786,,707,472,528,699,380,3383
6178,708,1179,1707,2365,2755,,708,471,528,658,390,3423
6313,717,1204,1717,2429,2869,,717,487,513,712,440,3444
6367,717,1235,1718,2459,2890,,717,518,483,741,431,3477
6364,717,1204,1748,2487,2915,,717,487,544,739,428,3449
6212,663,1153,1641,2351,2764,,663,490,488,710,413,3448
6282,731,1210,1731,2410,2806,,731,479,521,679,396,3476
6314,716,1203,1716,2428,2838,,716,487,513,712,410,3476
6261,714,1230,1714,2453,2823,,714,516,484,739,370,3438
6316,715,1232,1684,2402,2840,,715,517,452,718,438,3476
6262,715,1202,1718,2426,2839,,715,487,516,708,413,3423
6289,746,1231,1718,2432,2842,,746,485,487,714,410,3447
6367,745,1230,1716,2459,2889,,745,485,486,743,430,3478
6365,716,1203,1716,2458,2889,,716,487,513,742,431,3476
6289,718,1230,1718,2430,2840,,718,512,488,712,410,3449
6172,717,1206,1696,2380,2765,,717,489,490,684,385,3407
6090,708,1179,1706,2368,2714,,708,471,527,662,346,3376
6041,732,1229,1689,2328,2661,,732,497,460,639,333,3380
6126,707,1201,1706,2335,2686,,707,494,505,629,351,3440
6242,712,1193,1705,2379,2754,,712,481,512,674,375,3488
6416,745,1230,1716,2459,2918,,745,485,486,743,459,3498
6342,718,1203,1746,2455,2865,,718,485,543,709,410,3477
6343,718,1204,1717,2429,2865,,718,486,513,712,436,3478
6393,748,1232,1746,2455,2920,,748,484,514,709,465,3473
6338,717,1204,1717,2458,2890,,717,487,513,741,432,3448
6197,719,1205,1697,2383,2791,,719,486,492,686,408,3406
6345,746,1231,1745,2437,2872,,746,485,514,692,435,3473
6233,716,1233,1717,2409,2815,,716,517,484,692,406,3418
6343,746,1258,1771,2480,2866,,746,512,513,709,386,3477
6369,726,1266,1766,2478,2943,,726,540,500,712,465,3426
6258,718,1234,1716,2457,2843,,718,516,482,741,386,3415
6314,718,1205,1748,2456,2865,,718,487,543,708,409,3449
6288,717,1204,1718,2429,2840,,717,487,514,711,411,3448
6317,747,1232,1716,2428,2839,,747,485,484,712,411,3478
6339,718,1205,1746,2457,2893,,718,487,541,711,436,3446
6154,717,1157,1629,2327,2724,,717,440,472,698,397,3430
6138,707,1177,1706,2403,2766,,707,470,529,697,363,3372
6073,734,1230,1689,2326,2664,,734,496,459,637,338,3409
6338,746,1258,1770,2509,2890,,746,512,512,739,381,3448
6370,719,1205,1747,2456,2920,,719,486,542,709,464,3450
6339,745,1229,1716,2458,2889,,745,484,487,742,431,3450
6288,717,1232,1717,2429,2841,,717,515,485,712,412,3447
6343,717,1203,1719,2456,2865,,717,486,516,737,409,3478
6368,718,1204,1717,2429,2871,,718,486,513,712,442,3497
6292,718,1206,1718,2431,2870,,718,488,512,713,439,3422
6195,716,1204,1697,2380,2789,,716,488,493,683,409,3406
6096,739,1210,1738,2392,2730,,739,471,528,654,338,3366
6046,730,1202,1687,2328,2661,,730,472,485,641,333,3385
6150,706,1201,1706,2359,2713,,706,495,505,653,354,3437
6192,663,1144,1614,2311,2707,,663,481,470,697,396,3485
6289,715,1202,1715,2456,2888,,715,487,513,741,432,3401
6343,745,1231,1745,2455,2865,,745,486,514,710,410,3478
6390,714,1201,1743,2453,2917,,714,487,542,710,464,3473
6339,719,1205,1718,2460,2891,,719,486,513,742,431,3448
6366,716,1233,1716,2457,2893,,716,517,483,741,436,3473
6287,719,1204,1718,2431,2840,,719,485,514,713,409,3447
6280,734,1222,1734,2446,2840,,734,488,512,712,394,3440
6206,718,1205,1718,2430,2840,,718,487,513,712,410,3366
6313,746,1260,1742,2483,2864,,746,514,482,741,381,3449
6318,718,1236,1722,2433,2840,,718,518,486,711,407,3478
6239,747,1234,1717,2431,2820,,747,487,483,714,389,3419
6365,720,1205,1747,2486,2920,,720,485,542,739,434,3445
6316,749,1265,1743,2456,2866,,749,516,478,713,410,3450
6342,746,1231,1746,2456,2866,,746,485,515,710,410,3476
6291,746,1232,1718,2430,2841,,746,486,486,712,411,3450
6178,704,1172,1676,2370,2755,,704,468,504,694,385,3423
6177,706,1178,1706,2360,2734,,706,472,528,654,374,3443
6253,718,1204,1717,2430,2841,,718,486,513,713,411,3412
6149,707,1178,1705,2358,2713,,707,471,527,653,355,3436
6101,665,1143,1616,2312,2659,,665,478,473,696,347,3442
6185,707,1179,1707,2404,2802,,707,472,528,697,398,3383
6061,705,1176,1705,2360,2685,,705,471,529,655,325,3376
6066,708,1178,1707,2363,2687,,708,470,529,656,324,3379
6083,708,1180,1709,2367,2714,,708,472,529,658,347,3369
6083,706,1177,1708,2366,2711,,706,471,531,658,345,3372
6165,706,1135,1593,2302,2716,,706,429,458,709,414,3449
6288,718,1206,1718,2431,2841,,718,488,512,713,410,3447
6255,715,1202,1716,2429,2862,,715,487,514,713,433,3393
6417,746,1230,1745,2484,2945,,746,484,515,739,461,3472
6342,742,1208,1718,2429,2868,,742,466,510,711,439,3474
6393,719,1204,1746,2456,2895,,719,485,542,710,439,3498
6338,720,1205,1751,2460,2890,,720,485,546,709,430,3448
6467,750,1265,1798,2508,2991,,750,515,533,710,483,3476
6289,719,1204,1718,2430,2840,,719,485,514,712,410,3449
6369,748,1233,1748,2457,2892,,748,485,515,709,435,3477
6266,776,1261,1776,2465,2846,,776,485,515,689,381,3420
6290,719,1205,1718,2429,2842,,719,486,513,711,413,3448
5969,705,1169,1586,2237,2582,,705,464,417,651,345,3387
6069,745,1193,1677,2341,2676,,745,448,484,664,335,3393
6096,666,1076,1543,2281,2699,,666,410,467,738,418,3397
6298,747,1263,1749,2460,2871,,747,516,486,711,411,3427
6315,720,1206,1719,2460,2867,,720,486,513,741,407,3448
6316,719,1206,1718,2460,2867,,719,487,512,742,407,3449
6294,719,1235,1720,2431,2841,,719,516,485,711,410,3453
6319,720,1207,1720,2433,2845,,720,487,513,713,412,3474
6260,783,1292,1777,2458,2819,,783,509,485,681,361,3441
6116,706,1202,1706,2365,2731,,706,496,504,659,366,3385
6040,733,1205,1689,2327,2661,,733,472,484,638,334,3379
6128,708,1181,1708,2362,2690,,708,473,527,654,328,3438
6125,645,1051,1530,2280,2699,,645,406,479,750,419,3426
6139,706,1179,1707,2404,2759,,706,473,528,697,355,3380
6092,709,1183,1708,2364,2711,,709,474,525,656,347,3381
6043,667,1103,1539,2282,2663,,667,436,436,743,381,3380
6084,708,1181,1708,2364,2713,,708,473,527,656,349,3371
6060,709,1181,1707,2362,2690,,709,472,526,655,328,3370
6269,707,1180,1685,2357,2796,,707,473,505,672,439,3473
6321,734,1204,1752,2462,2872,,734,470,548,710,410,3449
6322,720,1206,1719,2432,2868,,720,486,513,713,436,3454
6316,718,1205,1717,2430,2841,,718,487,512,713,411,3475
6340,742,1168,1715,2427,2867,,742,426,547,712,440,3473
6367,719,1205,1718,2461,2891,,719,486,513,743,430,3476
6262,717,1205,1718,2430,2819,,717,488,513,712,389,3443
6340,748,1262,1744,2488,2891,,748,514,482,744,403,3449
6319,719,1234,1719,2431,2841,,719,515,485,712,410,3478
6344,719,1206,1719,2461,2867,,719,487,513,742,406,3477
6290,717,1203,1718,2452,2864,,717,486,515,734,412,3426
6295,719,1205,1720,2430,2820,,719,486,515,710,390,3475
6288,719,1205,1719,2430,2841,,719,486,514,711,411,3447
6312,747,1231,1747,2456,2866,,747,484,516,709,410,3446
6154,706,1134,1617,2314,2704,,706,428,483,697,390,3450
6138,708,1180,1707,2403,2761,,708,472,527,696,358,3377
6087,706,1177,1706,2363,2712,,706,471,529,657,349,3375
6092,708,1179,1709,2364,2714,,708,471,530,655,350,3378
6058,706,1182,1707,2363,2686,,706,476,525,656,323,3372
6084,710,1181,1708,2366,2715,,710,471,527,658,349,3369
6154,742,1214,1701,2361,2708,,742,472,487,660,347,3446
6342,745,1230,1774,2483,2893,,745,485,544,709,410,3449
6290,718,1204,1717,2430,2843,,718,486,513,713,413,3447
6316,719,1205,1719,2431,2842,,719,486,514,712,411,3474
6252,720,1169,1708,2405,2808,,720,449,539,697,403,3444
6137,708,1180,1707,2406,2762,,708,472,527,699,356,3375
6090,708,1179,1707,2365,2715,,708,471,528,658,350,3375
6066,707,1178,1705,2361,2688,,707,471,527,656,327,3378
6032,729,1201,1687,2324,2659,,729,472,486,637,335,3373
6033,730,1203,1687,2326,2659,,730,473,484,639,333,3374
6251,766,1237,1724,2405,2770,,766,471,487,681,365,3481
6316,719,1207,1719,2433,2867,,719,488,512,714,434,3449
6287,717,1204,1717,2429,2840,,717,487,513,712,411,3447
6313,716,1207,1719,2429,2864,,716,491,512,710,435,3449
6252,705,1180,1705,2402,2803,,705,475,525,697,401,3449
6225,704,1177,1704,2401,2799,,704,473,527,697,398,3426
6110,703,1175,1703,2359,2730,,703,472,528,656,371,3380
6093,707,1178,1706,2363,2712,,707,471,528,657,349,3381
6108,732,1205,1732,2386,2739,,732,473,527,654,353,3369
6109,731,1202,1730,2385,2736,,731,471,528,655,351,3373
6189,677,1148,1619,2293,2721,,677,471,471,674,428,3468
6290,719,1206,1718,2431,2841,,719,487,512,713,410,3449
6339,718,1204,1747,2456,2893,,718,486,543,709,437,3446
6321,746,1233,1746,2458,2868,,746,487,513,712,410,3453
6164,708,1118,1552,2295,2716,,708,410,434,743,421,3448
6291,719,1206,1718,2432,2842,,719,487,512,714,410,3449
6266,719,1206,1719,2432,2821,,719,487,513,713,389,3445
6290,720,1207,1720,2432,2844,,720,487,513,712,412,3446
6315,719,1206,1719,2433,2867,,719,487,513,714,434,3448
6321,720,1207,1720,2434,2842,,720,487,513,714,408,3479
6267,719,1205,1719,2431,2842,,719,486,514,712,411,3425
6152,720,1207,1664,2357,2743,,720,487,457,693,386,3409
6139,709,1181,1708,2405,2763,,709,472,527,697,358,3376
6063,706,1178,1704,2360,2687,,706,472,526,656,327,3376
6028,732,1164,1645,2291,2660,,732,432,481,646,369,3368
6112,735,1206,1735,2394,2741,,735,471,529,659,347,3371
6038,734,1206,1691,2330,2662,,734,472,485,639,332,3376
6039,733,1229,1690,2330,2660,,733,496,461,640,330,3379
6127,706,1200,1706,2336,2685,,706,494,506,630,349,3442
6252,706,1178,1708,2406,2802,,706,472,530,698,396,3450
6116,719,1196,1708,2363,2734,,719,477,512,655,371,3382
5965,706,1135,1548,2214,2550,,706,429,413,666,336,3415
5966,707,1138,1551,2215,2548,,707,431,413,664,333,3418
5936,709,1136,1552,2216,2552,,709,427,416,664,336,3384
5959,707,1136,1551,2219,2550,,707,429,415,668,331,3409
5860,688,1122,1526,2163,2495,,688,434,404,637,332,3365
5962,667,1101,1515,2215,2548,,667,434,414,700,333,3414
5967,669,1102,1516,2215,2548,,669,433,414,699,333,3419
5956,664,1098,1514,2216,2546,,664,434,416,702,330,3410
5934,666,1101,1517,2216,2548,,666,435,416,699,332,3386
5830,682,1104,1502,2135,2479,,682,422,398,633,344,3351
5940,668,1101,1517,2215,2548,,668,433,416,698,333,3392
5940,667,1099,1515,2215,2549,,667,432,416,700,334,3391
5936,666,1101,1516,2216,2548,,666,435,415,700,332,3388
5937,669,1102,1517,2218,2549,,669,433,415,701,331,3388
5991,698,1133,1548,2247,2580,,698,435,415,699,333,3411
5960,666,1102,1516,2215,2546,,666,436,414,699,331,3414
6013,664,1099,1515,2212,2633,,664,435,416,697,421,3380
5959,708,1136,1551,2213,2537,,708,428,415,662,324,3422
5960,707,1137,1551,2215,2549,,707,430,414,664,334,3411
5966,667,1108,1514,2214,2548,,667,441,406,700,334,3418
5915,667,1101,1516,2190,2522,,667,434,415,674,332,3393
5967,667,1102,1516,2216,2547,,667,435,414,700,331,3420
5809,667,1082,1490,2115,2448,,667,415,408,625,333,3361
5958,668,1100,1516,2218,2548,,668,432,416,702,330,3410
5886,668,1101,1521,2191,2524,,668,433,420,670,333,3362
5993,697,1132,1548,2248,2579,,697,435,416,700,331,3414
5966,667,1100,1514,2215,2548,,667,433,414,701,333,3418
5934,668,1101,1518,2216,2549,,668,433,417,698,333,3385
6010,669,1103,1517,2215,2638,,669,434,414,698,423,3372
6110,748,1178,1626,2289,2711,,748,430,448,663,422,3399
6280,718,1206,1719,2432,2842,,718,488,513,713,410,3438
6315,720,1207,1719,2433,2867,,720,487,512,714,434,3448
6290,707,1189,1707,2414,2842,,707,482,518,707,428,3448
6263,718,1185,1695,2405,2816,,718,467,510,710,411,3447
6340,720,1206,1719,2461,2893,,720,486,513,742,432,3447
6252,718,1205,1719,2431,2808,,718,487,514,712,377,3444
6017,706,1177,1666,2326,2653,,706,471,489,660,327,3364
5960,707,1137,1551,2214,2550,,707,430,414,663,336,3410
6009,707,1162,1643,2278,2636,,707,455,481,635,358,3373
6095,704,1131,1608,2292,2684,,704,427,477,684,392,3411
6138,656,1148,1631,2323,2719,,656,492,483,692,396,3419
6299,720,1207,1720,2432,2843,,720,487,513,712,411,3456
6321,751,1239,1751,2463,2875,,751,488,512,712,412,3446
6203,718,1131,1619,2341,2766,,718,413,488,722,425,3437
6289,718,1204,1719,2429,2841,,718,486,515,710,412,3448
6213,719,1207,1719,2410,2792,,719,488,512,691,382,3421
6175,720,1207,1700,2383,2773,,720,487,493,683,390,3402
6011,708,1179,1665,2304,2637,,708,471,486,639,333,3374
5932,707,1139,1552,2214,2547,,707,432,413,662,333,3385
6071,706,1135,1554,2255,2673,,706,429,419,701,418,3398
6098,721,1183,1643,2307,2701,,721,462,460,664,394,3397
6267,721,1207,1720,2433,2842,,721,486,513,713,409,3425
6369,720,1206,1719,2462,2892,,720,486,513,743,430,3477
6322,720,1206,1718,2434,2870,,720,486,512,716,436,3452
6314,718,1235,1718,2430,2865,,718,517,483,712,435,3449
6265,720,1205,1719,2430,2822,,720,485,514,711,392,3443
6291,721,1231,1719,2432,2842,,721,510,488,713,410,3449
6314,718,1206,1718,2430,2866,,718,488,512,712,436,3448
6312,716,1233,1716,2429,2864,,716,517,483,713,435,3448
6197,717,1233,1718,2404,2790,,717,516,485,686,386,3407
6143,709,1181,1707,2404,2759,,709,472,526,697,355,3384
6093,708,1181,1708,2365,2714,,708,473,527,657,349,3379
6110,730,1201,1730,2384,2737,,730,471,529,654,353,3373
6113,735,1208,1734,2388,2740,,735,473,526,654,352,3373
6122,771,1243,1772,2425,2750,,771,472,529,653,325,3372
6095,741,1213,1740,2396,2720,,741,472,527,656,324,3375
6118,734,1208,1732,2387,2739,,734,474,524,655,352,3379
6032,731,1204,1688,2328,2659,,731,473,484,640,331,3373
6033,731,1202,1688,2329,2661,,731,471,486,641,332,3372
6102,708,1203,1664,2312,2663,,708,495,461,648,351,3439
6250,706,1177,1705,2403,2801,,706,471,528,698,398,3449
6116,729,1202,1704,2359,2730,,729,473,502,655,371,3386
5984,707,1161,1641,2278,2635,,707,454,480,637,357,3349
6007,706,1160,1640,2276,2638,,706,454,480,636,362,3369
5930,704,1132,1546,2212,2547,,704,428,414,666,335,3383
5992,698,1132,1547,2246,2579,,698,434,415,699,333,3413
5965,668,1101,1506,2215,2548,,668,433,405,709,333,3417
5960,668,1101,1516,2216,2549,,668,433,415,700,333,3411
6009,707,1162,1642,2276,2635,,707,455,480,634,359,3374
5996,706,1134,1551,2221,2592,,706,428,417,670,371,3404
6342,717,1204,1746,2484,2916,,717,487,542,738,432,3426
6368,721,1206,1720,2461,2893,,721,485,514,741,432,3475
6321,749,1238,1751,2462,2873,,749,489,513,711,411,3448
6263,741,1229,1721,2405,2814,,741,488,492,684,409,3449
6290,720,1208,1718,2432,2842,,720,488,510,714,410,3448
6315,744,1231,1744,2455,2867,,744,487,513,711,412,3448
6288,719,1205,1718,2431,2842,,719,486,513,713,411,3446
6315,720,1206,1718,2431,2868,,720,486,512,713,437,3447
6341,722,1207,1719,2460,2892,,722,485,512,741,432,3449
6314,719,1205,1719,2436,2867,,719,486,514,717,431,3447
6153,679,1110,1587,2289,2706,,679,431,477,702,417,3447
5983,707,1178,1664,2304,2635,,707,471,486,640,331,3348
5981,691,1125,1538,2237,2569,,691,434,413,699,332,3412
5935,709,1139,1551,2217,2556,,709,430,412,666,339,3379
5936,710,1138,1552,2217,2550,,710,428,414,665,333,3386
5960,705,1136,1548,2213,2546,,705,431,412,665,333,3414
5987,729,1158,1572,2237,2571,,729,429,414,665,334,3416
5964,669,1102,1517,2216,2550,,669,433,415,699,334,3414
6009,669,1103,1517,2215,2637,,669,434,414,698,422,3372
5960,706,1134,1551,2213,2548,,706,428,417,662,335,3412
5941,708,1139,1552,2215,2549,,708,431,413,663,334,3392
5966,706,1135,1550,2213,2546,,706,429,415,663,333,3420
5958,706,1136,1549,2214,2546,,706,430,413,665,332,3412
5964,665,1098,1515,2215,2547,,665,433,417,700,332,3417
5802,673,1092,1489,2111,2429,,673,419,397,622,318,3373
5963,672,1104,1518,2215,2549,,672,432,414,697,334,3414
5963,666,1102,1516,2216,2548,,666,436,414,700,332,3415
5935,668,1102,1516,2215,2549,,668,434,414,699,334,3386
5960,670,1104,1517,2215,2551,,670,434,413,698,336,3409
5968,668,1101,1517,2216,2548,,668,433,416,699,332,3420
5941,668,1101,1516,2216,2548,,668,433,415,700,332,3393
5936,668,1103,1516,2215,2547,,668,435,413,699,332,3389
5947,685,1131,1536,2233,2564,,685,446,405,697,331,3383
5939,667,1101,1517,2214,2549,,667,434,416,697,335,3390
5957,668,1105,1517,2216,2551,,668,437,412,699,335,3406
6010,709,1164,1640,2277,2636,,709,455,476,637,359,3374
5960,730,1163,1571,2240,2573,,730,433,408,669,333,3387
5959,707,1135,1551,2216,2549,,707,428,416,665,333,3410
6007,708,1163,1644,2278,2636,,708,455,481,634,358,3371
5968,706,1133,1547,2217,2550,,706,427,414,670,333,3418
5967,709,1137,1552,2215,2542,,709,428,415,663,327,3425
6011,708,1136,1550,2214,2637,,708,428,414,664,423,3374
6033,731,1187,1666,2300,2659,,731,456,479,634,359,3374
5937,706,1135,1550,2213,2547,,706,429,415,663,334,3390
6009,707,1178,1667,2305,2637,,707,471,489,638,332,3372
5937,668,1146,1575,2217,2552,,668,478,429,642,335,3385
5937,709,1137,1552,2216,2552,,709,428,415,664,336,3385
5960,708,1138,1556,2216,2550,,708,430,418,660,334,3410
6008,709,1163,1642,2277,2636,,709,454,479,635,359,3372
5937,709,1140,1578,2218,2552,,709,431,438,640,334,3385
5966,709,1138,1552,2216,2552,,709,429,414,664,336,3414
5962,710,1138,1554,2216,2551,,710,428,416,662,335,3411
5990,709,1139,1566,2251,2583,,709,430,427,685,332,3407
5937,668,1103,1517,2218,2550,,668,435,414,701,332,3387
5953,669,1108,1515,2211,2530,,669,439,407,696,319,3423
5848,665,1094,1493,2131,2475,,665,429,399,638,344,3373
5973,669,1103,1517,2216,2537,,669,434,414,699,321,3436
5936,669,1103,1517,2216,2551,,669,434,414,699,335,3385
5884,668,1101,1517,2190,2523,,668,433,416,673,333,3361
5969,668,1103,1518,2216,2549,,668,435,415,698,333,3420
5829,669,1107,1513,2137,2480,,669,438,406,624,343,3349
5961,668,1104,1518,2217,2551,,668,436,414,699,334,3410
5993,700,1134,1550,2250,2582,,700,434,416,700,332,3411
5827,679,1095,1494,2132,2476,,679,416,399,638,344,3351
5838,667,1095,1504,2142,2475,,667,428,409,638,333,3363
5799,665,1074,1484,2107,2425,,665,409,410,623,318,3374
5994,700,1134,1549,2248,2581,,700,434,415,699,333,3413
6024,670,1102,1516,2215,2550,,670,432,414,699,335,3474
5810,668,1081,1490,2114,2437,,668,413,409,624,323,3373
6019,667,1102,1516,2216,2638,,667,435,414,700,422,3381
5965,708,1137,1553,2216,2548,,708,429,416,663,332,3417
5966,709,1140,1553,2216,2549,,709,431,413,663,333,3417
5977,709,1157,1635,2256,2632,,709,448,478,621,376,3345
6038,733,1187,1665,2302,2660,,733,454,478,637,358,3378
5936,708,1137,1548,2216,2549,,708,429,411,668,333,3387
5965,667,1104,1524,2218,2551,,667,437,420,694,333,3414
6045,740,1196,1674,2310,2670,,740,456,478,636,360,3375
5962,709,1137,1553,2216,2548,,709,428,416,663,332,3414
5961,709,1138,1551,2217,2549,,709,429,413,666,332,3412
5968,668,1100,1516,2214,2548,,668,432,416,698,334,3420
6089,709,1181,1709,2365,2715,,709,472,528,656,350,3374
6062,707,1177,1707,2361,2688,,707,470,530,654,327,3374
6137,710,1164,1708,2404,2764,,710,454,544,696,360,3373
6121,739,1210,1739,2394,2744,,739,471,529,655,350,3377
6053,734,1206,1709,2355,2685,,734,472,503,646,330,3368
5979,709,1181,1661,2286,2633,,709,472,480,625,347,3346
6099,744,1216,1744,2400,2727,,744,472,528,656,327,3372
6033,731,1227,1688,2326,2660,,731,496,461,638,334,3373
6032,733,1206,1688,2301,2660,,733,473,482,613,359,3372
6022,708,1178,1664,2278,2636,,708,470,486,614,358,3386
6252,709,1179,1709,2405,2809,,709,470,530,696,404,3443
6112,709,1180,1707,2362,2735,,709,471,527,655,373,3377
5982,730,1160,1577,2214,2549,,730,430,417,637,335,3433
6017,709,1137,1549,2216,2636,,709,428,412,667,420,3381
6010,709,1164,1641,2281,2640,,709,455,477,640,359,3370
5961,706,1137,1552,2215,2551,,706,431,415,663,336,3410
5995,767,1196,1612,2276,2609,,767,429,416,664,333,3386
5960,709,1136,1552,2217,2550,,709,427,416,665,333,3410
6011,709,1165,1643,2279,2639,,709,456,478,636,360,3372
6021,708,1162,1642,2277,2637,,708,454,480,635,360,3384
6013,706,1162,1642,2277,2635,,706,456,480,635,358,3378
6011,707,1167,1641,2278,2636,,707,460,474,637,358,3375
5992,740,1171,1594,2248,2582,,740,431,423,654,334,3410
6014,708,1137,1552,2215,2638,,708,429,415,663,423,3376
5960,707,1136,1551,2219,2549,,707,429,415,668,330,3411
5911,708,1139,1551,2218,2550,,708,431,412,667,332,3361
5801,668,1089,1486,2108,2451,,668,421,397,622,343,3350
6014,710,1164,1646,2281,2639,,710,454,482,635,358,3375
6061,709,1182,1708,2364,2689,,709,473,526,656,325,3372
6121,707,1181,1706,2362,2734,,707,474,525,656,372,3387
6078,707,1178,1708,2369,2715,,707,471,530,661,346,3363
6085,710,1207,1711,2368,2716,,710,497,504,657,348,3369
6111,742,1239,1748,2403,2743,,742,497,509,655,340,3368
6206,736,1209,1736,2409,2762,,736,473,527,673,353,3444
6320,721,1236,1721,2420,2842,,721,515,485,699,422,3478
6289,720,1187,1694,2407,2848,,720,467,507,713,441,3441
6371,750,1234,1724,2462,2894,,750,484,490,738,432,3477
6363,747,1259,1772,2509,2919,,747,512,513,737,410,3444
6316,748,1233,1750,2459,2867,,748,485,517,709,408,3449
6290,720,1208,1720,2433,2843,,720,488,512,713,410,3447
6315,719,1260,1744,2456,2868,,719,541,484,712,412,3447
6342,720,1205,1718,2431,2867,,720,485,513,713,436,3475
6165,720,1129,1620,2259,2718,,720,409,491,639,459,3447
6352,750,1237,1751,2462,2874,,750,487,514,711,412,3478
6205,720,1207,1690,2352,2757,,720,487,483,662,405,3448
6012,707,1178,1667,2309,2637,,707,471,489,642,328,3375
6088,709,1207,1708,2363,2713,,709,498,501,655,350,3375
6009,708,1163,1643,2277,2636,,708,455,480,634,359,3373
6009,706,1135,1550,2214,2635,,706,429,415,664,421,3374
5970,707,1135,1549,2215,2550,,707,428,414,666,335,3420
6010,708,1164,1643,2277,2637,,708,456,479,634,360,3373
6267,720,1206,1720,2432,2842,,720,486,514,712,410,3425
6175,720,1187,1696,2382,2768,,720,467,509,686,386,3407
6323,752,1239,1752,2464,2875,,752,487,513,712,411,3448
6268,721,1237,1700,2408,2819,,721,516,463,708,411,3449
6293,722,1208,1721,2424,2843,,722,486,513,703,419,3450
6290,751,1235,1722,2433,2844,,751,484,487,711,411,3446
6292,749,1234,1722,2432,2843,,749,485,488,710,411,3449
6241,720,1207,1720,2431,2823,,720,487,513,711,392,3418
6292,721,1207,1721,2433,2844,,721,486,514,712,411,3448
6344,720,1236,1719,2432,2868,,720,516,483,713,436,3476
6289,751,1238,1720,2433,2843,,751,487,482,713,410,3446
6216,734,1200,1709,2363,2771,,734,466,509,654,408,3445
6200,757,1208,1690,2386,2779,,757,451,482,696,393,3421
6240,720,1208,1720,2432,2829,,720,488,512,712,397,3411
6169,722,1261,1713,2362,2758,,722,539,452,649,396,3411
5829,687,1107,1505,2132,2475,,687,420,398,627,343,3354
5764,642,1068,1466,2098,2417,,642,426,398,632,319,3347
5938,711,1143,1555,2219,2553,,711,432,412,664,334,3385
5948,679,1108,1527,2217,2550,,679,429,419,690,333,3398
5936,667,1102,1516,2214,2549,,667,435,414,698,335,3387
5959,664,1099,1514,2214,2546,,664,435,415,700,332,3413
5960,666,1100,1517,2217,2550,,666,434,417,700,333,3410
5963,706,1136,1550,2214,2549,,706,430,414,664,335,3414
5960,731,1161,1575,2237,2573,,731,430,414,662,336,3387
5966,669,1102,1518,2217,2552,,669,433,416,699,335,3414
5932,707,1130,1529,2210,2529,,707,423,399,681,319,3403
5937,710,1140,1555,2219,2551,,710,430,415,664,332,3386
5961,669,1101,1518,2215,2549,,669,432,417,697,334,3412
5961,668,1104,1518,2217,2550,,668,436,414,699,333,3411
5928,668,1102,1522,2213,2558,,668,434,420,691,345,3370
5959,709,1139,1553,2216,2550,,709,430,414,663,334,3409
5937,670,1104,1517,2217,2550,,670,434,413,700,333,3387
5942,672,1103,1518,2218,2550,,672,431,415,700,332,3392
5998,702,1137,1551,2250,2585,,702,435,414,699,335,3413
5938,667,1102,1517,2216,2552,,667,435,415,699,336,3386
5952,668,1116,1521,2211,2556,,668,448,405,690,345,3396
6089,709,1181,1709,2367,2715,,709,472,528,658,348,3374
5959,708,1139,1552,2216,2551,,708,431,413,664,335,3408
5933,707,1136,1552,2216,2551,,707,429,416,664,335,3382
5964,707,1136,1551,2215,2549,,707,429,415,664,334,3415
5962,669,1102,1519,2216,2550,,669,433,417,697,334,3412
5937,670,1103,1516,2215,2550,,670,433,413,699,335,3387
5940,670,1101,1516,2216,2549,,670,431,415,700,333,3391
5998,701,1134,1551,2249,2583,,701,433,417,698,334,3415
5965,669,1101,1521,2216,2552,,669,432,420,695,336,3413
5951,668,1103,1521,2212,2559,,668,435,418,691,347,3392
5963,671,1106,1519,2219,2555,,671,435,413,700,336,3408
5962,669,1104,1518,2217,2555,,669,435,414,699,338,3407
5936,669,1103,1516,2217,2552,,669,434,413,701,335,3384
6090,708,1181,1712,2368,2716,,708,473,531,656,348,3374
6088,709,1180,1708,2362,2714,,709,471,528,654,352,3374
6015,670,1144,1615,2294,2640,,670,474,471,679,346,3375
6242,665,1158,1646,2356,2800,,665,493,488,710,444,3442
6328,757,1243,1756,2469,2881,,757,486,513,713,412,3447
6289,719,1207,1718,2461,2847,,719,488,511,743,386,3442
6252,749,1180,1710,2407,2811,,749,431,530,697,404,3441
6125,706,1177,1671,2347,2726,,706,471,494,676,379,3399
6269,749,1234,1720,2432,2844,,749,485,486,712,412,3425
6340,747,1259,1743,2458,2895,,747,512,484,715,437,3445
6340,720,1208,1720,2461,2893,,720,488,512,741,432,3447
6317,720,1207,1720,2433,2843,,720,487,513,713,410,3474
6266,720,1207,1720,2418,2818,,720,487,513,698,400,3448
6316,717,1238,1720,2432,2868,,717,521,482,712,436,3448
6292,720,1236,1720,2431,2843,,720,516,484,711,412,3449
6253,720,1207,1719,2398,2807,,720,487,512,679,409,3446
6158,709,1180,1719,2420,2788,,709,471,539,701,368,3370
6115,709,1206,1710,2368,2737,,709,497,504,658,369,3378
6111,732,1231,1731,2387,2739,,732,499,500,656,352,3372
6113,733,1207,1732,2388,2738,,733,474,525,656,350,3375
6065,735,1232,1693,2354,2690,,735,497,461,661,336,3375
6034,734,1232,1691,2330,2663,,734,498,459,639,333,3371
6149,679,1120,1590,2273,2725,,679,441,470,683,452,3424
6173,702,1127,1608,2330,2748,,702,425,481,722,418,3425
6218,709,1180,1709,2405,2804,,709,471,529,696,399,3414
6117,710,1182,1710,2365,2739,,710,472,528,655,374,3378
6056,709,1182,1717,2370,2685,,709,473,535,653,315,3371
6114,735,1233,1736,2391,2742,,735,498,503,655,351,3372
6034,734,1207,1691,2329,2662,,734,473,484,638,333,3372
6081,729,1200,1730,2385,2712,,729,471,530,655,327,3369
6027,736,1207,1680,2331,2661,,736,471,473,651,330,3366
6038,736,1207,1694,2333,2664,,736,471,487,639,331,3374
6152,678,1094,1566,2309,2730,,678,416,472,743,421,3422
6267,730,1167,1650,2367,2790,,730,437,483,717,423,3477
6316,749,1257,1745,2458,2868,,749,508,488,713,410,3448
6247,715,1202,1715,2427,2808,,715,487,513,712,381,3439
6140,709,1183,1709,2407,2762,,709,474,526,698,355,3378
6070,711,1182,1710,2365,2692,,711,471,528,655,327,3378
6087,710,1182,1709,2366,2716,,710,472,527,657,350,3371
6109,732,1204,1732,2387,2738,,732,472,528,655,351,3371
6064,733,1203,1691,2352,2690,,733,470,488,661,338,3374
6039,736,1209,1693,2331,2664,,736,473,484,638,333,3375
6025,679,1095,1494,2181,2573,,679,416,399,687,392,3452
6154,649,1053,1534,2285,2704,,649,404,481,751,419,3450
6292,682,1193,1722,2432,2844,,682,511,529,710,412,3448
6314,721,1237,1745,2486,2873,,721,516,508,741,387,3441
6389,719,1186,1719,2461,2921,,719,467,533,742,460,3468
6292,720,1208,1721,2432,2844,,720,488,513,711,412,3448
6317,720,1207,1721,2433,2873,,720,487,514,712,440,3444
6346,750,1257,1746,2458,2869,,750,507,489,712,411,3477
6417,720,1208,1719,2461,2922,,720,488,511,742,461,3495
6390,722,1208,1720,2463,2922,,722,486,512,743,459,3468
6296,722,1208,1720,2435,2822,,722,486,512,715,387,3474
6291,746,1161,1676,2426,2844,,746,415,515,750,418,3447
6318,722,1209,1721,2434,2874,,722,487,512,713,440,3444
6259,721,1236,1720,2432,2823,,721,515,484,712,391,3436
6290,721,1208,1720,2422,2844,,721,487,512,702,422,3446
6292,722,1208,1721,2433,2844,,722,486,513,712,411,3448
6292,721,1207,1720,2433,2844,,721,486,513,713,411,3448
6289,718,1206,1718,2432,2841,,718,488,512,714,409,3448
6281,721,1207,1720,2433,2843,,721,486,513,713,410,3438
6297,721,1208,1720,2435,2844,,721,487,512,715,409,3453
6266,721,1209,1721,2435,2823,,721,488,512,714,388,3443
6316,746,1195,1722,2434,2869,,746,449,527,712,435,3447
6267,722,1208,1724,2434,2822,,722,486,516,710,388,3445
6192,723,1211,1723,2434,2768,,723,488,512,711,334,3424
6201,723,1209,1644,2336,2746,,723,486,435,692,410,3455
6291,721,1237,1721,2434,2844,,721,516,484,713,410,3447
6296,721,1208,1720,2433,2843,,721,487,512,713,410,3453
6192,657,1164,1700,2408,2743,,657,507,536,708,335,3449
6217,722,1209,1721,2433,2845,,722,487,512,712,412,3372
6178,722,1210,1702,2386,2770,,722,488,492,684,384,3408
6152,709,1167,1667,2343,2720,,709,458,500,676,377,3432
6027,650,1054,1455,2161,2579,,650,404,401,706,418,3448
6254,710,1171,1710,2410,2807,,710,461,539,700,397,3447
6143,709,1181,1709,2407,2762,,709,472,528,698,355,3381
6093,710,1181,1710,2365,2718,,710,471,529,655,353,3375
6085,710,1181,1709,2366,2716,,710,471,528,657,350,3369
6112,734,1231,1733,2387,2738,,734,497,502,654,351,3374
6108,732,1230,1732,2388,2739,,732,498,502,656,351,3369
5980,733,1162,1600,2261,2582,,733,429,438,661,321,3398
6038,737,1212,1695,2332,2666,,737,475,483,637,334,3372
6056,734,1163,1579,2242,2641,,734,429,416,663,399,3415
6003,650,1054,1465,2158,2533,,650,404,411,693,375,3470
6242,709,1138,1663,2371,2794,,709,429,525,708,423,3448
6293,720,1210,1720,2433,2843,,720,490,510,713,410,3450
6241,722,1210,1700,2407,2797,,722,488,490,707,390,3444
6293,721,1208,1721,2434,2844,,721,487,513,713,410,3449
6293,722,1207,1721,2432,2844,,722,485,514,711,412,3449
6317,721,1237,1749,2460,2868,,721,516,512,711,408,3449
6291,720,1206,1749,2457,2848,,720,486,543,708,391,3443
6340,724,1208,1750,2488,2893,,724,484,542,738,405,3447
6128,692,1129,1611,2309,2707,,692,437,482,698,398,3421
6026,650,1053,1464,2154,2546,,650,403,411,690,392,3480
6240,708,1137,1658,2370,2793,,708,429,521,712,423,3447
6315,720,1207,1720,2461,2870,,720,487,513,741,409,3445
6155,721,1213,1700,2371,2731,,721,492,487,671,360,3424
6139,708,1180,1709,2406,2762,,708,472,529,697,356,3377
6061,710,1180,1709,2365,2690,,710,470,529,656,325,3371
6085,732,1205,1730,2385,2713,,732,473,525,655,328,3372
6114,733,1207,1734,2389,2739,,733,474,527,655,350,3375
6038,735,1208,1692,2330,2664,,735,473,484,638,334,3374
6270,734,1162,1654,2371,2794,,734,428,492,717,423,3476
6266,746,1194,1679,2414,2819,,746,448,485,735,405,3447
6369,720,1208,1721,2433,2899,,720,488,513,712,466,3470
6291,719,1207,1719,2432,2843,,719,488,512,713,411,3448
6141,720,1209,1700,2369,2750,,720,489,491,669,381,3391
6293,724,1209,1722,2435,2845,,724,485,513,713,410,3448
6371,720,1210,1720,2461,2897,,720,490,510,741,436,3474
6444,721,1240,1751,2489,2947,,721,519,511,738,458,3497
6351,753,1295,1780,2491,2901,,753,542,485,711,410,3450
6268,751,1260,1746,2458,2869,,751,509,486,712,411,3399
6312,721,1208,1721,2433,2873,,721,487,513,712,440,3439
6187,745,1195,1680,2362,2767,,745,450,485,682,405,3420
6318,722,1233,1684,2422,2873,,722,511,451,738,451,3445
6294,722,1207,1721,2432,2844,,722,485,514,711,412,3450
6204,721,1207,1720,2401,2767,,721,486,513,681,366,3437
6139,710,1181,1709,2404,2765,,710,471,528,695,361,3374
6085,709,1207,1709,2368,2715,,709,498,502,659,347,3370
6110,732,1203,1733,2390,2741,,732,471,530,657,351,3369
6113,736,1233,1735,2389,2740,,736,497,502,654,351,3373
6037,736,1209,1693,2330,2664,,736,473,484,637,334,3373
6103,734,1164,1587,2251,2667,,734,430,423,664,416,3436
6052,707,1137,1548,2211,2626,,707,430,411,663,415,3426
6219,710,1140,1595,2331,2745,,710,430,455,736,414,3474
6317,719,1206,1719,2431,2842,,719,487,513,712,411,3475
6266,721,1208,1720,2413,2819,,721,487,512,693,406,3447
6317,721,1208,1721,2435,2873,,721,487,513,714,438,3444
6292,722,1214,1726,2435,2845,,722,492,512,709,410,3447
6346,751,1236,1721,2462,2871,,751,485,485,741,409,3475
6272,766,1251,1752,2447,2829,,766,485,501,695,382,3443
6345,722,1232,1721,2433,2868,,722,510,489,712,435,3477
6287,721,1206,1694,2435,2844,,721,485,488,741,409,3443
6113,750,1210,1678,2307,2692,,750,460,468,629,385,3421
6317,723,1210,1722,2435,2875,,723,487,512,713,440,3442
6346,721,1237,1751,2459,2870,,721,516,514,708,411,3476
6242,721,1208,1720,2412,2821,,721,487,512,692,409,3421
6340,748,1260,1772,2509,2894,,748,512,512,737,385,3446
6372,722,1208,1750,2461,2901,,722,486,542,711,440,3471
6317,723,1239,1721,2434,2870,,723,516,482,713,436,3447
6116,710,1184,1655,2360,2740,,710,474,471,705,380,3376
6038,734,1204,1693,2331,2663,,734,470,489,638,332,3375
6249,732,1228,1687,2385,2781,,732,496,459,698,396,3468
6155,720,1233,1660,2324,2724,,720,513,427,664,400,3431
6291,722,1210,1724,2434,2846,,722,488,514,710,412,3445
6290,719,1207,1720,2433,2843,,719,488,513,713,410,3447
6198,719,1206,1718,2410,2778,,719,487,512,692,368,3420
6139,709,1182,1709,2406,2763,,709,473,527,697,357,3376
6062,710,1182,1709,2364,2691,,710,472,527,655,327,3371
6085,734,1206,1733,2389,2713,,734,472,527,656,324,3372
6106,745,1217,1702,2362,2699,,745,472,485,660,337,3407
6047,744,1215,1704,2340,2675,,744,471,489,636,335,3372
6172,732,1167,1598,2306,2726,,732,435,431,708,420,3446
6241,752,1263,1708,2387,2817,,752,511,445,679,430,3424
6243,722,1208,1721,2377,2794,,722,486,513,656,417,3449
6287,722,1209,1723,2434,2844,,722,487,514,711,410,3443
6142,722,1234,1722,2356,2686,,722,512,488,634,330,3456
6291,720,1208,1721,2433,2844,,720,488,513,712,411,3447
6318,720,1208,1721,2434,2870,,720,488,513,713,436,3448
6293,721,1209,1722,2434,2846,,721,488,513,712,412,3447
6266,748,1239,1752,2462,2871,,748,491,513,710,409,3395
6202,723,1210,1701,2388,2795,,723,487,491,687,407,3407
5693,675,1071,1451,2041,2369,,675,396,380,590,328,3324
5776,671,1067,1446,2050,2375,,671,396,379,604,325,3401
5790,676,1072,1469,2098,2444,,676,396,397,629,346,3346
6021,713,1184,1645,2282,2642,,713,471,461,637,360,3379
6164,735,1233,1736,2432,2788,,735,498,503,696,356,3376
6255,711,1182,1711,2409,2806,,711,471,529,698,397,3449
6142,710,1182,1709,2408,2765,,710,472,527,699,357,3377
6004,682,1152,1625,2299,2637,,682,470,473,674,338,3367
6009,709,1210,1666,2304,2637,,709,501,456,638,333,3372
6023,684,1100,1517,2183,2584,,684,416,417,666,401,3439
6268,722,1209,1751,2426,2802,,722,487,542,675,376,3466
6198,720,1233,1683,2347,2726,,720,513,450,664,379,3472
6224,722,1209,1721,2433,2810,,722,487,512,712,377,3414
6266,722,1234,1724,2435,2824,,722,512,490,711,389,3442
6290,721,1208,1721,2435,2823,,721,487,513,714,388,3467
6293,721,1209,1722,2434,2845,,721,488,513,712,411,3448
6343,720,1208,1751,2461,2895,,720,488,543,710,434,3448
6296,721,1208,1721,2433,2845,,721,487,513,712,412,3451
6223,712,1159,1667,2338,2742,,712,447,508,671,404,3481
6316,720,1207,1720,2434,2845,,720,487,513,714,411,3471
6292,720,1207,1720,2432,2843,,720,487,513,712,411,3449
6162,722,1237,1751,2382,2753,,722,515,514,631,371,3409
6322,721,1210,1722,2434,2836,,721,489,512,712,402,3486
6310,722,1209,1749,2459,2870,,722,487,540,710,411,3440
6291,722,1208,1722,2434,2828,,722,486,514,712,394,3463
6292,722,1208,1722,2434,2844,,722,486,514,712,410,3448
6292,720,1208,1720,2434,2843,,720,488,512,714,409,3449
6292,721,1208,1722,2434,2844,,721,487,514,712,410,3448
6043,649,1124,1597,2293,2667,,649,475,473,696,374,3376
6149,710,1183,1711,2408,2762,,710,473,528,697,354,3387
6088,710,1183,1714,2370,2718,,710,473,531,656,348,3370
6066,711,1184,1647,2281,2663,,711,473,463,634,382,3403
6193,710,1181,1711,2385,2760,,710,471,530,674,375,3433
6316,721,1208,1720,2433,2867,,721,487,512,713,434,3449
6292,723,1208,1720,2434,2844,,723,485,512,714,410,3448
6294,723,1210,1723,2435,2846,,723,487,513,712,411,3448
6293,722,1209,1721,2434,2844,,722,487,512,713,410,3449
6319,723,1240,1722,2434,2871,,723,517,482,712,437,3448
6068,674,1148,1622,2318,2692,,674,474,474,696,374,3376
6164,737,1208,1738,2435,2789,,737,471,530,697,354,3375
6282,772,1202,1683,2377,2805,,772,430,481,694,428,3477
6342,721,1208,1749,2421,2870,,721,487,541,672,449,3472
6318,721,1238,1721,2462,2869,,721,517,483,741,407,3449
6317,722,1209,1721,2435,2844,,722,487,512,714,409,3473
6318,721,1233,1721,2433,2845,,721,512,488,712,412,3473
6346,720,1208,1721,2433,2869,,720,488,513,712,436,3477
6391,748,1260,1773,2515,2947,,748,512,513,742,432,3444
6340,750,1234,1751,2462,2898,,750,484,517,711,436,3442
6317,721,1182,1721,2463,2869,,721,461,539,742,406,3448
6345,745,1231,1744,2457,2867,,745,486,513,713,410,3478
6319,721,1207,1721,2418,2843,,721,486,514,697,425,3476
6186,722,1208,1721,2409,2777,,722,486,513,688,368,3409
6319,723,1239,1723,2435,2874,,723,516,484,712,439,3445
6415,721,1210,1751,2490,2949,,721,489,541,739,459,3466
6316,722,1209,1720,2433,2844,,722,487,511,713,411,3472
6292,727,1238,1724,2433,2843,,727,511,486,709,410,3449
6293,723,1209,1721,2433,2845,,723,486,512,712,412,3448
6293,723,1188,1722,2435,2845,,723,465,534,713,410,3448
6167,694,1110,1596,2307,2720,,694,416,486,711,413,3447
6239,745,1261,1745,2436,2818,,745,516,484,691,382,3421
6293,721,1208,1721,2435,2846,,721,487,513,714,411,3447
6210,749,1233,1720,2409,2776,,749,484,487,689,367,3434
6345,722,1209,1726,2465,2897,,722,487,517,739,432,3448
6291,722,1237,1721,2434,2844,,722,515,484,713,410,3447
6318,723,1209,1751,2461,2870,,723,486,542,710,409,3448
6292,721,1207,1721,2433,2844,,721,486,514,712,411,3448
6343,751,1236,1722,2464,2898,,751,485,486,742,434,3445
6267,721,1209,1701,2409,2820,,721,488,492,708,411,3447
6109,752,1184,1657,2283,2681,,752,432,473,626,398,3428
6355,753,1241,1753,2466,2876,,753,488,512,713,410,3479
6296,720,1209,1720,2432,2830,,720,489,511,712,398,3466
6189,749,1263,1724,2405,2775,,749,514,461,681,370,3414
6317,720,1208,1750,2459,2869,,720,488,542,709,410,3448
6319,721,1210,1722,2434,2845,,721,489,512,712,411,3474
6291,723,1208,1723,2434,2845,,723,485,515,711,411,3446
6291,721,1208,1721,2433,2843,,721,487,513,712,410,3448
6297,752,1262,1748,2459,2870,,752,510,486,711,411,3427
6268,722,1189,1697,2410,2819,,722,467,508,713,409,3449
6177,721,1188,1644,2347,2761,,721,467,456,703,414,3416
6111,711,1187,1711,2410,2744,,711,476,524,699,334,3367
6114,711,1183,1710,2366,2745,,711,472,527,656,379,3369
6079,711,1206,1668,2308,2642,,711,495,462,640,334,3437
6218,712,1184,1710,2408,2785,,712,472,526,698,377,3433
6291,723,1209,1723,2435,2845,,723,486,514,712,410,3446
6294,723,1209,1721,2436,2844,,723,486,512,715,408,3450
6293,721,1208,1722,2435,2845,,721,487,514,713,410,3448
6293,722,1209,1721,2434,2844,,722,487,512,713,410,3449
6242,723,1188,1698,2384,2794,,723,465,510,686,410,3448
6007,723,1209,1644,2274,2627,,723,486,435,630,353,3380
6143,712,1184,1712,2410,2806,,712,472,528,698,396,3337
6019,711,1182,1668,2306,2639,,711,471,486,638,333,3380
6111,742,1215,1697,2337,2670,,742,473,482,640,333,3441
6227,712,1184,1710,2407,2785,,712,472,526,697,378,3442
6365,721,1208,1720,2433,2873,,721,487,512,713,440,3492
6421,722,1239,1725,2489,2951,,722,517,486,764,462,3470
6347,750,1236,1750,2460,2870,,750,486,514,710,410,3477
6293,751,1236,1720,2433,2844,,751,485,484,713,411,3449
6371,722,1208,1723,2433,2898,,722,486,515,710,465,3473
6269,751,1214,1697,2409,2821,,751,463,483,712,412,3448
6315,744,1261,1744,2456,2867,,744,517,483,712,411,3448
6321,723,1207,1722,2432,2845,,723,484,515,710,413,3476
6240,750,1233,1721,2458,2832,,750,483,488,737,374,3408
6343,751,1290,1772,2483,2895,,751,539,482,711,412,3448
6316,721,1208,1721,2433,2843,,721,487,513,712,410,3473
6391,722,1238,1721,2464,2923,,722,516,483,743,459,3468
6343,722,1237,1722,2435,2873,,722,515,485,713,438,3470
6319,721,1237,1721,2434,2874,,721,516,484,713,440,3445
6192,674,1094,1577,2297,2748,,674,420,483,720,451,3444
6297,723,1209,1722,2420,2846,,723,486,513,698,426,3451
6240,723,1210,1722,2414,2820,,723,487,512,692,406,3420
6244,723,1211,1702,2388,2823,,723,488,491,686,435,3421
6248,753,1240,1752,2416,2791,,753,487,512,664,375,3457
6291,720,1207,1719,2432,2842,,720,487,512,713,410,3449
6320,719,1205,1718,2431,2841,,719,486,513,713,410,3479
6316,722,1208,1721,2435,2869,,722,486,513,714,434,3447
6318,721,1209,1721,2435,2869,,721,488,512,714,434,3449
6294,722,1240,1723,2434,2845,,722,518,483,711,411,3449
6397,752,1291,1797,2494,2921,,752,539,506,697,427,3476
6215,722,1188,1698,2344,2770,,722,466,510,646,426,3445
6327,756,1244,1755,2468,2878,,756,488,511,713,410,3449
6345,721,1208,1750,2458,2869,,721,487,542,708,411,3476
6288,721,1210,1721,2463,2870,,721,489,511,742,407,3418
6292,723,1209,1723,2435,2846,,723,486,514,712,411,3446
6344,722,1208,1722,2463,2871,,722,486,514,741,408,3473
6292,749,1233,1720,2433,2843,,749,484,487,713,410,3449
6342,723,1208,1723,2463,2894,,723,485,515,740,431,3448
6292,722,1208,1726,2436,2845,,722,486,518,710,409,3447
6243,753,1238,1722,2412,2795,,753,485,484,690,383,3448
6168,751,1235,1644,2335,2714,,751,484,409,691,379,3454
6325,755,1242,1755,2466,2878,,755,487,513,711,412,3447
6291,721,1207,1721,2435,2843,,721,486,514,714,408,3448
6262,751,1234,1721,2463,2850,,751,483,487,742,387,3412
6293,722,1209,1721,2435,2846,,722,487,512,714,411,3447
6321,722,1208,1721,2434,2846,,722,486,513,713,412,3475
6273,751,1236,1722,2464,2870,,751,485,486,742,406,3403
6257,713,1185,1712,2409,2807,,713,472,527,697,398,3450
6141,711,1184,1710,2408,2763,,711,473,526,698,355,3378
6090,712,1183,1710,2367,2716,,712,471,527,657,349,3374
6083,712,1185,1711,2367,2727,,712,473,526,656,360,3356
6037,713,1186,1672,2330,2668,,713,473,486,658,338,3369
6044,738,1208,1693,2333,2668,,738,470,485,640,335,3376
6399,760,1274,1783,2521,2928,,760,514,509,738,407,3471
6343,722,1239,1722,2463,2895,,722,517,483,741,432,3448
6313,745,1260,1743,2457,2866,,745,515,483,714,409,3447
6293,722,1208,1723,2435,2845,,722,486,515,712,410,3448
6295,720,1207,1720,2432,2842,,720,487,513,712,410,3453
6347,723,1208,1751,2461,2870,,723,485,543,710,409,3477
6447,750,1287,1801,2538,2975,,750,537,514,737,437,3472
6203,721,1208,1700,2384,2760,,721,487,492,684,376,3443
6181,730,1226,1729,2427,2809,,730,496,503,698,382,3372
6043,737,1233,1693,2334,2666,,737,496,460,641,332,3377
6149,772,1243,1770,2423,2753,,772,471,527,653,330,3396
6087,712,1185,1711,2365,2716,,712,473,526,654,351,3371
6146,744,1242,1742,2439,2745,,744,498,500,697,306,3401
6156,711,1183,1712,2410,2713,,711,472,529,698,303,3443
6142,711,1209,1711,2412,2766,,711,498,502,701,354,3376
6087,710,1183,1710,2366,2715,,710,473,527,656,349,3372
6088,710,1181,1711,2368,2715,,710,471,530,657,347,3373
6092,711,1186,1714,2380,2717,,711,475,528,666,337,3375
6040,740,1213,1698,2335,2668,,740,473,485,637,333,3372
6045,738,1209,1694,2332,2666,,738,471,485,638,334,3379
6084,708,1187,1708,2340,2687,,708,479,521,632,347,3397
6095,712,1185,1713,2369,2719,,712,473,528,656,350,3376
6137,735,1207,1734,2431,2737,,735,472,527,697,306,3400
6154,711,1183,1711,2407,2714,,711,472,528,696,307,3440
6141,712,1183,1711,2408,2766,,712,471,528,697,358,3375
6062,712,1183,1711,2366,2693,,712,471,528,655,327,3369
6037,711,1185,1670,2331,2668,,711,474,485,661,337,3369
6097,711,1208,1712,2367,2739,,711,497,504,655,372,3358
6147,772,1245,1771,2425,2777,,772,473,526,654,352,3370
6043,737,1209,1692,2334,2666,,737,472,483,642,332,3377
6089,711,1183,1711,2341,2689,,711,472,528,630,348,3400
6090,711,1183,1712,2368,2717,,711,472,529,656,349,3373
6065,712,1208,1711,2413,2714,,712,496,503,702,301,3351
6088,714,1186,1714,2371,2719,,714,472,528,657,348,3369
6129,708,1180,1710,2340,2688,,708,472,530,630,348,3441
6214,711,1183,1712,2409,2831,,711,472,529,697,422,3383
6114,710,1207,1711,2366,2736,,710,497,504,655,370,3378
6094,711,1183,1712,2368,2717,,711,472,529,656,349,3377
6037,737,1207,1695,2332,2665,,737,470,488,637,333,3372
6044,736,1209,1693,2333,2666,,736,473,484,640,333,3378
6006,697,1174,1688,2315,2637,,697,477,514,627,322,3369
6091,712,1210,1711,2366,2718,,712,498,501,655,352,3373
6238,739,1211,1736,2434,2832,,739,472,525,698,398,3406
6181,712,1184,1711,2410,2738,,712,472,527,699,328,3443
6141,712,1185,1713,2411,2765,,712,473,528,698,354,3376
6085,709,1180,1711,2367,2715,,709,471,531,656,348,3370
6088,712,1186,1713,2370,2717,,712,474,527,657,347,3371
6094,709,1207,1711,2367,2714,,709,498,504,656,347,3380
6038,738,1208,1696,2334,2666,,738,470,488,638,332,3372
6044,736,1207,1692,2331,2664,,736,471,485,639,333,3380
6235,711,1189,1722,2434,2822,,711,478,533,712,388,3413
6342,723,1210,1723,2464,2898,,723,487,513,741,434,3444
6380,755,1240,1754,2468,2907,,755,485,514,714,439,3473
6348,723,1210,1722,2435,2874,,723,487,512,713,439,3474
6295,724,1212,1723,2435,2847,,724,488,511,712,412,3448
6348,722,1239,1723,2435,2870,,722,517,484,712,435,3478
6204,723,1210,1724,2416,2797,,723,487,514,692,381,3407
6173,712,1186,1712,2411,2789,,712,474,526,699,378,3384
6088,711,1184,1711,2365,2718,,711,473,527,654,353,3370
6043,736,1208,1690,2330,2663,,736,472,482,640,333,3380
6091,712,1143,1625,2321,2735,,712,431,482,696,414,3356
6088,709,1182,1709,2363,2714,,709,473,527,654,351,3374
6276,733,1204,1732,2429,2828,,733,471,528,697,399,3448
6306,713,1185,1712,2435,2856,,713,472,527,723,421,3450
6142,713,1184,1712,2410,2765,,713,471,528,698,355,3377
6089,712,1186,1712,2366,2719,,712,474,526,654,353,3370
6094,712,1187,1712,2370,2719,,712,475,525,658,349,3375
6093,712,1184,1711,2368,2717,,712,472,527,657,349,3376
6065,705,1181,1694,2356,2692,,705,476,513,662,336,3373
6045,738,1211,1693,2334,2670,,738,473,482,641,336,3375
6193,672,1108,1584,2239,2721,,672,436,476,655,482,3472
6342,723,1210,1721,2463,2896,,723,487,511,742,433,3446
6360,721,1208,1749,2488,2917,,721,487,541,739,429,3443
6293,723,1210,1722,2435,2845,,723,487,512,713,410,3448
6375,756,1241,1753,2494,2930,,756,485,512,741,436,3445
6293,723,1210,1722,2436,2846,,723,487,512,714,410,3447
6293,722,1211,1722,2434,2845,,722,489,511,712,411,3448
6177,751,1235,1722,2434,2757,,751,484,487,712,323,3420
6293,676,1183,1722,2434,2844,,676,507,539,712,410,3449
6292,721,1209,1720,2434,2844,,721,488,511,714,410,3448
6349,724,1211,1724,2438,2872,,724,487,513,714,434,3477
6240,724,1215,1726,2436,2846,,724,491,511,710,410,3394
6294,724,1209,1723,2435,2846,,724,485,514,712,411,3448
6295,724,1211,1724,2436,2847,,724,487,513,712,411,3448
6296,724,1212,1724,2435,2848,,724,488,512,711,413,3448
6295,724,1211,1723,2436,2846,,724,487,512,713,410,3449
6241,724,1209,1724,2435,2825,,724,485,515,711,390,3416
6296,724,1211,1724,2436,2829,,724,487,513,712,393,3467
6295,726,1214,1724,2436,2845,,726,488,510,712,409,3450
6270,726,1210,1724,2435,2846,,726,484,514,711,411,3424
6314,725,1210,1700,2411,2855,,725,485,490,711,444,3459
6268,724,1212,1723,2437,2826,,724,488,511,714,389,3442
6292,723,1210,1723,2436,2851,,723,487,513,713,415,3441
6343,723,1209,1722,2435,2881,,723,486,513,713,446,3462
6291,721,1208,1720,2433,2843,,721,487,512,713,410,3448
6319,722,1209,1722,2436,2872,,722,487,513,714,436,3447
6241,723,1210,1723,2416,2820,,723,487,513,693,404,3421
6269,723,1212,1722,2437,2825,,723,489,510,715,388,3444
6318,722,1209,1723,2435,2871,,722,487,514,712,436,3447
6270,723,1210,1723,2437,2846,,723,487,513,714,409,3424
6322,723,1210,1723,2436,2848,,723,487,513,713,412,3474
6318,725,1210,1723,2436,2871,,725,485,513,713,435,3447
6289,674,1163,1719,2432,2842,,674,489,556,713,410,3447
6287,717,1203,1715,2428,2839,,717,486,512,713,411,3448
6293,722,1210,1722,2435,2845,,722,488,512,713,410,3448
6318,723,1209,1722,2434,2870,,723,486,513,712,436,3448
6214,751,1239,1721,2413,2793,,751,488,482,692,380,3421
6269,724,1211,1723,2435,2825,,724,487,512,712,390,3444
6291,722,1208,1722,2434,2844,,722,486,514,712,410,3447
6294,724,1212,1723,2436,2848,,724,488,511,713,412,3446
6343,724,1212,1721,2435,2870,,724,488,509,714,435,3473
6341,720,1209,1750,2460,2894,,720,489,541,710,434,3447
6238,722,1209,1721,2434,2824,,722,487,512,713,390,3414
6345,723,1214,1726,2464,2895,,723,491,512,738,431,3450
6318,748,1235,1748,2461,2871,,748,487,513,713,410,3447
6294,723,1210,1723,2435,2846,,723,487,513,712,411,3448
6202,721,1208,1720,2412,2793,,721,487,512,692,381,3409
6145,714,1185,1712,2410,2768,,714,471,527,698,358,3377
6089,712,1171,1711,2366,2716,,712,459,540,655,350,3373
6018,713,1210,1670,2309,2641,,713,497,460,639,332,3377
6319,736,1206,1737,2412,2849,,736,470,531,675,437,3470
6293,722,1209,1721,2434,2844,,722,487,512,713,410,3449
6289,720,1184,1721,2433,2843,,720,464,537,712,410,3446
6318,723,1209,1722,2435,2870,,723,486,513,713,435,3448
6292,720,1208,1721,2434,2843,,720,488,513,713,409,3449
6319,723,1210,1751,2460,2871,,723,487,541,709,411,3448
6296,725,1211,1723,2434,2871,,725,486,512,711,437,3425
6237,723,1211,1752,2462,2825,,723,488,541,710,363,3412
6193,714,1137,1618,2328,2746,,714,423,481,710,418,3447
6318,724,1210,1722,2434,2874,,724,486,512,712,440,3444
6322,751,1235,1722,2413,2849,,751,484,487,691,436,3473
6267,723,1209,1723,2439,2847,,723,486,514,716,408,3420
6345,755,1239,1723,2464,2873,,755,484,484,741,409,3472
6319,668,1188,1722,2435,2874,,668,520,534,713,439,3445
6266,722,1208,1722,2434,2830,,722,486,514,712,396,3436
6243,752,1235,1753,2441,2821,,752,483,518,688,380,3422
6178,724,1209,1702,2386,2770,,724,485,493,684,384,3408
6147,711,1208,1712,2410,2766,,711,497,504,698,356,3381
6062,713,1190,1711,2365,2693,,713,477,521,654,328,3369
6018,712,1184,1667,2309,2642,,712,472,483,642,333,3376
6080,736,1208,1695,2319,2654,,736,472,487,624,335,3426
6192,712,1184,1711,2408,2807,,712,472,527,697,399,3385
6130,673,1108,1603,2299,2710,,673,435,495,696,411,3420
6255,707,1177,1709,2409,2829,,707,470,532,700,420,3426
6213,711,1183,1710,2406,2805,,711,472,527,696,399,3408
6115,710,1183,1713,2368,2736,,710,473,530,655,368,3379
6065,711,1183,1712,2367,2694,,711,472,529,655,327,3371
6089,710,1181,1710,2367,2715,,710,471,529,657,348,3374
6090,712,1184,1711,2365,2718,,712,472,527,654,353,3372
6019,712,1182,1668,2308,2640,,712,470,486,640,332,3379
6195,737,1209,1695,2376,2740,,737,472,486,681,364,3455
6344,724,1211,1724,2436,2900,,724,487,513,712,464,3444
6349,723,1211,1696,2440,2870,,723,488,485,744,430,3479
6319,747,1238,1722,2434,2871,,747,491,484,712,437,3448
6295,723,1239,1722,2435,2846,,723,516,483,713,411,3449
6294,723,1211,1723,2436,2846,,723,488,512,713,410,3448
6178,724,1239,1701,2385,2772,,724,515,462,684,387,3406
6144,713,1209,1712,2407,2765,,713,496,503,695,358,3379
6040,712,1184,1673,2330,2668,,712,472,489,657,338,3372
6044,737,1209,1694,2332,2667,,737,472,485,638,335,3377
6059,741,1210,1656,2266,2560,,741,469,446,610,294,3499
6189,711,1183,1711,2406,2806,,711,472,528,695,400,3383
6297,738,1212,1694,2410,2821,,738,474,482,716,411,3476
6319,748,1183,1723,2437,2871,,748,435,540,714,434,3448
6326,723,1210,1723,2435,2845,,723,487,513,712,410,3481
6295,725,1236,1724,2435,2846,,725,511,488,711,411,3449
6318,722,1199,1722,2434,2869,,722,477,523,712,435,3449
6291,722,1209,1722,2434,2846,,722,487,513,712,412,3445
6294,710,1193,1723,2434,2846,,710,483,530,711,412,3448
6217,722,1209,1701,2409,2807,,722,487,492,708,398,3410
6320,725,1211,1724,2437,2847,,725,486,513,713,410,3473
6218,723,1210,1723,2415,2796,,723,487,513,692,381,3422
6325,725,1211,1724,2438,2847,,725,486,513,714,409,3478
6319,723,1166,1723,2436,2870,,723,443,557,713,434,3449
6319,706,1193,1725,2436,2871,,706,487,532,711,435,3448
6240,751,1236,1721,2434,2824,,751,485,485,713,390,3416
6179,725,1236,1703,2388,2773,,725,511,467,685,385,3406
6208,710,1183,1715,2371,2760,,710,473,532,656,389,3448
6194,723,1190,1620,2335,2746,,723,467,430,715,411,3448
6318,724,1235,1722,2436,2872,,724,511,487,714,436,3446
6318,723,1210,1723,2435,2848,,723,487,513,712,413,3470
6217,723,1210,1723,2414,2795,,723,487,513,691,381,3422
6373,724,1209,1722,2464,2899,,724,485,513,742,435,3474
6294,722,1235,1723,2435,2846,,722,513,488,712,411,3448
6293,722,1210,1723,2435,2845,,722,488,513,712,410,3448
6294,723,1211,1723,2435,2846,,723,488,512,712,411,3448
6272,722,1213,1723,2435,2845,,722,491,510,712,410,3427
6317,723,1211,1724,2435,2872,,723,488,513,711,437,3445
6221,722,1210,1654,2361,2772,,722,488,444,707,411,3449
6313,719,1205,1719,2432,2840,,719,486,514,713,408,3473
6293,722,1209,1722,2434,2845,,722,487,513,712,411,3448
6295,724,1210,1723,2436,2846,,724,486,513,713,410,3449
6215,723,1210,1723,2412,2800,,723,487,513,689,388,3415
6269,724,1236,1669,2387,2822,,724,512,433,718,435,3447
6326,756,1243,1756,2468,2879,,756,487,513,712,411,3447
6316,723,1236,1723,2434,2870,,723,513,487,711,436,3446
6180,724,1212,1704,2386,2758,,724,488,492,682,372,3422
6114,715,1187,1714,2370,2741,,715,472,527,656,371,3373
6295,737,1209,1694,2412,2849,,737,472,485,718,437,3446
6346,723,1238,1723,2437,2871,,723,515,485,714,434,3475
6324,724,1210,1722,2435,2845,,724,486,512,713,410,3479
6273,724,1209,1723,2435,2846,,724,485,514,712,411,3427
6346,724,1209,1723,2437,2871,,724,485,514,714,434,3475
6245,749,1197,1662,2369,2797,,749,448,465,707,428,3448
6349,777,1263,1777,2489,2900,,777,486,514,712,411,3449
6294,724,1210,1722,2436,2845,,724,486,512,714,409,3449
6240,722,1210,1751,2439,2822,,722,488,541,688,383,3418
6262,721,1237,1720,2434,2870,,721,516,483,714,436,3392
6292,710,1181,1666,2412,2847,,710,471,485,746,435,3445
6317,723,1213,1726,2435,2870,,723,490,513,709,435,3447
6342,724,1235,1751,2460,2871,,724,511,516,709,411,3471
6242,724,1210,1752,2441,2822,,724,486,542,689,381,3420
6297,724,1211,1724,2436,2827,,724,487,513,712,391,3470
6294,749,1197,1683,2391,2851,,749,448,486,708,460,3443
6294,725,1212,1723,2436,2845,,725,487,511,713,409,3449
6294,724,1241,1724,2436,2848,,724,517,483,712,412,3446
6258,729,1218,1726,2425,2837,,729,489,508,699,412,3421
6307,723,1210,1723,2434,2845,,723,487,513,711,411,3462
6295,723,1210,1723,2434,2846,,723,487,513,711,412,3449
6292,723,1238,1723,2435,2846,,723,515,485,712,411,3446
6346,724,1211,1723,2464,2872,,724,487,512,741,408,3474
6272,752,1236,1723,2435,2846,,752,484,487,712,411,3426
6267,724,1211,1725,2437,2850,,724,487,514,712,413,3417
6319,723,1195,1749,2460,2872,,723,472,554,711,412,3447
6296,724,1213,1726,2440,2849,,724,489,513,714,409,3447
6295,725,1236,1724,2437,2847,,725,511,488,713,410,3448
6319,723,1211,1723,2437,2873,,723,488,512,714,436,3446
6297,724,1213,1724,2437,2847,,724,489,511,713,410,3450
6366,700,1186,1722,2433,2899,,700,486,536,711,466,3467
6173,734,1219,1726,2394,2777,,734,485,507,668,383,3396
6293,724,1211,1723,2436,2846,,724,487,512,713,410,3447
6356,759,1247,1759,2472,2908,,759,488,512,713,436,3448
6298,724,1237,1725,2437,2873,,724,513,488,712,436,3425
6322,710,1178,1688,2414,2847,,710,468,510,726,433,3475
6442,752,1287,1800,2538,2995,,752,535,513,738,457,3447
6320,724,1211,1724,2436,2871,,724,487,513,712,435,3449
6294,723,1236,1725,2436,2847,,723,513,489,711,411,3447
6294,726,1211,1725,2436,2846,,726,485,514,711,410,3448
6295,722,1210,1724,2435,2845,,722,488,514,711,410,3450
6316,722,1209,1721,2436,2869,,722,487,512,715,433,3447
6347,724,1212,1754,2464,2871,,724,488,542,710,407,3476
6297,725,1217,1728,2438,2848,,725,492,511,710,410,3449
6243,725,1211,1724,2437,2826,,725,486,513,713,389,3417
6324,712,1176,1692,2424,2848,,712,464,516,732,424,3476
6298,715,1199,1723,2437,2847,,715,484,524,714,410,3451
6296,724,1211,1724,2436,2848,,724,487,513,712,412,3448
6295,724,1210,1724,2435,2846,,724,486,514,711,411,3449
6319,722,1210,1723,2436,2871,,722,488,513,713,435,3448
6320,724,1211,1724,2423,2848,,724,487,513,699,425,3472
6293,724,1211,1724,2439,2847,,724,487,513,715,408,3446
6294,725,1211,1723,2436,2847,,725,486,512,713,411,3447
6294,724,1211,1724,2436,2847,,724,487,513,712,411,3447
6272,724,1212,1724,2436,2845,,724,488,512,712,409,3427
6197,712,1221,1687,2345,2725,,712,509,466,658,380,3472
6298,720,1213,1725,2437,2849,,720,493,512,712,412,3449
6295,724,1235,1724,2436,2848,,724,511,489,712,412,3447
6293,723,1210,1723,2436,2846,,723,487,513,713,410,3447
6268,723,1234,1692,2410,2822,,723,511,458,718,412,3446
6345,724,1211,1723,2438,2872,,724,487,512,715,434,3473
6279,724,1212,1724,2436,2847,,724,488,512,712,411,3432
6328,724,1238,1724,2436,2847,,724,514,486,712,411,3481
6320,748,1235,1749,2459,2869,,748,487,514,710,410,3451
6320,726,1211,1724,2436,2872,,726,485,513,712,436,3448
6245,725,1239,1702,2382,2778,,725,514,463,680,396,3467
6298,724,1211,1724,2436,2847,,724,487,513,712,411,3451
6319,723,1211,1723,2436,2872,,723,488,512,713,436,3447
6046,654,1057,1478,2184,2589,,654,403,421,706,405,3457
6295,724,1235,1725,2437,2847,,724,511,490,712,410,3448
6319,722,1210,1723,2436,2845,,722,488,513,713,409,3474
6267,723,1211,1724,2466,2875,,723,488,513,742,409,3392
6318,724,1211,1724,2436,2877,,724,487,513,712,441,3441
6316,747,1233,1745,2459,2868,,747,486,512,714,409,3448
6295,724,1210,1724,2435,2847,,724,486,514,711,412,3448
6320,726,1217,1700,2437,2860,,726,491,483,737,423,3460
6244,724,1223,1662,2370,2797,,724,499,439,708,427,3447
6295,724,1212,1725,2436,2849,,724,488,513,711,413,3446
6294,724,1211,1724,2436,2846,,724,487,513,712,410,3448
6296,723,1211,1723,2414,2819,,723,488,512,691,405,3477
6348,739,1226,1777,2491,2912,,739,487,551,714,421,3436
6329,725,1211,1725,2437,2873,,725,486,514,712,436,3456
6295,727,1212,1726,2437,2848,,727,485,514,711,411,3447
6342,748,1234,1748,2459,2895,,748,486,514,711,436,3447
6319,724,1210,1724,2437,2872,,724,486,514,713,435,3447
6133,723,1209,1698,2367,2728,,723,486,489,669,361,3405
6218,712,1139,1631,2349,2772,,712,427,492,718,423,3446
6322,724,1212,1726,2438,2876,,724,488,514,712,438,3446
6325,724,1240,1723,2435,2847,,724,516,483,712,412,3478
6299,723,1211,1751,2461,2872,,723,488,540,710,411,3427
6349,725,1212,1725,2437,2865,,725,487,513,712,428,3484
6296,724,1210,1723,2436,2846,,724,486,513,713,410,3450
6293,724,1211,1723,2436,2846,,724,487,512,713,410,3447
6349,769,1264,1752,2493,2900,,769,495,488,741,407,3449
6214,724,1211,1724,2416,2797,,724,487,513,692,381,3417
6300,726,1241,1750,2425,2809,,726,515,509,675,384,3491
6345,725,1240,1753,2491,2897,,725,515,513,738,406,3448
6320,726,1211,1753,2463,2872,,726,485,542,710,409,3448
6294,723,1210,1723,2435,2845,,723,487,513,712,410,3449
6216,724,1210,1723,2415,2797,,724,486,513,692,382,3419
6296,725,1187,1724,2437,2849,,725,462,537,713,412,3447
6294,724,1210,1723,2436,2847,,724,486,513,713,411,3447
6346,724,1210,1752,2462,2872,,724,486,542,710,410,3474
6318,704,1189,1747,2458,2870,,704,485,558,711,412,3448
6254,762,1250,1761,2453,2835,,762,488,511,692,382,3419
6242,720,1237,1745,2421,2805,,720,517,508,676,384,3437
6295,724,1211,1710,2420,2846,,724,487,499,710,426,3449
6349,724,1210,1757,2466,2872,,724,486,547,709,406,3477
6345,724,1239,1752,2489,2895,,724,515,513,737,406,3450
6216,723,1210,1724,2415,2797,,723,487,514,691,382,3419
6320,725,1212,1725,2436,2870,,725,487,513,711,434,3450
6324,724,1211,1723,2436,2847,,724,487,512,713,411,3477
6321,724,1212,1724,2436,2873,,724,488,512,712,437,3448
6342,701,1186,1745,2458,2897,,701,485,559,713,439,3445
6240,723,1211,1752,2441,2822,,723,488,541,689,381,3418
6245,724,1211,1724,2416,2794,,724,487,513,692,378,3451
6374,724,1211,1728,2439,2900,,724,487,517,711,461,3474
6296,725,1212,1725,2437,2848,,725,487,513,712,411,3448
6320,724,1211,1724,2436,2875,,724,487,513,712,439,3445
6202,724,1211,1723,2420,2831,,724,487,512,697,411,3371
6295,725,1238,1726,2439,2848,,725,513,488,713,409,3447
6293,722,1209,1722,2435,2845,,722,487,513,713,410,3448
6343,744,1230,1742,2455,2865,,744,486,512,713,410,3478
6359,717,1201,1762,2475,2911,,717,484,561,713,436,3448
6243,724,1211,1723,2436,2827,,724,487,512,713,391,3416
6250,725,1239,1725,2414,2781,,725,514,486,689,367,3469
6327,727,1214,1724,2436,2846,,727,487,510,712,410,3481
6295,725,1211,1724,2436,2847,,725,486,513,712,411,3448
6180,725,1211,1703,2387,2772,,725,486,492,684,385,3408
6147,712,1183,1711,2407,2766,,712,471,528,696,359,3381
6170,710,1127,1598,2313,2710,,710,417,471,715,397,3460
6295,724,1211,1722,2436,2847,,724,487,511,714,411,3448
6325,724,1211,1724,2436,2846,,724,487,513,712,410,3479
6294,678,1161,1725,2437,2847,,678,483,564,712,410,3447
6295,723,1211,1723,2435,2845,,723,488,512,712,410,3450
6274,723,1239,1752,2436,2805,,723,516,513,684,369,3469
6293,723,1209,1722,2435,2846,,723,486,513,713,411,3447
6318,721,1208,1721,2439,2869,,721,487,513,718,430,3449
6319,723,1211,1724,2436,2871,,723,488,513,712,435,3448
6243,725,1216,1728,2417,2823,,725,491,512,689,406,3420
6295,735,1218,1723,2436,2847,,735,483,505,713,411,3448
6221,659,1141,1629,2349,2772,,659,482,488,720,423,3449
6324,724,1211,1724,2437,2847,,724,487,513,713,410,3477
6349,685,1172,1723,2434,2876,,685,487,551,711,442,3473
6243,704,1188,1723,2420,2822,,704,484,535,697,402,3421
6220,724,1211,1723,2412,2780,,724,487,512,689,368,3440
6296,724,1212,1724,2425,2847,,724,488,512,701,422,3449
6294,724,1212,1724,2436,2847,,724,488,512,712,411,3447
6295,724,1213,1723,2435,2847,,724,489,510,712,412,3448
6219,724,1211,1724,2415,2797,,724,487,513,691,382,3422
6321,728,1214,1724,2435,2871,,728,486,510,711,436,3450
6294,724,1235,1723,2435,2845,,724,511,488,712,410,3449
6347,723,1234,1751,2461,2871,,723,511,517,710,410,3476
6295,686,1180,1723,2436,2847,,686,494,543,713,411,3448
6215,723,1209,1723,2415,2797,,723,486,514,692,382,3418
6219,724,1236,1723,2411,2779,,724,512,487,688,368,3440
6320,724,1211,1724,2443,2871,,724,487,513,719,428,3449
6294,725,1211,1724,2436,2847,,725,486,513,712,411,3447
6320,724,1211,1752,2462,2873,,724,487,541,710,411,3447
6244,725,1211,1724,2416,2823,,725,486,513,692,407,3421
6295,725,1207,1725,2437,2847,,725,482,518,712,410,3448
6294,724,1211,1724,2436,2846,,724,487,513,712,410,3448
6101,714,1172,1600,2284,2705,,714,458,428,684,421,3396
6101,673,1144,1587,2284,2706,,673,471,443,697,422,3395
6068,706,1148,1611,2282,2655,,706,442,463,671,373,3413
6071,710,1150,1589,2245,2590,,710,440,439,656,345,3481
6294,724,1211,1724,2436,2848,,724,487,513,712,412,3446
6296,724,1211,1725,2436,2848,,724,487,514,711,412,3448
6319,722,1211,1725,2438,2871,,722,489,514,713,433,3448
6240,721,1237,1722,2434,2824,,721,516,485,712,390,3416
6295,725,1216,1725,2436,2849,,725,491,509,711,413,3446
6294,724,1215,1728,2438,2847,,724,491,513,710,409,3447
6433,784,1299,1812,2520,2961,,784,515,513,708,441,3472
6158,695,1113,1589,2289,2712,,695,418,476,700,423,3446
6193,672,1092,1603,2323,2774,,672,420,511,720,451,3419
6320,752,1264,1777,2486,2873,,752,512,513,709,387,3447
6270,724,1211,1709,2416,2815,,724,487,498,707,399,3455
6295,725,1211,1724,2436,2849,,725,486,513,712,413,3446
6324,724,1211,1753,2462,2898,,724,487,542,709,436,3426
6257,726,1212,1726,2437,2817,,726,486,514,711,380,3440
6170,736,1149,1572,2323,2745,,736,413,423,751,422,3425
6296,726,1212,1725,2438,2849,,726,486,513,713,411,3447
6323,724,1240,1723,2436,2847,,724,516,483,713,411,3476
6157,697,1116,1589,2288,2707,,697,419,473,699,419,3450
6098,712,1186,1712,2365,2718,,712,474,526,653,353,3380
6157,711,1182,1712,2366,2719,,711,471,530,654,353,3438
6193,713,1185,1712,2383,2739,,713,472,527,671,356,3454
6296,725,1211,1723,2436,2847,,725,486,512,713,411,3449
6319,723,1239,1752,2461,2870,,723,516,513,709,409,3449
6294,723,1210,1723,2436,2846,,723,487,513,713,410,3448
6298,723,1211,1708,2420,2846,,723,488,497,712,426,3452
6321,726,1211,1724,2464,2873,,726,485,513,740,409,3448
6371,724,1210,1722,2464,2898,,724,486,512,742,434,3473
6221,710,1159,1633,2351,2773,,710,449,474,718,422,3448
6373,711,1220,1726,2465,2901,,711,509,506,739,436,3472
6398,753,1265,1749,2489,2922,,753,512,484,740,433,3476
6295,724,1210,1724,2436,2845,,724,486,514,712,409,3450
6394,723,1209,1751,2489,2949,,723,486,542,738,460,3445
6324,723,1240,1724,2436,2847,,723,517,484,712,411,3477
6240,723,1209,1722,2437,2825,,723,486,513,715,388,3415
6320,725,1211,1724,2436,2873,,725,486,513,712,437,3447
6293,721,1208,1721,2434,2844,,721,487,513,713,410,3449
6299,724,1211,1702,2412,2822,,724,487,491,710,410,3477
6171,706,1128,1560,2287,2723,,706,422,432,727,436,3448
6324,713,1182,1721,2438,2848,,713,469,539,717,410,3476
6347,725,1212,1725,2438,2899,,725,487,513,713,461,3448
6297,725,1213,1725,2438,2848,,725,488,512,713,410,3449
6321,721,1209,1720,2433,2844,,721,488,511,713,411,3477
6295,725,1212,1725,2437,2848,,725,487,513,712,411,3447
6272,725,1212,1725,2439,2848,,725,487,513,714,409,3424
6297,725,1213,1725,2440,2848,,725,488,512,715,408,3449
6296,726,1212,1725,2438,2848,,726,486,513,713,410,3448
6295,725,1212,1725,2436,2847,,725,487,513,711,411,3448
6245,751,1175,1662,2369,2797,,751,424,487,707,428,3448
6173,711,1194,1646,2361,2774,,711,483,452,715,413,3399
6298,755,1241,1725,2438,2848,,755,486,484,713,410,3450
6327,726,1213,1725,2438,2848,,726,487,512,713,410,3479
6296,725,1211,1723,2437,2848,,725,486,512,714,411,3448
6295,725,1211,1724,2437,2848,,725,486,513,713,411,3447
6305,725,1212,1726,2437,2848,,725,487,514,711,411,3457
6317,747,1233,1746,2461,2870,,747,486,513,715,409,3447
6296,724,1212,1725,2438,2847,,724,488,513,713,409,3449
6344,725,1241,1750,2462,2904,,725,516,509,712,442,3440
6229,707,1157,1600,2359,2782,,707,450,443,759,423,3447
6219,711,1196,1645,2361,2771,,711,485,449,716,410,3448
6317,752,1237,1722,2464,2870,,752,485,485,742,406,3447
6293,724,1210,1723,2435,2845,,724,486,513,712,410,3448
6321,726,1212,1725,2437,2873,,726,486,513,712,436,3448
6295,726,1210,1724,2437,2847,,726,484,514,713,410,3448
6219,724,1211,1723,2436,2770,,724,487,512,713,334,3449
6175,714,1122,1611,2324,2737,,714,408,489,713,413,3438
6221,727,1214,1726,2417,2799,,727,487,512,691,382,3422
6321,710,1179,1709,2417,2848,,710,469,530,708,431,3473
6193,705,1154,1553,2297,2751,,705,449,399,744,454,3442
6195,725,1135,1624,2334,2750,,725,410,489,710,416,3445
6322,726,1217,1730,2438,2849,,726,491,513,708,411,3473
6394,754,1237,1752,2489,2949,,754,483,515,737,460,3445
6297,726,1213,1725,2436,2847,,726,487,512,711,411,3450
6296,724,1212,1725,2436,2848,,724,488,513,711,412,3448
6348,725,1214,1725,2438,2878,,725,489,511,713,440,3470
6371,754,1292,1800,2512,2924,,754,538,508,712,412,3447
6268,723,1210,1722,2435,2830,,723,487,512,713,395,3438
6297,713,1182,1711,2420,2849,,713,469,529,709,429,3448
6125,708,1155,1568,2305,2643,,708,447,413,737,338,3482
6324,754,1217,1724,2438,2849,,754,463,507,714,411,3475
6295,723,1211,1723,2435,2846,,723,488,512,712,411,3449
6402,724,1212,1725,2468,2927,,724,488,513,743,459,3475
6350,725,1212,1725,2438,2873,,725,487,513,713,435,3477
6325,755,1240,1726,2467,2900,,755,485,486,741,433,3425
6351,726,1213,1726,2467,2873,,726,487,513,741,406,3478
6322,716,1237,1722,2435,2845,,716,521,485,713,410,3477
6294,724,1240,1725,2437,2847,,724,516,485,712,410,3447
6299,725,1212,1725,2415,2822,,725,487,513,690,407,3477
6186,740,1202,1678,2336,2738,,740,462,476,658,402,3448
6287,755,1238,1754,2429,2837,,755,483,516,675,408,3450
6133,716,1189,1715,2369,2696,,716,473,526,654,327,3437
6173,715,1188,1714,2410,2808,,715,473,526,696,398,3365
6095,715,1186,1712,2368,2718,,715,471,526,656,350,3377
6090,713,1186,1714,2369,2718,,713,473,528,655,349,3372
6089,712,1183,1712,2368,2719,,712,471,529,656,351,3370
6154,679,1175,1713,2411,2768,,679,496,538,698,357,3386
6042,738,1211,1698,2335,2667,,738,473,487,637,332,3375
6107,739,1236,1673,2310,2670,,739,497,437,637,360,3437
6006,670,1083,1496,2184,2521,,670,413,413,688,337,3485
6047,744,1216,1701,2342,2678,,744,472,485,641,336,3369
6037,710,1206,1666,2305,2638,,710,496,460,639,333,3399
6219,714,1185,1715,2413,2808,,714,471,530,698,395,3411
6117,712,1183,1717,2386,2739,,712,471,534,669,353,3378
6096,714,1185,1714,2370,2724,,714,471,529,656,354,3372
6043,714,1187,1673,2336,2671,,714,473,486,663,335,3372
6104,716,1213,1714,2371,2720,,716,497,501,657,349,3384
6095,715,1186,1714,2369,2721,,715,471,528,655,352,3374
6093,714,1185,1715,2373,2720,,714,471,530,658,347,3373
6043,740,1169,1608,2274,2672,,740,429,439,666,398,3371
6042,737,1209,1696,2335,2664,,737,472,487,639,329,3378
6072,714,1187,1715,2369,2694,,714,473,528,654,325,3378
6130,715,1187,1715,2412,2767,,715,472,528,697,355,3363
6094,717,1217,1714,2370,2716,,717,500,497,656,346,3378
6065,714,1186,1713,2369,2693,,714,472,527,656,324,3372
6044,715,1188,1672,2333,2670,,715,473,484,661,337,3374
6123,713,1146,1579,2241,2712,,713,433,433,662,471,3411
6117,715,1186,1714,2370,2742,,715,471,528,656,372,3375
6042,713,1185,1673,2334,2669,,713,472,488,661,335,3373
6009,713,1144,1618,2268,2658,,713,431,474,650,390,3351
6121,715,1212,1714,2378,2720,,715,497,502,664,342,3401
6112,714,1145,1583,2247,2688,,714,431,438,664,441,3424
6319,724,1211,1724,2436,2878,,724,487,513,712,442,3441
6323,724,1211,1723,2436,2846,,724,487,512,713,410,3477
6321,754,1238,1724,2437,2873,,754,484,486,713,436,3448
6320,726,1213,1754,2463,2873,,726,487,541,709,410,3447
6208,724,1158,1638,2340,2761,,724,434,480,702,421,3447
6142,713,1184,1714,2412,2768,,713,471,530,698,356,3374
6114,737,1210,1737,2393,2745,,737,473,527,656,352,3369
6035,723,1201,1713,2320,2683,,723,478,512,607,363,3352
6093,714,1186,1714,2371,2721,,714,472,528,657,350,3372
6092,713,1184,1713,2369,2721,,713,471,529,656,352,3371
6097,714,1212,1713,2369,2720,,714,498,501,656,351,3377
6091,709,1206,1712,2369,2718,,709,497,506,657,349,3373
6092,713,1185,1713,2369,2719,,713,472,528,656,350,3373
6091,712,1185,1715,2371,2719,,712,473,530,656,348,3372
6103,714,1187,1714,2371,2718,,714,473,527,657,347,3385
6066,715,1189,1715,2370,2696,,715,474,526,655,326,3370
6115,737,1234,1736,2392,2745,,737,497,502,656,353,3370
6251,714,1186,1714,2360,2774,,714,472,528,646,414,3477
6283,725,1212,1754,2464,2841,,725,487,542,710,377,3442
6142,714,1187,1714,2410,2766,,714,473,527,696,356,3376
6048,739,1211,1699,2335,2668,,739,472,488,636,333,3380
6040,738,1210,1695,2335,2667,,738,472,485,640,332,3373
6081,714,1208,1671,2309,2644,,714,494,463,638,335,3437
6108,713,1212,1715,2370,2743,,713,499,503,655,373,3365
6155,715,1185,1698,2401,2771,,715,470,513,703,370,3384
6089,713,1211,1713,2368,2719,,713,498,502,655,351,3370
6099,748,1243,1746,2401,2726,,748,495,503,655,325,3373
6219,714,1182,1712,2383,2777,,714,468,530,671,394,3442
6293,723,1239,1748,2459,2840,,723,516,509,711,381,3453
6143,715,1188,1716,2413,2769,,715,473,528,697,356,3374
6075,713,1184,1715,2369,2695,,713,471,531,654,326,3380
6089,713,1184,1714,2369,2720,,713,471,530,655,351,3369
6064,713,1185,1714,2370,2693,,713,472,529,656,323,3371
6067,714,1185,1713,2367,2694,,714,471,528,654,327,3373
6061,713,1184,1713,2361,2690,,713,471,529,648,329,3371
6091,715,1185,1716,2373,2720,,715,470,531,657,347,3371
6009,714,1211,1691,2338,2665,,714,497,480,647,327,3344
6176,714,1186,1715,2388,2702,,714,472,529,673,314,3474
6300,727,1211,1725,2439,2827,,727,484,514,714,388,3473
6346,726,1241,1754,2493,2899,,726,515,513,739,406,3447
6371,753,1262,1779,2487,2926,,753,509,517,708,439,3445
6376,756,1268,1750,2491,2898,,756,512,482,741,407,3478
6350,724,1242,1754,2463,2873,,724,518,512,709,410,3477
6290,751,1234,1720,2434,2844,,751,483,486,714,410,3446
6232,753,1262,1679,2379,2786,,753,509,417,700,407,3446
6143,714,1187,1718,2415,2769,,714,473,531,697,354,3374
6091,737,1209,1737,2395,2719,,737,472,528,658,324,3372
6147,713,1185,1673,2374,2702,,713,472,488,701,328,3445
6326,755,1239,1726,2438,2849,,755,484,487,712,411,3477
6346,725,1241,1724,2465,2897,,725,516,483,741,432,3449
6293,723,1210,1723,2436,2846,,723,487,513,713,410,3447
6374,754,1238,1753,2462,2897,,754,484,515,709,435,3477
6299,724,1212,1752,2461,2873,,724,488,540,709,412,3426
6322,727,1242,1726,2469,2874,,727,515,484,743,405,3448
6350,726,1213,1725,2439,2874,,726,487,512,714,435,3476
6400,726,1212,1755,2465,2927,,726,486,543,710,462,3473
6220,726,1213,1726,2417,2799,,726,487,513,691,382,3421
6201,726,1213,1730,2390,2726,,726,487,517,660,336,3475
6259,724,1211,1725,2437,2816,,724,487,514,712,379,3443
6145,714,1186,1715,2413,2768,,714,472,529,698,355,3377
6046,715,1213,1673,2333,2671,,715,498,460,660,338,3375
6091,715,1187,1714,2371,2721,,715,472,527,657,350,3370
6092,715,1190,1714,2368,2722,,715,475,524,654,354,3370
6094,714,1187,1715,2371,2720,,714,473,528,656,349,3374
6094,715,1211,1714,2372,2720,,715,496,503,658,348,3374
6092,715,1187,1714,2370,2719,,715,472,527,656,349,3373
6126,748,1245,1746,2402,2754,,748,497,501,656,352,3372
6163,714,1184,1674,2337,2716,,714,470,490,663,379,3447
6322,726,1213,1725,2468,2879,,726,487,512,743,411,3443
6322,754,1238,1753,2462,2873,,754,484,515,709,411,3449
6324,727,1238,1725,2438,2849,,727,511,487,713,411,3475
6325,725,1212,1726,2438,2848,,725,487,514,712,410,3477
6321,725,1212,1754,2464,2873,,725,487,542,710,409,3448
6297,726,1213,1726,2439,2848,,726,487,513,713,409,3449
6273,754,1238,1705,2361,2801,,754,484,467,656,440,3472
6369,778,1290,1772,2485,2925,,778,512,482,713,440,3444
6245,726,1243,1725,2437,2828,,726,517,482,712,391,3417
6246,725,1216,1728,2401,2786,,725,491,512,673,385,3460
6303,725,1213,1726,2437,2826,,725,488,513,711,389,3477
6351,726,1213,1726,2439,2874,,726,487,513,713,435,3477
6349,752,1239,1713,2450,2874,,752,487,474,737,424,3475
6296,725,1212,1724,2436,2848,,725,487,512,712,412,3448
6157,725,1241,1644,2349,2718,,725,516,403,705,369,3439
6144,715,1186,1713,2410,2768,,715,471,527,697,358,3376
6274,716,1186,1716,2369,2799,,716,470,530,653,430,3475
6350,726,1212,1754,2462,2874,,726,486,542,708,412,3476
6245,726,1241,1754,2441,2830,,726,515,513,687,389,3415
6279,751,1201,1752,2428,2811,,751,450,551,676,383,3468
6321,725,1213,1726,2467,2878,,725,488,513,741,411,3443
6397,746,1234,1746,2458,2922,,746,488,512,712,464,3475
6342,748,1235,1777,2486,2896,,748,487,542,709,410,3446
6351,726,1241,1725,2439,2878,,726,515,484,714,439,3473
6305,725,1212,1755,2449,2859,,725,487,543,694,410,3446
6345,724,1212,1754,2465,2897,,724,488,542,711,432,3448
6248,724,1239,1753,2430,2824,,724,515,514,677,394,3424
6366,770,1257,1770,2482,2918,,770,487,513,712,436,3448
6214,725,1241,1726,2438,2828,,725,516,485,712,390,3386
6153,752,1199,1684,2330,2676,,752,447,485,646,346,3477
6324,725,1212,1725,2437,2847,,725,487,513,712,410,3477
6326,755,1242,1756,2468,2878,,755,487,514,712,410,3448
6267,724,1211,1724,2465,2873,,724,487,513,741,408,3394
6376,726,1212,1726,2467,2898,,726,486,514,741,431,3478
6299,726,1211,1724,2437,2876,,726,485,513,713,439,3423
6297,726,1214,1726,2439,2849,,726,488,512,713,410,3448
6322,754,1238,1723,2436,2848,,754,484,485,713,412,3474
6305,726,1212,1725,2438,2872,,726,486,513,713,434,3433
6376,751,1261,1749,2489,2896,,751,510,488,740,407,3480
6142,720,1183,1678,2345,2692,,720,463,495,667,347,3450
6368,724,1240,1753,2490,2922,,724,516,513,737,432,3446
6356,758,1248,1760,2471,2879,,758,490,512,711,408,3477
6322,725,1212,1724,2437,2873,,725,487,512,713,436,3449
6375,755,1241,1755,2465,2899,,755,486,514,710,434,3476
6294,726,1214,1726,2467,2877,,726,488,512,741,410,3417
6407,755,1240,1754,2492,2923,,755,485,514,738,431,3484
6285,723,1210,1724,2436,2847,,723,487,514,712,411,3438
6402,726,1212,1756,2496,2927,,726,486,544,740,431,3475
6265,723,1238,1754,2443,2846,,723,515,516,689,403,3419
6147,754,1213,1682,2350,2711,,754,459,469,668,361,3436
6304,755,1240,1725,2436,2848,,755,485,485,711,412,3456
6219,726,1212,1726,2417,2798,,726,486,514,691,381,3421
6297,726,1215,1726,2439,2849,,726,489,511,713,410,3448
6272,725,1218,1724,2437,2847,,725,493,506,713,410,3425
6345,725,1215,1754,2462,2902,,725,490,539,708,440,3443
6265,729,1214,1727,2439,2875,,729,485,513,712,436,3390
6303,727,1214,1755,2465,2899,,727,487,541,710,434,3404
6298,728,1214,1726,2438,2849,,728,486,512,712,411,3449
6351,727,1213,1724,2438,2873,,727,486,511,714,435,3478
6197,754,1268,1726,2408,2759,,754,514,458,682,351,3438
6301,727,1213,1726,2439,2850,,727,486,513,713,411,3451
6351,780,1266,1779,2492,2905,,780,486,513,713,413,3446
6377,727,1214,1727,2469,2901,,727,487,513,742,432,3476
6297,726,1212,1726,2438,2848,,726,486,514,712,410,3449
6349,727,1214,1726,2470,2900,,727,487,512,744,430,3449
6352,726,1213,1726,2438,2878,,726,487,513,712,440,3474
6296,727,1213,1726,2439,2848,,727,486,513,713,409,3448
6297,726,1215,1726,2439,2851,,726,489,511,713,412,3446
6103,726,1214,1647,2279,2639,,726,488,433,632,360,3464
6299,753,1266,1775,2448,2808,,753,513,509,673,360,3491
6273,726,1213,1725,2438,2828,,726,487,512,713,390,3445
6319,723,1211,1723,2436,2871,,723,488,512,713,435,3448
6295,725,1212,1725,2437,2848,,725,487,513,712,411,3447
6350,725,1216,1727,2437,2873,,725,491,511,710,436,3477
6297,726,1214,1726,2438,2849,,726,488,512,712,411,3448
6295,726,1212,1725,2438,2847,,726,486,513,713,409,3448
6246,727,1212,1727,2416,2799,,727,485,515,689,383,3447
6295,723,1213,1723,2435,2847,,723,490,510,712,412,3448
6350,725,1213,1725,2468,2899,,725,488,512,743,431,3451
6296,755,1296,1802,2475,2834,,755,541,506,673,359,3462
6299,727,1213,1726,2438,2851,,727,486,513,712,413,3448
6326,725,1213,1726,2438,2849,,725,488,513,712,411,3477
6372,753,1265,1777,2486,2927,,753,512,512,709,441,3445
6295,724,1236,1724,2436,2848,,724,512,488,712,412,3447
6296,725,1212,1725,2437,2848,,725,487,513,712,411,3448
6296,725,1237,1724,2438,2847,,725,512,487,714,409,3449
6296,725,1212,1725,2436,2848,,725,487,513,711,412,3448
6295,724,1237,1725,2437,2848,,724,513,488,712,411,3447
6295,725,1212,1724,2436,2848,,725,487,512,712,412,3447
6249,724,1212,1724,2411,2780,,724,488,512,687,369,3469
6295,725,1211,1725,2437,2848,,725,486,514,712,411,3447
6297,726,1213,1726,2438,2849,,726,487,513,712,411,3448
6299,755,1238,1725,2437,2848,,755,483,487,712,411,3451
6325,725,1211,1724,2436,2847,,725,486,513,712,411,3478
6270,724,1211,1724,2437,2821,,724,487,513,713,384,3449
6296,725,1212,1726,2438,2849,,725,487,514,712,411,3447
6326,725,1213,1724,2437,2848,,725,488,511,713,411,3478
6325,725,1212,1725,2436,2848,,725,487,513,711,412,3477
6205,668,1161,1680,2399,2802,,668,493,519,719,403,3403
6220,757,1240,1725,2413,2781,,757,483,485,688,368,3439
6320,726,1213,1726,2438,2874,,726,487,513,712,436,3446
6046,679,1151,1622,2321,2711,,679,472,471,699,390,3335
6143,715,1186,1716,2412,2768,,715,471,530,696,356,3375
6067,715,1187,1713,2369,2696,,715,472,526,656,327,3371
6091,714,1187,1715,2374,2720,,714,473,528,659,346,3371
6093,716,1189,1718,2386,2721,,716,473,529,668,335,3372
6074,715,1185,1714,2369,2694,,715,470,529,655,325,3380
6042,740,1235,1700,2337,2670,,740,495,465,637,333,3372
6253,759,1243,1779,2469,2846,,759,484,536,690,377,3407
6302,754,1267,1779,2466,2845,,754,513,512,687,379,3457
6324,726,1213,1727,2438,2849,,726,487,514,711,411,3475
6323,718,1226,1726,2439,2874,,718,508,500,713,435,3449
6360,758,1246,1759,2471,2883,,758,488,513,712,412,3477
6322,725,1213,1726,2467,2874,,725,488,513,741,407,3448
6235,726,1213,1674,2377,2790,,726,487,461,703,413,3445
6143,715,1188,1715,2412,2768,,715,473,527,697,356,3375
6071,714,1185,1714,2369,2695,,714,471,529,655,326,3376
6057,751,1223,1708,2347,2680,,751,472,485,639,333,3377
6044,739,1210,1700,2335,2670,,739,471,490,635,335,3374
6085,714,1184,1672,2309,2644,,714,470,488,637,335,3441
6220,716,1188,1715,2413,2811,,716,472,527,698,398,3409
6144,715,1187,1715,2412,2771,,715,472,528,697,359,3373
6131,748,1222,1747,2404,2754,,748,474,525,657,350,3377
6191,715,1186,1715,2411,2810,,715,471,529,696,399,3381
6091,714,1187,1715,2370,2721,,714,473,528,655,351,3370
6123,737,1209,1738,2393,2743,,737,472,529,655,350,3380
6152,740,1212,1739,2397,2768,,740,472,527,658,371,3384
6040,689,1158,1628,2282,2672,,689,469,470,654,390,3368
6041,737,1210,1697,2334,2668,,737,473,487,637,334,3373
6085,713,1184,1647,2283,2642,,713,471,463,636,359,3443
6232,717,1190,1716,2413,2809,,717,473,526,697,396,3423
6220,713,1154,1636,2350,2772,,713,441,482,714,422,3448
6354,784,1271,1785,2498,2908,,784,487,514,713,410,3446
6296,726,1211,1725,2437,2848,,726,485,514,712,411,3448
6346,726,1213,1727,2468,2897,,726,487,514,741,429,3449
6257,710,1194,1726,2392,2813,,710,484,532,666,421,3444
6098,713,1209,1714,2369,2720,,713,496,505,655,351,3378
6040,740,1212,1698,2335,2668,,740,472,486,637,333,3372
6040,738,1234,1697,2333,2668,,738,496,463,636,335,3372
6082,712,1183,1668,2307,2641,,712,471,485,639,334,3441
6245,714,1187,1713,2410,2808,,714,473,526,697,398,3437
6225,675,1106,1600,2338,2748,,675,431,494,738,410,3477
6170,716,1188,1715,2438,2792,,716,472,527,723,354,3378
6091,714,1185,1715,2371,2719,,714,471,530,656,348,3372
6113,737,1208,1738,2395,2743,,737,471,530,657,348,3370
6116,737,1208,1739,2394,2744,,737,471,531,655,350,3372
6098,740,1212,1739,2394,2720,,740,472,527,655,326,3378
6041,740,1213,1697,2336,2669,,740,473,484,639,333,3372
6039,736,1208,1696,2333,2668,,736,472,488,637,335,3371
6082,713,1184,1671,2311,2646,,713,471,487,640,335,3436
6240,713,1185,1714,2411,2808,,713,472,529,697,397,3432
6043,713,1144,1622,2319,2670,,713,431,478,697,351,3373
6041,739,1236,1696,2336,2669,,739,497,460,640,333,3372
6040,739,1236,1695,2336,2667,,739,497,459,641,331,3373
6132,713,1210,1715,2369,2696,,713,497,505,654,327,3436
6140,714,1185,1715,2372,2742,,714,471,530,657,370,3398
6021,713,1210,1671,2310,2643,,713,497,461,639,333,3378
6040,740,1213,1697,2335,2667,,740,473,484,638,332,3373
6104,686,1145,1629,2328,2707,,686,459,484,699,379,3397
6220,726,1241,1725,2413,2780,,726,515,484,688,367,3440
6356,726,1213,1756,2467,2899,,726,487,543,711,432,3457
6296,726,1213,1722,2437,2848,,726,487,509,715,411,3448
6297,727,1213,1727,2439,2849,,727,486,514,712,410,3448
6297,727,1215,1726,2439,2850,,727,488,511,713,411,3447
6351,727,1217,1755,2464,2874,,727,490,538,709,410,3477
6297,726,1215,1726,2438,2848,,726,489,511,712,410,3449
6322,727,1242,1752,2463,2874,,727,515,510,711,411,3448
6314,759,1275,1758,2472,2869,,759,516,483,714,397,3445
6272,726,1216,1727,2439,2836,,726,490,511,712,397,3436
6348,726,1213,1758,2468,2879,,726,487,545,710,411,3469
6299,727,1214,1727,2439,2850,,727,487,513,712,411,3449
6299,726,1211,1728,2440,2848,,726,485,517,712,408,3451
6298,735,1221,1727,2439,2849,,735,486,506,712,410,3449
6348,727,1213,1727,2468,2898,,727,486,514,741,430,3450
6427,727,1213,1726,2469,2929,,727,486,513,743,460,3498
6211,726,1213,1726,2417,2829,,726,487,513,691,412,3382
6348,725,1212,1725,2441,2873,,725,487,513,716,432,3475
6329,754,1245,1758,2471,2881,,754,491,513,713,410,3448
6275,726,1213,1727,2439,2849,,726,487,514,712,410,3426
6321,727,1213,1725,2438,2878,,727,486,512,713,440,3443
6297,726,1212,1725,2439,2849,,726,486,513,714,410,3448
6329,727,1213,1728,2439,2851,,727,486,515,711,412,3478
6296,681,1168,1727,2438,2850,,681,487,559,711,412,3446
6298,727,1217,1728,2439,2850,,727,490,511,711,411,3448
6243,726,1212,1727,2437,2827,,726,486,515,710,390,3416
6298,728,1214,1728,2440,2850,,728,486,514,712,410,3448
6295,727,1213,1728,2440,2850,,727,486,515,712,410,3445
6343,773,1259,1773,2484,2894,,773,486,514,711,410,3449
6300,725,1213,1725,2437,2848,,725,488,512,712,411,3452
6242,728,1212,1754,2441,2823,,728,484,542,687,382,3419
6348,726,1214,1756,2467,2900,,726,488,542,711,433,3448
6299,727,1214,1727,2439,2850,,727,487,513,712,411,3449
6297,725,1212,1725,2438,2849,,725,487,513,713,411,3448
6323,727,1214,1727,2441,2879,,727,487,513,714,438,3444
6221,727,1214,1726,2418,2800,,727,487,512,692,382,3421
6323,727,1214,1727,2440,2875,,727,487,513,713,435,3448
6296,727,1214,1726,2439,2849,,727,487,512,713,410,3447
6319,722,1211,1724,2436,2871,,722,489,513,712,435,3448
6295,725,1213,1725,2438,2848,,725,488,512,713,410,3447
6238,722,1208,1720,2412,2820,,722,486,512,692,408,3418
6295,724,1212,1725,2437,2848,,724,488,513,712,411,3447
6273,727,1218,1730,2409,2824,,727,491,512,679,415,3449
6298,728,1193,1728,2440,2850,,728,465,535,712,410,3448
6298,726,1214,1726,2440,2850,,726,488,512,714,410,3448
6246,726,1239,1727,2419,2825,,726,513,488,692,406,3421
6297,727,1213,1727,2438,2850,,727,486,514,711,412,3447
6294,727,1238,1726,2438,2848,,727,511,488,712,410,3446
6300,729,1215,1729,2440,2851,,729,486,514,711,411,3449
6251,728,1214,1695,2415,2826,,728,486,481,720,411,3425
6178,728,1214,1727,2418,2827,,728,486,513,691,409,3351
6325,729,1244,1753,2465,2876,,729,515,509,712,411,3449
6349,727,1213,1726,2439,2879,,727,486,513,713,440,3470
6197,657,1061,1551,2329,2748,,657,404,490,778,419,3449
6247,726,1213,1705,2392,2800,,726,487,492,687,408,3447
6214,726,1214,1710,2419,2774,,726,488,496,709,355,3440
6145,716,1213,1715,2412,2769,,716,497,502,697,357,3376
6091,716,1187,1716,2374,2723,,716,471,529,658,349,3368
6083,751,1222,1744,2375,2705,,751,471,522,631,330,3378
6234,741,1215,1698,2398,2784,,741,474,483,700,386,3450
6323,726,1212,1726,2439,2901,,726,486,514,713,462,3422
6322,726,1213,1755,2464,2877,,726,487,542,709,413,3445
6272,728,1214,1726,2439,2829,,728,486,512,713,390,3443
6154,702,1125,1597,2294,2707,,702,423,472,697,413,3447
6177,746,1217,1746,2445,2801,,746,471,529,699,356,3376
6064,716,1188,1715,2370,2695,,716,472,527,655,325,3369
6105,715,1188,1718,2372,2721,,715,473,530,654,349,3384
6176,716,1186,1649,2283,2718,,716,470,463,634,435,3458
6201,664,1118,1583,2260,2724,,664,454,465,677,464,3477
6246,751,1203,1661,2368,2773,,751,452,458,707,405,3473
6277,727,1212,1729,2437,2847,,727,485,517,708,410,3430
6252,752,1239,1753,2444,2849,,752,487,514,691,405,3403
6300,754,1218,1700,2413,2827,,754,464,482,713,414,3473
6322,726,1193,1755,2463,2874,,726,467,562,708,411,3448
6328,726,1242,1729,2438,2850,,726,516,487,709,412,3478
6295,726,1212,1724,2438,2847,,726,486,512,714,409,3448
6298,727,1213,1726,2468,2876,,727,486,513,742,408,3422
6299,714,1180,1727,2440,2850,,714,466,547,713,410,3449
6328,727,1213,1727,2468,2875,,727,486,514,741,407,3453
6195,751,1199,1662,2370,2779,,751,448,463,708,409,3416
6305,727,1214,1728,2440,2880,,727,487,514,712,440,3425
6270,727,1214,1727,2439,2850,,727,487,513,712,411,3420
6276,715,1190,1717,2415,2790,,715,475,527,698,375,3486
6225,752,1215,1624,2337,2747,,752,463,409,713,410,3478
6311,765,1283,1764,2457,2863,,765,518,481,693,406,3448
6348,726,1214,1755,2465,2875,,726,488,541,710,410,3473
6329,726,1213,1755,2464,2874,,726,487,542,709,410,3455
6324,726,1191,1725,2438,2848,,726,465,534,713,410,3476
6287,699,1254,1741,2437,2840,,699,555,487,696,403,3447
6011,674,1090,1497,2189,2586,,674,416,407,692,397,3425
6093,716,1189,1715,2368,2721,,716,473,526,653,353,3372
6147,717,1192,1717,2413,2770,,717,475,525,696,357,3377
6128,717,1191,1716,2371,2744,,717,474,525,655,373,3384
6119,717,1188,1715,2412,2719,,717,471,527,697,307,3400
6017,715,1187,1673,2311,2643,,715,472,486,638,332,3374
6108,714,1209,1713,2343,2669,,714,495,504,630,326,3439
6146,715,1212,1715,2413,2768,,715,497,503,698,355,3378
6142,740,1212,1740,2438,2742,,740,472,528,698,304,3400
6133,715,1186,1678,2314,2711,,715,471,492,636,397,3422
5937,657,1068,1473,2146,2525,,657,411,405,673,379,3412
6253,728,1212,1725,2440,2849,,728,484,513,715,409,3404
6326,730,1216,1758,2468,2876,,730,486,542,710,408,3450
6377,728,1215,1727,2469,2900,,728,487,512,742,431,3477
6322,727,1191,1700,2441,2878,,727,464,509,741,437,3444
6297,727,1214,1726,2439,2850,,727,487,512,713,411,3447
6322,725,1212,1725,2438,2873,,725,487,513,713,435,3449
6271,727,1213,1731,2469,2854,,727,486,518,738,385,3417
6324,728,1214,1729,2467,2875,,728,486,515,738,408,3449
6184,726,1192,1649,2353,2764,,726,466,457,704,411,3420
6045,673,1087,1498,2147,2587,,673,414,411,649,440,3458
6324,726,1215,1755,2464,2875,,726,489,540,709,411,3449
6300,728,1214,1729,2439,2851,,728,486,515,710,412,3449
6349,726,1212,1726,2423,2877,,726,486,514,697,454,3472
6340,766,1280,1745,2453,2862,,766,514,465,708,409,3478
6298,757,1240,1728,2439,2850,,757,483,488,711,411,3448
6324,727,1213,1727,2468,2875,,727,486,514,741,407,3449
6205,756,1240,1726,2418,2801,,756,484,486,692,383,3404
6303,727,1241,1755,2439,2826,,727,514,514,684,387,3477
6210,727,1238,1673,2380,2788,,727,511,435,707,408,3422
6091,674,1087,1563,2234,2711,,674,413,476,671,477,3380
6261,716,1189,1717,2415,2811,,716,473,528,698,396,3450
6090,737,1209,1696,2355,2720,,737,472,487,659,365,3370
6178,743,1215,1742,2438,2797,,743,472,527,696,359,3381
6083,713,1182,1714,2341,2667,,713,469,532,627,326,3416
6095,732,1204,1716,2436,2743,,732,472,512,720,307,3352
6094,717,1187,1716,2395,2723,,717,470,529,679,328,3371
6042,742,1214,1699,2337,2670,,742,472,485,638,333,3372
6197,744,1216,1743,2442,2839,,744,472,527,699,397,3358
6181,715,1212,1672,2315,2733,,715,497,460,643,418,3448
5867,673,1087,1498,2123,2483,,673,414,411,625,360,3384
6150,716,1189,1714,2410,2768,,716,473,525,696,358,3382
6053,753,1226,1710,2348,2681,,753,473,484,638,333,3372
6193,752,1224,1753,2452,2804,,752,472,529,699,352,3389
6188,717,1189,1718,2421,2740,,717,472,529,703,319,3448
6149,724,1204,1715,2413,2767,,724,480,511,698,354,3382
6068,715,1186,1716,2371,2695,,715,471,530,655,324,3373
6042,740,1212,1698,2337,2669,,740,472,486,639,332,3373
6148,747,1218,1747,2444,2749,,747,471,529,697,305,3399
6187,743,1215,1700,2346,2741,,743,472,485,646,395,3446
5894,674,1085,1498,2122,2482,,674,411,413,624,360,3412
6146,726,1203,1716,2413,2768,,726,477,513,697,355,3378
6053,753,1225,1711,2349,2682,,753,472,486,638,333,3371
6204,751,1223,1751,2449,2804,,751,472,528,698,355,3400
6159,714,1186,1635,2330,2721,,714,472,449,695,391,3438
6146,716,1189,1717,2414,2769,,716,473,528,697,355,3377
6093,715,1188,1714,2369,2723,,715,473,526,655,354,3370
6040,740,1214,1695,2332,2667,,740,474,481,637,335,3373
6136,747,1219,1746,2442,2750,,747,472,527,696,308,3386
6159,741,1239,1697,2337,2720,,741,498,458,640,383,3439
5868,672,1086,1497,2122,2473,,672,414,411,625,351,3395
6102,713,1143,1600,2264,2680,,713,430,457,664,416,3422
6101,714,1179,1617,2286,2709,,714,465,438,669,423,3392
6184,754,1221,1715,2379,2760,,754,467,494,664,381,3424
6198,729,1215,1727,2440,2755,,729,486,512,713,315,3443
6328,727,1207,1728,2440,2851,,727,480,521,712,411,3477
6246,727,1193,1703,2413,2805,,727,466,510,710,392,3441
6277,727,1214,1727,2439,2850,,727,487,513,712,411,3427
6302,728,1213,1729,2439,2851,,728,485,516,710,412,3451
6172,728,1213,1706,2415,2728,,728,485,493,709,313,3444
6220,726,1188,1682,2325,2774,,726,462,494,643,449,3446
6291,725,1213,1726,2438,2849,,725,488,513,712,411,3442
6326,757,1244,1756,2470,2882,,757,487,512,714,412,3444
6301,727,1215,1728,2440,2882,,727,488,513,712,442,3419
6323,727,1213,1726,2439,2874,,727,486,513,713,435,3449
6184,728,1156,1628,2325,2739,,728,428,472,697,414,3445
6017,714,1186,1673,2311,2644,,714,472,487,638,333,3373
6072,714,1185,1715,2369,2695,,714,471,530,654,326,3377
6085,715,1185,1648,2284,2643,,715,470,463,636,359,3442
6009,655,1126,1558,2205,2534,,655,471,432,647,329,3475
6090,711,1117,1529,2230,2709,,711,406,412,701,479,3381
6143,711,1184,1715,2413,2763,,711,473,531,698,350,3380
6058,690,1185,1656,2310,2674,,690,495,471,654,364,3384
5990,751,1220,1667,2278,2571,,751,469,447,611,293,3419
6246,716,1189,1716,2390,2801,,716,473,527,674,411,3445
6164,727,1162,1642,2342,2738,,727,435,480,700,396,3426
6066,715,1212,1715,2371,2695,,715,497,503,656,324,3371
6041,738,1210,1698,2334,2667,,738,472,488,636,333,3374
6036,747,1241,1665,2278,2657,,747,494,424,613,379,3379
6082,714,1183,1672,2310,2644,,714,469,489,638,334,3438
5894,674,1087,1498,2146,2483,,674,413,411,648,337,3411
6192,714,1186,1714,2412,2810,,714,472,528,698,398,3382
5963,737,1166,1580,2245,2577,,737,429,414,665,332,3386
6160,751,1223,1751,2447,2781,,751,472,528,696,334,3379
6236,715,1188,1715,2371,2787,,715,473,527,656,416,3449
6121,715,1187,1715,2370,2745,,715,472,528,655,375,3376
6063,736,1208,1693,2358,2693,,736,472,485,665,335,3370
6042,738,1235,1698,2335,2669,,738,497,463,637,334,3373
6011,748,1221,1666,2276,2569,,748,473,445,610,293,3442
6113,744,1217,1701,2339,2672,,744,473,484,638,333,3441
5987,713,1118,1529,2221,2556,,713,405,411,692,335,3431
6297,728,1214,1727,2439,2850,,728,486,513,712,411,3447
6296,726,1212,1725,2437,2848,,726,486,513,712,411,3448
6327,728,1214,1727,2440,2849,,728,486,513,713,409,3478
6298,728,1214,1727,2439,2850,,728,486,513,712,411,3448
6235,728,1194,1713,2406,2814,,728,466,519,693,408,3421
6121,716,1186,1715,2369,2743,,716,470,529,654,374,3378
6040,738,1208,1696,2334,2667,,738,470,488,638,333,3373
6040,746,1217,1662,2273,2567,,746,471,445,611,294,3473
6108,742,1213,1697,2335,2670,,742,471,484,638,335,3438
6036,715,1146,1556,2224,2558,,715,431,410,668,334,3478
6147,714,1184,1714,2412,2768,,714,470,530,698,356,3379
6121,705,1188,1675,2365,2746,,705,483,487,690,381,3375
6325,754,1241,1757,2467,2877,,754,487,516,710,410,3448
6323,728,1214,1726,2440,2875,,728,486,512,714,435,3448
6213,728,1194,1670,2371,2765,,728,466,476,701,394,3448
6118,713,1183,1714,2369,2741,,713,470,531,655,372,3377
6039,737,1233,1695,2333,2667,,737,496,462,638,334,3372
6091,748,1243,1664,2278,2659,,748,495,421,614,381,3432
6007,749,1180,1616,2260,2593,,749,431,436,644,333,3414
5994,714,1119,1530,2224,2557,,714,405,411,694,333,3437
5992,714,1212,1715,2331,2638,,714,498,503,616,307,3354
6117,738,1210,1741,2395,2746,,738,472,531,654,351,3371
6038,749,1220,1669,2279,2660,,749,471,449,610,381,3378
6012,703,1177,1568,2251,2601,,703,474,391,683,350,3411
6088,710,1182,1710,2367,2717,,710,472,528,657,350,3371
6041,736,1207,1693,2331,2666,,736,471,486,638,335,3375
6048,716,1188,1715,2347,2669,,716,472,527,632,322,3379
6086,717,1212,1651,2284,2645,,717,495,439,633,361,3441
6057,689,1101,1577,2287,2681,,689,412,476,710,394,3376
5993,715,1119,1531,2222,2544,,715,404,412,691,322,3449
6213,716,1212,1715,2411,2809,,716,496,503,696,398,3404
6219,717,1166,1716,2413,2814,,717,449,550,697,401,3405
6157,775,1247,1773,2430,2779,,775,472,526,657,349,3378
6101,740,1210,1741,2395,2719,,740,470,531,654,324,3382
6117,738,1209,1739,2400,2745,,738,471,530,661,345,3372
6115,738,1210,1738,2393,2743,,738,472,528,655,350,3372
6041,739,1211,1697,2336,2671,,739,472,486,639,335,3370
6041,741,1213,1697,2334,2667,,741,472,484,637,333,3374
6056,750,1221,1686,2321,2680,,750,471,465,635,359,3376
5994,713,1118,1531,2222,2556,,713,405,413,691,334,3438
6264,714,1185,1714,2412,2809,,714,471,529,698,397,3455
6196,700,1119,1603,2325,2747,,700,419,484,722,422,3449
6295,725,1213,1726,2439,2849,,725,488,513,713,410,3446
6330,760,1247,1761,2473,2884,,760,487,514,712,411,3446
6299,727,1218,1731,2424,2851,,727,491,513,693,427,3448
6301,727,1240,1728,2440,2850,,727,513,488,712,410,3451
6299,728,1215,1728,2440,2850,,728,487,513,712,410,3449
6323,728,1214,1729,2439,2875,,728,486,515,710,436,3448
6335,759,1247,1761,2472,2862,,759,488,514,711,390,3473
6174,728,1190,1685,2348,2712,,728,462,495,663,364,3462
6299,728,1215,1728,2440,2851,,728,487,513,712,411,3448
6217,760,1196,1674,2373,2773,,760,436,478,699,400,3444
6262,717,1190,1719,2415,2811,,717,473,529,696,396,3451
6125,743,1214,1742,2398,2748,,743,471,528,656,350,3377
6084,740,1211,1738,2393,2720,,740,471,527,655,327,3364
6094,743,1215,1741,2395,2724,,743,472,526,654,329,3370
6090,738,1208,1739,2393,2720,,738,470,531,654,327,3370
6040,742,1215,1699,2338,2670,,742,473,484,639,332,3370
5886,654,1130,1563,2188,2521,,654,476,433,625,333,3365
5995,716,1124,1533,2222,2545,,716,408,409,689,323,3450
6235,715,1189,1716,2413,2810,,715,474,527,697,397,3425
6176,749,1223,1748,2442,2800,,749,474,525,694,358,3376
6100,718,1189,1718,2373,2724,,718,471,529,655,351,3376
6322,726,1213,1726,2439,2877,,726,487,513,713,438,3445
6324,727,1213,1728,2439,2869,,727,486,515,711,430,3455
6246,727,1213,1726,2417,2800,,727,486,513,691,383,3446
6324,727,1215,1727,2440,2876,,727,488,512,713,436,3448
6321,726,1212,1725,2437,2873,,726,486,513,712,436,3448
6229,759,1247,1760,2471,2805,,759,488,513,711,334,3424
6198,727,1214,1702,2370,2758,,727,487,488,668,388,3440
6297,729,1239,1727,2440,2850,,729,510,488,713,410,3447
6235,753,1240,1690,2387,2791,,753,487,450,697,404,3444
6282,717,1191,1719,2416,2837,,717,474,528,697,421,3445
6328,758,1245,1758,2470,2881,,758,487,513,712,411,3447
6271,760,1247,1724,2420,2828,,760,487,477,696,408,3443
6069,718,1190,1716,2370,2699,,718,472,526,654,329,3370
6126,740,1212,1742,2395,2744,,740,472,530,653,349,3382
6052,742,1213,1700,2339,2672,,742,471,487,639,333,3380
6043,691,1107,1578,2275,2673,,691,416,471,697,398,3370
6086,717,1188,1650,2288,2646,,717,471,462,638,358,3440
6158,705,1176,1707,2404,2799,,705,471,531,697,395,3359
6256,765,1237,1751,2444,2845,,765,472,514,693,401,3411
5867,639,1111,1583,2211,2528,,639,472,472,628,317,3339
6189,748,1220,1749,2404,2750,,748,472,529,655,346,3439
6121,742,1213,1741,2397,2746,,742,471,528,656,349,3375
6090,738,1209,1739,2394,2719,,738,471,530,655,325,3371
6064,737,1208,1695,2357,2693,,737,471,487,662,336,3371
6043,741,1212,1698,2336,2669,,741,471,486,638,333,3374
6004,697,1167,1599,2266,2603,,697,470,432,667,337,3401
5994,714,1142,1557,2223,2580,,714,428,415,666,357,3414
6143,717,1188,1715,2415,2767,,717,471,527,700,352,3376
6259,708,1190,1678,2388,2812,,708,482,488,710,424,3447
6298,730,1216,1727,2440,2850,,730,486,511,713,410,3448
6323,728,1217,1727,2443,2875,,728,489,510,716,432,3448
6247,726,1213,1725,2418,2800,,726,487,512,693,382,3447
6302,728,1240,1727,2439,2850,,728,512,487,712,411,3452
6298,728,1214,1727,2439,2849,,728,486,513,712,410,3449
6298,729,1216,1728,2440,2851,,729,487,512,712,411,3447
6333,765,1253,1766,2477,2887,,765,488,513,711,410,3446
6223,726,1213,1703,2370,2771,,726,487,490,667,401,3452
6233,728,1214,1707,2391,2827,,728,486,493,684,436,3406
6251,694,1175,1663,2376,2803,,694,481,488,713,427,3448
6300,729,1216,1728,2441,2852,,729,487,512,713,411,3448
6225,721,1208,1721,2416,2821,,721,487,513,695,405,3404
6071,716,1188,1715,2368,2698,,716,472,527,653,330,3373
6109,715,1187,1715,2346,2671,,715,472,528,631,325,3438
6217,714,1186,1715,2412,2809,,714,472,529,697,397,3408
6045,717,1214,1674,2335,2673,,717,497,460,661,338,3372
6049,689,1160,1590,2259,2673,,689,471,430,669,414,3376
5970,718,1146,1563,2223,2556,,718,428,417,660,333,3414
6144,716,1188,1717,2414,2769,,716,472,529,697,355,3375
6100,653,1080,1550,2253,2646,,653,427,470,703,393,3454
6047,715,1142,1624,2241,2715,,715,427,482,617,474,3332
6150,716,1213,1715,2412,2767,,716,497,502,697,355,3383
6023,717,1188,1675,2313,2647,,717,471,487,638,334,3376
6121,739,1236,1740,2395,2745,,739,497,504,655,350,3376
6066,740,1212,1699,2361,2695,,740,472,487,662,334,3371
6043,689,1159,1590,2257,2671,,689,470,431,667,414,3372
6039,686,1157,1587,2254,2669,,686,471,430,667,415,3370
5968,713,1141,1556,2222,2556,,713,428,415,666,334,3412
6145,717,1190,1717,2415,2769,,717,473,527,698,354,3376
6214,728,1153,1633,2327,2749,,728,425,480,694,422,3465
6299,728,1217,1728,2440,2852,,728,489,511,712,412,3447
6298,728,1214,1728,2441,2851,,728,486,514,713,410,3447
6260,726,1213,1725,2424,2816,,726,487,512,699,392,3444
6122,717,1186,1717,2371,2746,,717,469,531,654,375,3376
6102,739,1211,1739,2394,2720,,739,472,528,655,326,3382
6325,729,1215,1729,2442,2878,,729,486,514,713,436,3447
6309,765,1250,1735,2450,2862,,765,485,485,715,412,3447
6223,728,1215,1728,2416,2783,,728,487,513,688,367,3440
6298,756,1240,1727,2440,2851,,756,484,487,713,411,3447
6137,697,1126,1634,2353,2696,,697,429,508,719,343,3441
6252,717,1167,1651,2359,2775,,717,450,484,708,416,3477
6350,782,1294,1778,2519,2925,,782,512,484,741,406,3425
6264,731,1215,1727,2440,2820,,731,484,512,713,380,3444
6193,717,1189,1715,2411,2811,,717,472,526,696,400,3382
6068,715,1187,1716,2372,2697,,715,472,529,656,325,3371
6041,741,1212,1699,2337,2670,,741,471,487,638,333,3371
6040,688,1182,1695,2334,2667,,688,494,513,639,333,3373
6085,716,1187,1649,2284,2647,,716,471,462,635,363,3438
6235,719,1215,1719,2414,2809,,719,496,504,695,395,3426
6072,684,1094,1520,2223,2639,,684,410,426,703,416,3433
6135,714,1143,1586,2290,2712,,714,429,443,704,422,3423
6149,714,1184,1714,2410,2768,,714,470,530,696,358,3381
6072,717,1214,1717,2372,2699,,717,497,503,655,327,3373
6116,740,1212,1740,2396,2744,,740,472,528,656,348,3372
6117,738,1210,1738,2394,2745,,738,472,528,656,351,3372
6044,741,1212,1699,2338,2672,,741,471,487,639,334,3372
5991,714,1187,1615,2251,2583,,714,473,428,636,332,3408
6071,716,1187,1650,2287,2646,,716,471,463,637,359,3425
6321,725,1213,1725,2466,2873,,725,488,512,741,407,3448
6174,703,1152,1625,2334,2730,,703,449,473,709,396,3444
6275,728,1215,1705,2415,2827,,728,487,490,710,412,3448
6291,728,1214,1727,2440,2875,,728,486,513,713,435,3416
6275,728,1215,1728,2440,2832,,728,487,513,712,392,3443
6352,757,1245,1757,2469,2905,,757,488,512,712,436,3447
6301,729,1241,1729,2441,2852,,729,512,488,712,411,3449
6325,728,1215,1728,2441,2876,,728,487,513,713,435,3449
6199,644,1140,1629,2340,2751,,644,496,489,711,411,3448
6249,729,1216,1728,2415,2783,,729,487,512,687,368,3466
6207,731,1216,1728,2420,2801,,731,485,512,692,381,3406
6163,662,1113,1528,2294,2712,,662,451,415,766,418,3451
6249,718,1190,1673,2391,2801,,718,472,483,718,410,3448
6048,662,1135,1608,2305,2715,,662,473,473,697,410,3333
6124,718,1190,1716,2372,2744,,718,472,526,656,372,3380
6083,715,1188,1715,2374,2717,,715,473,527,659,343,3366
6119,743,1215,1744,2400,2750,,743,472,529,656,350,3369
6042,741,1213,1698,2337,2670,,741,472,485,639,333,3372
5971,688,1158,1589,2257,2586,,688,470,431,668,329,3385
6043,716,1186,1650,2285,2645,,716,470,464,635,360,3398
6236,717,1188,1717,2415,2811,,717,471,529,698,396,3425
5975,686,1093,1490,2122,2539,,686,407,397,632,417,3436
6212,717,1190,1674,2380,2792,,717,473,484,706,412,3420
6169,716,1188,1716,2415,2796,,716,472,528,699,381,3373
6323,665,1176,1729,2441,2876,,665,511,553,712,435,3447
6300,728,1215,1723,2440,2851,,728,487,508,717,411,3449
6249,729,1216,1728,2440,2876,,729,487,512,712,436,3373
6334,761,1249,1762,2473,2884,,761,488,513,711,411,3450
6281,761,1247,1695,2403,2833,,761,486,448,708,430,3448
6225,729,1217,1729,2416,2784,,729,488,512,687,368,3441
6297,728,1216,1728,2440,2851,,728,488,512,712,411,3446
6101,692,1140,1586,2304,2649,,692,448,446,718,345,3452
6299,728,1214,1729,2439,2850,,728,486,515,710,411,3449
6325,752,1239,1751,2463,2874,,752,487,512,712,411,3451
6224,728,1240,1727,2440,2772,,728,512,487,713,332,3452
6301,729,1215,1729,2440,2853,,729,486,514,711,413,3448
6310,730,1215,1730,2440,2852,,730,485,515,710,412,3458
6223,728,1216,1730,2420,2806,,728,488,514,690,386,3417
6105,714,1138,1622,2311,2698,,714,424,484,689,387,3407
6276,729,1216,1729,2467,2839,,729,487,513,738,372,3437
6273,728,1216,1729,2440,2831,,728,488,513,711,391,3442
6274,729,1178,1689,2421,2808,,729,449,511,732,387,3466
6298,727,1214,1727,2436,2851,,727,487,513,709,415,3447
6298,729,1216,1728,2441,2852,,729,487,512,713,411,3446
6327,729,1217,1729,2442,2876,,729,488,512,713,434,3451
6299,728,1215,1728,2441,2850,,728,487,513,713,409,3449
6279,730,1216,1729,2441,2854,,730,486,513,712,413,3425
6245,728,1215,1726,2419,2824,,728,487,511,693,405,3421
6175,712,1113,1597,2306,2728,,712,401,484,709,422,3447
6275,729,1215,1728,2467,2836,,729,486,513,739,369,3439
6299,729,1216,1729,2441,2851,,729,487,513,712,410,3448
6150,711,1121,1586,2260,2711,,711,410,465,674,451,3439
6322,726,1214,1726,2442,2873,,726,488,512,716,431,3449
6324,726,1216,1729,2441,2876,,726,490,513,712,435,3448
6300,729,1215,1732,2440,2853,,729,486,517,708,413,3447
6300,730,1216,1729,2443,2852,,730,486,513,714,409,3448
6281,731,1217,1729,2442,2853,,731,486,512,713,411,3428
6224,730,1242,1729,2421,2804,,730,512,487,692,383,3420
6299,731,1189,1728,2442,2851,,731,458,539,714,409,3448
6300,728,1215,1728,2440,2852,,728,487,513,712,412,3448
6354,730,1217,1729,2442,2877,,730,487,512,713,435,3477
6199,657,1083,1545,2248,2753,,657,426,462,703,505,3446
6324,728,1215,1729,2442,2865,,728,487,514,713,423,3459
6299,728,1216,1730,2440,2851,,728,488,514,710,411,3448
6324,729,1214,1729,2442,2875,,729,485,515,713,433,3449
6300,729,1216,1729,2441,2851,,729,487,513,712,410,3449
6234,727,1214,1727,2418,2825,,727,487,513,691,407,3409
6094,716,1191,1717,2372,2721,,716,475,526,655,349,3373
6100,736,1165,1633,2325,2706,,736,429,468,692,381,3394
6277,730,1217,1730,2442,2833,,730,487,513,712,391,3444
6330,759,1247,1759,2471,2882,,759,488,512,712,411,3448
6225,753,1179,1687,2333,2776,,753,426,508,646,443,3449
6250,729,1215,1730,2441,2805,,729,486,515,711,364,3445
6304,728,1202,1728,2441,2850,,728,474,526,713,409,3454
6298,730,1216,1727,2441,2851,,730,486,511,714,410,3447
6299,727,1214,1727,2439,2851,,727,487,513,712,412,3448
6309,728,1214,1729,2439,2851,,728,486,515,710,412,3458
6300,730,1216,1733,2443,2852,,730,486,517,710,409,3448
6250,764,1193,1629,2350,2773,,764,429,436,721,423,3477
6272,728,1213,1726,2439,2827,,728,485,513,713,388,3445
6275,728,1215,1707,2414,2827,,728,487,492,707,413,3448
6200,727,1190,1688,2355,2751,,727,463,498,667,396,3449
6298,728,1215,1727,2440,2850,,728,487,512,713,410,3448
6274,729,1216,1728,2441,2831,,729,487,512,713,390,3443
6323,728,1216,1728,2442,2876,,728,488,512,714,434,3447
6298,728,1216,1728,2440,2852,,728,488,512,712,412,3446
6322,728,1214,1732,2442,2876,,728,486,518,710,434,3446
6298,727,1214,1727,2440,2851,,727,487,513,713,411,3447
6248,728,1214,1672,2390,2801,,728,486,458,718,411,3447
6247,727,1214,1727,2439,2827,,727,487,513,712,388,3420
6319,724,1191,1700,2411,2847,,724,467,509,711,436,3472
6087,726,1188,1682,2309,2640,,726,462,494,627,331,3447
6210,716,1188,1716,2413,2770,,716,472,528,697,357,3440
6178,749,1221,1748,2364,2773,,749,472,527,616,409,3405
6094,715,1187,1714,2369,2721,,715,472,527,655,352,3373
6116,740,1212,1740,2397,2745,,740,472,528,657,348,3371
6065,738,1209,1695,2358,2694,,738,471,486,663,336,3371
6046,743,1215,1702,2338,2672,,743,472,487,636,334,3374
6196,689,1129,1568,2325,2749,,689,440,439,757,424,3447
6350,729,1216,1727,2470,2901,,729,487,511,743,431,3449
6298,729,1215,1729,2440,2852,,729,486,514,711,412,3446
6126,753,1202,1652,2324,2687,,753,449,450,672,363,3439
6327,728,1214,1727,2439,2851,,728,486,513,712,412,3476
6322,719,1212,1751,2462,2874,,719,493,539,711,412,3448
6322,728,1214,1728,2440,2879,,728,486,514,712,439,3443
6305,729,1216,1730,2442,2853,,729,487,514,712,411,3452
6300,729,1215,1728,2440,2852,,729,486,513,712,412,3448
6285,729,1216,1729,2440,2849,,729,487,513,711,409,3436
6274,729,1184,1687,2393,2827,,729,455,503,706,434,3447
6298,728,1244,1727,2439,2850,,728,516,483,712,411,3448
6278,728,1195,1704,2391,2802,,728,467,509,687,411,3476
6197,753,1200,1682,2346,2730,,753,447,482,664,384,3467
6324,728,1216,1727,2441,2875,,728,488,511,714,434,3449
6270,732,1217,1751,2463,2853,,732,485,534,712,390,3417
6309,730,1217,1730,2445,2878,,730,487,513,715,433,3431
6138,730,1216,1708,2358,2713,,730,486,492,650,355,3425
6122,718,1191,1716,2372,2744,,718,473,525,656,372,3378
5836,689,1104,1520,2147,2491,,689,415,416,627,344,3345
6049,691,1137,1554,2194,2575,,691,446,417,640,381,3474
6352,782,1266,1780,2490,2902,,782,484,514,710,412,3450
6332,762,1249,1764,2473,2885,,762,487,515,709,412,3447
6177,754,1202,1689,2354,2735,,754,448,487,665,381,3442
6300,731,1214,1728,2441,2853,,731,483,514,713,412,3447
6303,729,1182,1757,2466,2878,,729,453,575,709,412,3425
6353,731,1217,1730,2442,2882,,731,486,513,712,440,3471
6249,729,1216,1728,2442,2832,,729,487,512,714,390,3417
6297,730,1217,1731,2443,2853,,730,487,514,712,410,3444
6316,744,1232,1745,2458,2867,,744,488,513,713,409,3449
6233,723,1216,1731,2433,2828,,723,493,515,702,395,3405
6300,729,1246,1729,2442,2852,,729,517,483,713,410,3448
6248,729,1216,1708,2394,2802,,729,487,492,686,408,3446
6173,728,1191,1699,2355,2734,,728,463,508,656,379,3439
6247,728,1214,1727,2420,2827,,728,486,513,693,407,3420
6301,730,1216,1730,2442,2852,,730,486,514,712,410,3449
6298,728,1215,1727,2439,2850,,728,487,512,712,411,3448
6325,729,1215,1729,2441,2876,,729,486,514,712,435,3449
6324,729,1215,1727,2441,2875,,729,486,512,714,434,3449
6302,729,1215,1728,2440,2850,,729,486,513,712,410,3452
6253,700,1192,1729,2390,2826,,700,492,537,661,436,3427
6247,731,1215,1730,2442,2828,,731,484,515,712,386,3419
6304,730,1197,1705,2394,2832,,730,467,508,689,438,3472
6149,728,1192,1653,2301,2684,,728,464,461,648,383,3465
6298,728,1216,1728,2440,2851,,728,488,512,712,411,3447
6221,679,1162,1651,2360,2775,,679,483,489,709,415,3446
6300,728,1244,1728,2440,2852,,728,516,484,712,412,3448
6300,728,1216,1729,2441,2852,,728,488,513,712,411,3448
6330,729,1215,1729,2441,2851,,729,486,514,712,410,3479
6300,729,1216,1729,2440,2853,,729,487,513,711,413,3447
6175,730,1229,1693,2365,2760,,730,499,464,672,395,3415
6298,685,1169,1728,2441,2878,,685,484,559,713,437,3420
6168,730,1197,1705,2392,2779,,730,467,508,687,387,3389
6171,729,1216,1687,2353,2738,,729,487,471,666,385,3433
6160,700,1156,1627,2324,2739,,700,456,471,697,415,3421
6226,664,1148,1635,2352,2774,,664,484,487,717,422,3452
6349,729,1214,1728,2469,2901,,729,485,514,741,432,3448
6298,728,1215,1729,2441,2852,,728,487,514,712,411,3446
6278,729,1215,1728,2441,2851,,729,486,513,713,410,3427
6301,718,1187,1731,2443,2853,,718,469,544,712,410,3448
6200,728,1216,1730,2438,2774,,728,488,514,708,336,3426
6274,730,1217,1730,2442,2832,,730,487,513,712,390,3442
6225,729,1242,1708,2391,2778,,729,513,466,683,387,3447
6159,729,1195,1689,2367,2715,,729,466,494,678,348,3444
6262,716,1192,1716,2410,2815,,716,476,524,694,405,3447
6122,679,1112,1590,2293,2718,,679,433,478,703,425,3404
6095,739,1210,1739,2394,2719,,739,471,529,655,325,3376
6120,742,1213,1741,2396,2753,,742,471,528,655,357,3367
6090,740,1211,1739,2394,2721,,740,471,528,655,327,3369
6043,740,1213,1699,2338,2672,,740,473,486,639,334,3371
6013,740,1238,1690,2314,2666,,740,498,452,624,352,3347
6198,717,1134,1644,2354,2756,,717,417,510,710,402,3442
6302,729,1215,1727,2441,2880,,729,486,512,714,439,3422
6160,728,1215,1704,2374,2721,,728,487,489,670,347,3439
6237,717,1188,1717,2414,2811,,717,471,529,697,397,3426
6221,717,1199,1718,2416,2817,,717,482,519,698,401,3404
6283,750,1221,1727,2417,2833,,750,471,506,690,416,3450
6352,728,1214,1727,2440,2875,,728,486,513,713,435,3477
6325,729,1216,1729,2442,2876,,729,487,513,713,434,3449
6159,777,1274,1777,2432,2779,,777,497,503,655,347,3380
5987,741,1180,1603,2219,2562,,741,439,423,616,343,3425
6225,677,1112,1635,2355,2777,,677,435,523,720,422,3448
6299,729,1217,1728,2442,2852,,729,488,511,714,410,3447
6156,729,1216,1706,2341,2676,,729,487,490,635,335,3480
6300,730,1220,1733,2443,2852,,730,490,513,710,409,3448
6323,755,1189,1727,2439,2879,,755,434,538,712,440,3444
6324,728,1216,1757,2466,2876,,728,488,541,709,410,3448
6299,730,1215,1728,2440,2851,,730,485,513,712,411,3448
6278,729,1218,1728,2441,2852,,729,489,510,713,411,3426
6301,716,1199,1728,2440,2852,,716,483,529,712,412,3449
6249,719,1201,1729,2437,2834,,719,482,528,708,397,3415
6273,728,1215,1701,2401,2826,,728,487,486,700,425,3447
6183,729,1216,1709,2392,2778,,729,487,493,683,386,3405
6145,750,1244,1682,2321,2701,,750,494,438,639,380,3444
6237,716,1214,1717,2415,2811,,716,498,503,698,396,3426
6172,679,1110,1604,2313,2724,,679,431,494,709,411,3448
6299,727,1214,1727,2439,2850,,727,487,513,712,411,3449
6298,727,1214,1727,2440,2850,,727,487,513,713,410,3448
6324,728,1215,1728,2441,2876,,728,487,513,713,435,3448
6299,728,1195,1728,2439,2852,,728,467,533,711,413,3447
6300,716,1200,1728,2442,2852,,716,484,528,714,410,3448
6300,729,1216,1732,2442,2854,,729,487,516,710,412,3446
6183,731,1215,1708,2393,2778,,731,484,493,685,385,3405
6147,776,1247,1710,2347,2708,,776,471,463,637,361,3439
6262,718,1190,1717,2412,2813,,718,472,527,695,401,3449
6224,717,1165,1645,2354,2776,,717,448,480,709,422,3448
6305,735,1220,1736,2446,2857,,735,485,516,710,411,3448
6325,731,1215,1731,2442,2878,,731,484,516,711,436,3447
6301,730,1217,1731,2441,2853,,730,487,514,710,412,3448
6297,727,1213,1725,2438,2849,,727,486,512,713,411,3448
6263,730,1206,1730,2442,2839,,730,476,524,712,397,3424
6277,729,1216,1731,2441,2853,,729,487,515,710,412,3424
6186,729,1217,1709,2394,2779,,729,488,492,685,385,3407
5998,704,1178,1583,2211,2559,,704,474,405,628,348,3439
6235,716,1188,1718,2416,2813,,716,472,530,698,397,3422
6175,677,1109,1542,2305,2727,,677,432,433,763,422,3448
6299,727,1213,1731,2442,2851,,727,486,518,711,409,3448
6148,728,1240,1650,2365,2701,,728,512,410,715,336,3447
6353,783,1270,1783,2495,2904,,783,487,513,712,409,3449
6300,728,1215,1729,2440,2851,,728,487,514,711,411,3449
6249,730,1217,1729,2442,2831,,730,487,512,713,389,3418
6245,729,1215,1728,2426,2826,,729,486,513,698,400,3419
6298,701,1190,1727,2439,2850,,701,489,537,712,411,3448
6223,727,1214,1725,2414,2782,,727,487,511,689,368,3441
6323,730,1216,1729,2442,2876,,730,486,513,713,434,3447
6238,730,1217,1679,2382,2791,,730,487,462,703,409,3447
6225,717,1188,1717,2371,2766,,717,471,529,654,395,3459
6300,730,1218,1730,2442,2852,,730,488,512,712,410,3448
6300,729,1216,1729,2442,2853,,729,487,513,713,411,3447
6276,729,1219,1710,2417,2828,,729,490,491,707,411,3448
6175,729,1218,1676,2342,2728,,729,489,458,666,386,3447
6300,729,1216,1730,2447,2876,,729,487,514,717,429,3424
6232,746,1234,1713,2420,2831,,746,488,479,707,411,3401
6086,715,1190,1673,2312,2646,,715,475,483,639,334,3440
6233,715,1186,1716,2413,2812,,715,471,530,697,399,3421
6050,646,1115,1586,2293,2672,,646,469,471,707,379,3378
6020,688,1160,1631,2287,2649,,688,472,471,656,362,3371
6120,742,1213,1743,2397,2747,,742,471,530,654,350,3373
6093,740,1212,1741,2401,2722,,740,472,529,660,321,3371
6094,743,1215,1743,2400,2725,,743,472,528,657,325,3369
6261,756,1241,1752,2465,2834,,756,485,511,713,369,3427
6251,726,1215,1726,2440,2791,,726,489,511,714,351,3460
6302,731,1218,1731,2444,2854,,731,487,513,713,410,3448
6276,730,1218,1731,2468,2841,,730,488,513,737,373,3435
6300,732,1217,1731,2442,2853,,732,485,514,711,411,3447
6237,790,1199,1663,2348,2787,,790,409,464,685,439,3450
6302,732,1217,1730,2444,2853,,732,485,513,714,409,3449
6301,731,1218,1729,2442,2853,,731,487,511,713,411,3448
6326,730,1221,1734,2443,2877,,730,491,513,709,434,3449
6301,731,1218,1730,2442,2853,,731,487,512,712,411,3448
6301,730,1217,1731,2442,2855,,730,487,514,711,413,3446
6282,731,1218,1732,2442,2854,,731,487,514,710,412,3428
6209,732,1243,1712,2396,2802,,732,511,469,684,406,3407
6135,717,1188,1717,2372,2702,,717,471,529,655,330,3433
6191,717,1188,1637,2332,2737,,717,471,449,695,405,3454
6040,719,1159,1628,2284,2665,,719,440,469,656,381,3375
6048,745,1218,1704,2342,2677,,745,473,486,638,335,3371
6136,717,1211,1717,2370,2698,,717,494,506,653,328,3438
6137,716,1188,1715,2414,2718,,716,472,527,699,304,3419
6125,718,1189,1717,2371,2746,,718,471,528,654,375,3379
6197,687,1107,1589,2325,2748,,687,420,482,736,423,3449
6324,729,1241,1728,2441,2880,,729,512,487,713,439,3444
6374,729,1217,1729,2442,2906,,729,488,512,713,464,3468
6275,729,1244,1728,2467,2837,,729,515,484,739,370,3438
6269,730,1218,1729,2441,2852,,730,488,511,712,411,3417
6162,727,1216,1697,2338,2741,,727,489,481,641,403,3421
6120,716,1150,1625,2321,2740,,716,434,475,696,419,3380
6098,716,1189,1717,2370,2725,,716,473,528,653,355,3373
6093,741,1213,1739,2394,2722,,741,472,526,655,328,3371
6123,743,1214,1742,2400,2750,,743,471,528,658,350,3373
6250,741,1188,1671,2382,2800,,741,447,483,711,418,3450
6300,729,1215,1729,2440,2851,,729,486,514,711,411,3449
6326,729,1219,1728,2470,2901,,729,490,509,742,431,3425
6295,725,1217,1726,2464,2835,,725,492,509,738,371,3460
6307,731,1217,1729,2442,2854,,731,486,512,713,412,3453
6277,731,1219,1711,2419,2812,,731,488,492,708,393,3465
6304,729,1220,1729,2442,2853,,729,491,509,713,411,3451
6303,730,1218,1729,2442,2853,,730,488,511,713,411,3450
6331,730,1217,1729,2443,2852,,730,487,512,714,409,3479
6237,729,1196,1705,2392,2802,,729,467,509,687,410,3435
6138,729,1214,1733,2368,2712,,729,485,519,635,344,3426
6108,719,1190,1718,2377,2725,,719,471,528,659,348,3383
6046,742,1213,1700,2339,2673,,742,471,487,639,334,3373
6274,729,1215,1729,2440,2831,,729,486,514,711,391,3443
6298,727,1214,1728,2440,2850,,727,487,514,712,410,3448
6287,733,1218,1714,2422,2839,,733,485,496,708,417,3448
6144,717,1149,1626,2322,2741,,717,432,477,696,419,3403
6095,717,1188,1717,2374,2724,,717,471,529,657,350,3371
6070,717,1213,1717,2371,2698,,717,496,504,654,327,3372
6118,742,1213,1743,2399,2750,,742,471,530,656,351,3368
6049,687,1156,1628,2282,2670,,687,469,472,654,388,3379
6082,741,1213,1700,2359,2697,,741,472,487,659,338,3385
6045,743,1216,1699,2339,2674,,743,473,483,640,335,3371
6099,678,1155,1716,2413,2753,,678,477,561,697,340,3346
6215,746,1243,1666,2360,2767,,746,497,423,694,407,3448
6212,716,1186,1716,2411,2817,,716,470,530,695,406,3395
6047,719,1149,1553,2293,2673,,719,430,404,740,380,3374
6070,718,1188,1716,2371,2699,,718,470,528,655,328,3371
6094,717,1188,1717,2372,2725,,717,471,529,655,353,3369
6120,743,1214,1742,2396,2749,,743,471,528,654,353,3371
6096,742,1169,1638,2299,2696,,742,427,469,661,397,3400
6056,716,1186,1674,2335,2673,,716,470,488,661,338,3383
6046,744,1217,1702,2341,2673,,744,473,485,639,332,3373
6096,717,1187,1716,2369,2724,,717,470,529,653,355,3372
6238,718,1188,1719,2416,2812,,718,470,531,697,396,3426
6158,714,1126,1609,2326,2714,,714,412,483,717,388,3444
6226,717,1189,1663,2358,2763,,717,472,474,695,405,3463
6301,730,1217,1730,2442,2852,,730,487,513,712,410,3449
6298,728,1215,1727,2440,2851,,728,487,512,713,411,3447
6297,726,1214,1726,2439,2849,,726,488,512,713,410,3448
6300,729,1218,1729,2443,2853,,729,489,511,714,410,3447
6281,731,1218,1730,2443,2854,,731,487,512,713,411,3427
6301,731,1197,1734,2442,2853,,731,466,537,708,411,3448
6114,733,1181,1714,2384,2739,,733,448,533,670,355,3375
6111,731,1196,1707,2359,2739,,731,465,511,652,380,3372
5799,700,1099,1497,2107,2450,,700,399,398,610,343,3349
6239,719,1190,1720,2416,2813,,719,471,530,696,397,3426
6155,717,1189,1718,2414,2770,,717,472,529,696,356,3385
6320,751,1237,1750,2462,2873,,751,486,513,712,411,3447
6327,730,1217,1730,2441,2878,,730,487,513,711,437,3449
6298,730,1216,1729,2442,2855,,730,486,513,713,413,3443
6278,730,1216,1729,2441,2853,,730,486,513,712,412,3425
6303,731,1198,1730,2443,2854,,731,467,532,713,411,3449
6254,730,1211,1729,2443,2853,,730,481,518,714,410,3401
6235,730,1216,1730,2422,2828,,730,486,514,692,406,3407
6239,719,1190,1684,2382,2795,,719,471,494,698,413,3444
6158,718,1188,1717,2413,2773,,718,470,529,696,360,3385
6112,733,1204,1734,2390,2740,,733,471,530,656,350,3372
6118,741,1213,1740,2396,2746,,741,472,527,656,350,3372
6078,692,1161,1631,2286,2695,,692,469,470,655,409,3383
6176,741,1211,1699,2361,2744,,741,470,488,662,383,3432
6305,731,1217,1731,2443,2852,,731,486,514,712,409,3453
6301,732,1216,1731,2443,2854,,732,484,515,712,411,3447
6073,718,1149,1627,2327,2699,,718,431,478,700,372,3374
6243,741,1213,1741,2438,2836,,741,472,528,697,398,3407
6262,720,1192,1720,2417,2820,,720,472,528,697,403,3442
6095,718,1215,1717,2378,2723,,718,497,502,661,345,3372
6065,710,1181,1709,2364,2692,,710,471,528,655,328,3373
6122,744,1215,1745,2400,2749,,744,471,530,655,349,3373
6097,744,1238,1742,2396,2725,,744,494,504,654,329,3372
6126,741,1211,1741,2395,2747,,741,470,530,654,352,3379
6055,742,1213,1701,2338,2672,,742,471,488,637,334,3383
6044,741,1211,1700,2339,2672,,741,470,489,639,333,3372
6094,719,1190,1718,2370,2723,,719,471,528,652,353,3371
6295,752,1249,1753,2451,2845,,752,497,504,698,394,3450
6223,718,1222,1717,2415,2817,,718,504,495,698,402,3406
6122,717,1188,1717,2371,2753,,717,471,529,654,382,3369
6095,717,1188,1716,2372,2724,,717,471,528,656,352,3371
6092,740,1213,1740,2396,2722,,740,473,527,656,326,3370
6123,743,1215,1743,2398,2750,,743,472,528,655,352,3373
6153,688,1117,1608,2328,2751,,688,429,491,720,423,3402
6300,731,1243,1733,2442,2854,,731,512,490,709,412,3446
6295,724,1212,1724,2437,2847,,724,488,512,713,410,3448
6128,730,1168,1645,2346,2725,,730,438,477,701,379,3403
6301,731,1217,1729,2443,2853,,731,486,512,714,410,3448
6138,705,1136,1618,2319,2716,,705,431,482,701,397,3422
6150,718,1188,1719,2414,2774,,718,470,531,695,360,3376
6068,720,1193,1719,2374,2700,,720,473,526,655,326,3368
6118,741,1213,1740,2396,2747,,741,472,527,656,351,3371
6095,744,1217,1745,2400,2726,,744,473,528,655,326,3369
6097,742,1214,1743,2399,2724,,742,472,529,656,325,3373
6055,743,1217,1699,2339,2672,,743,474,482,640,333,3383
6045,744,1216,1700,2340,2673,,744,472,484,640,333,3372
6098,749,1221,1748,2402,2730,,749,472,527,654,328,3368
6295,751,1223,1749,2445,2845,,751,472,526,696,400,3450
6161,717,1188,1717,2413,2719,,717,471,529,696,306,3442
6024,719,1191,1677,2315,2649,,719,472,486,638,334,3375
5812,697,1127,1526,2145,2463,,697,430,399,619,318,3349
5945,719,1151,1563,2228,2562,,719,432,412,665,334,3383
5967,676,1110,1523,2223,2556,,676,434,413,700,333,3411
5975,677,1112,1527,2231,2561,,677,435,415,704,330,3414
6029,718,1172,1653,2288,2647,,718,454,481,635,359,3382
5964,718,1146,1562,2225,2568,,718,428,416,663,343,3396
5972,719,1147,1560,2227,2563,,719,428,413,667,336,3409
6192,763,1252,1743,2427,2798,,763,489,491,684,371,3394
6213,731,1197,1671,2367,2768,,731,466,474,696,401,3445
6108,719,1191,1722,2377,2726,,719,472,531,655,349,3382
6124,720,1194,1719,2375,2746,,720,474,525,656,371,3378
6098,719,1217,1720,2374,2727,,719,498,503,654,353,3371
6050,678,1155,1627,2283,2672,,678,477,472,656,389,3378
6077,718,1189,1717,2371,2699,,718,471,528,654,328,3378
6130,743,1215,1741,2398,2750,,743,472,526,657,352,3380
6125,744,1216,1745,2401,2752,,744,472,529,656,351,3373
6068,741,1239,1692,2349,2700,,741,498,453,657,351,3368
5995,692,1163,1593,2259,2587,,692,471,430,666,328,3408
6036,716,1163,1582,2221,2538,,716,447,419,639,317,3498
6263,717,1190,1718,2415,2816,,717,473,528,697,401,3447
6125,719,1190,1718,2375,2747,,719,471,528,657,372,3378
5944,720,1150,1563,2227,2561,,720,430,413,664,334,3383
6019,717,1173,1654,2289,2646,,717,456,481,635,357,3373
5964,718,1147,1560,2221,2564,,718,429,413,661,343,3400
5974,679,1115,1531,2230,2561,,679,436,416,699,331,3413
5971,717,1144,1559,2226,2560,,717,427,415,667,334,3411
5973,720,1148,1563,2229,2562,,720,428,415,666,333,3411
6016,715,1171,1649,2284,2643,,715,456,478,635,359,3373
5947,716,1145,1565,2225,2559,,716,429,420,660,334,3388
5824,669,1075,1485,2127,2460,,669,406,410,642,333,3364
5946,679,1110,1531,2227,2564,,679,431,421,696,337,3382
5972,720,1150,1564,2229,2560,,720,430,414,665,331,3412
5970,718,1149,1563,2225,2548,,718,431,414,662,323,3422
5950,721,1151,1567,2228,2561,,721,430,416,661,333,3389
5965,717,1147,1561,2225,2557,,717,430,414,664,332,3408
5970,719,1147,1561,2226,2560,,719,428,414,665,334,3410
5971,719,1147,1563,2232,2561,,719,428,416,669,329,3410
5945,718,1149,1564,2227,2561,,718,431,415,663,334,3384
5974,679,1112,1527,2229,2558,,679,433,415,702,329,3416
5974,678,1111,1527,2226,2562,,678,433,416,699,336,3412
5946,679,1112,1530,2227,2561,,679,433,418,697,334,3385
5945,684,1137,1551,2228,2561,,684,453,414,677,333,3384
5945,721,1150,1563,2226,2561,,721,429,413,663,335,3384
5976,677,1112,1529,2230,2559,,677,435,417,701,329,3417
5970,680,1114,1527,2230,2563,,680,434,413,703,333,3407
5946,680,1113,1528,2226,2561,,680,433,415,698,335,3385
5971,679,1112,1529,2227,2560,,679,433,417,698,333,3411
6159,667,1137,1605,2298,2711,,667,470,468,693,413,3448
6224,731,1243,1700,2406,2817,,731,512,457,706,411,3407
6049,718,1190,1677,2314,2648,,718,472,487,637,334,3401
5830,679,1089,1511,2126,2459,,679,410,422,615,333,3371
5836,671,1089,1487,2120,2464,,671,418,398,633,344,3372
5946,681,1115,1529,2228,2562,,681,434,414,699,334,3384
5976,679,1112,1529,2229,2563,,679,433,417,700,334,3413
5971,680,1115,1527,2227,2560,,680,435,412,700,333,3411
5855,678,1110,1515,2151,2484,,678,432,405,636,333,3371
5946,679,1113,1529,2228,2560,,679,434,416,699,332,3386
5946,677,1119,1527,2225,2562,,677,442,408,698,337,3384
5969,751,1179,1594,2260,2592,,751,428,415,666,332,3377
5981,680,1113,1529,2227,2560,,680,433,416,698,333,3421
5972,679,1113,1530,2232,2562,,679,434,417,702,330,3410
5973,720,1149,1563,2228,2561,,720,429,414,665,333,3412
5964,719,1141,1540,2222,2541,,719,422,399,682,319,3423
5980,677,1113,1526,2228,2561,,677,436,413,702,333,3419
5969,677,1113,1528,2227,2559,,677,436,415,699,332,3410
5896,680,1114,1529,2203,2535,,680,434,415,674,332,3361
5943,676,1108,1514,2229,2556,,676,432,406,715,327,3387
5971,679,1117,1528,2226,2561,,679,438,411,698,335,3410
5936,716,1145,1560,2220,2538,,716,429,415,660,318,3398
5950,679,1114,1529,2227,2561,,679,435,415,698,334,3389
5874,708,1118,1531,2157,2489,,708,410,413,626,332,3385
5970,675,1107,1522,2222,2559,,675,432,415,700,337,3411
6020,677,1110,1527,2225,2647,,677,433,417,698,422,3373
5974,717,1147,1566,2227,2558,,717,430,419,661,331,3416
5971,719,1146,1562,2226,2562,,719,427,416,664,336,3409
5945,718,1148,1562,2227,2560,,718,430,414,665,333,3385
5945,720,1149,1563,2230,2565,,720,429,414,667,335,3380
6183,679,1172,1710,2393,2775,,679,493,538,683,382,3408
6182,731,1221,1711,2394,2776,,731,490,490,683,382,3406
6275,732,1218,1732,2444,2837,,732,486,514,712,393,3438
6280,734,1218,1713,2419,2828,,734,484,495,706,409,3452
6301,732,1217,1731,2443,2854,,732,485,514,712,411,3447
6303,731,1217,1730,2443,2853,,731,486,513,713,410,3450
6264,730,1217,1734,2433,2843,,730,487,517,699,410,3421
6097,719,1215,1717,2373,2722,,719,496,502,656,349,3375
6072,720,1191,1719,2375,2700,,720,471,528,656,325,3372
6119,742,1212,1743,2403,2749,,742,470,531,660,346,3370
6251,745,1172,1665,2383,2803,,745,427,493,718,420,3448
6238,731,1218,1679,2382,2792,,731,487,461,703,410,3446
6023,719,1190,1676,2315,2647,,719,471,486,639,332,3376
6083,715,1185,1672,2315,2659,,715,470,487,643,344,3424
6238,718,1191,1719,2416,2813,,718,473,528,697,397,3425
6071,718,1189,1678,2338,2695,,718,471,489,660,357,3376
5950,720,1149,1562,2229,2559,,720,429,413,667,330,3391
5970,719,1147,1561,2227,2562,,719,428,414,666,335,3408
5945,678,1114,1531,2227,2561,,678,436,417,696,334,3384
5946,680,1115,1529,2227,2565,,680,435,414,698,338,3381
5947,678,1113,1536,2227,2562,,678,435,423,691,335,3385
6005,713,1146,1560,2263,2594,,713,433,414,703,331,3411
5949,678,1112,1530,2229,2561,,678,434,418,699,332,3388
5945,678,1112,1527,2226,2565,,678,434,415,699,339,3380
5972,719,1147,1562,2227,2560,,719,428,415,665,333,3412
5971,719,1147,1563,2227,2561,,719,428,416,664,334,3410
5950,718,1146,1563,2234,2563,,718,428,417,671,329,3387
5972,719,1147,1562,2227,2561,,719,428,415,665,334,3411
5980,742,1171,1585,2249,2583,,742,429,414,664,334,3397
5971,719,1147,1562,2228,2561,,719,428,415,666,333,3410
6132,718,1147,1652,2340,2725,,718,429,505,688,385,3407
6252,731,1219,1731,2419,2830,,731,488,512,688,411,3422
6300,731,1218,1731,2444,2855,,731,487,513,713,411,3445
6254,729,1217,1709,2417,2828,,729,488,492,708,411,3426
6324,752,1240,1752,2465,2876,,752,488,512,713,411,3448
6303,732,1219,1732,2445,2856,,732,487,513,713,411,3447
6197,731,1219,1710,2394,2779,,731,488,491,684,385,3418
6303,732,1219,1732,2443,2854,,732,487,513,711,411,3449
6219,727,1213,1726,2418,2799,,727,486,513,692,381,3420
6164,732,1220,1653,2370,2725,,732,488,433,717,355,3439
6283,735,1209,1703,2424,2832,,735,474,494,721,408,3451
6249,756,1210,1743,2439,2842,,756,454,533,696,403,3407
6026,720,1192,1678,2317,2650,,720,472,486,639,333,3376
5995,720,1175,1652,2287,2631,,720,455,477,635,344,3364
5969,718,1153,1562,2227,2559,,718,435,409,665,332,3410
5971,719,1150,1563,2228,2562,,719,431,413,665,334,3409
5946,720,1148,1575,2227,2561,,720,428,427,652,334,3385
5972,720,1148,1563,2227,2561,,720,428,415,664,334,3411
6002,752,1182,1598,2262,2593,,752,430,416,664,331,3409
5948,681,1112,1526,2227,2549,,681,431,414,701,322,3399
5969,681,1113,1528,2236,2561,,681,432,415,708,325,3408
5811,669,1086,1485,2120,2440,,669,417,399,635,320,3371
5951,722,1151,1565,2229,2562,,722,429,414,664,333,3389
5978,717,1145,1558,2222,2545,,717,428,413,664,323,3433
6118,719,1149,1563,2234,2690,,719,430,414,671,456,3428
6303,732,1219,1732,2446,2855,,732,487,513,714,409,3448
6237,731,1217,1675,2381,2794,,731,486,458,706,413,3443
6041,742,1213,1699,2338,2672,,742,471,486,639,334,3369
6003,751,1181,1595,2258,2595,,751,430,414,663,337,3408
5947,721,1150,1564,2226,2561,,721,429,414,662,335,3386
5972,684,1112,1529,2234,2562,,684,428,417,705,328,3410
5970,678,1113,1528,2230,2561,,678,435,415,702,331,3409
5973,679,1115,1532,2228,2562,,679,436,417,696,334,3411
5977,680,1113,1529,2230,2561,,680,433,416,701,331,3416
5948,679,1113,1528,2227,2560,,679,434,415,699,333,3388
5947,680,1113,1530,2227,2551,,680,433,417,697,324,3396
5972,679,1114,1527,2230,2560,,679,435,413,703,330,3412
5945,684,1114,1528,2227,2561,,684,430,414,699,334,3384
5845,678,1111,1517,2152,2484,,678,433,406,635,332,3361
5947,679,1112,1529,2228,2559,,679,433,417,699,331,3388
6066,687,1117,1574,2266,2659,,687,430,457,692,393,3407
6279,733,1218,1711,2419,2832,,733,485,493,708,413,3447
6326,732,1219,1731,2444,2879,,732,487,512,713,435,3447
6330,731,1218,1731,2443,2884,,731,487,513,712,441,3446
6302,732,1218,1731,2443,2854,,732,486,513,712,411,3448
6303,731,1218,1731,2444,2854,,731,487,513,713,410,3449
6276,731,1218,1710,2406,2829,,731,487,492,696,423,3447
6352,731,1218,1731,2472,2906,,731,487,513,741,434,3446
6302,755,1267,1754,2466,2878,,755,512,487,712,412,3424
6240,731,1219,1731,2412,2795,,731,488,512,681,383,3445
6169,705,1179,1650,2346,2765,,705,474,471,696,419,3404
6019,720,1192,1674,2312,2652,,720,472,482,638,340,3367
5948,720,1151,1565,2228,2562,,720,431,414,663,334,3386
5953,720,1148,1565,2228,2562,,720,428,417,663,334,3391
6019,717,1151,1560,2226,2647,,717,434,409,666,421,3372
5958,717,1155,1559,2219,2562,,717,438,404,660,343,3396
5976,680,1113,1529,2227,2562,,680,433,416,698,335,3414
5978,753,1185,1597,2260,2595,,753,432,412,663,335,3383
5978,753,1186,1596,2260,2594,,753,433,410,664,334,3384
5973,680,1112,1529,2226,2549,,680,432,417,697,323,3424
6015,718,1166,1595,2268,2604,,718,448,429,673,336,3411
6011,724,1154,1553,2223,2566,,724,430,399,670,343,3445
5818,679,1092,1503,2126,2473,,679,413,411,623,347,3345
5952,679,1113,1527,2227,2559,,679,434,414,700,332,3393
5972,679,1114,1528,2227,2562,,679,435,414,699,335,3410
5974,677,1113,1526,2229,2560,,677,436,413,703,331,3414
5873,680,1091,1502,2131,2462,,680,411,411,629,331,3411
6238,733,1219,1732,2428,2831,,733,486,513,696,403,3407
6384,762,1249,1763,2507,2935,,762,487,514,744,428,3449
6278,733,1220,1732,2424,2830,,733,487,512,692,406,3448
6115,705,1139,1622,2323,2721,,705,434,483,701,398,3394
6023,719,1216,1679,2320,2649,,719,497,463,641,329,3374
5945,719,1151,1563,2226,2560,,719,432,412,663,334,3385
6028,718,1145,1560,2226,2647,,718,427,415,666,421,3381
6099,720,1192,1720,2375,2726,,720,472,528,655,351,3373
6099,720,1217,1720,2375,2725,,720,497,503,655,350,3374
6076,720,1192,1719,2378,2701,,720,472,527,659,323,3375
6083,705,1180,1654,2313,2711,,705,475,474,659,398,3372
6340,769,1258,1769,2481,2892,,769,489,511,712,411,3448
6304,732,1220,1733,2444,2854,,732,488,513,711,410,3450
6140,695,1163,1646,2336,2716,,695,468,483,690,380,3424
6099,721,1204,1719,2377,2726,,721,483,515,658,349,3373
6045,745,1216,1701,2338,2674,,745,471,485,637,336,3371
6089,720,1193,1654,2289,2650,,720,473,461,635,361,3439
6239,719,1215,1719,2416,2816,,719,496,504,697,400,3423
6099,719,1191,1718,2373,2722,,719,472,527,655,349,3377
6065,742,1215,1701,2339,2670,,742,473,486,638,331,3395
6221,744,1231,1744,2435,2814,,744,487,513,691,379,3407
6337,765,1253,1766,2478,2890,,765,488,513,712,412,3447
6326,731,1218,1732,2443,2883,,731,487,514,711,440,3443
6266,720,1188,1743,2432,2816,,720,468,555,689,384,3450
6040,720,1195,1668,2309,2664,,720,475,473,641,355,3376
5973,721,1155,1589,2231,2567,,721,434,434,642,336,3406
5954,719,1150,1564,2229,2562,,719,431,414,665,333,3392
5947,720,1150,1564,2229,2560,,720,430,414,665,331,3387
5972,681,1115,1532,2228,2562,,681,434,417,696,334,3410
5971,679,1114,1529,2227,2566,,679,435,415,698,339,3405
5973,721,1150,1564,2232,2561,,721,429,414,668,329,3412
5957,720,1149,1565,2228,2560,,720,429,416,663,332,3397
5948,720,1149,1564,2227,2560,,720,429,415,663,333,3388
5996,725,1171,1569,2255,2599,,725,446,398,686,344,3397
6017,723,1178,1659,2293,2648,,723,455,481,634,355,3369
6073,721,1193,1721,2377,2703,,721,472,528,656,326,3370
6131,720,1193,1720,2375,2747,,720,473,527,655,372,3384
6098,720,1191,1720,2378,2727,,720,471,529,658,349,3371
6099,720,1192,1720,2376,2725,,720,472,528,656,349,3374
6013,742,1214,1710,2341,2643,,742,472,496,631,302,3370
6050,694,1165,1639,2295,2679,,694,471,474,656,384,3371
6230,679,1167,1655,2394,2804,,679,488,488,739,410,3426
6303,731,1218,1731,2444,2854,,731,487,513,713,410,3449
6226,719,1191,1700,2408,2818,,719,472,509,708,410,3408
6087,717,1187,1681,2334,2670,,717,470,494,653,336,3417
6264,720,1192,1720,2417,2814,,720,472,528,697,397,3450
6154,719,1191,1720,2416,2774,,719,472,529,696,358,3380
5947,720,1149,1564,2228,2560,,720,429,415,664,332,3387
6020,720,1148,1563,2226,2648,,720,428,415,663,422,3372
5946,719,1147,1563,2231,2560,,719,428,416,668,329,3386
5970,721,1150,1565,2230,2562,,721,429,415,665,332,3408
5956,738,1163,1580,2240,2560,,738,425,417,660,320,3396
5950,720,1150,1565,2228,2562,,720,430,415,663,334,3388
5973,719,1150,1562,2228,2560,,719,431,412,666,332,3413
5973,679,1113,1527,2231,2561,,679,434,414,704,330,3412
5943,680,1114,1529,2227,2560,,680,434,415,698,333,3383
5978,683,1114,1528,2228,2561,,683,431,414,700,333,3417
6024,683,1114,1529,2229,2650,,683,431,415,700,421,3374
5995,702,1136,1551,2249,2584,,702,434,415,698,335,3411
5948,721,1152,1563,2206,2538,,721,431,411,643,332,3410
6205,666,1151,1638,2357,2779,,666,485,487,719,422,3426
6280,729,1193,1731,2442,2853,,729,464,538,711,411,3427
6279,731,1219,1731,2444,2835,,731,488,512,713,391,3444
6128,704,1138,1599,2259,2717,,704,434,461,660,458,3411
6022,720,1192,1676,2322,2651,,720,472,484,646,329,3371
5946,719,1149,1563,2227,2561,,719,430,414,664,334,3385
5955,719,1149,1563,2228,2562,,719,430,414,665,334,3393
5970,680,1112,1529,2227,2561,,680,432,417,698,334,3409
6021,718,1147,1562,2225,2646,,718,429,415,663,421,3375
5972,718,1146,1561,2227,2566,,718,428,415,666,339,3406
5967,676,1115,1526,2224,2560,,676,439,411,698,336,3407
6014,721,1177,1654,2285,2646,,721,456,477,631,361,3368
5976,721,1148,1563,2228,2563,,721,427,415,665,335,3413
5998,743,1173,1588,2251,2588,,743,430,415,663,337,3410
5947,680,1113,1529,2230,2567,,680,433,416,701,337,3380
6020,721,1176,1656,2289,2648,,721,455,480,633,359,3372
6036,721,1150,1564,2227,2649,,721,429,414,663,422,3387
6023,721,1175,1655,2291,2649,,721,454,480,636,358,3374
5996,743,1173,1586,2251,2586,,743,430,413,665,335,3410
5854,680,1112,1516,2154,2485,,680,432,404,638,331,3369
6122,679,1108,1555,2270,2692,,679,429,447,715,422,3430
6282,732,1198,1741,2451,2857,,732,466,543,710,406,3425
6304,733,1220,1731,2444,2855,,733,487,511,713,411,3449
6215,731,1218,1697,2393,2778,,731,487,479,696,385,3437
6021,716,1186,1672,2313,2644,,716,470,486,641,331,3377
5945,718,1147,1561,2225,2548,,718,429,414,664,323,3397
5955,720,1149,1562,2201,2528,,720,429,413,639,327,3427
5971,720,1149,1562,2227,2560,,720,429,413,665,333,3411
5971,679,1114,1527,2228,2561,,679,435,413,701,333,3410
5946,678,1111,1525,2225,2562,,678,433,414,700,337,3384
6114,680,1104,1573,2270,2691,,680,424,469,697,421,3423
6083,713,1189,1619,2319,2714,,713,476,430,700,395,3369
5976,721,1150,1564,2228,2563,,721,429,414,664,335,3413
5913,706,1140,1552,2191,2522,,706,434,412,639,331,3391
5948,719,1148,1564,2233,2565,,719,429,416,669,332,3383
5944,718,1148,1563,2227,2561,,718,430,415,664,334,3383
5950,721,1154,1566,2227,2561,,721,433,412,661,334,3389
5947,719,1151,1564,2227,2561,,719,432,413,663,334,3386
5972,719,1148,1564,2226,2560,,719,429,416,662,334,3412
5971,679,1115,1528,2233,2562,,679,436,413,705,329,3409
6155,680,1112,1605,2315,2730,,680,432,493,710,415,3425
6279,762,1246,1712,2420,2831,,762,484,466,708,411,3448
6306,732,1219,1732,2444,2856,,732,487,513,712,412,3450
6165,762,1227,1761,2439,2794,,762,465,534,678,355,3371
6049,721,1193,1679,2325,2683,,721,472,486,646,358,3366
5945,720,1151,1563,2228,2563,,720,431,412,665,335,3382
6030,720,1175,1654,2292,2649,,720,455,479,638,357,3381
6073,719,1190,1718,2373,2701,,719,471,528,655,328,3372
6126,720,1193,1721,2378,2748,,720,473,528,657,370,3378
6091,720,1192,1720,2375,2728,,720,472,528,655,353,3363
6253,722,1170,1654,2391,2804,,722,448,484,737,413,3449
6329,707,1193,1732,2445,2881,,707,486,539,713,436,3448
6303,732,1219,1732,2443,2855,,732,487,513,711,412,3448
6239,730,1198,1730,2407,2817,,730,468,532,677,410,3422
6093,720,1193,1721,2376,2725,,720,473,528,655,349,3368
6046,744,1216,1698,2340,2671,,744,472,482,642,331,3375
6089,720,1191,1678,2317,2650,,720,471,487,639,333,3439
6239,718,1190,1719,2415,2813,,718,472,529,696,398,3426
6100,721,1195,1719,2375,2723,,721,474,524,656,348,3377
5975,720,1150,1563,2227,2561,,720,430,413,664,334,3414
6117,722,1153,1577,2270,2694,,722,431,424,693,424,3423
6138,706,1221,1732,2343,2733,,706,515,511,611,390,3405
6328,731,1219,1732,2444,2880,,731,488,513,712,436,3448
6164,732,1217,1695,2339,2717,,732,485,478,644,378,3447
6020,719,1190,1678,2315,2660,,719,471,488,637,345,3360
5969,741,1172,1584,2251,2581,,741,431,412,667,330,3388
5952,721,1149,1562,2232,2563,,721,428,413,670,331,3389
6020,720,1149,1563,2227,2649,,720,429,414,664,422,3371
6021,720,1174,1655,2291,2649,,720,454,481,636,358,3372
6027,720,1148,1565,2226,2650,,720,428,417,661,424,3377
5948,720,1147,1563,2239,2564,,720,427,416,676,325,3384
5991,680,1157,1586,2227,2572,,680,477,429,641,345,3419
6209,733,1219,1732,2423,2803,,733,486,513,691,380,3406
6161,732,1219,1713,2396,2767,,732,487,494,683,371,3394
6028,720,1192,1678,2316,2649,,720,472,486,638,333,3379
5946,719,1148,1563,2227,2561,,719,429,415,664,334,3385
5976,719,1148,1563,2226,2560,,719,429,415,663,334,3416
5948,720,1149,1564,2227,2561,,720,429,415,663,334,3387
5950,720,1148,1563,2230,2563,,720,428,415,667,333,3387
5976,720,1148,1562,2228,2564,,720,428,414,666,336,3412
6238,721,1180,1678,2383,2791,,721,459,498,705,408,3447
6177,681,1166,1654,2362,2715,,681,485,488,708,353,3462
6278,732,1219,1733,2444,2834,,732,487,514,711,390,3444
6226,701,1195,1713,2396,2806,,701,494,518,683,410,3420
6224,736,1220,1737,2425,2806,,736,484,517,688,381,3418
6304,734,1220,1734,2445,2857,,734,486,514,711,412,3447
6302,733,1219,1732,2445,2855,,733,486,513,713,410,3447
6303,733,1219,1733,2444,2856,,733,486,514,711,412,3447
6303,734,1220,1732,2445,2857,,734,486,512,713,412,3446
6280,732,1219,1732,2419,2831,,732,487,513,687,412,3449
6328,733,1220,1732,2446,2880,,733,487,512,714,434,3448
6227,733,1244,1733,2425,2805,,733,511,489,692,380,3422
6305,722,1207,1734,2448,2857,,722,485,527,714,409,3448
6189,693,1181,1711,2380,2763,,693,488,530,669,383,3426
6203,721,1193,1720,2375,2779,,721,472,527,655,404,3424
6304,733,1223,1736,2446,2855,,733,490,513,710,409,3449
6326,756,1244,1756,2469,2879,,756,488,512,713,410,3447
6327,731,1217,1730,2443,2879,,731,486,513,713,436,3448
6298,726,1213,1725,2438,2849,,726,487,512,713,411,3449
6303,731,1220,1732,2445,2854,,731,489,512,713,409,3449
6304,733,1219,1732,2443,2854,,733,486,513,711,411,3450
6185,732,1222,1712,2394,2780,,732,490,490,682,386,3405
6041,721,1193,1681,2326,2676,,721,472,488,645,350,3365
5776,642,1082,1480,2112,2431,,642,440,398,632,319,3345
5983,724,1157,1567,2229,2563,,724,433,410,662,334,3420
6023,705,1183,1677,2316,2651,,705,478,494,639,335,3372
5970,719,1149,1562,2227,2562,,719,430,413,665,335,3408
5971,679,1114,1529,2228,2561,,679,435,415,699,333,3410
5994,702,1135,1552,2250,2583,,702,433,417,698,333,3411
5982,681,1114,1528,2228,2562,,681,433,414,700,334,3420
5976,721,1148,1565,2228,2572,,721,427,417,663,344,3404
6181,680,1115,1607,2317,2756,,680,435,492,710,439,3425
6328,732,1219,1732,2445,2886,,732,487,513,713,441,3442
6251,731,1219,1731,2425,2806,,731,488,512,694,381,3445
6307,733,1220,1732,2445,2859,,733,487,512,713,414,3448
6353,726,1219,1733,2474,2905,,726,493,514,741,431,3448
6332,754,1241,1754,2466,2878,,754,487,513,712,412,3454
6301,732,1216,1730,2441,2855,,732,484,514,711,414,3446
6353,733,1218,1730,2473,2903,,733,485,512,743,430,3450
6304,732,1219,1732,2444,2855,,732,487,513,712,411,3449
6352,733,1218,1731,2444,2879,,733,485,513,713,435,3473
6251,733,1223,1717,2411,2816,,733,490,494,694,405,3435
6127,720,1191,1720,2377,2748,,720,471,529,657,371,3379
6049,718,1112,1581,2253,2672,,718,394,469,672,419,3377
5981,718,1148,1561,2228,2561,,718,430,413,667,333,3420
6022,721,1178,1655,2289,2649,,721,457,477,634,360,3373
5972,721,1148,1565,2229,2562,,721,427,417,664,333,3410
5947,720,1148,1563,2228,2562,,720,428,415,665,334,3385
5876,701,1142,1542,2159,2503,,701,441,400,617,344,3373
5951,681,1114,1528,2228,2552,,681,433,414,700,324,3399
5951,680,1112,1516,2229,2562,,680,432,404,713,333,3389
6113,676,1116,1599,2283,2701,,676,440,483,684,418,3412
6302,733,1219,1732,2445,2859,,733,486,513,713,414,3443
6093,692,1160,1642,2337,2716,,692,468,482,695,379,3377
6210,721,1193,1721,2395,2767,,721,472,528,674,372,3443
6121,744,1194,1743,2399,2750,,744,450,549,656,351,3371
6098,720,1191,1722,2377,2726,,720,471,531,655,349,3372
6096,722,1192,1721,2377,2728,,722,470,529,656,351,3368
6098,746,1241,1745,2400,2729,,746,495,504,655,329,3369
6122,743,1215,1744,2402,2752,,743,472,529,658,350,3370
6164,743,1213,1701,2364,2724,,743,470,488,663,360,3440
6303,732,1220,1731,2444,2855,,732,488,511,713,411,3448
6329,731,1218,1730,2443,2854,,731,487,512,713,411,3475
6214,739,1190,1673,2391,2794,,739,451,483,718,403,3420
6254,733,1220,1712,2395,2806,,733,487,492,683,411,3448
6203,732,1141,1631,2340,2753,,732,409,490,709,413,3450
6338,763,1251,1764,2476,2886,,763,488,513,712,410,3452
6302,731,1217,1731,2443,2853,,731,486,514,712,410,3449
6277,730,1220,1731,2443,2834,,730,490,511,712,391,3443
6254,731,1218,1711,2420,2804,,731,487,493,709,384,3450
6304,732,1220,1732,2444,2855,,732,488,512,712,411,3449
6252,732,1218,1732,2444,2835,,732,486,514,712,391,3417
6303,735,1246,1732,2447,2857,,735,511,486,715,410,3446
6281,732,1195,1726,2445,2835,,732,463,531,719,390,3446
6254,732,1218,1711,2418,2811,,732,486,493,707,393,3443
6179,732,1142,1609,2317,2730,,732,410,467,708,413,3449
6261,717,1201,1689,2399,2815,,717,484,488,710,416,3446
6304,732,1218,1732,2445,2856,,732,486,514,713,411,3448
6277,733,1217,1730,2426,2830,,733,484,513,696,404,3447
6266,732,1222,1708,2420,2834,,732,490,486,712,414,3432
6215,719,1190,1720,2375,2769,,719,471,530,655,394,3446
6279,733,1219,1701,2419,2831,,733,486,482,718,412,3448
6301,733,1219,1732,2444,2855,,733,486,513,712,411,3446
6252,732,1195,1696,2402,2810,,732,463,501,706,408,3442
6191,733,1219,1732,2406,2768,,733,486,513,674,362,3423
6241,720,1217,1687,2385,2794,,720,497,470,698,409,3447
6146,743,1214,1741,2397,2769,,743,471,527,656,372,3377
6072,721,1195,1720,2376,2702,,721,474,525,656,326,3370
6095,719,1189,1720,2376,2725,,719,470,531,656,349,3370
6125,744,1214,1744,2401,2751,,744,470,530,657,350,3374
6080,748,1218,1707,2366,2703,,748,470,489,659,337,3377
6216,744,1215,1687,2381,2788,,744,471,472,694,407,3428
6329,731,1248,1731,2444,2855,,731,517,483,713,411,3474
6228,757,1205,1667,2399,2785,,757,448,462,732,386,3443
6240,732,1219,1731,2407,2791,,732,487,512,676,384,3449
6239,720,1192,1720,2416,2815,,720,472,528,696,399,3424
6131,752,1247,1752,2407,2755,,752,495,505,655,348,3376
6097,719,1192,1721,2376,2727,,719,473,529,655,351,3370
6128,745,1218,1744,2403,2753,,745,473,526,659,350,3375
6123,746,1218,1743,2398,2752,,746,472,525,655,354,3371
6130,746,1243,1747,2401,2752,,746,497,504,654,351,3378
6056,742,1214,1697,2339,2670,,742,472,483,642,331,3386
6060,744,1173,1588,2254,2656,,744,429,415,666,402,3404
5887,711,1124,1535,2184,2510,,711,413,411,649,326,3377
6081,714,1209,1672,2309,2646,,714,495,463,637,337,3435
6266,719,1191,1719,2416,2813,,719,472,528,697,397,3453
6149,720,1218,1720,2417,2772,,720,498,502,697,355,3377
6098,720,1216,1720,2376,2727,,720,496,504,656,351,3371
6125,745,1217,1745,2400,2754,,745,472,528,655,354,3371
6125,745,1216,1745,2402,2754,,745,471,529,657,352,3371
6218,747,1219,1746,2401,2771,,747,472,527,655,370,3447
6214,732,1222,1698,2394,2793,,732,490,476,696,399,3421
6125,721,1192,1678,2319,2716,,721,471,486,641,397,3409
5939,661,1067,1479,2108,2502,,661,406,412,629,394,3437
6150,722,1193,1721,2418,2793,,722,471,528,697,375,3357
6092,721,1192,1722,2382,2740,,721,471,530,660,358,3352
6150,720,1192,1721,2419,2777,,720,472,529,698,358,3373
6096,720,1190,1719,2374,2725,,720,470,529,655,351,3371
6123,746,1241,1746,2402,2753,,746,495,505,656,351,3370
6100,744,1216,1745,2401,2724,,744,472,529,656,323,3376
6240,745,1218,1745,2402,2796,,745,473,527,657,394,3444
6264,732,1219,1702,2407,2820,,732,487,483,705,413,3444
6174,722,1194,1678,2321,2717,,722,472,484,643,396,3457
5987,682,1089,1499,2150,2550,,682,407,410,651,400,3437
6259,720,1191,1720,2417,2814,,720,471,529,697,397,3445
6229,721,1190,1734,2368,2782,,721,469,544,634,414,3447
6077,684,1159,1630,2327,2719,,684,475,471,697,392,3358
6103,723,1194,1722,2376,2724,,723,471,528,654,348,3379
6158,753,1223,1754,2410,2781,,753,470,531,656,371,3377
6129,721,1194,1721,2401,2753,,721,473,527,680,352,3376
6133,748,1220,1750,2405,2756,,748,472,530,655,351,3377
6056,722,1195,1680,2341,2677,,722,473,485,661,336,3379
6188,745,1243,1702,2344,2741,,745,498,459,642,397,3447
5802,693,1098,1494,2120,2436,,693,405,396,626,316,3366
5804,691,1087,1483,2116,2459,,691,396,396,633,343,3345
5825,689,1084,1480,2111,2455,,689,395,396,631,344,3370
6092,689,1084,1552,2260,2631,,689,395,468,708,371,3461
6333,737,1247,1732,2445,2857,,737,510,485,713,412,3476
6302,731,1218,1733,2443,2854,,731,487,515,710,411,3448
6305,733,1219,1733,2445,2857,,733,486,514,712,412,3448
6303,732,1220,1732,2445,2856,,732,488,512,713,411,3447
6304,733,1200,1709,2450,2858,,733,467,509,741,408,3446
6311,732,1221,1732,2445,2857,,732,489,511,713,412,3454
6202,732,1195,1689,2320,2756,,732,463,494,631,436,3446
6278,733,1221,1733,2425,2831,,733,488,512,692,406,3447
6091,733,1181,1669,2310,2666,,733,448,488,641,356,3425
6075,674,1076,1557,2295,2717,,674,402,481,738,422,3358
6129,723,1196,1723,2377,2750,,723,473,527,654,373,3379
6116,741,1236,1739,2397,2747,,741,495,503,658,350,3369
6105,721,1192,1719,2373,2728,,721,471,527,654,355,3377
6133,745,1216,1745,2400,2751,,745,471,529,655,351,3382
6025,650,1122,1553,2256,2655,,650,472,431,703,399,3370
6115,748,1220,1703,2343,2678,,748,472,483,640,335,3437
6010,722,1128,1540,2238,2567,,722,406,412,698,329,3443
6278,734,1223,1733,2444,2804,,734,489,510,711,360,3474
6105,733,1221,1655,2287,2648,,733,488,434,632,361,3457
6220,734,1165,1646,2347,2769,,734,431,481,701,422,3451
6227,721,1192,1722,2417,2816,,721,471,530,695,399,3411
6074,722,1218,1722,2377,2703,,722,496,504,655,326,3371
6191,722,1194,1721,2378,2750,,722,472,527,657,372,3441
6303,735,1221,1734,2447,2857,,735,486,513,713,410,3446
6217,732,1220,1712,2390,2795,,732,488,492,678,405,3422
6091,722,1218,1679,2318,2653,,722,496,461,639,335,3438
6089,718,1123,1536,2253,2668,,718,405,413,717,415,3421
6302,734,1245,1734,2446,2856,,734,511,489,712,410,3446
6106,734,1221,1655,2287,2648,,734,487,434,632,361,3458
6190,733,1167,1648,2346,2744,,733,434,481,698,398,3446
6148,720,1191,1719,2416,2773,,720,471,528,697,357,3375
6098,721,1218,1721,2376,2729,,721,497,503,655,353,3369
6216,722,1193,1722,2375,2771,,722,471,529,653,396,3445
6359,732,1219,1732,2445,2855,,732,487,513,713,410,3504
6218,734,1221,1714,2362,2771,,734,487,493,648,409,3447
6050,723,1196,1723,2353,2677,,723,473,527,630,324,3373
5891,680,1091,1502,2129,2463,,680,411,411,627,334,3428
6009,722,1195,1722,2338,2645,,722,473,527,616,307,3364
6028,723,1194,1682,2320,2653,,723,471,488,638,333,3375
6090,719,1214,1683,2318,2653,,719,495,469,635,335,3437
6264,747,1217,1744,2439,2837,,747,470,527,695,398,3427
6153,723,1194,1722,2420,2776,,723,471,528,698,356,3377
6080,720,1191,1721,2376,2704,,720,471,530,655,328,3376
6126,743,1214,1742,2397,2750,,743,471,528,655,353,3376
6073,721,1216,1720,2373,2706,,721,495,504,653,333,3367
6048,747,1217,1706,2344,2678,,747,470,489,638,334,3370
6092,721,1126,1538,2229,2650,,721,405,412,691,421,3442
6264,720,1192,1721,2418,2815,,720,472,529,697,397,3449
6093,722,1194,1721,2337,2647,,722,472,527,616,310,3446
6166,675,1157,1586,2251,2718,,675,482,429,665,467,3448
6181,754,1225,1754,2450,2806,,754,471,529,696,356,3375
6097,722,1219,1721,2376,2726,,722,497,502,655,350,3371
6192,723,1195,1722,2377,2747,,723,472,527,655,370,3445
6303,735,1220,1732,2445,2856,,735,485,512,713,411,3447
6189,732,1219,1732,2392,2755,,732,487,513,660,363,3434
6074,722,1198,1722,2354,2701,,722,476,524,632,347,3373
5940,719,1125,1535,2178,2512,,719,406,410,643,334,3428
6199,722,1219,1721,2417,2776,,722,497,502,696,359,3423
6265,721,1194,1722,2419,2814,,721,473,528,697,395,3451
6125,693,1139,1555,2297,2720,,693,446,416,742,423,3405
6101,723,1193,1721,2375,2724,,723,470,528,654,349,3377
6259,721,1151,1631,2351,2780,,721,430,480,720,429,3479
6305,733,1220,1733,2445,2856,,733,487,513,712,411,3449
6360,768,1253,1766,2479,2914,,768,485,513,713,435,3446
6112,674,1157,1628,2326,2725,,674,483,471,698,399,3387
6025,722,1194,1682,2319,2653,,722,472,488,637,334,3372
6064,745,1173,1586,2252,2574,,745,428,413,666,322,3490
6294,744,1215,1744,2441,2850,,744,471,529,697,409,3444
6204,722,1193,1722,2420,2817,,722,471,529,698,397,3387
6140,721,1151,1631,2328,2703,,721,430,480,697,375,3437
6120,745,1217,1747,2406,2751,,745,472,530,659,345,3369
6108,757,1227,1755,2409,2738,,757,470,528,654,329,3370
6105,721,1192,1722,2377,2728,,721,471,530,655,351,3377
6112,755,1227,1754,2409,2735,,755,472,527,655,326,3377
6076,723,1195,1721,2373,2704,,723,472,526,652,331,3372
6049,747,1243,1702,2343,2674,,747,496,459,641,331,3375
6091,720,1124,1535,2227,2650,,720,404,411,692,423,3441
6242,722,1195,1722,2419,2816,,722,473,527,697,397,3426
6205,722,1193,1723,2377,2791,,722,471,530,654,414,3414
6152,722,1194,1723,2420,2779,,722,472,529,697,359,3373
6159,755,1227,1755,2414,2782,,755,472,528,659,368,3377
6100,722,1193,1722,2377,2729,,722,471,529,655,352,3371
6078,722,1194,1722,2376,2704,,722,472,528,654,328,3374
6136,757,1227,1755,2411,2760,,757,470,528,656,349,3376
6079,722,1193,1722,2376,2703,,722,471,529,654,327,3376
6050,747,1218,1705,2343,2677,,747,471,487,638,334,3373
6063,744,1150,1561,2252,2586,,744,406,411,691,334,3477
6241,722,1197,1722,2418,2818,,722,475,525,696,400,3423
6129,723,1194,1681,2344,2742,,723,471,487,663,398,3387
6231,723,1219,1723,2360,2782,,723,496,504,637,422,3449
6328,733,1220,1732,2446,2880,,733,487,512,714,434,3448
6302,731,1218,1732,2446,2855,,731,487,514,714,409,3447
6329,732,1219,1733,2444,2886,,732,487,514,711,442,3443
6327,733,1222,1733,2445,2881,,733,489,511,712,436,3446
6266,732,1275,1758,2451,2821,,732,543,483,693,370,3445
6076,724,1220,1722,2376,2704,,724,496,502,654,328,3372
6074,755,1185,1596,2261,2596,,755,430,411,665,335,3478
6261,741,1214,1742,2438,2836,,741,473,528,696,398,3425
6230,722,1194,1722,2418,2817,,722,472,528,696,399,3413
6088,721,1191,1680,2344,2706,,721,470,489,664,362,3382
6115,710,1185,1658,2358,2738,,710,475,473,700,380,3377
6127,723,1195,1722,2377,2750,,723,472,527,655,373,3377
6109,722,1218,1724,2379,2728,,722,496,506,655,349,3381
6115,708,1183,1657,2343,2740,,708,475,474,686,397,3375
6076,725,1197,1722,2375,2703,,725,472,525,653,328,3373
6049,748,1219,1705,2346,2677,,748,471,486,641,331,3372
6041,722,1128,1539,2229,2552,,722,406,411,690,323,3489
6295,750,1222,1750,2446,2844,,750,472,528,696,398,3451
6155,723,1195,1723,2379,2750,,723,472,528,656,371,3405
6068,725,1197,1674,2368,2718,,725,472,477,694,350,3350
6307,735,1222,1736,2448,2859,,735,487,514,712,411,3448
6250,767,1252,1733,2388,2804,,767,485,481,655,416,3446
6130,723,1192,1722,2377,2749,,723,469,530,655,372,3381
6150,760,1233,1761,2417,2766,,760,473,528,656,349,3384
6280,721,1205,1733,2447,2836,,721,484,528,714,389,3444
6304,734,1221,1734,2446,2855,,734,487,513,712,409,3449
6230,733,1220,1732,2420,2788,,733,487,512,688,368,3442
6215,733,1220,1733,2413,2777,,733,487,513,680,364,3438
6243,723,1195,1723,2420,2818,,723,472,528,697,398,3425
6174,723,1220,1723,2421,2763,,723,497,503,698,342,3411
6329,733,1219,1732,2444,2881,,733,486,513,712,437,3448
6309,733,1219,1733,2445,2857,,733,486,514,712,412,3452
6215,733,1219,1732,2423,2791,,733,486,513,691,368,3424
6152,722,1193,1723,2420,2777,,722,471,530,697,357,3375
6024,744,1241,1703,2341,2675,,744,497,462,638,334,3349
6050,747,1219,1705,2346,2678,,747,472,486,641,332,3372
6092,721,1193,1658,2291,2653,,721,472,465,633,362,3439
6252,719,1202,1715,2424,2812,,719,483,513,709,388,3440
6270,723,1195,1722,2417,2817,,723,472,527,695,400,3453
6130,722,1219,1722,2377,2749,,722,497,503,655,372,3381
6075,723,1194,1721,2375,2702,,723,471,527,654,327,3373
6014,737,1208,1694,2333,2666,,737,471,486,639,333,3348
6053,746,1217,1704,2344,2676,,746,471,487,640,332,3377
6122,748,1220,1748,2403,2752,,748,472,528,655,349,3370
6168,723,1219,1726,2422,2725,,723,496,507,696,303,3443
6055,754,1227,1711,2350,2682,,754,473,484,639,332,3373
6090,720,1191,1656,2290,2650,,720,471,465,634,360,3440
6225,720,1191,1721,2417,2815,,720,471,530,696,398,3410
6028,722,1194,1680,2319,2651,,722,472,486,639,332,3377
6092,683,1159,1629,2259,2651,,683,476,470,630,392,3441
6223,718,1189,1719,2417,2817,,718,471,530,698,400,3406
6078,722,1219,1721,2378,2704,,722,497,502,657,326,3374
6028,723,1193,1680,2317,2652,,723,470,487,637,335,3376
6100,749,1221,1747,2402,2731,,749,472,526,655,329,3369
6266,723,1194,1722,2419,2816,,723,471,528,697,397,3450
6025,723,1193,1682,2320,2653,,723,470,489,638,333,3372
6093,722,1217,1655,2291,2652,,722,495,438,636,361,3441
6243,723,1197,1722,2418,2817,,723,474,525,696,399,3426
6156,724,1196,1723,2423,2777,,724,472,527,700,354,3379
6028,682,1159,1630,2285,2654,,682,477,471,655,369,3374
6306,696,1180,1734,2446,2858,,696,484,554,712,412,3448
6303,732,1249,1731,2445,2850,,732,517,482,714,405,3453
6304,733,1220,1732,2445,2859,,733,487,512,713,414,3445
6333,733,1221,1733,2445,2857,,733,488,512,712,412,3476
6266,734,1219,1732,2444,2822,,734,485,513,712,378,3444
6176,746,1218,1746,2444,2800,,746,472,528,698,356,3376
6091,720,1190,1678,2317,2650,,720,470,488,639,333,3441
6304,759,1256,1759,2458,2853,,759,497,503,699,395,3451
6153,723,1194,1723,2421,2776,,723,471,529,698,355,3377
6065,722,1218,1720,2368,2697,,722,496,502,648,329,3368
6149,723,1195,1722,2421,2777,,723,472,527,699,356,3372
6057,712,1185,1656,2311,2680,,712,473,471,655,369,3377
6030,723,1194,1681,2320,2653,,723,471,487,639,333,3377
6050,714,1185,1657,2310,2682,,714,471,472,653,372,3368
6268,723,1180,1723,2422,2821,,723,457,543,699,399,3447
6130,754,1226,1754,2408,2760,,754,472,528,654,352,3370
6126,757,1227,1690,2326,2687,,757,470,463,636,361,3439
6127,718,1194,1665,2316,2688,,718,476,471,651,372,3439
6267,724,1222,1726,2422,2821,,724,498,504,696,399,3446
6079,724,1154,1634,2329,2701,,724,430,480,695,372,3378
6153,722,1178,1725,2422,2777,,722,456,547,697,355,3376
6106,753,1224,1753,2409,2734,,753,471,529,656,325,3372
6029,723,1194,1680,2320,2652,,723,471,486,640,332,3377
6308,737,1224,1760,2471,2882,,737,487,536,711,411,3426
6306,734,1221,1733,2447,2857,,734,487,512,714,410,3449
6319,748,1236,1749,2461,2872,,748,488,513,712,411,3447
6278,734,1220,1733,2447,2832,,734,486,513,714,385,3446
6305,759,1249,1759,2452,2857,,759,490,510,693,405,3448
6302,732,1220,1732,2445,2855,,732,488,512,713,410,3447
6267,734,1221,1733,2446,2824,,734,487,512,713,378,3443
6203,722,1138,1621,2334,2756,,722,416,483,713,422,3447
6307,734,1222,1734,2447,2857,,734,488,512,713,410,3450
6330,733,1249,1732,2446,2881,,733,516,483,714,435,3449
6303,734,1221,1733,2445,2856,,734,487,512,712,411,3447
6267,733,1220,1733,2445,2825,,733,487,513,712,380,3442
6147,718,1189,1717,2413,2770,,718,471,528,696,357,3377
6165,747,1216,1744,2375,2725,,747,469,528,631,350,3440
6168,724,1170,1642,2349,2742,,724,446,472,707,393,3426
6157,724,1195,1723,2421,2777,,724,471,528,698,356,3380
6104,725,1198,1725,2380,2731,,725,473,527,655,351,3373
6181,683,1119,1609,2320,2733,,683,436,490,711,413,3448
6305,737,1221,1734,2447,2858,,737,484,513,713,411,3447
6305,736,1253,1761,2472,2862,,736,517,508,711,390,3443
6330,733,1220,1733,2445,2856,,733,487,513,712,411,3474
6307,734,1220,1733,2445,2837,,734,486,513,712,392,3470
6330,733,1221,1733,2446,2882,,733,488,512,713,436,3448
6329,734,1221,1762,2472,2882,,734,487,541,710,410,3447
6193,707,1143,1623,2324,2746,,707,436,480,701,422,3447
5977,724,1220,1726,2344,2648,,724,496,506,618,304,3329
6164,723,1194,1724,2422,2775,,723,471,530,698,353,3389
6305,723,1171,1734,2447,2858,,723,448,563,713,411,3447
6305,733,1220,1734,2447,2857,,733,487,514,713,410,3448
6329,734,1221,1733,2446,2881,,734,487,512,713,435,3448
6329,734,1221,1733,2446,2856,,734,487,512,713,410,3473
6305,734,1221,1734,2448,2856,,734,487,513,714,408,3449
6083,678,1176,1648,2353,2709,,678,498,472,705,356,3374
6191,721,1191,1721,2416,2754,,721,470,530,695,338,3437
6277,772,1243,1757,2454,2850,,772,471,514,697,396,3427
6154,723,1194,1724,2421,2777,,723,471,530,697,356,3377
6093,724,1195,1724,2380,2725,,724,471,529,656,345,3368
6153,725,1197,1743,2423,2778,,725,472,546,680,355,3375
6078,727,1209,1723,2378,2704,,727,482,514,655,326,3374
6028,724,1195,1684,2320,2653,,724,471,489,636,333,3375
6153,724,1179,1725,2425,2780,,724,455,546,700,355,3373
6202,722,1196,1724,2420,2816,,722,474,528,696,396,3386
6023,734,1210,1681,2319,2651,,734,476,471,638,332,3372
6121,722,1193,1722,2376,2727,,722,471,529,654,351,3394
6198,716,1155,1576,2331,2752,,716,439,421,755,421,3446
6198,721,1194,1721,2419,2816,,721,473,527,698,397,3382
6080,723,1181,1680,2341,2699,,723,458,499,661,358,3381
6256,722,1194,1667,2376,2808,,722,472,473,709,432,3448
6305,734,1221,1733,2446,2858,,734,487,512,713,412,3447
6305,733,1220,1733,2447,2856,,733,487,513,714,409,3449
6255,735,1163,1657,2367,2783,,735,428,494,710,416,3472
6306,734,1222,1734,2445,2857,,734,488,512,711,412,3449
6302,731,1202,1732,2443,2854,,731,471,530,711,411,3448
6295,734,1221,1733,2447,2882,,734,487,512,714,435,3413
6224,779,1245,1715,2428,2773,,779,466,470,713,345,3451
6306,735,1222,1734,2448,2857,,735,487,512,714,409,3449
6280,734,1221,1733,2447,2835,,734,487,512,714,388,3445
6182,721,1132,1600,2311,2733,,721,411,468,711,422,3449
6306,735,1223,1735,2448,2860,,735,488,512,713,412,3446
6227,735,1222,1736,2426,2808,,735,487,514,690,382,3419
6280,737,1227,1736,2448,2858,,737,490,509,712,410,3422
6193,735,1202,1709,2396,2782,,735,467,507,687,386,3411
6151,724,1177,1723,2419,2781,,724,453,546,696,362,3370
6189,722,1219,1724,2422,2754,,722,497,505,698,332,3435
6167,685,1117,1558,2298,2723,,685,432,441,740,425,3444
6178,723,1195,1725,2423,2819,,723,472,530,698,396,3359
6130,722,1194,1723,2377,2752,,722,472,529,654,375,3378
6100,722,1193,1722,2379,2729,,722,471,529,657,350,3371
6075,724,1196,1723,2380,2706,,724,472,527,657,326,3369
6030,724,1195,1683,2322,2654,,724,471,488,639,332,3376
6231,696,1116,1598,2335,2758,,696,420,482,737,423,3473
6331,735,1221,1733,2448,2882,,735,486,512,715,434,3449
6306,735,1200,1734,2447,2857,,735,465,534,713,410,3449
6303,734,1246,1736,2447,2857,,734,512,490,711,410,3446
6168,722,1151,1608,2304,2721,,722,429,457,696,417,3447
6267,722,1192,1723,2420,2818,,722,470,531,697,398,3449
6106,723,1196,1724,2380,2750,,723,473,528,656,370,3356
6096,720,1191,1720,2377,2726,,720,471,529,657,349,3370
6122,746,1216,1748,2402,2752,,746,470,532,654,350,3370
6029,724,1195,1681,2319,2652,,724,471,486,638,333,3377
6204,695,1136,1632,2341,2757,,695,441,496,709,416,3447
6305,735,1221,1733,2446,2857,,735,486,512,713,411,3448
6054,669,1166,1625,2324,2723,,669,497,459,699,399,3331
6249,758,1228,1758,2454,2809,,758,470,530,696,355,3440
6091,691,1122,1564,2248,2644,,691,431,442,684,396,3447
6226,723,1195,1724,2421,2818,,723,472,529,697,397,3408
6130,721,1193,1722,2379,2752,,721,472,529,657,373,3378
6101,725,1196,1724,2365,2730,,725,471,528,641,365,3371
6126,746,1217,1744,2399,2751,,746,471,527,655,352,3375
6025,722,1192,1679,2318,2651,,722,470,487,639,333,3374
6190,694,1131,1578,2323,2745,,694,437,447,745,422,3445
6103,725,1197,1725,2423,2726,,725,472,528,698,303,3377
5992,722,1194,1681,2320,2648,,722,472,487,639,328,3344
6171,749,1219,1749,2447,2780,,749,470,530,698,333,3391
6168,700,1172,1641,2295,2723,,700,472,469,654,428,3445
6065,720,1191,1721,2338,2645,,720,471,530,617,307,3420
6130,723,1196,1722,2379,2750,,723,473,526,657,371,3380
6096,718,1190,1718,2374,2728,,718,472,528,656,354,3368
6132,755,1226,1755,2412,2761,,755,471,529,657,349,3371
6032,723,1221,1681,2320,2651,,723,498,460,639,331,3381
6233,697,1114,1566,2337,2758,,697,417,452,771,421,3475
6279,734,1220,1714,2424,2831,,734,486,494,710,407,3448
6280,735,1202,1711,2421,2832,,735,467,509,710,411,3448
6350,735,1222,1736,2447,2882,,735,487,514,711,435,3468
6142,722,1177,1681,2348,2701,,722,455,504,667,353,3441
6105,760,1233,1682,2289,2671,,760,473,449,607,382,3434
6152,722,1196,1722,2417,2775,,722,474,526,695,358,3377
6103,725,1221,1722,2377,2732,,725,496,501,655,355,3371
6108,755,1226,1756,2412,2736,,755,471,530,656,324,3372
6027,722,1197,1680,2317,2650,,722,475,483,637,333,3377
6267,748,1244,1706,2411,2821,,748,496,462,705,410,3446
6126,722,1194,1723,2420,2725,,722,472,529,697,305,3401
6069,723,1219,1723,2361,2719,,723,496,504,638,358,3350
6159,759,1231,1758,2455,2791,,759,472,527,697,336,3368
6215,723,1176,1721,2412,2785,,723,453,545,691,373,3430
6268,722,1193,1721,2418,2817,,722,471,528,697,399,3451
6102,721,1191,1721,2377,2723,,721,470,530,656,346,3379
6103,723,1195,1723,2378,2730,,723,472,528,655,352,3373
6132,755,1251,1756,2411,2762,,755,496,505,655,351,3370
6029,723,1195,1682,2321,2653,,723,472,487,639,332,3376
6256,748,1219,1691,2399,2807,,748,471,472,708,408,3449
6331,734,1246,1737,2446,2882,,734,512,491,709,436,3449
6254,734,1220,1713,2396,2819,,734,486,493,683,423,3435
6353,758,1245,1758,2470,2882,,758,487,513,712,412,3471
6117,722,1151,1607,2258,2675,,722,429,456,651,417,3442
6243,724,1196,1724,2420,2819,,724,472,528,696,399,3424
6122,724,1195,1724,2421,2776,,724,471,529,697,355,3346
6143,687,1103,1586,2311,2700,,687,416,483,725,389,3443
6101,722,1194,1723,2379,2727,,722,472,529,656,348,3374
6025,720,1192,1679,2318,2652,,720,472,487,639,334,3373
6250,747,1219,1748,2444,2842,,747,472,529,696,398,3408
6227,725,1198,1723,2420,2822,,725,473,525,697,402,3405
6019,723,1198,1673,2297,2649,,723,475,475,624,352,3370
6178,750,1222,1751,2450,2804,,750,472,529,699,354,3374
6223,725,1198,1724,2421,2788,,725,473,526,697,367,3435
6267,724,1198,1723,2419,2818,,724,474,525,696,399,3449
6122,721,1193,1722,2377,2725,,721,472,529,655,348,3397
6078,725,1223,1724,2380,2704,,725,498,501,656,324,3374
6064,759,1204,1678,2343,2690,,759,445,474,665,347,3374
6025,721,1192,1679,2319,2652,,721,471,487,640,333,3373
6175,748,1219,1748,2445,2802,,748,471,529,697,357,3373
6223,723,1195,1725,2435,2841,,723,472,530,710,406,3382
6084,725,1204,1724,2377,2706,,725,479,520,653,329,3378
6152,749,1221,1749,2445,2780,,749,472,528,696,335,3372
6292,724,1220,1732,2436,2852,,724,496,512,704,416,3440
6127,699,1172,1643,2348,2743,,699,473,471,705,395,3384
6127,725,1198,1723,2379,2751,,725,473,525,656,372,3376
6105,724,1198,1723,2379,2730,,724,474,525,656,351,3375
6099,723,1194,1723,2378,2728,,723,471,529,655,350,3371
6143,683,1118,1556,2275,2717,,683,435,438,719,442,3426
6361,736,1223,1736,2448,2884,,736,487,513,712,436,3477
6304,735,1222,1734,2447,2858,,735,487,512,713,411,3446
6256,735,1223,1734,2427,2809,,735,488,511,693,382,3447
6330,734,1225,1737,2446,2857,,734,491,512,709,411,3473
6118,734,1220,1696,2340,2692,,734,486,476,644,352,3426
6244,724,1195,1723,2423,2817,,724,471,528,700,394,3427
6154,723,1194,1725,2422,2777,,723,471,531,697,355,3377
6105,723,1221,1724,2382,2730,,723,498,503,658,348,3375
6100,724,1194,1723,2379,2731,,724,470,529,656,352,3369
6029,723,1196,1681,2319,2652,,723,473,485,638,333,3377
6205,748,1245,1748,2444,2846,,748,497,503,696,402,3359
6203,725,1196,1725,2423,2819,,725,471,529,698,396,3384
6030,723,1195,1683,2319,2652,,723,472,488,636,333,3378
6154,723,1195,1724,2422,2777,,723,472,529,698,355,3377
6205,722,1193,1723,2421,2818,,722,471,530,698,397,3387
5975,724,1167,1597,2233,2565,,724,443,430,636,332,3410
6092,722,1193,1679,2319,2652,,722,471,486,640,333,3440
6068,723,1194,1722,2340,2646,,723,471,528,618,306,3422
6101,722,1195,1724,2378,2730,,722,473,529,654,352,3371
6029,724,1221,1682,2318,2654,,724,497,461,636,336,3375
6178,748,1222,1750,2446,2845,,748,474,528,696,399,3333
6228,725,1196,1723,2420,2819,,725,471,527,697,399,3409
6030,723,1196,1682,2294,2655,,723,473,486,612,361,3375
6170,740,1237,1739,2435,2791,,740,497,502,696,356,3379
6243,723,1219,1723,2389,2794,,723,496,504,666,405,3449
6000,725,1201,1722,2340,2648,,725,476,521,618,308,3352
6104,724,1195,1723,2378,2727,,724,471,528,655,349,3377
6103,724,1197,1723,2379,2728,,724,473,526,656,349,3375
6073,722,1219,1723,2378,2703,,722,497,504,655,325,3370
6029,723,1195,1682,2320,2654,,723,472,487,638,334,3375
6255,748,1219,1706,2383,2807,,748,471,487,677,424,3448
6343,774,1260,1773,2485,2896,,774,486,513,712,411,3447
6242,734,1222,1682,2385,2796,,734,488,460,703,411,3446
6043,723,1196,1725,2342,2682,,723,473,529,617,340,3361
6270,725,1198,1726,2424,2819,,725,473,528,698,395,3451
6040,724,1221,1727,2343,2647,,724,497,506,616,304,3393
6109,725,1197,1724,2379,2726,,725,472,527,655,347,3383
6102,721,1193,1722,2378,2730,,721,472,529,656,352,3372
6104,724,1195,1724,2379,2731,,724,471,529,655,352,3373
6027,724,1195,1682,2318,2652,,724,471,487,636,334,3375
6281,746,1219,1747,2387,2807,,746,473,528,640,420,3474
6219,736,1222,1685,2386,2798,,736,486,463,701,412,3421
6103,722,1194,1723,2378,2728,,722,472,529,655,350,3375
6041,749,1221,1669,2278,2660,,749,472,448,609,382,3381
6205,722,1190,1722,2395,2752,,722,468,532,673,357,3453
6282,735,1201,1713,2422,2835,,735,466,512,709,413,3447
6306,736,1222,1735,2447,2858,,736,486,513,712,411,3448
6307,734,1222,1735,2447,2856,,734,488,513,712,409,3451
6327,757,1269,1757,2471,2880,,757,512,488,714,409,3447
6307,735,1221,1734,2446,2857,,735,486,513,712,411,3450
6284,735,1221,1714,2398,2807,,735,486,493,684,409,3477
6303,734,1222,1734,2447,2857,,734,488,512,713,410,3446
6306,735,1222,1735,2447,2862,,735,487,513,712,415,3444
6362,766,1253,1766,2479,2889,,766,487,513,713,410,3473
6255,735,1220,1734,2426,2806,,735,485,514,692,380,3449
6254,719,1204,1677,2394,2807,,719,485,473,717,413,3447
6290,735,1220,1734,2446,2856,,735,485,514,712,410,3434
6308,736,1222,1735,2447,2859,,736,486,513,712,412,3449
6339,768,1255,1768,2480,2892,,768,487,513,712,412,3447
6307,736,1223,1736,2447,2858,,736,487,513,711,411,3449
6280,736,1223,1714,2421,2833,,736,487,491,707,412,3447
6292,737,1223,1734,2448,2858,,737,486,511,714,410,3434
6306,738,1224,1738,2448,2862,,738,486,514,710,414,3444
6250,737,1248,1736,2447,2837,,737,511,488,711,390,3413
6308,738,1251,1737,2449,2864,,738,513,486,712,415,3444
6217,736,1191,1669,2364,2774,,736,455,478,695,410,3443
6226,724,1196,1723,2420,2819,,724,472,527,697,399,3407
6132,724,1195,1727,2383,2752,,724,471,532,656,369,3380
6116,738,1209,1740,2394,2746,,738,471,531,654,352,3370
6030,723,1194,1682,2319,2653,,723,471,488,637,334,3377
6292,749,1220,1749,2447,2845,,749,471,529,698,398,3447
6205,667,1151,1637,2345,2757,,667,484,486,708,412,3448
6305,735,1222,1735,2447,2857,,735,487,513,712,410,3448
6145,720,1193,1718,2415,2772,,720,473,525,697,357,3373
6333,747,1218,1745,2435,2856,,747,471,527,690,421,3477
6280,735,1201,1710,2422,2833,,735,466,509,712,411,3447
6331,758,1246,1758,2471,2881,,758,488,512,713,410,3450
6282,735,1201,1711,2421,2833,,735,466,510,710,412,3449
6305,737,1222,1735,2447,2858,,737,485,513,712,411,3447
6304,733,1221,1732,2444,2855,,733,488,511,712,411,3449
6235,735,1221,1713,2422,2745,,735,486,492,709,323,3490
6306,734,1221,1734,2446,2857,,734,487,513,712,411,3449
6243,735,1223,1735,2381,2798,,735,488,512,646,417,3445
6041,736,1211,1642,2251,2546,,736,475,431,609,295,3495
6231,723,1193,1724,2420,2799,,723,470,531,696,379,3432
6305,735,1222,1736,2447,2858,,735,487,514,711,411,3447
6311,736,1224,1736,2447,2860,,736,488,512,711,413,3451
6282,720,1204,1679,2395,2805,,720,484,475,716,410,3477
6082,711,1145,1591,2298,2723,,711,434,446,707,425,3359
6103,725,1197,1724,2383,2730,,725,472,527,659,347,3373
6293,748,1220,1748,2444,2848,,748,472,528,696,404,3445
6168,721,1191,1722,2380,2730,,721,470,531,658,350,3438
6105,725,1195,1725,2383,2731,,725,470,530,658,348,3374
6101,720,1191,1662,2359,2728,,720,471,471,697,369,3373
6239,747,1218,1746,2443,2802,,747,471,528,697,359,3437
6205,722,1195,1725,2421,2820,,722,473,530,696,399,3385
6102,721,1193,1720,2375,2723,,721,472,527,655,348,3379
6254,723,1195,1682,2396,2806,,723,472,487,714,410,3448
6302,734,1221,1734,2447,2857,,734,487,513,713,410,3445
6283,736,1226,1739,2447,2839,,736,490,513,708,392,3444
6157,735,1222,1735,2373,2705,,735,487,513,638,332,3452
6307,760,1219,1735,2447,2858,,760,459,516,712,411,3449
6304,735,1221,1735,2447,2858,,735,486,514,712,411,3446
6304,725,1209,1735,2447,2858,,725,484,526,712,411,3446
6281,735,1222,1735,2447,2838,,735,487,513,712,391,3443
6304,735,1221,1735,2446,2857,,735,486,514,711,411,3447
6306,738,1222,1737,2445,2857,,738,484,515,708,412,3449
6177,722,1157,1627,2335,2738,,722,435,470,708,403,3439
6357,738,1223,1764,2474,2909,,738,485,541,710,435,3448
6331,735,1221,1734,2447,2882,,735,486,513,713,435,3449
6261,735,1222,1714,2398,2784,,735,487,492,684,386,3477
6285,759,1187,1734,2448,2860,,759,428,547,714,412,3425
6329,735,1222,1735,2448,2884,,735,487,513,713,436,3445
6302,734,1221,1733,2447,2857,,734,487,512,714,410,3445
6279,733,1220,1733,2447,2836,,733,487,513,714,389,3443
6306,734,1221,1740,2447,2858,,734,487,519,707,411,3448
6306,711,1226,1735,2449,2859,,711,515,509,714,410,3447
6128,723,1132,1621,2314,2708,,723,409,489,693,394,3420
6233,735,1221,1735,2448,2858,,735,486,514,713,410,3375
6307,733,1219,1731,2444,2879,,733,486,512,713,435,3428
6255,730,1217,1709,2392,2777,,730,487,492,683,385,3478
6285,734,1197,1736,2447,2858,,734,463,539,711,411,3427
6301,736,1223,1736,2448,2859,,736,487,513,712,411,3442
6316,735,1222,1735,2447,2858,,735,487,513,712,411,3458
6307,737,1224,1736,2450,2844,,737,487,512,714,394,3463
6306,737,1248,1735,2448,2859,,737,511,487,713,411,3447
6306,737,1225,1737,2448,2859,,737,488,512,711,411,3447
6306,736,1203,1739,2449,2861,,736,467,536,710,412,3445
6309,736,1227,1737,2449,2859,,736,491,510,712,410,3450
6254,735,1222,1735,2426,2833,,735,487,513,691,407,3421
6256,736,1252,1736,2428,2809,,736,516,484,692,381,3447
6281,735,1197,1711,2422,2833,,735,462,514,711,411,3448
6226,734,1221,1713,2397,2782,,734,487,492,684,385,3444
6251,732,1213,1732,2446,2835,,732,481,519,714,389,3416
6373,774,1261,1774,2486,2900,,774,487,513,712,414,3473
6305,736,1223,1736,2450,2859,,736,487,513,714,409,3446
6306,737,1241,1737,2433,2860,,737,504,496,696,427,3446
6306,738,1203,1737,2434,2860,,738,465,534,697,426,3446
6183,671,1154,1564,2311,2718,,671,483,410,747,407,3465
6190,736,1222,1714,2397,2783,,736,486,492,683,386,3407
6242,725,1197,1683,2387,2794,,725,472,486,704,407,3448
6043,665,1090,1496,2161,2580,,665,425,406,665,419,3463
6100,725,1197,1725,2380,2730,,725,472,528,655,350,3370
6231,751,1166,1648,2360,2784,,751,415,482,712,424,3447
6333,734,1220,1734,2446,2856,,734,486,514,712,410,3477
6307,737,1222,1735,2448,2859,,737,485,513,713,411,3448
6211,663,1068,1560,2309,2732,,663,405,492,749,423,3479
6255,737,1203,1710,2397,2809,,737,466,507,687,412,3446
6305,734,1223,1735,2448,2858,,734,489,512,713,410,3447
6332,736,1224,1736,2449,2884,,736,488,512,713,435,3448
6309,738,1223,1735,2427,2833,,738,485,512,692,406,3476
6238,759,1205,1669,2376,2806,,759,446,464,707,430,3432
6305,734,1222,1734,2446,2856,,734,488,512,712,410,3449
6193,736,1171,1651,2351,2746,,736,435,480,700,395,3447
6247,723,1220,1723,2420,2820,,723,497,503,697,400,3427
6269,724,1195,1725,2424,2819,,724,471,530,699,395,3450
6100,723,1221,1725,2381,2730,,723,498,504,656,349,3370
6110,722,1194,1725,2375,2731,,722,472,531,650,356,3379
6074,724,1222,1724,2381,2705,,724,498,502,657,324,3369
6104,723,1195,1723,2378,2729,,723,472,528,655,351,3375
6192,750,1222,1706,2346,2744,,750,472,484,640,398,3448
6043,682,1094,1505,2197,2589,,682,412,411,692,392,3454
6102,723,1194,1724,2379,2730,,723,471,530,655,351,3372
5901,697,1166,1638,2254,2548,,697,469,472,616,294,3353
6242,725,1197,1726,2422,2819,,725,472,529,696,397,3423
6201,723,1194,1723,2421,2818,,723,471,529,698,397,3383
6129,724,1195,1724,2379,2751,,724,471,529,655,372,3378
6191,756,1228,1735,2404,2749,,756,472,507,669,345,3442
6330,736,1222,1735,2447,2882,,736,486,513,712,435,3448
6331,735,1222,1735,2449,2882,,735,487,513,714,433,3449
6280,735,1222,1736,2448,2837,,735,487,514,712,389,3443
6280,759,1210,1691,2398,2832,,759,451,481,707,434,3448
6306,736,1223,1735,2449,2859,,736,487,512,714,410,3447
6307,735,1221,1734,2448,2858,,735,486,513,714,410,3449
6141,731,1184,1629,2300,2716,,731,453,445,671,416,3425
6087,721,1159,1598,2293,2679,,721,438,439,695,386,3408
6112,722,1161,1601,2296,2717,,722,439,440,695,421,3395
6259,739,1224,1721,2430,2804,,739,485,497,709,374,3455
6307,736,1224,1736,2449,2859,,736,488,512,713,410,3448
6305,736,1222,1735,2447,2858,,736,486,513,712,411,3447
6305,734,1221,1735,2427,2856,,734,487,514,692,429,3449
6234,760,1210,1695,2378,2809,,760,450,485,683,431,3425
6268,736,1222,1735,2448,2827,,736,486,513,713,379,3441
6236,722,1219,1693,2390,2791,,722,497,474,697,401,3445
6304,701,1186,1736,2448,2859,,701,485,550,712,411,3445
6306,734,1221,1735,2447,2857,,734,487,514,712,410,3449
6178,736,1223,1657,2373,2784,,736,487,434,716,411,3394
6264,757,1230,1715,2418,2808,,757,473,485,703,390,3456
6081,671,1146,1620,2324,2721,,671,475,474,704,397,3360
6104,726,1198,1726,2381,2731,,726,472,528,655,350,3373
6168,750,1205,1681,2318,2743,,750,455,476,637,425,3425
5943,683,1094,1505,2129,2500,,683,411,411,624,371,3443
6103,724,1219,1725,2380,2730,,724,495,506,655,350,3373
6103,698,1113,1584,2327,2748,,698,415,471,743,421,3355
6287,749,1248,1751,2448,2848,,749,499,503,697,400,3439
6176,724,1197,1729,2437,2801,,724,473,532,708,364,3375
6101,725,1198,1726,2384,2732,,725,473,528,658,348,3369
6076,709,1144,1560,2270,2644,,709,435,416,710,374,3432
6305,735,1223,1735,2447,2859,,735,488,512,712,412,3446
6306,736,1223,1735,2449,2858,,736,487,512,714,409,3448
6257,736,1223,1735,2448,2808,,736,487,512,713,360,3449
6230,763,1224,1692,2335,2784,,763,461,468,643,449,3446
6332,738,1224,1737,2449,2884,,738,486,513,712,435,3448
6240,736,1222,1684,2387,2796,,736,486,462,703,409,3444
6286,748,1219,1749,2446,2847,,748,471,530,697,401,3439
6227,726,1201,1725,2425,2821,,726,475,524,700,396,3406
6129,726,1198,1726,2385,2752,,726,472,528,659,367,3377
6099,723,1195,1681,2344,2690,,723,472,486,663,346,3409
6319,734,1222,1734,2447,2857,,734,488,512,713,410,3462
6307,736,1223,1736,2448,2858,,736,487,513,712,410,3449
6232,736,1222,1735,2447,2780,,736,486,513,712,333,3452
6182,734,1196,1692,2335,2731,,734,462,496,643,396,3451
6307,736,1223,1735,2448,2859,,736,487,512,713,411,3448
6278,736,1202,1710,2423,2834,,736,466,508,713,411,3444
6237,737,1195,1738,2450,2860,,737,458,543,712,410,3377
6285,737,1224,1736,2448,2859,,737,487,512,712,411,3426
6255,767,1230,1710,2399,2809,,767,463,480,689,410,3446
6264,735,1252,1735,2447,2833,,735,517,483,712,386,3431
6152,723,1195,1724,2421,2776,,723,472,529,697,355,3376
6061,754,1225,1713,2351,2683,,754,471,488,638,332,3378
6118,751,1224,1683,2322,2679,,751,473,459,639,357,3439
6045,724,1128,1542,2232,2554,,724,404,414,690,322,3491
6073,723,1195,1724,2380,2705,,723,472,529,656,325,3368
5853,697,1113,1532,2225,2523,,697,416,419,693,298,3330
6213,682,1113,1607,2343,2767,,682,431,494,736,424,3446
6333,766,1250,1736,2449,2885,,766,484,486,713,436,3448
6254,735,1220,1655,2371,2806,,735,485,435,716,435,3448
6357,734,1225,1737,2447,2887,,734,491,512,710,440,3470
6306,737,1222,1736,2449,2859,,737,485,514,713,410,3447
6306,735,1223,1735,2448,2858,,735,488,512,713,410,3448
6255,735,1221,1736,2447,2805,,735,486,515,711,358,3450
6157,737,1198,1695,2358,2720,,737,461,497,663,362,3437
6306,737,1223,1736,2449,2859,,737,486,513,713,410,3447
6331,735,1224,1735,2448,2885,,735,489,511,713,437,3446
6281,735,1225,1736,2447,2858,,735,490,511,711,411,3423
6333,738,1224,1738,2449,2885,,738,486,514,711,436,3448
6287,736,1225,1659,2374,2799,,736,489,434,715,425,3488
6307,767,1251,1736,2448,2859,,767,484,485,712,411,3448
6176,722,1145,1631,2341,2733,,722,423,486,710,392,3443
6315,737,1223,1736,2447,2858,,737,486,513,711,411,3457
6254,736,1223,1735,2448,2838,,736,487,512,713,390,3416
6182,736,1222,1657,2335,2716,,736,486,435,678,381,3466
6306,736,1223,1736,2449,2859,,736,487,513,713,410,3447
6367,767,1255,1768,2481,2891,,767,488,513,713,410,3476
6329,723,1238,1749,2486,2886,,723,515,511,737,400,3443
6307,736,1222,1735,2447,2860,,736,486,513,712,413,3447
6183,737,1224,1716,2400,2742,,737,487,492,684,342,3441
6304,701,1194,1733,2445,2856,,701,493,539,712,411,3448
6286,738,1226,1738,2449,2860,,738,488,512,711,411,3426
6332,736,1223,1736,2449,2884,,736,487,513,713,435,3448
6330,733,1220,1733,2444,2880,,733,487,513,711,436,3450
6209,738,1224,1712,2381,2766,,738,486,488,669,385,3443
6332,738,1224,1738,2449,2884,,738,486,514,711,435,3448
6153,737,1145,1637,2337,2734,,737,408,492,700,397,3419
6310,737,1224,1738,2451,2861,,737,487,514,713,410,3449
6308,739,1250,1740,2450,2861,,739,511,490,710,411,3447
6223,738,1223,1737,2427,2775,,738,485,514,690,348,3448
6205,725,1199,1724,2422,2819,,725,474,525,698,397,3386
6129,727,1200,1725,2379,2727,,727,473,525,654,348,3402
6061,756,1227,1715,2352,2686,,756,471,488,637,334,3375
6053,751,1222,1684,2320,2681,,751,471,462,636,361,3372
6019,724,1153,1565,2233,2566,,724,429,412,668,333,3453
6226,724,1196,1724,2422,2820,,724,472,528,698,398,3406
6160,724,1155,1593,2283,2734,,724,431,438,690,451,3426
6339,736,1224,1738,2449,2861,,736,488,514,711,412,3478
6307,736,1223,1736,2447,2860,,736,487,513,711,413,3447
6312,737,1223,1737,2428,2834,,737,486,514,691,406,3478
6334,737,1204,1738,2453,2885,,737,467,534,715,432,3449
6307,736,1247,1735,2449,2858,,736,511,488,714,409,3449
6304,735,1222,1734,2448,2858,,735,487,512,714,410,3446
6254,736,1222,1735,2447,2839,,736,486,513,712,392,3415
6182,736,1224,1712,2384,2766,,736,488,488,672,382,3416
6308,737,1223,1736,2448,2860,,737,486,513,712,412,3448
6339,769,1256,1769,2480,2891,,769,487,513,711,411,3448
6305,764,1235,1736,2448,2859,,764,471,501,712,411,3446
6333,737,1223,1737,2449,2884,,737,486,514,712,435,3449
6256,736,1222,1736,2428,2808,,736,486,514,692,380,3448
6097,737,1173,1604,2248,2670,,737,436,431,644,422,3427
6154,725,1196,1725,2421,2778,,725,471,529,696,357,3376
6025,721,1194,1681,2316,2652,,721,473,487,635,336,3373
6057,751,1222,1707,2345,2681,,751,471,485,638,336,3376
6095,726,1179,1659,2294,2655,,726,453,480,635,361,3440
6004,726,1199,1685,2345,2654,,726,473,486,660,309,3350
6183,754,1226,1754,2453,2814,,754,472,528,699,361,3369
6181,727,1206,1726,2449,2807,,727,479,520,723,358,3374
6078,725,1197,1725,2382,2707,,725,472,528,657,325,3371
6055,726,1199,1684,2346,2681,,726,473,485,662,335,3374
6110,725,1196,1725,2382,2731,,725,471,529,657,349,3379
6029,725,1169,1641,2298,2654,,725,444,472,657,356,3375
6052,749,1220,1709,2347,2679,,749,471,489,638,332,3373
6055,752,1223,1708,2348,2681,,752,471,485,640,333,3374
5981,724,1128,1540,2232,2566,,724,404,412,692,334,3415
6157,725,1157,1593,2277,2699,,725,432,436,684,422,3458
6302,733,1219,1733,2445,2866,,733,486,514,712,421,3436
6256,736,1193,1724,2393,2809,,736,457,531,669,416,3447
6309,737,1224,1737,2449,2859,,737,487,513,712,410,3450
6234,737,1223,1737,2450,2781,,737,486,514,713,331,3453
6284,736,1202,1712,2425,2838,,736,466,510,713,413,3446
6330,738,1223,1736,2449,2884,,738,485,513,713,435,3446
6306,736,1222,1734,2447,2859,,736,486,512,713,412,3447
6284,736,1223,1737,2449,2859,,736,487,514,712,410,3425
6232,764,1248,1735,2424,2791,,764,484,487,689,367,3441
6233,738,1225,1737,2430,2812,,738,487,512,693,382,3421
6309,739,1226,1740,2450,2859,,739,487,514,710,409,3450
6245,736,1186,1726,2383,2802,,736,450,540,657,419,3443
6187,758,1231,1758,2457,2813,,758,473,527,699,356,3374
6106,725,1196,1727,2384,2733,,725,471,531,657,349,3373
6072,726,1197,1737,2385,2701,,726,471,540,648,316,3371
6103,724,1200,1725,2382,2731,,724,476,525,657,349,3372
6056,751,1221,1709,2349,2680,,751,470,488,640,331,3376
6048,746,1218,1704,2344,2677,,746,472,486,640,333,3371
6050,720,1175,1654,2289,2649,,720,455,479,635,360,3401
5976,684,1163,1632,2249,2637,,684,479,469,617,388,3339
6133,670,1138,1609,2283,2678,,670,468,471,674,395,3455
6219,737,1192,1672,2368,2772,,737,455,480,696,404,3447
6061,758,1231,1717,2356,2687,,758,473,486,639,331,3374
6078,727,1198,1683,2322,2654,,727,471,485,639,332,3424
6219,735,1223,1685,2387,2798,,735,488,462,702,411,3421
6154,725,1196,1725,2420,2779,,725,471,529,695,359,3375
6054,749,1220,1707,2345,2679,,749,471,487,638,334,3375
5888,710,1143,1557,2192,2528,,710,433,414,635,336,3360
6054,727,1223,1658,2295,2655,,727,496,435,637,360,3399
6172,688,1162,1634,2332,2722,,688,474,472,698,390,3450
6159,687,1162,1633,2307,2723,,687,475,471,674,416,3436
6233,737,1224,1666,2375,2786,,737,487,442,709,411,3447
6325,754,1241,1754,2466,2877,,754,487,513,712,411,3448
6308,737,1223,1736,2450,2859,,737,486,513,714,409,3449
6233,739,1226,1659,2374,2785,,739,487,433,715,411,3448
6307,737,1225,1736,2449,2861,,737,488,511,713,412,3446
6307,737,1224,1737,2449,2860,,737,487,513,712,411,3447
6307,739,1227,1738,2452,2861,,739,488,511,714,409,3446
6234,738,1224,1739,2425,2792,,738,486,515,686,367,3442
6332,738,1224,1737,2450,2885,,738,486,513,713,435,3447
6256,724,1190,1738,2450,2839,,724,466,548,712,389,3417
6307,739,1226,1738,2450,2863,,739,487,512,712,413,3444
6308,738,1224,1738,2450,2860,,738,486,514,712,410,3448
6306,735,1222,1735,2447,2859,,735,487,513,712,412,3447
6256,736,1203,1712,2400,2810,,736,467,509,688,410,3446
6133,710,1256,1673,2312,2724,,710,546,417,639,412,3409
6053,726,1197,1685,2347,2681,,726,471,488,662,334,3372
6101,748,1219,1708,2346,2678,,748,471,489,638,332,3423
6096,724,1196,1680,2320,2653,,724,472,484,640,333,3443
6124,726,1197,1683,2346,2705,,726,471,486,663,359,3419
6247,738,1269,1752,2449,2807,,738,531,483,697,358,3440
6226,770,1265,1727,2390,2770,,770,495,462,663,380,3456
6355,759,1246,1758,2471,2906,,759,487,512,713,435,3449
6332,738,1223,1736,2450,2884,,738,485,513,714,434,3448
6245,737,1225,1736,2387,2798,,737,488,511,651,411,3447
6101,726,1197,1726,2406,2731,,726,471,529,680,325,3370
6055,750,1224,1707,2345,2681,,750,474,483,638,336,3374
6051,748,1221,1705,2345,2678,,748,473,484,640,333,3373
6095,723,1195,1681,2320,2653,,723,472,486,639,333,3442
6122,726,1197,1683,2345,2703,,726,471,486,662,358,3419
6307,735,1203,1735,2449,2859,,735,468,532,714,410,3448
6307,737,1224,1738,2450,2861,,737,487,514,712,411,3446
6308,710,1198,1739,2449,2860,,710,488,541,710,411,3448
6307,736,1223,1735,2448,2859,,736,487,512,713,411,3448
6305,737,1247,1735,2448,2858,,737,510,488,713,410,3447
6340,770,1256,1768,2481,2891,,770,486,512,713,410,3449
6306,737,1223,1738,2449,2859,,737,486,515,711,410,3447
6307,737,1224,1737,2449,2861,,737,487,513,712,412,3446
6257,737,1224,1737,2475,2848,,737,487,513,738,373,3409
6284,738,1206,1715,2425,2836,,738,468,509,710,411,3448
6209,738,1224,1636,2349,2761,,738,486,412,713,412,3448
6306,737,1224,1736,2446,2859,,737,487,512,710,413,3447
6307,737,1224,1736,2448,2860,,737,487,512,712,412,3447
6257,739,1225,1740,2450,2840,,739,486,515,710,390,3417
6282,739,1225,1738,2450,2838,,739,486,513,712,388,3444
6267,721,1206,1693,2402,2819,,721,485,487,709,417,3448
6306,737,1223,1736,2449,2860,,737,486,513,713,411,3446
6305,738,1224,1737,2449,2861,,738,486,513,712,412,3444
6256,736,1224,1736,2448,2839,,736,488,512,712,391,3417
6283,737,1203,1713,2425,2835,,737,466,510,712,410,3448
6222,739,1225,1685,2389,2798,,739,486,460,704,409,3424
6232,726,1198,1725,2378,2795,,726,472,527,653,417,3437
6359,787,1279,1787,2500,2910,,787,492,508,713,410,3449
6243,737,1226,1716,2401,2836,,737,489,490,685,435,3407
6236,763,1249,1707,2414,2781,,763,486,458,707,367,3455
6328,758,1244,1757,2470,2881,,758,486,513,713,411,3447
6242,739,1225,1738,2431,2836,,739,486,513,693,405,3406
6077,725,1222,1723,2355,2702,,725,497,501,632,347,3375
6144,723,1194,1724,2354,2704,,723,471,530,630,350,3440
6243,724,1196,1724,2423,2819,,724,472,528,699,396,3424
6281,726,1198,1701,2409,2834,,726,472,503,708,425,3447
6304,736,1223,1737,2448,2859,,736,487,514,711,411,3445
6307,738,1226,1736,2450,2859,,738,488,510,714,409,3448
6306,738,1224,1737,2450,2860,,738,486,513,713,410,3446
6313,737,1228,1740,2450,2860,,737,491,512,710,410,3453
6057,668,1072,1487,2187,2578,,668,404,415,700,391,3479
6309,737,1224,1736,2449,2859,,737,487,512,713,410,3450
6306,737,1224,1736,2450,2860,,737,487,512,714,410,3446
6206,737,1223,1716,2396,2766,,737,486,493,680,370,3440
6285,738,1224,1738,2448,2860,,738,486,514,710,412,3425
6281,737,1224,1738,2424,2839,,737,487,514,686,415,3442
6283,737,1224,1737,2449,2836,,737,487,513,712,387,3447
6308,737,1223,1737,2449,2860,,737,486,514,712,411,3448
6304,736,1223,1735,2446,2858,,736,487,512,711,412,3446
6282,737,1225,1766,2455,2861,,737,488,541,689,406,3421
6306,737,1224,1736,2449,2860,,737,487,512,713,411,3446
6332,737,1223,1735,2448,2884,,737,486,512,713,436,3448
6273,736,1224,1736,2448,2858,,736,488,512,712,410,3415
6168,726,1222,1725,2378,2732,,726,496,503,653,354,3436
6303,756,1227,1757,2454,2876,,756,471,530,697,422,3427
6216,723,1195,1683,2344,2744,,723,472,488,661,400,3472
6307,738,1225,1738,2450,2861,,738,487,513,712,411,3446
6259,737,1224,1688,2400,2811,,737,487,464,712,411,3448
6310,737,1225,1738,2449,2860,,737,488,513,711,411,3450
6308,738,1224,1737,2449,2859,,738,486,513,712,410,3449
6307,730,1225,1737,2449,2859,,730,495,512,712,410,3448
6308,737,1224,1738,2450,2860,,737,487,514,712,410,3448
6306,738,1226,1738,2450,2861,,738,488,512,712,411,3445
6307,737,1224,1737,2449,2861,,737,487,513,712,412,3446
6256,768,1255,1737,2450,2840,,768,487,482,713,390,3416
6286,740,1225,1738,2450,2842,,740,485,513,712,392,3444
6307,738,1224,1737,2449,2862,,738,486,513,712,413,3445
6309,727,1212,1737,2449,2862,,727,485,525,712,413,3447
6305,736,1224,1737,2478,2892,,736,488,513,741,414,3413
6309,738,1225,1738,2452,2861,,738,487,513,714,409,3448
6335,740,1226,1739,2451,2890,,740,486,513,712,439,3445
6332,738,1223,1741,2479,2884,,738,485,518,738,405,3448
6206,745,1215,1745,2439,2840,,745,470,530,694,401,3366
6306,736,1223,1735,2449,2859,,736,487,512,714,410,3447
6268,736,1224,1737,2433,2845,,736,488,513,696,412,3423
6308,737,1224,1737,2449,2863,,737,487,513,712,414,3445
6300,732,1218,1731,2443,2855,,732,486,513,712,412,3445
6233,697,1168,1652,2362,2785,,697,471,484,710,423,3448
6251,735,1246,1734,2446,2837,,735,511,488,712,391,3414
6307,738,1225,1738,2451,2862,,738,487,513,713,411,3445
6306,737,1224,1738,2448,2859,,737,487,514,710,411,3447
6306,741,1225,1738,2449,2861,,741,484,513,711,412,3445
6249,738,1225,1737,2450,2860,,738,487,512,713,410,3389
6189,736,1222,1714,2400,2784,,736,486,492,686,384,3405
6275,726,1198,1726,2425,2822,,726,472,528,699,397,3453
6259,726,1197,1725,2422,2801,,726,471,528,697,379,3458
6283,737,1248,1736,2448,2860,,737,511,488,712,412,3423
6184,725,1157,1632,2302,2735,,725,432,475,670,433,3449
6273,737,1224,1738,2450,2860,,737,487,514,712,410,3413
6180,727,1198,1726,2423,2781,,727,471,528,697,358,3399
6093,725,1148,1582,2301,2717,,725,423,434,719,416,3376
6104,727,1224,1725,2383,2732,,727,497,501,658,349,3372
6053,751,1222,1707,2347,2680,,751,471,485,640,333,3373
6129,725,1196,1726,2423,2756,,725,471,530,697,333,3373
6077,725,1197,1684,2346,2704,,725,472,487,662,358,3373
5987,726,1157,1570,2233,2564,,726,431,413,663,331,3423
6094,723,1192,1679,2307,2652,,723,469,487,628,345,3442
6158,685,1109,1567,2312,2710,,685,424,458,745,398,3448
6313,739,1224,1737,2449,2860,,739,485,513,712,411,3453
6330,737,1224,1736,2448,2885,,737,487,512,712,437,3445
6307,736,1226,1737,2448,2860,,736,490,511,711,412,3447
6332,738,1224,1738,2451,2886,,738,486,514,713,435,3446
6308,737,1225,1737,2449,2861,,737,488,512,712,412,3447
6334,737,1227,1741,2451,2885,,737,490,514,710,434,3449
6308,737,1225,1738,2449,2860,,737,488,513,711,411,3448
6287,740,1225,1740,2451,2862,,740,485,515,711,411,3425
6333,742,1226,1738,2450,2887,,742,484,512,712,437,3446
6209,726,1155,1605,2315,2739,,726,429,450,710,424,3470
6308,736,1223,1737,2448,2860,,736,487,514,711,412,3448
6330,737,1223,1737,2448,2885,,737,486,514,711,437,3445
6332,736,1224,1736,2449,2886,,736,488,512,713,437,3446
6307,736,1222,1736,2450,2860,,736,486,514,714,410,3447
6287,736,1224,1738,2451,2862,,736,488,514,713,411,3425
6334,737,1224,1738,2478,2886,,737,487,514,740,408,3448
6308,737,1225,1737,2449,2860,,737,488,512,712,411,3448
6333,736,1224,1736,2450,2884,,736,488,512,714,434,3449
6305,736,1224,1736,2449,2859,,736,488,512,713,410,3446
6208,666,1133,1634,2344,2760,,666,467,501,710,416,3448
6293,737,1226,1738,2450,2859,,737,489,512,712,409,3434
6304,735,1221,1734,2447,2857,,735,486,513,713,410,3447
6308,738,1225,1743,2453,2860,,738,487,518,710,407,3448
6307,737,1224,1737,2450,2860,,737,487,513,713,410,3447
6314,736,1224,1736,2449,2859,,736,488,512,713,410,3455
6307,737,1225,1736,2449,2859,,737,488,511,713,410,3448
6307,738,1224,1737,2450,2859,,738,486,513,713,409,3448
6357,737,1224,1766,2476,2909,,737,487,542,710,433,3448
6282,738,1228,1739,2450,2860,,738,490,511,711,410,3422
6182,727,1199,1714,2414,2783,,727,472,515,700,369,3399
6027,729,1199,1684,2322,2655,,729,470,485,638,333,3372
6035,725,1180,1659,2298,2653,,725,455,479,639,355,3382
5952,727,1154,1571,2244,2570,,727,427,417,673,326,3382
5978,726,1155,1571,2233,2568,,726,429,416,662,335,3410
5980,726,1155,1569,2236,2567,,726,429,414,667,331,3413
5979,726,1153,1570,2234,2571,,726,427,417,664,337,3408
5977,725,1153,1568,2232,2554,,725,428,415,664,322,3423
6039,724,1152,1567,2233,2654,,724,428,415,666,421,3385
6055,725,1197,1684,2345,2681,,725,472,487,661,336,3374
6099,725,1154,1570,2263,2698,,725,429,416,693,435,3401
6331,736,1222,1736,2472,2883,,736,486,514,736,411,3448
6291,723,1232,1721,2430,2844,,723,509,489,709,414,3447
6121,726,1209,1668,2337,2671,,726,483,459,669,334,3450
6156,726,1198,1726,2423,2781,,726,472,528,697,358,3375
5978,725,1156,1568,2234,2567,,725,431,412,666,333,3411
5980,723,1154,1568,2232,2566,,723,431,414,664,334,3414
5952,727,1157,1572,2235,2567,,727,430,415,663,332,3385
5957,685,1118,1533,2234,2567,,685,433,415,701,333,3390
6035,687,1121,1537,2234,2656,,687,434,416,697,422,3379
5955,728,1156,1559,2238,2576,,728,428,403,679,338,3379
5977,729,1159,1572,2234,2567,,729,430,413,662,333,3410
6054,686,1120,1536,2233,2656,,686,434,416,697,423,3398
6282,737,1224,1736,2449,2860,,737,487,512,713,411,3422
6306,738,1224,1737,2449,2860,,738,486,513,712,411,3446
6309,739,1225,1737,2449,2861,,739,486,512,712,412,3448
6334,738,1224,1737,2450,2862,,738,486,513,713,412,3472
6313,737,1225,1738,2450,2862,,737,488,513,712,412,3451
6267,737,1223,1736,2450,2885,,737,486,513,714,435,3382
6021,727,1223,1675,2316,2651,,727,496,452,641,335,3370
5989,686,1119,1535,2238,2593,,686,433,416,703,355,3396
6215,738,1225,1738,2430,2806,,738,487,513,692,376,3409
6310,738,1225,1738,2450,2860,,738,487,513,712,410,3450
6315,739,1225,1738,2450,2860,,739,486,513,712,410,3455
6305,736,1222,1735,2448,2858,,736,486,513,713,410,3447
6334,738,1227,1739,2450,2886,,738,489,512,711,436,3448
6307,737,1223,1738,2450,2860,,737,486,515,712,410,3447
6333,738,1224,1738,2450,2885,,738,486,514,712,435,3448
6308,737,1224,1738,2450,2859,,737,487,514,712,409,3449
6306,737,1224,1736,2449,2860,,737,487,512,713,411,3446
6184,737,1170,1566,2289,2737,,737,433,396,723,448,3447
6305,737,1253,1765,2502,2888,,737,516,512,737,386,3417
6284,738,1226,1737,2450,2861,,738,488,511,713,411,3423
6284,738,1225,1737,2413,2835,,738,487,512,676,422,3449
6310,739,1225,1737,2449,2861,,739,486,512,712,412,3449
6258,737,1250,1739,2449,2842,,737,513,489,710,393,3416
6339,739,1225,1738,2451,2862,,739,486,513,713,411,3477
6286,736,1224,1738,2449,2860,,736,488,514,711,411,3426
6337,739,1225,1739,2451,2861,,739,486,514,712,410,3476
6331,738,1224,1737,2449,2885,,738,486,513,712,436,3446
6183,737,1146,1554,2312,2738,,737,409,408,758,426,3445
6287,738,1224,1738,2450,2861,,738,486,514,712,411,3426
6302,738,1225,1737,2451,2860,,738,487,512,714,409,3442
6359,764,1250,1763,2476,2911,,764,486,513,713,435,3448
6307,737,1223,1736,2448,2860,,737,486,513,712,412,3447
6257,736,1224,1736,2448,2838,,736,488,512,712,390,3419
6336,739,1226,1739,2452,2887,,739,487,513,713,435,3449
6309,738,1225,1738,2449,2862,,738,487,513,711,413,3447
6306,737,1223,1737,2449,2858,,737,486,514,712,409,3448
6315,739,1225,1737,2450,2860,,739,486,512,713,410,3455
6094,738,1146,1554,2312,2657,,738,408,408,758,345,3437
6105,726,1199,1726,2380,2729,,726,473,527,654,349,3376
5963,724,1155,1567,2232,2564,,724,431,412,665,332,3399
5985,726,1155,1571,2237,2569,,726,429,416,666,332,3416
6028,726,1181,1658,2295,2656,,726,455,477,637,361,3372
5977,728,1155,1571,2235,2569,,728,427,416,664,334,3408
5955,725,1153,1570,2234,2568,,725,428,417,664,334,3387
5978,726,1153,1570,2233,2567,,726,427,417,663,334,3411
5962,726,1155,1569,2234,2567,,726,429,414,665,333,3395
6037,687,1121,1538,2236,2657,,687,434,417,698,421,3380
5987,726,1147,1576,2233,2556,,726,421,429,657,323,3431
5953,685,1119,1534,2233,2568,,685,434,415,699,335,3385
5978,725,1153,1568,2234,2568,,725,428,415,666,334,3410
5959,724,1152,1567,2233,2566,,724,428,415,666,333,3393
5955,725,1155,1570,2235,2568,,725,430,415,665,333,3387
5979,727,1156,1573,2237,2568,,727,429,417,664,331,3411
5977,724,1153,1568,2234,2567,,724,429,415,666,333,3410
5979,687,1121,1536,2234,2567,,687,434,415,698,333,3412
5960,685,1117,1530,2233,2565,,685,432,413,703,332,3395
6164,738,1207,1711,2383,2768,,738,469,504,672,385,3396
6218,736,1224,1736,2428,2809,,736,488,512,692,381,3409
6310,739,1225,1739,2451,2862,,739,486,514,712,411,3448
6287,738,1224,1737,2450,2861,,738,486,513,713,411,3426
6311,741,1227,1740,2452,2863,,741,486,513,712,411,3448
6332,739,1250,1738,2450,2886,,739,511,488,712,436,3446
6308,738,1226,1738,2450,2861,,738,488,512,712,411,3447
6310,738,1228,1738,2451,2860,,738,490,510,713,409,3450
6311,738,1225,1739,2452,2862,,738,487,514,713,410,3449
6290,740,1226,1739,2451,2886,,740,486,513,712,435,3404
6242,739,1227,1739,2451,2862,,739,488,512,712,411,3380
6285,739,1225,1739,2435,2847,,739,486,514,696,412,3438
6313,738,1226,1738,2451,2862,,738,488,512,713,411,3451
6363,739,1223,1737,2449,2886,,739,484,514,712,437,3477
6309,738,1224,1738,2451,2862,,738,486,514,713,411,3447
6307,738,1225,1738,2452,2861,,738,487,513,714,409,3446
6287,739,1226,1739,2451,2862,,739,487,513,712,411,3425
6334,739,1226,1738,2481,2887,,739,487,512,743,406,3447
6362,763,1249,1762,2503,2934,,763,486,513,741,431,3428
6332,738,1224,1737,2450,2884,,738,486,513,713,434,3448
6306,737,1224,1738,2450,2860,,737,487,514,712,410,3446
6232,736,1223,1737,2371,2783,,736,487,514,634,412,3449
6258,738,1225,1738,2450,2840,,738,487,513,712,390,3418
6332,738,1224,1737,2451,2886,,738,486,513,714,435,3446
6342,769,1257,1769,2483,2893,,769,488,512,714,410,3449
6307,738,1222,1740,2450,2860,,738,484,518,710,410,3447
6287,740,1227,1739,2451,2862,,740,487,512,712,411,3425
6310,739,1228,1739,2451,2862,,739,489,511,712,411,3448
6330,761,1245,1761,2471,2881,,761,484,516,710,410,3449
6331,739,1224,1738,2450,2886,,739,485,514,712,436,3445
6307,737,1224,1737,2449,2861,,737,487,513,712,412,3446
6234,738,1225,1738,2372,2787,,738,487,513,634,415,3447
6185,670,1132,1617,2324,2739,,670,462,485,707,415,3446
6309,738,1206,1738,2450,2862,,738,468,532,712,412,3447
6172,771,1179,1670,2302,2768,,771,408,491,632,466,3404
6311,738,1225,1737,2450,2886,,738,487,512,713,436,3425
6308,737,1225,1739,2451,2861,,737,488,514,712,410,3447
6292,772,1259,1771,2485,2843,,772,487,512,714,358,3449
6345,771,1258,1770,2483,2919,,771,487,512,713,436,3426
6300,738,1226,1738,2451,2861,,738,488,512,713,410,3439
6309,738,1226,1738,2450,2861,,738,488,512,712,411,3448
6129,735,1223,1735,2368,2700,,735,488,512,633,332,3429
6307,736,1223,1736,2449,2858,,736,487,513,713,409,3449
6329,734,1220,1733,2445,2881,,734,486,513,712,436,3448
6270,725,1209,1697,2407,2821,,725,484,488,710,414,3449
6305,737,1223,1736,2448,2858,,737,486,513,712,410,3447
6287,739,1225,1737,2450,2861,,739,486,512,713,411,3426
6308,738,1250,1738,2450,2861,,738,512,488,712,411,3447
6289,739,1227,1739,2452,2862,,739,488,512,713,410,3427
6309,741,1253,1740,2451,2862,,741,512,487,711,411,3447
6307,740,1225,1738,2450,2862,,740,485,513,712,412,3445
6233,738,1250,1736,2429,2810,,738,512,486,693,381,3423
6284,740,1226,1739,2452,2866,,740,486,513,713,414,3418
6365,739,1255,1763,2476,2887,,739,516,508,713,411,3478
6306,735,1222,1735,2447,2859,,735,487,513,712,412,3447
6304,738,1225,1737,2451,2861,,738,487,512,714,410,3443
6288,740,1226,1739,2451,2862,,740,486,513,712,411,3426
6309,740,1225,1742,2452,2862,,740,485,517,710,410,3447
6310,761,1247,1760,2474,2884,,761,486,513,714,410,3426
6308,739,1225,1739,2454,2862,,739,486,514,715,408,3446
6308,737,1224,1737,2452,2860,,737,487,513,715,408,3448
6223,736,1224,1737,2429,2810,,736,488,513,692,381,3413
6256,741,1225,1739,2450,2841,,741,484,514,711,391,3415
6334,740,1226,1738,2482,2886,,740,486,512,744,404,3448
6309,738,1224,1737,2451,2861,,738,486,513,714,410,3448
6308,738,1224,1738,2450,2861,,738,486,514,712,411,3447
6288,739,1225,1738,2451,2861,,739,486,513,713,410,3427
6334,740,1226,1739,2451,2888,,740,486,513,712,437,3446
6321,772,1259,1771,2483,2894,,772,487,512,712,411,3427
6253,739,1226,1738,2449,2861,,739,487,512,711,412,3392
6109,728,1200,1727,2382,2728,,728,472,527,655,346,3381
5985,726,1156,1570,2233,2567,,726,430,414,663,334,3418
5979,727,1156,1571,2233,2566,,727,429,415,662,333,3413
5830,694,1099,1511,2136,2469,,694,405,412,625,333,3361
5837,688,1098,1509,2134,2467,,688,410,411,625,333,3370
5952,685,1120,1534,2233,2556,,685,435,414,699,323,3396
5980,726,1154,1570,2235,2568,,726,428,416,665,333,3412
5977,727,1158,1571,2234,2567,,727,431,413,663,333,3410
5978,725,1157,1569,2235,2566,,725,432,412,666,331,3412
6028,726,1181,1661,2296,2654,,726,455,480,635,358,3374
5978,726,1154,1571,2234,2568,,726,428,417,663,334,3410
6136,726,1223,1726,2381,2753,,726,497,503,655,372,3383
6132,728,1200,1727,2384,2755,,728,472,527,657,371,3377
6155,726,1197,1710,2414,2781,,726,471,513,704,367,3374
6281,725,1196,1725,2406,2834,,725,471,529,681,428,3447
6309,736,1223,1737,2449,2861,,736,487,514,712,412,3448
6359,740,1225,1739,2451,2916,,740,485,514,712,465,3443
6341,770,1256,1769,2483,2893,,770,486,513,714,410,3448
6268,724,1210,1696,2407,2821,,724,486,486,711,414,3447
6334,738,1230,1741,2451,2861,,738,492,511,710,410,3473
6405,765,1277,1790,2527,2960,,765,512,513,737,433,3445
6283,739,1226,1738,2450,2840,,739,487,512,712,390,3443
6259,740,1225,1738,2450,2840,,740,485,513,712,390,3419
6343,773,1285,1772,2484,2895,,773,512,487,712,411,3448
6308,714,1254,1738,2450,2860,,714,540,484,712,410,3448
6282,738,1254,1764,2476,2886,,738,516,510,712,410,3396
6289,737,1225,1737,2450,2861,,737,488,512,713,411,3428
6309,738,1225,1737,2450,2862,,738,487,512,713,412,3447
6089,711,1182,1710,2367,2712,,711,471,528,657,345,3377
5978,726,1155,1570,2234,2568,,726,429,415,664,334,3410
5978,725,1153,1569,2234,2569,,725,428,416,665,335,3409
5982,684,1119,1534,2234,2566,,684,435,415,700,332,3416
5978,685,1120,1535,2234,2570,,685,435,415,699,336,3408
5978,688,1119,1535,2233,2566,,688,431,416,698,333,3412
5987,686,1124,1534,2235,2570,,686,438,410,701,335,3417
6002,724,1179,1659,2295,2654,,724,455,480,636,359,3348
5955,727,1154,1568,2235,2569,,727,427,414,667,334,3386
5981,727,1156,1572,2235,2569,,727,429,416,663,334,3412
5954,727,1157,1572,2234,2569,,727,430,415,662,335,3385
5951,685,1121,1538,2232,2566,,685,436,417,694,334,3385
5952,687,1120,1538,2234,2570,,687,433,418,696,336,3382
5956,687,1122,1536,2235,2570,,687,435,414,699,335,3386
5977,687,1120,1534,2233,2568,,687,433,414,699,335,3409
5952,689,1120,1535,2234,2567,,689,431,415,699,333,3385
5980,686,1123,1538,2238,2568,,686,437,415,700,330,3412
5978,727,1156,1572,2234,2568,,727,429,416,662,334,3410
6029,728,1184,1663,2298,2658,,728,456,479,635,360,3371
5977,725,1154,1569,2233,2567,,725,429,415,664,334,3410
5904,729,1160,1572,2210,2543,,729,431,412,638,333,3361
5952,725,1153,1569,2234,2571,,725,428,416,665,337,3381
5953,727,1155,1571,2235,2568,,727,428,416,664,333,3385
5980,723,1153,1566,2233,2567,,723,430,413,667,334,3413
5745,632,1053,1449,2079,2399,,632,421,396,630,320,3346
5829,690,1086,1481,2114,2461,,690,396,395,633,347,3368
6248,766,1176,1663,2378,2801,,766,410,487,715,423,3447
6309,737,1224,1738,2450,2860,,737,487,514,712,410,3449
6310,738,1225,1738,2450,2861,,738,487,513,712,411,3449
6311,739,1227,1738,2452,2863,,739,488,511,714,411,3448
6308,704,1202,1737,2448,2861,,704,498,535,711,413,3447
6336,766,1254,1766,2479,2891,,766,488,512,713,412,3445
6309,739,1226,1738,2450,2861,,739,487,512,712,411,3448
6335,738,1225,1738,2450,2886,,738,487,513,712,436,3449
6259,738,1226,1718,2401,2811,,738,488,492,683,410,3448
6308,701,1186,1737,2449,2859,,701,485,551,712,410,3449
6258,738,1227,1739,2402,2813,,738,489,512,663,411,3445
6287,738,1225,1737,2451,2860,,738,487,512,714,409,3427
6333,737,1226,1767,2477,2885,,737,489,541,710,408,3448
6331,737,1225,1736,2449,2885,,737,488,511,713,436,3446
6310,698,1182,1739,2451,2860,,698,484,557,712,409,3450
6287,740,1226,1738,2451,2861,,740,486,512,713,410,3426
6301,738,1225,1738,2450,2861,,738,487,513,712,411,3440
6305,737,1223,1736,2448,2860,,737,486,513,712,412,3445
6258,738,1225,1738,2432,2837,,738,487,513,694,405,3421
6310,738,1225,1738,2450,2862,,738,487,513,712,412,3448
6337,736,1224,1737,2450,2886,,736,488,513,713,436,3451
6309,739,1225,1738,2450,2861,,739,486,513,712,411,3448
6309,739,1226,1738,2452,2862,,739,487,512,714,410,3447
6308,735,1223,1737,2449,2860,,735,488,514,712,411,3448
6334,736,1224,1739,2449,2884,,736,488,515,710,435,3450
6332,765,1250,1736,2448,2859,,765,485,486,712,411,3473
6310,738,1225,1738,2450,2861,,738,487,513,712,411,3449
6308,738,1250,1737,2450,2860,,738,512,487,713,410,3448
6232,737,1224,1737,2430,2811,,737,487,513,693,381,3421
6310,739,1206,1743,2453,2862,,739,467,537,710,409,3448
6308,739,1226,1740,2450,2862,,739,487,514,710,412,3446
6334,738,1225,1738,2450,2886,,738,487,513,712,436,3448
6308,737,1225,1737,2450,2860,,737,488,512,713,410,3448
6309,738,1225,1737,2449,2860,,738,487,512,712,411,3449
6307,737,1192,1738,2449,2861,,737,455,546,711,412,3446
6308,768,1253,1737,2449,2860,,768,485,484,712,411,3448
6308,737,1224,1737,2449,2861,,737,487,513,712,412,3447
6306,738,1225,1737,2449,2860,,738,487,512,712,411,3446
6256,738,1224,1767,2454,2838,,738,486,543,687,384,3418
6184,668,1072,1563,2313,2737,,668,404,491,750,424,3447
6332,738,1224,1743,2453,2885,,738,486,519,710,432,3447
6308,737,1226,1737,2450,2861,,737,489,511,713,411,3447
6308,738,1225,1737,2450,2861,,738,487,512,713,411,3447
6310,738,1225,1739,2450,2861,,738,487,514,711,411,3449
6334,737,1228,1736,2451,2884,,737,491,508,715,433,3450
6307,738,1225,1738,2449,2860,,738,487,513,711,411,3447
6326,755,1241,1755,2467,2877,,755,486,514,712,410,3449
6308,738,1227,1738,2451,2861,,738,489,511,713,410,3447
6258,739,1227,1738,2430,2837,,739,488,511,692,407,3421
6183,665,1070,1562,2312,2735,,665,405,492,750,423,3448
6332,737,1224,1737,2451,2885,,737,487,513,714,434,3447
6305,737,1224,1736,2449,2860,,737,487,512,713,411,3445
6309,737,1224,1737,2450,2861,,737,487,513,713,411,3448
6288,738,1224,1738,2450,2860,,738,486,514,712,410,3428
6311,740,1225,1738,2451,2862,,740,485,513,713,411,3449
6308,737,1223,1736,2449,2860,,737,486,513,713,411,3448
6307,734,1224,1734,2447,2858,,734,490,510,713,411,3449
6312,739,1225,1738,2451,2886,,739,486,513,713,435,3426
6234,740,1226,1719,2403,2787,,740,486,493,684,384,3447
6121,668,1133,1614,2285,2672,,668,465,481,671,387,3449
6255,759,1230,1759,2414,2851,,759,471,529,655,437,3404
6337,767,1257,1770,2480,2889,,767,490,513,710,409,3448
6307,737,1223,1736,2449,2859,,737,486,513,713,410,3448
6354,748,1244,1782,2495,2905,,748,496,538,713,410,3449
6207,737,1225,1704,2389,2788,,737,488,479,685,399,3419
6309,739,1226,1739,2451,2862,,739,487,513,712,411,3447
6306,737,1223,1737,2450,2860,,737,486,514,713,410,3446
6307,738,1225,1738,2449,2861,,738,487,513,711,412,3446
6258,738,1225,1737,2450,2841,,738,487,512,713,391,3417
6223,726,1195,1674,2372,2774,,726,469,479,698,402,3449
6018,713,1188,1662,2278,2673,,713,475,474,616,395,3345
6271,729,1200,1728,2425,2823,,729,471,528,697,398,3448
6272,736,1215,1728,2424,2822,,736,479,513,696,398,3450
6249,729,1200,1730,2427,2822,,729,471,530,697,395,3427
6259,728,1199,1684,2401,2814,,728,471,485,717,413,3445
6308,738,1224,1738,2450,2862,,738,486,514,712,412,3446
6306,701,1184,1736,2448,2858,,701,483,552,712,410,3448
6309,738,1226,1738,2450,2861,,738,488,512,712,411,3448
6337,768,1276,1764,2475,2886,,768,508,488,711,411,3451
6234,725,1209,1659,2376,2786,,725,484,450,717,410,3448
6297,776,1262,1775,2437,2848,,776,486,513,662,411,3449
6308,738,1224,1737,2448,2860,,738,486,513,711,412,3448
6309,738,1225,1738,2450,2860,,738,487,513,712,410,3449
6309,738,1225,1737,2450,2861,,738,487,512,713,411,3448
6232,736,1224,1736,2429,2810,,736,488,512,693,381,3422
6309,738,1225,1737,2451,2861,,738,487,512,714,410,3448
6308,744,1230,1737,2451,2861,,744,486,507,714,410,3447
6311,739,1226,1739,2451,2862,,739,487,513,712,411,3449
6289,739,1226,1738,2451,2862,,739,487,512,713,411,3427
6187,728,1138,1609,2320,2737,,728,410,471,711,417,3450
6364,767,1255,1767,2481,2916,,767,488,512,714,435,3448
6308,738,1224,1736,2450,2860,,738,486,512,714,410,3448
6333,737,1225,1738,2450,2886,,737,488,513,712,436,3447
6289,739,1226,1742,2452,2863,,739,487,516,710,411,3426
6230,736,1225,1737,2428,2812,,736,489,512,691,384,3418
6309,740,1227,1739,2451,2861,,740,487,512,712,410,3448
6309,738,1221,1739,2451,2860,,738,483,518,712,409,3449
6348,779,1265,1777,2489,2899,,779,486,512,712,410,3449
6288,739,1225,1738,2450,2860,,739,486,513,712,410,3428
6184,741,1149,1639,2303,2738,,741,408,490,664,435,3446
6369,770,1256,1769,2481,2894,,770,486,513,712,413,3475
6311,738,1224,1737,2450,2861,,738,486,513,713,411,3450
6310,738,1225,1738,2450,2861,,738,487,513,712,411,3449
6308,738,1225,1738,2450,2861,,738,487,513,712,411,3447
6259,739,1225,1737,2429,2836,,739,486,512,692,407,3423
6254,708,1201,1740,2452,2862,,708,493,539,712,410,3392
6309,738,1230,1737,2450,2861,,738,492,507,713,411,3448
6309,739,1226,1738,2451,2862,,739,487,512,713,411,3447
6220,765,1253,1745,2431,2815,,765,488,492,686,384,3405
6246,726,1223,1727,2413,2823,,726,497,504,686,410,3423
6171,728,1225,1727,2424,2754,,728,497,502,697,330,3417
6310,739,1226,1739,2451,2861,,739,487,513,712,410,3449
6312,738,1225,1738,2450,2861,,738,487,513,712,411,3451
6330,760,1246,1758,2471,2882,,760,486,512,713,411,3448
6235,740,1225,1739,2405,2814,,740,485,514,666,409,3421
6311,740,1226,1741,2452,2863,,740,486,515,711,411,3448
6309,737,1223,1723,2432,2860,,737,486,500,709,428,3449
6308,739,1225,1738,2450,2860,,739,486,513,712,410,3448
6313,740,1228,1740,2453,2887,,740,488,512,713,434,3426
6262,740,1207,1716,2403,2813,,740,467,509,687,410,3449
6332,740,1225,1762,2473,2884,,740,485,537,711,411,3448
6309,738,1225,1740,2449,2861,,738,487,515,709,412,3448
6335,738,1225,1738,2449,2886,,738,487,513,711,437,3449
6309,739,1225,1739,2451,2861,,739,486,514,712,410,3448
6258,739,1226,1738,2431,2838,,739,487,512,693,407,3420
6312,741,1226,1744,2453,2863,,741,485,518,709,410,3449
6309,737,1225,1741,2453,2861,,737,488,516,712,408,3448
6309,738,1225,1737,2451,2861,,738,487,512,714,410,3448
6288,739,1225,1739,2452,2862,,739,486,514,713,410,3426
6173,740,1227,1663,2377,2732,,740,487,436,714,355,3441
6186,688,1166,1637,2334,2728,,688,478,471,697,394,3458
6309,738,1225,1738,2450,2861,,738,487,513,712,411,3448
6310,738,1225,1738,2451,2860,,738,487,513,713,409,3450
6308,738,1227,1739,2451,2862,,738,489,512,712,411,3446
6157,737,1224,1716,2401,2729,,737,487,492,685,328,3428
6308,735,1222,1736,2447,2858,,735,487,514,711,411,3450
6309,738,1226,1737,2450,2861,,738,488,511,713,411,3448
6340,698,1182,1739,2452,2862,,698,484,557,713,410,3478
6310,739,1225,1738,2480,2887,,739,486,513,742,407,3423
6086,740,1228,1661,2295,2655,,740,488,433,634,360,3431
6367,771,1279,1772,2485,2919,,771,508,493,713,434,3448
6310,740,1226,1741,2451,2862,,740,486,515,710,411,3448
6334,738,1228,1739,2452,2887,,738,490,511,713,435,3447
6334,720,1203,1767,2478,2886,,720,483,564,711,408,3448
6260,739,1225,1768,2457,2834,,739,486,543,689,377,3426
6337,771,1255,1740,2453,2888,,771,484,485,713,435,3449
6310,738,1226,1739,2436,2863,,738,488,513,697,427,3447
6310,740,1225,1738,2450,2861,,740,485,513,712,411,3449
6338,737,1224,1737,2451,2915,,737,487,513,714,464,3423
6087,741,1228,1662,2295,2654,,741,487,434,633,359,3433
6396,773,1262,1772,2486,2919,,773,489,510,714,433,3477
6312,740,1226,1739,2452,2863,,740,486,513,713,411,3449
6333,737,1224,1737,2453,2886,,737,487,513,716,433,3447
6233,672,1155,1642,2361,2785,,672,483,487,719,424,3448
6253,732,1220,1732,2424,2831,,732,488,512,692,407,3422
6359,739,1225,1739,2482,2912,,739,486,514,743,430,3447
6334,738,1224,1738,2459,2885,,738,486,514,721,426,3449
6349,753,1244,1757,2465,2876,,753,491,513,708,411,3473
6226,739,1199,1722,2416,2822,,739,460,523,694,406,3404
6173,727,1199,1727,2424,2731,,727,472,528,697,307,3442
6207,728,1177,1661,2370,2792,,728,449,484,709,422,3415
6335,739,1227,1768,2478,2888,,739,488,541,710,410,3447
6310,738,1226,1740,2450,2862,,738,488,514,710,412,3448
6310,738,1226,1738,2451,2861,,738,488,512,713,410,3449
6309,740,1255,1764,2477,2867,,740,515,509,713,390,3442
6310,742,1229,1740,2451,2862,,742,487,511,711,411,3448
6333,766,1278,1761,2503,2883,,766,512,483,742,380,3450
6226,732,1170,1655,2366,2779,,732,438,485,711,413,3447
6294,738,1224,1739,2450,2862,,738,486,515,711,412,3432
6209,738,1225,1738,2378,2770,,738,487,513,640,392,3439
6244,723,1207,1667,2378,2794,,723,484,460,711,416,3450
6333,735,1224,1736,2449,2884,,735,489,512,713,435,3449
6308,738,1224,1737,2450,2861,,738,486,513,713,411,3447
6309,739,1226,1738,2451,2862,,739,487,512,713,411,3447
6285,740,1226,1740,2450,2842,,740,486,514,710,392,3443
6308,738,1226,1737,2450,2862,,738,488,511,713,412,3446
6313,739,1225,1738,2451,2862,,739,486,513,713,411,3451
6311,740,1227,1739,2452,2862,,740,487,512,713,410,3449
6259,742,1225,1697,2406,2831,,742,483,472,709,425,3428
6234,738,1250,1719,2402,2786,,738,512,469,683,384,3448
6275,716,1204,1692,2405,2826,,716,488,488,713,421,3449
6335,738,1225,1737,2451,2885,,738,487,512,714,434,3450
6309,740,1225,1739,2451,2861,,740,485,514,712,410,3448
6310,739,1224,1738,2450,2861,,739,485,514,712,411,3449
6283,739,1228,1739,2451,2865,,739,489,511,712,414,3418
6311,742,1229,1740,2452,2863,,742,487,511,712,411,3448
6335,765,1254,1764,2477,2888,,765,489,510,713,411,3447
6309,738,1224,1737,2451,2860,,738,486,513,714,409,3449
6289,740,1251,1738,2451,2862,,740,511,487,713,411,3427
6236,739,1231,1743,2432,2813,,739,492,512,689,381,3423
6311,741,1228,1741,2452,2863,,741,487,513,711,411,3448
6309,739,1225,1737,2451,2861,,739,486,512,714,410,3448
6308,738,1254,1737,2449,2861,,738,516,483,712,412,3447
6310,738,1196,1738,2450,2862,,738,458,542,712,412,3448
6284,740,1227,1739,2454,2868,,740,487,512,715,414,3416
6312,741,1228,1741,2453,2864,,741,487,513,712,411,3448
6357,761,1248,1760,2473,2908,,761,487,512,713,435,3449
6282,740,1224,1707,2423,2834,,740,484,483,716,411,3448
6287,737,1224,1736,2449,2859,,737,487,512,713,410,3428
6232,739,1225,1739,2426,2813,,739,486,514,687,387,3419
6332,762,1248,1761,2473,2884,,762,486,513,712,411,3448
6336,766,1252,1765,2478,2889,,766,486,513,713,411,3447
6309,738,1225,1738,2450,2861,,738,487,513,712,411,3448
6309,739,1226,1739,2451,2861,,739,487,513,712,410,3448
6257,737,1224,1738,2450,2839,,737,487,514,712,389,3418
6294,739,1227,1739,2451,2887,,739,488,512,712,436,3407
6358,762,1249,1763,2473,2909,,762,487,514,710,436,3449
6310,739,1226,1739,2450,2861,,739,487,513,711,411,3449
6258,742,1229,1740,2434,2837,,742,487,511,694,403,3421
6261,742,1256,1740,2432,2815,,742,514,484,692,383,3446
6264,739,1227,1739,2399,2798,,739,488,512,660,399,3466
6346,776,1263,1776,2488,2899,,776,487,513,712,411,3447
6308,737,1225,1737,2450,2862,,737,488,512,713,412,3446
6308,739,1225,1739,2453,2864,,739,486,514,714,411,3444
6288,740,1226,1738,2453,2862,,740,486,512,715,409,3426
6288,740,1228,1740,2453,2843,,740,488,512,713,390,3445
6339,770,1257,1771,2483,2893,,770,487,514,712,410,3446
6310,740,1226,1738,2451,2862,,740,486,512,713,411,3448
6309,737,1225,1737,2450,2860,,737,488,512,713,410,3449
6257,737,1225,1737,2429,2836,,737,488,512,692,407,3421
6309,739,1225,1738,2450,2862,,739,486,513,712,412,3447
6339,768,1260,1772,2480,2892,,768,492,512,708,412,3447
6309,738,1225,1738,2450,2860,,738,487,513,712,410,3449
6310,738,1227,1739,2450,2861,,738,489,512,711,411,3449
6258,739,1226,1738,2450,2842,,739,487,512,712,392,3416
6335,740,1226,1739,2452,2886,,740,486,513,713,434,3449
6289,738,1225,1737,2450,2859,,738,487,512,713,409,3430
6311,740,1203,1740,2453,2863,,740,463,537,713,410,3448
6270,738,1226,1709,2426,2834,,738,488,483,717,408,3436
6234,739,1250,1738,2451,2784,,739,511,488,713,333,3450
6310,738,1226,1738,2451,2847,,738,488,512,713,396,3463
6310,740,1225,1738,2450,2860,,740,485,513,712,410,3450
6335,738,1224,1737,2450,2885,,738,486,513,713,435,3450
6310,739,1225,1740,2451,2861,,739,486,515,711,410,3449
6259,739,1225,1739,2450,2841,,739,486,514,711,391,3418
6311,740,1251,1739,2451,2863,,740,511,488,712,412,3448
6333,761,1249,1763,2475,2885,,761,488,514,712,410,3448
6309,739,1228,1739,2457,2862,,739,489,511,718,405,3447
6335,768,1252,1768,2507,2912,,768,484,516,739,405,3423
6210,739,1227,1740,2454,2784,,739,488,513,714,330,3426
6312,708,1200,1738,2449,2862,,708,492,538,711,413,3450
6312,762,1249,1762,2474,2883,,762,487,513,712,409,3429
6284,740,1227,1740,2452,2863,,740,487,513,712,411,3421
6283,738,1225,1710,2426,2836,,738,487,485,716,410,3447
6310,740,1226,1738,2450,2861,,740,486,512,712,411,3449
6310,738,1226,1739,2451,2861,,738,488,513,712,410,3449
6359,765,1249,1764,2475,2911,,765,484,515,711,436,3448
6310,740,1226,1739,2451,2861,,740,486,513,712,410,3449
6300,752,1239,1753,2464,2875,,752,487,514,711,411,3425
6260,740,1228,1740,2452,2842,,740,488,512,712,390,3418
6334,741,1227,1740,2452,2887,,741,486,513,712,435,3447
6367,770,1258,1770,2484,2919,,770,488,512,714,435,3448
6307,739,1226,1738,2451,2863,,739,487,512,713,412,3444
6288,739,1225,1744,2454,2860,,739,486,519,710,406,3428
6260,739,1227,1739,2431,2838,,739,488,512,692,407,3422
6336,741,1227,1740,2459,2889,,741,486,513,719,430,3447
6357,762,1249,1761,2474,2909,,762,487,512,713,435,3448
6334,738,1225,1742,2452,2886,,738,487,517,710,434,3448
6261,729,1217,1730,2433,2811,,729,488,513,703,378,3450
6357,738,1225,1736,2479,2910,,738,487,511,743,431,3447
6308,739,1226,1740,2451,2862,,739,487,514,711,411,3446
6342,772,1258,1770,2483,2893,,772,486,512,713,410,3449
6310,740,1226,1739,2451,2861,,740,486,513,712,410,3449
6310,740,1226,1739,2452,2861,,740,486,513,713,409,3449
6313,738,1225,1739,2451,2887,,738,487,514,712,436,3426
6310,739,1226,1740,2452,2863,,739,487,514,712,411,3447
6339,770,1258,1770,2482,2893,,770,488,512,712,411,3446
6261,740,1228,1742,2452,2805,,740,488,514,710,353,3456
6311,737,1224,1737,2455,2884,,737,487,513,718,429,3427
6198,741,1228,1720,2403,2789,,741,487,492,683,386,3409
6273,729,1205,1729,2427,2827,,729,476,524,698,400,3446
6272,731,1203,1729,2425,2823,,731,472,526,696,398,3449
6274,728,1201,1728,2425,2823,,728,473,527,697,398,3451
6199,729,1159,1637,2332,2751,,729,430,478,695,419,3448
6274,728,1199,1729,2426,2823,,728,471,530,697,397,3451
6249,728,1199,1727,2424,2824,,728,471,528,697,400,3425
6272,727,1199,1728,2425,2822,,727,472,529,697,397,3450
6159,727,1160,1596,2263,2702,,727,433,436,667,439,3457
6310,740,1226,1739,2452,2862,,740,486,513,713,410,3448
6311,740,1227,1739,2451,2863,,740,487,512,712,412,3448
6308,739,1225,1739,2452,2862,,739,486,514,713,410,3446
6187,743,1238,1743,2440,2745,,743,495,505,697,305,3442
6231,728,1224,1729,2428,2824,,728,496,505,699,396,3407
6180,729,1203,1687,2390,2800,,729,474,484,703,410,3380
6182,728,1200,1729,2426,2782,,728,472,529,697,356,3400
6180,727,1199,1731,2428,2782,,727,472,532,697,354,3398
6235,729,1200,1728,2424,2823,,729,471,528,696,399,3412
6186,728,1201,1685,2352,2728,,728,473,484,667,376,3458
6235,686,1176,1665,2375,2787,,686,490,489,710,412,3448
6333,739,1226,1740,2451,2887,,739,487,514,711,436,3446
6271,739,1222,1738,2451,2829,,739,483,516,713,378,3442
6273,728,1200,1728,2424,2828,,728,472,528,696,404,3445
6208,728,1201,1727,2424,2821,,728,473,526,697,397,3387
6207,729,1201,1685,2390,2801,,729,472,484,705,411,3406
6207,727,1200,1727,2423,2822,,727,473,527,696,399,3385
6160,729,1200,1731,2427,2784,,729,471,531,696,357,3376
6201,762,1257,1763,2459,2816,,762,495,506,696,357,3385
6186,728,1226,1685,2350,2727,,728,498,459,665,377,3459
6311,739,1226,1739,2452,2861,,739,487,513,713,409,3450
6308,739,1226,1739,2451,2845,,739,487,513,712,394,3463
6226,737,1226,1737,2450,2841,,737,489,511,713,391,3385
6311,741,1227,1740,2453,2864,,741,486,513,713,411,3447
6311,739,1226,1739,2453,2861,,739,487,513,714,408,3450
6310,739,1227,1739,2450,2862,,739,488,512,711,412,3448
6286,740,1227,1739,2452,2862,,740,487,512,713,410,3424
6336,741,1227,1739,2451,2887,,741,486,512,712,436,3449
6339,761,1249,1761,2474,2884,,761,488,512,713,410,3455
6308,737,1224,1737,2449,2859,,737,487,513,712,410,3449
6234,740,1212,1740,2432,2813,,740,472,528,692,381,3421
6334,740,1227,1740,2452,2889,,740,487,513,712,437,3445
6288,741,1225,1738,2451,2841,,741,484,513,713,390,3447
6338,745,1232,1740,2453,2888,,745,487,508,713,435,3450
6311,740,1227,1739,2453,2864,,740,487,512,714,411,3447
6309,740,1227,1740,2451,2862,,740,487,513,711,411,3447
6308,740,1226,1739,2451,2861,,740,486,513,712,410,3447
6196,740,1226,1719,2402,2787,,740,486,493,683,385,3409
6266,729,1200,1730,2425,2824,,729,471,530,695,399,3442
6311,741,1233,1743,2446,2863,,741,492,510,703,417,3448
6311,739,1230,1740,2451,2863,,739,491,510,711,412,3448
6219,739,1256,1739,2431,2813,,739,517,483,692,382,3406
6237,730,1179,1660,2371,2788,,730,449,481,711,417,3449
6109,682,1167,1639,2334,2750,,682,485,472,695,416,3359
6159,728,1226,1728,2425,2782,,728,498,502,697,357,3377
6213,730,1200,1688,2350,2765,,730,470,488,662,415,3448
6308,739,1226,1740,2451,2862,,739,487,514,711,411,3446
6310,740,1227,1739,2451,2862,,740,487,512,712,411,3448
6335,739,1226,1739,2481,2886,,739,487,513,742,405,3449
6309,739,1225,1738,2451,2861,,739,486,513,713,410,3448
6311,741,1228,1741,2453,2863,,741,487,513,712,410,3448
6148,740,1227,1719,2405,2787,,740,487,492,686,382,3361
6249,729,1185,1728,2424,2829,,729,456,543,696,405,3420
6184,731,1202,1729,2427,2824,,731,471,527,698,397,3360
6106,726,1198,1727,2381,2728,,726,472,529,654,347,3378
6084,729,1200,1686,2347,2713,,729,471,486,661,366,3371
6112,728,1225,1728,2386,2736,,728,497,503,658,350,3376
6106,730,1228,1731,2386,2736,,730,498,503,655,350,3370
6082,729,1199,1729,2383,2710,,729,470,530,654,327,3372
6130,755,1226,1714,2351,2711,,755,471,488,637,360,3419
6310,740,1225,1715,2427,2862,,740,485,490,712,435,3448
6346,769,1279,1766,2477,2888,,769,510,487,711,411,3458
6287,740,1228,1716,2428,2838,,740,488,488,712,410,3449
6336,739,1222,1769,2480,2888,,739,483,547,711,408,3448
6310,740,1225,1738,2451,2862,,740,485,513,713,411,3448
6292,739,1227,1739,2452,2863,,739,488,512,713,411,3429
6318,740,1227,1740,2453,2863,,740,487,513,713,410,3455
6335,740,1226,1739,2452,2888,,740,486,513,713,436,3447
6311,739,1227,1739,2451,2863,,739,488,512,712,412,3448
6311,740,1227,1739,2453,2862,,740,487,512,714,409,3449
6310,741,1228,1743,2456,2864,,741,487,515,713,408,3446
6194,741,1227,1720,2403,2789,,741,486,493,683,386,3405
6286,729,1201,1721,2430,2838,,729,472,520,709,408,3448
6298,727,1213,1729,2425,2851,,727,486,516,696,426,3447
6158,729,1201,1729,2427,2781,,729,472,528,698,354,3377
6231,728,1200,1730,2428,2826,,728,472,530,698,398,3405
6159,729,1200,1729,2424,2781,,729,471,529,695,357,3378
6200,729,1201,1729,2384,2754,,729,472,528,655,370,3446
6313,749,1233,1741,2453,2864,,749,484,508,712,411,3449
6310,740,1227,1739,2453,2862,,740,487,512,714,409,3448
6310,740,1228,1739,2453,2862,,740,488,511,714,409,3448
6319,741,1227,1741,2453,2863,,741,486,514,712,410,3456
6336,770,1254,1741,2452,2892,,770,484,487,711,440,3444
6173,727,1160,1637,2333,2726,,727,433,477,696,393,3447
6158,729,1200,1728,2424,2784,,729,471,528,696,360,3374
6143,730,1227,1730,2385,2761,,730,497,503,655,376,3382
6102,726,1221,1727,2384,2732,,726,495,506,657,348,3370
6056,756,1228,1713,2353,2685,,756,472,485,640,332,3371
6385,672,1182,1739,2481,2940,,672,510,557,742,459,3445
6311,741,1227,1741,2453,2864,,741,486,514,712,411,3447
6334,741,1227,1739,2452,2862,,741,486,512,713,410,3472
6286,743,1228,1740,2454,2869,,743,485,512,714,415,3417
6312,741,1227,1741,2453,2863,,741,486,514,712,410,3449
6195,724,1175,1645,2351,2750,,724,451,470,706,399,3445
6247,728,1200,1728,2424,2822,,728,472,528,696,398,3425
6200,729,1200,1729,2428,2768,,729,471,529,699,340,3432
6274,730,1201,1729,2427,2823,,730,471,528,698,396,3451
6276,729,1226,1729,2426,2825,,729,497,503,697,399,3451
6200,687,1166,1638,2334,2751,,687,479,472,696,417,3449
6274,730,1202,1729,2425,2825,,730,472,527,696,400,3449
6193,729,1226,1729,2381,2777,,729,497,503,652,396,3416
6238,730,1149,1662,2372,2789,,730,419,513,710,417,3449
6310,741,1227,1741,2453,2865,,741,486,514,712,412,3445
6287,740,1207,1721,2427,2839,,740,467,514,706,412,3448
6309,739,1226,1738,2451,2861,,739,487,512,713,410,3448
6312,740,1252,1741,2453,2865,,740,512,489,712,412,3447
6311,738,1226,1739,2452,2863,,738,488,513,713,411,3448
6311,740,1207,1742,2451,2863,,740,467,535,709,412,3448
6199,692,1166,1638,2336,2752,,692,474,472,698,416,3447
6248,728,1200,1729,2426,2829,,728,472,529,697,403,3419
6208,729,1225,1687,2347,2764,,729,496,462,660,417,3444
6311,740,1228,1741,2453,2864,,740,488,513,712,411,3447
6310,741,1228,1741,2453,2863,,741,487,513,712,410,3447
6223,740,1207,1682,2379,2777,,740,467,475,697,398,3446
6249,729,1202,1728,2424,2823,,729,473,526,696,399,3426
6187,730,1202,1729,2384,2735,,730,472,527,655,351,3452
6311,740,1226,1740,2452,2862,,740,486,514,712,410,3449
6308,738,1226,1737,2449,2861,,738,488,511,712,412,3447
6197,689,1164,1637,2334,2750,,689,475,473,697,416,3447
6261,730,1202,1728,2424,2804,,730,472,526,696,380,3457
6343,741,1229,1739,2433,2910,,741,488,510,694,477,3433
6228,740,1227,1740,2452,2812,,740,487,513,712,360,3416
6314,741,1227,1740,2453,2864,,741,486,513,713,411,3450
6310,740,1227,1741,2451,2861,,740,487,514,710,410,3449
6311,740,1228,1741,2452,2862,,740,488,513,711,410,3449
6309,739,1225,1738,2450,2861,,739,486,513,712,411,3448
6288,768,1253,1739,2452,2863,,768,485,486,713,411,3425
6312,729,1222,1742,2454,2865,,729,493,520,712,411,3447
6311,728,1210,1740,2453,2865,,728,482,530,713,412,3446
6235,739,1227,1720,2402,2787,,739,488,493,682,385,3448
6197,740,1226,1739,2431,2758,,740,486,513,692,327,3439
6207,730,1226,1730,2427,2824,,730,496,504,697,397,3383
6040,730,1201,1687,2315,2685,,730,471,486,628,370,3355
6208,731,1205,1690,2393,2802,,731,474,485,703,409,3406
6184,753,1250,1752,2450,2807,,753,497,502,698,357,3377
6227,730,1202,1733,2400,2778,,730,472,531,667,378,3449
6335,739,1226,1739,2450,2887,,739,487,513,711,437,3448
6309,739,1226,1738,2453,2862,,739,487,512,715,409,3447
6310,729,1193,1741,2452,2863,,729,464,548,711,411,3447
6333,766,1251,1765,2477,2888,,766,485,514,712,411,3445
6223,740,1226,1739,2414,2775,,740,486,513,675,361,3448
6233,729,1202,1730,2427,2828,,729,473,528,697,401,3405
6075,734,1217,1690,2355,2705,,734,483,473,665,350,3370
6182,730,1202,1730,2427,2786,,730,472,528,697,359,3396
6159,730,1227,1730,2427,2783,,730,497,503,697,356,3376
6141,733,1204,1732,2389,2759,,733,471,528,657,370,3382
6159,733,1204,1731,2427,2782,,733,471,527,696,355,3377
6161,731,1202,1729,2425,2785,,731,471,527,696,360,3376
6233,729,1183,1731,2428,2828,,729,454,548,697,400,3405
6159,752,1223,1753,2408,2780,,752,471,530,655,372,3379
6140,732,1203,1730,2385,2732,,732,471,527,655,347,3408
6310,769,1253,1739,2452,2863,,769,484,486,713,411,3447
6249,741,1227,1740,2401,2803,,741,486,513,661,402,3446
6211,729,1200,1689,2348,2763,,729,471,489,659,415,3448
6314,738,1225,1738,2450,2862,,738,487,513,712,412,3452
6312,741,1227,1740,2453,2864,,741,486,513,713,411,3448
6311,739,1227,1740,2452,2863,,739,488,513,712,411,3448
6337,742,1228,1740,2454,2888,,742,486,512,714,434,3449
6157,740,1174,1656,2355,2777,,740,434,482,699,422,3380
6009,729,1200,1687,2326,2656,,729,471,487,639,330,3353
6171,728,1198,1726,2379,2734,,728,470,528,653,355,3437
6249,729,1226,1729,2426,2824,,729,497,503,697,398,3425
6248,729,1201,1729,2426,2824,,729,472,528,697,398,3424
6321,763,1235,1740,2448,2872,,763,472,505,708,424,3449
6310,739,1227,1739,2451,2862,,739,488,512,712,411,3448
6312,741,1228,1741,2454,2863,,741,487,513,713,409,3449
6311,740,1226,1740,2452,2863,,740,486,514,712,411,3448
6312,741,1227,1744,2454,2863,,741,486,517,710,409,3449
6197,739,1174,1652,2354,2752,,739,435,478,702,398,3445
6248,729,1225,1730,2427,2825,,729,496,505,697,398,3423
6250,728,1200,1729,2426,2825,,728,472,529,697,399,3425
6275,731,1201,1731,2429,2826,,731,470,530,698,397,3449
6134,729,1200,1728,2424,2793,,729,471,528,696,369,3341
6221,753,1224,1708,2416,2782,,753,471,484,708,366,3439
6273,730,1203,1731,2428,2826,,730,473,528,697,398,3447
6272,728,1200,1728,2425,2827,,728,472,528,697,402,3445
6274,730,1201,1729,2429,2824,,730,471,528,700,395,3450
6249,730,1227,1729,2427,2823,,730,497,502,698,396,3426
6273,728,1200,1728,2426,2848,,728,472,528,698,422,3425
6246,727,1199,1726,2423,2822,,727,472,527,697,399,3424
6273,729,1201,1730,2428,2848,,729,472,529,698,420,3425
6274,730,1200,1730,2428,2825,,730,470,530,698,397,3449
6232,725,1197,1726,2423,2777,,725,472,529,697,354,3455
6310,739,1230,1739,2436,2865,,739,491,509,697,429,3445
6312,741,1228,1741,2452,2864,,741,487,513,711,412,3448
6335,740,1228,1739,2452,2888,,740,488,511,713,436,3447
6315,740,1228,1740,2452,2863,,740,488,512,712,411,3452
6310,739,1227,1738,2451,2862,,739,488,511,713,411,3448
6310,743,1208,1742,2453,2864,,743,465,534,711,411,3446
6319,773,1258,1771,2482,2893,,773,485,513,711,411,3426
6290,743,1229,1744,2453,2844,,743,486,515,709,391,3446
6311,741,1227,1739,2452,2863,,741,486,512,713,411,3448
6312,742,1228,1740,2453,2866,,742,486,512,713,413,3446
6312,741,1227,1739,2451,2863,,741,486,512,712,412,3449
6311,740,1226,1739,2452,2863,,740,486,513,713,411,3448
6311,740,1227,1740,2452,2863,,740,487,513,712,411,3448
6291,741,1228,1740,2455,2863,,741,487,512,715,408,3428
6361,740,1228,1739,2453,2917,,740,488,511,714,464,3444
6286,740,1228,1720,2428,2839,,740,488,492,708,411,3447
6032,708,1179,1649,2375,2701,,708,471,470,726,326,3331
6286,766,1239,1765,2462,2860,,766,473,526,697,398,3426
6255,729,1200,1731,2430,2849,,729,471,531,699,419,3406
6224,730,1203,1731,2385,2781,,730,473,528,654,396,3443
6311,740,1227,1740,2453,2863,,740,487,513,713,410,3448
6306,734,1221,1733,2447,2857,,734,487,512,714,410,3449
6312,741,1230,1741,2453,2865,,741,489,511,712,412,3447
6312,741,1228,1741,2452,2864,,741,487,513,711,412,3448
6309,739,1226,1738,2451,2864,,739,487,512,713,413,3445
6207,741,1228,1689,2392,2803,,741,487,461,703,411,3404
6109,731,1204,1731,2388,2737,,731,473,527,657,349,3372
6250,733,1206,1731,2428,2826,,733,473,525,697,398,3424
6209,731,1203,1731,2429,2826,,731,472,528,698,397,3383
6223,730,1202,1729,2385,2780,,730,472,527,656,395,3443
6312,740,1228,1740,2453,2863,,740,488,512,713,410,3449
6308,738,1224,1736,2450,2860,,738,486,512,714,410,3448
6311,740,1228,1740,2452,2864,,740,488,512,712,412,3447
6310,740,1227,1739,2453,2864,,740,487,512,714,411,3446
6313,742,1229,1741,2453,2865,,742,487,512,712,412,3448
6205,764,1250,1711,2416,2826,,764,486,461,705,410,3379
6110,730,1202,1729,2382,2735,,730,472,527,653,353,3375
6032,729,1202,1682,2313,2658,,729,473,480,631,345,3374
5806,695,1093,1490,2116,2461,,695,398,397,626,345,3345
5817,694,1090,1485,2119,2462,,694,396,395,634,343,3355
5911,697,1093,1489,2120,2466,,697,396,396,631,346,3445
6119,776,1247,1699,2307,2682,,776,471,452,608,375,3437
6114,731,1203,1731,2386,2732,,731,472,528,655,346,3382
6104,729,1200,1730,2387,2737,,729,471,530,657,350,3367
6138,753,1224,1753,2409,2759,,753,471,529,656,350,3379
6033,730,1227,1688,2328,2660,,730,497,461,640,332,3373
6108,735,1219,1756,2412,2737,,735,484,537,656,325,3371
6250,730,1202,1728,2424,2823,,730,472,526,696,399,3427
6049,730,1201,1649,2256,2552,,730,471,448,607,296,3497
6164,729,1200,1731,2386,2760,,729,471,531,655,374,3404
6231,764,1235,1764,2419,2788,,764,471,529,655,369,3443
6371,774,1262,1775,2487,2923,,774,488,513,712,436,3448
6310,740,1228,1739,2452,2863,,740,488,511,713,411,3447
6311,740,1228,1740,2452,2863,,740,488,512,712,411,3448
6311,742,1229,1741,2454,2863,,742,487,512,713,409,3448
6311,740,1217,1741,2452,2865,,740,477,524,711,413,3446
6283,740,1227,1740,2453,2863,,740,487,513,713,410,3420
6313,741,1228,1741,2453,2864,,741,487,513,712,411,3449
6334,763,1250,1763,2475,2886,,763,487,513,712,411,3448
6310,740,1228,1740,2453,2863,,740,488,512,713,410,3447
6328,757,1244,1757,2470,2880,,757,487,513,713,410,3448
6312,740,1227,1741,2452,2862,,740,487,514,711,410,3450
6312,741,1228,1742,2454,2863,,741,487,514,712,409,3449
6286,736,1224,1736,2449,2859,,736,488,512,713,410,3427
6313,742,1228,1741,2453,2864,,742,486,513,712,411,3449
6312,741,1207,1716,2429,2840,,741,466,509,713,411,3472
6084,727,1150,1623,2329,2727,,727,423,473,706,398,3357
6274,730,1203,1731,2430,2825,,730,473,528,699,395,3449
6075,732,1229,1650,2257,2641,,732,497,421,607,384,3434
6186,731,1203,1731,2428,2785,,731,472,528,697,357,3401
6143,729,1201,1729,2382,2756,,729,472,528,653,374,3387
6109,733,1206,1732,2387,2738,,733,473,526,655,351,3371
6113,730,1201,1732,2386,2734,,730,471,531,654,348,3379
6107,731,1203,1730,2384,2738,,731,472,527,654,354,3369
6092,715,1190,1663,2329,2721,,715,475,473,666,392,3371
6033,730,1201,1688,2328,2659,,730,471,487,640,331,3374
6109,756,1227,1756,2413,2738,,756,471,529,657,325,3371
6099,731,1201,1687,2326,2661,,731,470,486,639,335,3438
6180,731,1227,1731,2427,2785,,731,496,504,696,358,3395
6180,747,1217,1747,2363,2743,,747,470,530,616,380,3437
6312,745,1228,1745,2455,2865,,745,483,517,710,410,3447
6312,741,1228,1741,2455,2864,,741,487,513,714,409,3448
6312,742,1231,1742,2453,2863,,742,489,511,711,410,3449
6311,740,1252,1740,2452,2862,,740,512,488,712,410,3449
6320,750,1236,1748,2461,2872,,750,486,512,713,411,3448
6278,740,1227,1740,2453,2864,,740,487,513,713,411,3414
6162,756,1227,1723,2422,2786,,756,471,496,699,364,3376
6273,731,1203,1730,2427,2824,,731,472,527,697,397,3449
6314,746,1218,1744,2442,2863,,746,472,526,698,421,3451
6261,730,1201,1728,2425,2805,,730,471,527,697,380,3456
6312,741,1229,1741,2453,2864,,741,488,512,712,411,3448
6312,741,1228,1740,2453,2863,,741,487,512,713,410,3449
6311,741,1228,1741,2454,2865,,741,487,513,713,411,3446
6312,742,1227,1742,2453,2864,,742,485,515,711,411,3448
6321,743,1228,1741,2453,2864,,743,485,513,712,411,3457
6284,738,1224,1738,2429,2836,,738,486,514,691,407,3448
6180,741,1206,1681,2378,2778,,741,465,475,697,400,3402
6273,729,1204,1730,2428,2825,,729,475,526,698,397,3448
6098,756,1229,1671,2280,2662,,756,473,442,609,382,3436
6284,752,1224,1752,2452,2826,,752,472,528,700,374,3458
6300,742,1229,1743,2443,2853,,742,487,514,700,410,3447
6158,727,1198,1728,2425,2779,,727,471,530,697,354,3379
6099,729,1201,1730,2387,2736,,729,472,529,657,349,3363
6228,729,1198,1727,2420,2821,,729,469,529,693,401,3407
6366,740,1228,1741,2454,2890,,740,488,513,713,436,3476
6361,768,1280,1763,2467,2915,,768,512,483,704,448,3446
6253,741,1228,1720,2427,2863,,741,487,492,707,436,3390
6360,740,1228,1739,2481,2913,,740,488,511,742,432,3447
6345,775,1262,1774,2486,2898,,775,487,512,712,412,3447
6336,741,1228,1741,2453,2888,,741,487,513,712,435,3448
6335,764,1252,1764,2478,2887,,764,488,512,714,409,3448
6312,741,1228,1741,2453,2864,,741,487,513,712,411,3448
6311,739,1230,1742,2452,2861,,739,491,512,710,409,3450
6311,740,1228,1739,2452,2863,,740,488,511,713,411,3448
6311,739,1230,1741,2453,2863,,739,491,511,712,410,3448
6243,743,1229,1722,2408,2815,,743,486,493,686,407,3428
6339,741,1258,1743,2434,2864,,741,517,485,691,430,3475
6312,743,1230,1741,2454,2865,,743,487,511,713,411,3447
6346,728,1213,1776,2487,2898,,728,485,563,711,411,3448
6345,731,1216,1744,2456,2867,,731,485,528,712,411,3478
6313,730,1216,1740,2454,2864,,730,486,524,714,410,3449
6313,743,1255,1742,2454,2866,,743,512,487,712,412,3447
6313,742,1230,1742,2455,2864,,742,488,512,713,409,3449
6315,742,1235,1744,2457,2866,,742,493,509,713,409,3449
6314,746,1258,1742,2456,2867,,746,512,484,714,411,3447
6339,742,1229,1742,2456,2891,,742,487,513,714,435,3448
6235,742,1207,1718,2405,2814,,742,465,511,687,409,3421
6212,739,1226,1738,2430,2837,,739,487,512,692,407,3375
6342,759,1242,1771,2483,2893,,759,483,529,712,410,3449
6312,734,1229,1742,2454,2865,,734,495,513,712,411,3447
6314,741,1228,1742,2454,2865,,741,487,514,712,411,3449
6316,742,1229,1741,2454,2864,,742,487,512,713,410,3452
6338,743,1255,1742,2454,2892,,743,512,487,712,438,3446
6312,742,1230,1742,2453,2865,,742,488,512,711,412,3447
6315,743,1231,1744,2454,2866,,743,488,513,710,412,3449
6313,745,1255,1743,2454,2858,,745,510,488,711,404,3455
6174,743,1209,1719,2406,2740,,743,466,510,687,334,3434
6249,731,1228,1728,2424,2824,,731,497,500,696,400,3425
6192,699,1123,1592,2324,2742,,699,424,469,732,418,3450
6135,696,1153,1631,2333,2729,,696,457,478,702,396,3406
6064,730,1167,1640,2297,2683,,730,437,473,657,386,3381
6112,732,1204,1731,2386,2736,,732,472,527,655,350,3376
6136,731,1203,1730,2386,2757,,731,472,527,656,371,3379
6173,731,1202,1730,2386,2739,,731,471,528,656,353,3434
6086,702,1103,1574,2331,2709,,702,401,471,757,378,3377
6040,730,1226,1690,2326,2660,,730,496,464,636,334,3380
6070,757,1228,1757,2374,2680,,757,471,529,617,306,3390
6274,731,1203,1731,2426,2826,,731,472,528,695,400,3448
6051,732,1204,1648,2256,2552,,732,472,444,608,296,3499
6154,762,1157,1626,2337,2719,,762,395,469,711,382,3435
6114,729,1205,1679,2374,2732,,729,476,474,695,358,3382
6146,767,1240,1766,2420,2768,,767,473,526,654,348,3378
6091,732,1204,1731,2386,2712,,732,472,527,655,326,3379
6082,731,1203,1731,2385,2713,,731,472,528,654,328,3369
6239,714,1148,1643,2353,2790,,714,434,495,710,437,3449
6311,743,1229,1743,2454,2866,,743,486,514,711,412,3445
6287,741,1227,1741,2432,2814,,741,486,514,691,382,3473
6312,744,1233,1742,2454,2865,,744,489,509,712,411,3447
6301,714,1194,1741,2445,2855,,714,480,547,704,410,3446
6218,691,1125,1618,2328,2740,,691,434,493,710,412,3478
6344,760,1226,1775,2487,2898,,760,466,549,712,411,3446
6339,741,1228,1740,2453,2889,,741,487,512,713,436,3450
6363,742,1228,1743,2454,2890,,742,486,515,711,436,3473
6318,743,1229,1741,2455,2864,,743,486,512,714,409,3454
6336,738,1228,1741,2454,2893,,738,490,513,713,439,3443
6338,741,1229,1741,2454,2890,,741,488,512,713,436,3448
6314,771,1255,1768,2460,2866,,771,484,513,692,406,3448
6314,742,1229,1742,2455,2865,,742,487,513,713,410,3449
6152,696,1149,1585,2307,2729,,696,453,436,722,422,3423
6238,732,1180,1662,2371,2791,,732,448,482,709,420,3447
6245,728,1215,1676,2382,2800,,728,487,461,706,418,3445
6336,765,1252,1765,2476,2889,,765,487,513,711,413,3447
6311,741,1228,1740,2454,2863,,741,487,512,714,409,3448
6314,743,1228,1742,2455,2865,,743,485,514,713,410,3449
6313,743,1229,1734,2455,2864,,743,486,505,721,409,3449
6315,743,1229,1742,2454,2866,,743,486,513,712,412,3449
6337,768,1258,1770,2479,2890,,768,490,512,709,411,3447
6288,742,1231,1742,2454,2865,,742,489,511,712,411,3423
6177,694,1148,1596,2309,2732,,694,454,448,713,423,3445
6189,733,1164,1589,2318,2742,,733,431,425,729,424,3447
6210,741,1206,1637,2352,2763,,741,465,431,715,411,3447
6345,804,1287,1774,2486,2896,,804,483,487,712,410,3449
6361,741,1228,1770,2479,2914,,741,487,542,709,435,3447
6314,743,1255,1742,2454,2866,,743,512,487,712,412,3448
6336,741,1229,1744,2454,2888,,741,488,515,710,434,3448
6311,741,1229,1741,2453,2866,,741,488,512,712,413,3445
6249,740,1228,1740,2434,2826,,740,488,512,694,392,3423
6250,730,1202,1731,2429,2826,,730,472,529,698,397,3424
6277,731,1200,1733,2429,2829,,731,469,533,696,400,3448
6264,731,1203,1687,2406,2817,,731,472,484,719,411,3447
6241,741,1229,1684,2392,2801,,741,488,455,708,409,3440
6360,764,1251,1764,2476,2912,,764,487,513,712,436,3448
6311,741,1229,1740,2454,2864,,741,488,511,714,410,3447
6312,742,1230,1741,2453,2864,,742,488,511,712,411,3448
6338,742,1229,1741,2452,2889,,742,487,512,711,437,3449
6317,742,1229,1742,2455,2866,,742,487,513,713,411,3451
6306,775,1262,1776,2487,2865,,775,487,514,711,378,3441
6250,732,1203,1730,2428,2825,,732,471,527,698,397,3425
6275,730,1208,1730,2408,2827,,730,478,522,678,419,3448
6326,783,1268,1782,2494,2883,,783,485,514,712,389,3443
6288,743,1209,1718,2430,2839,,743,466,509,712,409,3449
6343,742,1228,1742,2455,2864,,742,486,514,713,409,3479
6313,743,1229,1742,2455,2865,,743,486,513,713,410,3448
6314,742,1227,1742,2454,2865,,742,485,515,712,411,3449
6313,742,1228,1742,2454,2865,,742,486,514,712,411,3448
6315,741,1254,1741,2453,2844,,741,513,487,712,391,3471
6287,740,1227,1739,2453,2842,,740,487,512,714,389,3445
6314,743,1230,1742,2454,2865,,743,487,512,712,411,3449
6224,734,1196,1708,2364,2778,,734,462,512,656,414,3446
6179,733,1202,1649,2344,2754,,733,469,447,695,410,3425
6059,661,1142,1615,2312,2685,,661,481,473,697,373,3374
6135,731,1203,1731,2388,2759,,731,472,528,657,371,3376
6116,732,1203,1731,2386,2737,,732,471,528,655,351,3379
6245,744,1229,1742,2438,2838,,744,485,513,696,400,3407
6337,743,1229,1742,2458,2889,,743,486,513,716,431,3448
6334,765,1251,1764,2476,2887,,765,486,513,712,411,3447
6312,742,1228,1741,2453,2866,,742,486,513,712,413,3446
6313,741,1228,1741,2454,2864,,741,487,513,713,410,3449
6200,743,1208,1707,2402,2766,,743,465,499,695,364,3434
6300,732,1204,1732,2438,2855,,732,472,528,706,417,3445
6233,692,1168,1731,2431,2828,,692,476,563,700,397,3405
6111,732,1204,1732,2388,2733,,732,472,528,656,345,3378
6087,731,1201,1731,2385,2712,,731,470,530,654,327,3375
6084,732,1203,1731,2386,2712,,732,471,528,655,326,3372
6084,732,1204,1690,2349,2714,,732,472,486,659,365,3370
6059,731,1207,1690,2326,2660,,731,476,483,636,334,3399
6285,766,1237,1766,2463,2861,,766,471,529,697,398,3424
6275,732,1203,1732,2429,2827,,732,471,529,697,398,3448
6252,732,1204,1731,2430,2826,,732,472,527,699,396,3426
6102,731,1227,1689,2358,2731,,731,496,462,669,373,3371
6138,731,1213,1732,2403,2760,,731,482,519,671,357,3378
6111,731,1200,1730,2386,2733,,731,469,530,656,347,3378
6109,732,1204,1732,2387,2737,,732,472,528,655,350,3372
6109,734,1232,1732,2386,2738,,734,498,500,654,352,3371
6109,732,1202,1731,2388,2740,,732,470,529,657,352,3369
6035,732,1205,1689,2329,2660,,732,473,484,640,331,3375
6102,757,1228,1677,2285,2668,,757,471,449,608,383,3434
6270,726,1198,1726,2424,2821,,726,472,528,698,397,3449
6205,731,1204,1732,2430,2826,,731,473,528,698,396,3379
6116,700,1171,1642,2364,2739,,700,471,471,722,375,3377
6160,753,1236,1757,2412,2781,,753,483,521,655,369,3379
6091,732,1204,1730,2385,2712,,732,472,526,655,327,3379
6113,731,1203,1731,2386,2732,,731,472,528,655,346,3381
6108,730,1203,1730,2387,2737,,730,473,527,657,350,3371
6086,731,1206,1732,2388,2714,,731,475,526,656,326,3372
6037,731,1202,1689,2327,2661,,731,471,487,638,334,3376
6147,757,1231,1757,2454,2760,,757,474,526,697,306,3387
6275,732,1203,1731,2427,2827,,732,471,528,696,400,3448
6200,731,1202,1732,2345,2754,,731,471,530,613,409,3446
6070,685,1153,1625,2332,2681,,685,468,472,707,349,3389
6085,732,1163,1641,2338,2726,,732,431,478,697,388,3359
6109,732,1203,1732,2387,2740,,732,471,529,655,353,3369
6108,731,1203,1731,2389,2738,,731,472,528,658,349,3370
6069,767,1238,1726,2362,2696,,767,471,488,636,334,3373
6060,756,1227,1714,2351,2686,,756,471,487,637,335,3374
6181,757,1229,1757,2455,2808,,757,472,528,698,353,3373
6120,730,1204,1731,2424,2735,,730,474,527,693,311,3385
6252,731,1206,1730,2426,2826,,731,475,524,696,400,3426
6114,731,1203,1732,2387,2739,,731,472,529,655,352,3375
6037,732,1204,1689,2329,2662,,732,472,485,640,333,3375
5945,756,1227,1662,2268,2564,,756,471,435,606,296,3381
6277,733,1206,1731,2428,2827,,733,473,525,697,399,3450
6163,730,1201,1731,2427,2786,,730,471,530,696,359,3377
6108,732,1204,1731,2386,2738,,732,472,527,655,352,3370
6037,733,1204,1690,2330,2661,,733,471,486,640,331,3376
6099,759,1231,1677,2284,2667,,759,472,446,607,383,3432
6119,730,1203,1732,2429,2735,,730,473,529,697,306,3384
6290,748,1220,1749,2444,2841,,748,472,529,695,397,3449
6216,731,1228,1730,2385,2777,,731,497,502,655,392,3439
6275,743,1231,1743,2457,2834,,743,488,512,714,377,3441
6019,731,1202,1742,2356,2652,,731,471,540,614,296,3367
6253,733,1204,1731,2429,2827,,733,471,527,698,398,3426
6162,732,1228,1733,2431,2784,,732,496,505,698,353,3378
6110,732,1205,1731,2388,2737,,732,473,526,657,349,3373
6036,731,1202,1690,2327,2661,,731,471,488,637,334,3375
6076,758,1230,1677,2285,2580,,758,472,447,608,295,3496
6070,732,1228,1731,2429,2733,,732,496,503,698,304,3337
6112,695,1168,1597,2310,2636,,695,473,429,713,326,3476
6215,732,1205,1732,2406,2763,,732,473,527,674,357,3452
6287,742,1228,1741,2455,2843,,742,486,513,714,388,3444
6101,743,1208,1684,2326,2674,,743,465,476,642,348,3427
6250,731,1204,1730,2429,2826,,731,473,526,699,397,3424
6213,731,1204,1731,2428,2825,,731,473,527,697,397,3388
6111,733,1206,1730,2385,2737,,733,473,524,655,352,3374
6037,731,1203,1692,2327,2661,,731,472,489,635,334,3376
6100,758,1229,1677,2284,2667,,758,471,448,607,383,3433
6145,731,1206,1732,2429,2737,,731,475,526,697,308,3408
6277,759,1234,1756,2453,2853,,759,475,522,697,400,3424
6142,730,1201,1731,2388,2761,,730,471,530,657,373,3381
6017,733,1207,1690,2327,2660,,733,474,483,637,333,3357
5946,757,1229,1677,2272,2570,,757,472,448,595,298,3376
6177,733,1229,1731,2429,2735,,733,496,502,698,306,3442
6161,732,1203,1730,2428,2785,,732,471,527,698,357,3376
6085,732,1204,1731,2386,2713,,732,472,527,655,327,3372
6036,732,1204,1691,2327,2661,,732,472,487,636,334,3375
5997,759,1231,1677,2284,2580,,759,472,446,607,296,3417
6177,732,1204,1733,2431,2734,,732,472,529,698,303,3443
6108,732,1203,1730,2387,2739,,732,471,527,657,352,3369
6037,731,1203,1689,2326,2659,,731,472,486,637,333,3378
6084,692,1126,1617,2327,2716,,692,434,491,710,389,3368
6238,769,1253,1717,2405,2791,,769,484,464,688,386,3447
6293,743,1228,1743,2455,2866,,743,485,515,712,411,3427
6314,743,1230,1743,2455,2865,,743,487,513,712,410,3449
6315,743,1230,1743,2456,2866,,743,487,513,713,410,3449
6344,743,1228,1747,2455,2866,,743,485,519,708,411,3478
6362,769,1253,1770,2478,2917,,769,484,517,708,439,3445
6313,743,1229,1742,2453,2865,,743,486,513,711,412,3448
6308,742,1230,1742,2454,2865,,742,488,512,712,411,3443
6312,743,1229,1743,2454,2856,,743,486,514,711,402,3456
6236,743,1230,1742,2454,2833,,743,487,512,712,379,3403
6200,742,1229,1711,2369,2764,,742,487,482,658,395,3436
6277,732,1231,1732,2430,2825,,732,499,501,698,395,3452
6209,732,1203,1731,2427,2827,,732,471,528,696,400,3382
6084,732,1204,1732,2387,2711,,732,472,528,655,324,3373
6036,731,1205,1688,2327,2660,,731,474,483,639,333,3376
6276,757,1228,1757,2454,2852,,757,471,529,697,398,3424
6276,732,1205,1734,2431,2827,,732,473,529,697,396,3449
6094,734,1206,1677,2373,2717,,734,472,471,696,344,3377
6114,731,1203,1731,2385,2736,,731,472,528,654,351,3378
6036,731,1204,1688,2327,2661,,731,473,484,639,334,3375
6022,758,1230,1678,2286,2655,,758,472,448,608,369,3367
6276,731,1227,1732,2430,2827,,731,496,505,698,397,3449
6160,732,1203,1731,2428,2786,,732,471,528,697,358,3374
6106,730,1203,1730,2386,2735,,730,473,527,656,349,3371
6038,733,1204,1690,2327,2661,,733,471,486,637,334,3377
6059,768,1241,1687,2295,2677,,768,473,446,608,382,3382
6276,731,1202,1732,2429,2827,,731,471,530,697,398,3449
6196,770,1252,1765,2462,2819,,770,482,513,697,357,3377
6024,742,1217,1699,2339,2672,,742,475,482,640,333,3352
6064,759,1230,1719,2354,2686,,759,471,489,635,332,3378
5908,682,1156,1628,2252,2568,,682,474,472,624,316,3340
6279,758,1231,1758,2456,2853,,758,473,527,698,397,3426
6160,733,1206,1733,2430,2786,,733,473,527,697,356,3374
6111,730,1227,1730,2386,2737,,730,497,503,656,351,3374
6038,732,1204,1689,2302,2660,,732,472,485,613,358,3378
6022,758,1231,1677,2284,2580,,758,473,446,607,296,3442
6276,734,1205,1735,2433,2827,,734,471,530,698,394,3449
6194,765,1237,1765,2462,2819,,765,472,528,697,357,3375
6065,754,1225,1710,2349,2681,,754,471,485,639,332,3384
6172,724,1206,1694,2383,2764,,724,482,488,689,381,3408
6225,743,1229,1743,2435,2782,,743,486,514,692,347,3443
6252,731,1202,1732,2429,2826,,731,471,530,697,397,3426
6182,728,1200,1729,2449,2812,,728,472,529,720,363,3370
6107,730,1202,1731,2386,2737,,730,472,529,655,351,3370
6035,733,1206,1690,2328,2662,,733,473,484,638,334,3373
6278,758,1230,1758,2455,2852,,758,472,528,697,397,3426
6176,733,1228,1731,2429,2732,,733,495,503,698,303,3444
6093,703,1160,1637,2326,2723,,703,457,477,689,397,3370
6038,732,1203,1690,2328,2661,,732,471,487,638,333,3377
6126,732,1203,1689,2383,2750,,732,471,486,694,367,3376
6288,743,1230,1717,2426,2841,,743,487,487,709,415,3447
6298,745,1229,1742,2453,2865,,745,484,513,711,412,3433
6339,743,1229,1743,2455,2866,,743,486,514,712,411,3473
6313,744,1229,1741,2454,2866,,744,485,512,713,412,3447
6293,743,1260,1742,2454,2866,,743,517,482,712,412,3427
6316,744,1229,1743,2454,2866,,744,485,514,711,412,3450
6312,743,1228,1742,2454,2865,,743,485,514,712,411,3447
6198,740,1175,1653,2353,2752,,740,435,478,700,399,3446
6162,731,1202,1732,2430,2788,,731,471,530,698,358,3374
6038,733,1206,1688,2304,2661,,733,473,482,616,357,3377
6224,757,1228,1758,2413,2783,,757,471,530,655,370,3441
6252,734,1205,1732,2428,2828,,734,471,527,696,400,3424
6162,731,1203,1731,2428,2786,,731,472,528,697,358,3376
6108,732,1205,1732,2388,2739,,732,473,527,656,351,3369
6036,731,1204,1689,2327,2659,,731,473,485,638,332,3377
6047,757,1230,1677,2286,2668,,757,473,447,609,382,3379
6250,731,1202,1730,2426,2826,,731,471,528,696,400,3424
6162,732,1202,1731,2429,2786,,732,470,529,698,357,3376
6061,690,1167,1641,2295,2684,,690,477,474,654,389,3377
6038,732,1205,1690,2328,2663,,732,473,485,638,335,3375
6071,758,1255,1758,2372,2699,,758,497,503,614,327,3372
6204,760,1257,1760,2457,2760,,760,497,503,697,303,3444
6160,731,1202,1732,2428,2786,,731,471,530,696,358,3374
6111,732,1204,1733,2389,2739,,732,472,529,656,350,3372
6037,733,1205,1690,2328,2660,,733,472,485,638,332,3377
6097,758,1259,1758,2373,2701,,758,501,499,615,328,3396
6108,732,1203,1733,2389,2740,,732,471,530,656,351,3368
6110,731,1203,1733,2363,2712,,731,472,530,630,349,3398
6234,732,1204,1732,2430,2826,,732,472,528,698,396,3408
6089,733,1205,1733,2387,2713,,733,472,528,654,326,3376
6190,757,1229,1678,2286,2727,,757,472,449,608,441,3463
6315,744,1231,1743,2455,2866,,744,487,512,712,411,3449
6312,742,1229,1742,2454,2865,,742,487,513,712,411,3447
6313,741,1229,1742,2456,2866,,741,488,513,714,410,3447
6312,741,1228,1742,2454,2864,,741,487,514,712,410,3448
6310,741,1229,1742,2453,2864,,741,488,513,711,411,3446
6312,743,1231,1741,2455,2864,,743,488,510,714,409,3448
6274,742,1229,1723,2420,2829,,742,487,494,697,409,3445
6067,734,1183,1655,2358,2711,,734,449,472,703,353,3356
6039,733,1206,1684,2315,2661,,733,473,478,631,346,3378
6289,759,1231,1757,2452,2833,,759,472,526,695,381,3456
6315,743,1229,1743,2455,2867,,743,486,514,712,412,3448
6312,744,1230,1743,2454,2864,,744,486,513,711,410,3448
6313,744,1231,1742,2455,2866,,744,487,511,713,411,3447
6337,741,1229,1741,2453,2890,,741,488,512,712,437,3447
6343,773,1261,1774,2486,2896,,773,488,513,712,410,3447
6339,746,1285,1770,2481,2891,,746,539,485,711,410,3448
6197,737,1206,1649,2352,2753,,737,469,443,703,401,3444
6088,731,1205,1731,2389,2717,,731,474,526,658,328,3371
6159,731,1202,1689,2346,2732,,731,471,487,657,386,3427
6290,771,1279,1748,2394,2816,,771,508,469,646,422,3474
6239,692,1181,1670,2379,2793,,692,489,489,709,414,3446
6340,742,1231,1743,2455,2867,,742,489,512,712,412,3473
6313,742,1230,1742,2455,2866,,742,488,512,713,411,3447
6312,743,1230,1743,2456,2867,,743,487,513,713,411,3445
6311,741,1228,1740,2454,2865,,741,487,512,714,411,3446
6313,743,1229,1742,2454,2865,,743,486,513,712,411,3448
6289,745,1211,1720,2431,2842,,745,466,509,711,411,3447
6289,744,1210,1743,2455,2867,,744,466,533,712,412,3422
6313,744,1231,1743,2456,2866,,744,487,512,713,410,3447
6307,738,1225,1739,2450,2861,,738,487,514,711,411,3446
6346,750,1237,1750,2466,2899,,750,487,513,716,433,3447
6313,742,1230,1742,2455,2865,,742,488,512,713,410,3448
6287,743,1229,1743,2455,2870,,743,486,514,712,415,3417
6314,745,1232,1743,2456,2866,,745,487,511,713,410,3448
6336,743,1230,1745,2455,2890,,743,487,515,710,435,3446
6315,744,1230,1744,2455,2865,,744,486,514,711,410,3450
6335,764,1232,1738,2450,2886,,764,468,506,712,436,3449
6287,743,1229,1722,2430,2840,,743,486,493,708,410,3447
6317,743,1230,1743,2455,2866,,743,487,513,712,411,3451
6341,744,1256,1743,2454,2867,,744,512,487,711,413,3474
6312,743,1228,1742,2455,2867,,743,485,514,713,412,3445
6314,742,1230,1743,2454,2866,,742,488,513,711,412,3448
6236,742,1229,1741,2433,2815,,742,487,512,692,382,3421
6313,745,1232,1745,2456,2868,,745,487,513,711,412,3445
6337,746,1230,1743,2457,2892,,746,484,513,714,435,3445
6314,744,1231,1744,2456,2868,,744,487,513,712,412,3446
6345,773,1247,1773,2486,2896,,773,474,526,713,410,3449
6244,742,1230,1665,2380,2816,,742,488,435,715,436,3428
6160,732,1229,1731,2428,2783,,732,497,502,697,355,3377
6200,759,1238,1758,2455,2762,,759,479,520,697,307,3438
6277,732,1204,1733,2431,2827,,732,472,529,698,396,3450
6186,732,1205,1736,2445,2812,,732,473,531,709,367,3374
6110,732,1229,1732,2386,2737,,732,497,503,654,351,3373
6031,733,1207,1690,2329,2661,,733,474,483,639,332,3370
6100,758,1231,1678,2286,2668,,758,473,447,608,382,3432
6276,732,1203,1732,2427,2827,,732,471,529,695,400,3449
6215,717,1187,1729,2354,2766,,717,470,542,625,412,3449
6171,742,1152,1618,2327,2740,,742,410,466,709,413,3431
6162,734,1231,1733,2429,2787,,734,497,502,696,358,3375
6136,732,1203,1730,2427,2734,,732,471,527,697,307,3402
6272,752,1224,1754,2450,2847,,752,472,530,696,397,3425
6161,731,1202,1731,2429,2785,,731,471,529,698,356,3376
6109,731,1202,1731,2387,2737,,731,471,529,656,350,3372
6033,732,1205,1690,2302,2662,,732,473,485,612,360,3371
6013,699,1200,1672,2294,2685,,699,501,472,622,391,3328
6126,780,1252,1698,2309,2690,,780,472,446,611,381,3436
6099,718,1136,1620,2344,2724,,718,418,484,724,380,3375
6036,732,1203,1690,2332,2661,,732,471,487,642,329,3375
6180,732,1228,1731,2403,2760,,732,496,503,672,357,3420
6291,742,1230,1743,2480,2836,,742,488,513,737,356,3455
6318,710,1206,1743,2456,2867,,710,496,537,713,411,3451
6337,741,1228,1740,2452,2863,,741,487,512,712,411,3474
6314,744,1230,1745,2455,2865,,744,486,515,710,410,3449
6340,744,1231,1743,2456,2891,,744,487,512,713,435,3449
6313,742,1230,1743,2455,2865,,742,488,513,712,410,3448
6338,742,1229,1742,2454,2890,,742,487,513,712,436,3448
6288,742,1230,1720,2430,2831,,742,488,490,710,401,3457
6263,742,1209,1718,2405,2814,,742,467,509,687,409,3449
6312,742,1254,1742,2454,2866,,742,512,488,712,412,3446
6308,740,1229,1741,2454,2863,,740,489,512,713,409,3445
6317,751,1240,1745,2457,2869,,751,489,505,712,412,3448
6317,744,1232,1745,2457,2868,,744,488,513,712,411,3449
6315,746,1231,1744,2457,2867,,746,485,513,713,410,3448
6316,745,1231,1749,2458,2869,,745,486,518,709,411,3447
6286,745,1261,1745,2457,2868,,745,516,484,712,411,3418
6265,745,1232,1744,2457,2846,,745,487,512,713,389,3419
6177,736,1214,1703,2378,2737,,736,478,489,675,359,3440
6153,732,1204,1732,2439,2802,,732,472,528,707,363,3351
6034,732,1204,1690,2328,2662,,732,472,486,638,334,3372
6301,759,1231,1760,2455,2858,,759,472,529,695,403,3443
6229,734,1208,1734,2430,2782,,734,474,526,696,352,3447
6159,731,1203,1732,2430,2785,,731,472,529,698,355,3374
6131,755,1253,1755,2410,2763,,755,498,502,655,353,3368
6034,731,1227,1689,2328,2660,,731,496,462,639,332,3374
6102,758,1230,1680,2289,2669,,758,472,450,609,380,3433
6110,732,1202,1734,2388,2739,,732,470,532,654,351,3371
6124,717,1170,1595,2304,2687,,717,453,425,709,383,3437
6235,733,1205,1733,2431,2828,,733,472,528,698,397,3407
6107,731,1206,1733,2386,2738,,731,475,527,653,352,3369
6274,759,1231,1758,2455,2853,,759,472,527,697,398,3421
6341,746,1200,1746,2457,2893,,746,454,546,711,436,3448
6316,744,1231,1743,2456,2867,,744,487,512,713,411,3449
6319,744,1231,1744,2455,2867,,744,487,513,711,412,3452
6314,744,1231,1744,2457,2866,,744,487,513,713,409,3448
6341,743,1230,1743,2454,2866,,743,487,513,711,412,3475
6321,772,1260,1772,2485,2896,,772,488,512,713,411,3425
6229,749,1234,1745,2437,2783,,749,485,511,692,346,3446
6199,734,1207,1733,2432,2826,,734,473,526,699,394,3373
6084,734,1206,1734,2389,2714,,734,472,528,655,325,3370
6076,757,1230,1677,2284,2580,,757,473,447,607,296,3496
6214,703,1122,1605,2342,2764,,703,419,483,737,422,3450
6315,744,1231,1743,2456,2867,,744,487,512,713,411,3448
6316,744,1256,1743,2455,2867,,744,512,487,712,412,3449
6340,744,1231,1744,2486,2892,,744,487,513,742,406,3448
6364,742,1229,1742,2484,2915,,742,487,513,742,431,3449
6261,741,1226,1744,2453,2843,,741,485,518,709,390,3418
6273,723,1199,1739,2451,2829,,723,476,540,712,378,3444
6113,731,1203,1732,2387,2738,,731,472,529,655,351,3375
6121,732,1203,1733,2387,2739,,732,471,530,654,352,3382
6116,732,1201,1666,2303,2661,,732,469,465,637,358,3455
6215,692,1154,1646,2357,2767,,692,462,492,711,410,3448
6340,746,1231,1745,2456,2868,,746,485,514,711,412,3472
6340,743,1233,1743,2456,2891,,743,490,510,713,435,3449
6370,744,1231,1745,2457,2892,,744,487,514,712,435,3478
6391,745,1228,1771,2508,2915,,745,483,543,737,407,3476
6263,744,1255,1744,2455,2846,,744,511,489,711,391,3417
6240,744,1234,1728,2411,2793,,744,490,494,683,382,3447
6290,743,1230,1743,2455,2846,,743,487,513,712,391,3444
6340,744,1231,1743,2456,2893,,744,487,512,713,437,3447
6330,744,1231,1744,2456,2867,,744,487,513,712,411,3463
6338,742,1228,1756,2467,2889,,742,486,528,711,422,3449
6314,743,1230,1743,2457,2866,,743,487,513,714,409,3448
6237,742,1229,1742,2434,2816,,742,487,513,692,382,3421
6314,743,1232,1744,2456,2867,,743,489,512,712,411,3447
6318,745,1231,1744,2456,2867,,745,486,513,712,411,3451
6260,742,1229,1740,2432,2839,,742,487,511,692,407,3421
6265,744,1230,1734,2404,2816,,744,486,504,670,412,3449
6263,743,1255,1743,2435,2816,,743,512,488,692,381,3447
6315,743,1229,1743,2454,2866,,743,486,514,711,412,3449
6318,743,1230,1743,2455,2866,,743,487,513,712,411,3452
6315,745,1231,1745,2455,2866,,745,486,514,710,411,3449
6315,744,1231,1744,2456,2868,,744,487,513,712,412,3447
6263,744,1232,1744,2456,2847,,744,488,512,712,391,3416
6314,747,1232,1745,2456,2867,,747,485,513,711,411,3447
6313,744,1230,1742,2455,2866,,744,486,512,713,411,3447
6238,745,1232,1743,2436,2818,,745,487,511,693,382,3420
6291,744,1261,1746,2439,2844,,744,517,485,693,405,3447
6288,772,1280,1767,2459,2842,,772,508,487,692,383,3446
6314,744,1230,1743,2454,2867,,744,486,513,711,413,3447
6365,769,1257,1769,2481,2918,,769,488,512,712,437,3447
6351,781,1269,1781,2494,2905,,781,488,512,713,411,3446
6312,743,1229,1743,2456,2868,,743,486,514,713,412,3444
6263,743,1231,1744,2457,2846,,743,488,513,713,389,3417
6340,746,1233,1745,2458,2894,,746,487,512,713,436,3446
6340,743,1230,1744,2486,2892,,743,487,514,742,406,3448
6237,744,1231,1743,2435,2817,,744,487,512,692,382,3420
6278,744,1232,1745,2450,2832,,744,488,513,705,382,3446
5705,693,1072,1459,2059,2378,,693,379,387,600,319,3327
5847,710,1108,1504,2132,2475,,710,398,396,628,343,3372
5814,627,1070,1494,2124,2468,,627,443,424,630,344,3346
6314,770,1224,1770,2465,2864,,770,454,546,695,399,3450
6136,733,1206,1733,2389,2761,,733,473,527,656,372,3375
6143,767,1239,1767,2424,2772,,767,472,528,657,348,3371
6035,733,1205,1692,2329,2662,,733,472,487,637,333,3373
6243,696,1186,1672,2381,2793,,696,490,486,709,412,3450
6314,744,1230,1744,2456,2866,,744,486,514,712,410,3448
6215,744,1231,1744,2437,2778,,744,487,513,693,341,3437
6241,745,1261,1744,2456,2794,,745,516,483,712,338,3447
6295,744,1230,1742,2456,2867,,744,486,512,714,411,3428
6319,770,1286,1796,2470,2854,,770,516,510,674,384,3465
6215,768,1179,1667,2346,2767,,768,411,488,679,421,3448
6343,745,1231,1744,2457,2868,,745,486,513,713,411,3475
6236,743,1229,1742,2435,2815,,743,486,513,693,380,3421
6315,745,1231,1744,2457,2868,,745,486,513,713,411,3447
6316,745,1230,1744,2455,2846,,745,485,514,711,391,3470
6237,743,1229,1744,2438,2817,,743,486,515,694,379,3420
6291,746,1232,1745,2464,2840,,746,486,513,719,376,3451
6289,743,1231,1743,2435,2841,,743,488,512,692,406,3448
6314,743,1230,1743,2455,2866,,743,487,513,712,411,3448
6370,775,1261,1779,2489,2923,,775,486,518,710,434,3447
6314,743,1231,1744,2458,2866,,743,488,513,714,408,3448
6340,743,1229,1743,2456,2892,,743,486,514,713,436,3448
6262,744,1230,1744,2454,2845,,744,486,514,710,391,3417
6316,746,1232,1746,2458,2867,,746,486,514,712,409,3449
6313,743,1231,1744,2456,2865,,743,488,513,712,409,3448
6264,745,1231,1744,2455,2851,,745,486,513,711,396,3413
6267,745,1233,1744,2457,2816,,745,488,511,713,359,3451
6238,743,1230,1742,2455,2789,,743,487,512,713,334,3449
6362,766,1252,1767,2477,2913,,766,486,515,710,436,3449
6373,780,1264,1779,2489,2925,,780,484,515,710,436,3448
6306,760,1248,1761,2471,2859,,760,488,513,710,388,3447
6340,743,1231,1744,2457,2892,,743,488,513,713,435,3448
6318,772,1259,1771,2484,2901,,772,487,512,713,417,3417
6316,746,1232,1745,2458,2871,,746,486,513,713,413,3445
6314,741,1229,1742,2454,2864,,741,488,513,712,410,3450
6258,739,1226,1738,2453,2841,,739,487,512,715,388,3417
6315,745,1232,1743,2457,2868,,745,487,511,714,411,3447
6238,743,1231,1744,2455,2788,,743,488,513,711,333,3450
6317,744,1231,1743,2456,2867,,744,487,512,713,411,3450
6338,744,1231,1744,2455,2867,,744,487,513,711,412,3471
6290,744,1231,1743,2456,2837,,744,487,512,713,381,3453
6313,744,1231,1744,2456,2866,,744,487,513,712,410,3447
6261,742,1229,1743,2454,2845,,742,487,514,711,391,3416
6315,744,1231,1744,2457,2868,,744,487,513,713,411,3447
6340,770,1256,1769,2483,2892,,770,486,513,714,409,3448
6262,743,1231,1744,2455,2846,,743,488,513,711,391,3416
6316,745,1232,1745,2458,2868,,745,487,513,713,410,3448
6265,744,1232,1745,2457,2814,,744,488,513,712,357,3451
6315,745,1232,1744,2455,2867,,745,487,512,711,412,3448
6338,744,1257,1745,2456,2891,,744,513,488,711,435,3447
6315,745,1232,1745,2456,2867,,745,487,513,711,411,3448
6340,773,1260,1747,2457,2890,,773,487,487,710,433,3450
6263,743,1231,1743,2455,2847,,743,488,512,712,392,3416
6318,745,1233,1744,2458,2869,,745,488,511,714,411,3449
6350,780,1268,1779,2491,2904,,780,488,511,712,413,3446
6263,713,1205,1744,2456,2846,,713,492,539,712,390,3417
6315,745,1232,1744,2456,2867,,745,487,512,712,411,3448
6288,743,1229,1742,2455,2850,,743,486,513,713,395,3438
6224,689,1183,1671,2381,2792,,689,494,488,710,411,3432
6314,744,1259,1772,2463,2864,,744,515,513,691,401,3450
6314,768,1219,1743,2456,2867,,768,451,524,713,411,3447
6337,742,1229,1741,2453,2864,,742,487,512,712,411,3473
6263,743,1230,1742,2455,2844,,743,487,512,713,389,3419
6365,745,1232,1745,2488,2921,,745,487,513,743,433,3444
6345,777,1263,1777,2488,2898,,777,486,514,711,410,3447
6200,745,1232,1724,2406,2792,,745,487,492,682,386,3408
6102,735,1231,1734,2349,2675,,735,496,503,615,326,3427
6113,733,1230,1733,2391,2738,,733,497,503,658,347,3375
6144,766,1241,1766,2421,2775,,766,475,525,655,354,3369
6313,769,1241,1769,2465,2865,,769,472,528,696,400,3448
6255,759,1230,1761,2416,2830,,759,471,531,655,414,3425
6166,733,1204,1734,2431,2788,,733,471,530,697,357,3378
6112,734,1230,1734,2390,2741,,734,496,504,656,351,3371
6036,733,1206,1691,2330,2662,,733,473,485,639,332,3374
6103,759,1256,1679,2287,2670,,759,497,423,608,383,3433
6303,758,1229,1758,2455,2853,,758,471,529,697,398,3450
6164,735,1207,1733,2430,2785,,735,472,526,697,355,3379
6113,733,1205,1733,2389,2739,,733,472,528,656,350,3374
6072,771,1201,1680,2335,2703,,771,430,479,655,368,3369
6103,759,1230,1679,2287,2669,,759,471,449,608,382,3434
6224,700,1174,1645,2324,2766,,700,474,471,679,442,3458
6341,745,1231,1744,2458,2897,,745,486,513,714,439,3444
6314,743,1230,1742,2455,2867,,743,487,512,713,412,3447
6314,743,1230,1746,2455,2867,,743,487,516,709,412,3447
6313,743,1229,1742,2455,2865,,743,486,513,713,410,3448
6292,742,1229,1742,2455,2865,,742,487,513,713,410,3427
6254,745,1231,1745,2457,2832,,745,486,514,712,375,3422
6213,734,1207,1734,2432,2827,,734,473,527,698,395,3386
6035,703,1132,1613,2266,2665,,703,429,481,653,399,3370
6302,760,1232,1759,2456,2858,,760,472,527,697,402,3444
6265,760,1232,1759,2416,2807,,760,472,527,657,391,3458
6315,745,1231,1746,2456,2867,,745,486,515,710,411,3448
6314,734,1243,1744,2455,2865,,734,509,501,711,410,3449
6315,744,1230,1743,2455,2865,,744,486,513,712,410,3450
6317,766,1187,1670,2390,2842,,766,421,483,720,452,3475
6317,744,1230,1772,2482,2891,,744,486,542,710,409,3426
6317,775,1284,1769,2482,2872,,775,509,485,713,390,3445
6313,744,1231,1744,2457,2867,,744,487,513,713,410,3446
6179,717,1152,1616,2315,2732,,717,435,464,699,417,3447
6309,768,1239,1766,2463,2861,,768,471,527,697,398,3448
6289,759,1233,1758,2456,2832,,759,474,525,698,376,3457
6368,770,1254,1742,2458,2895,,770,484,488,716,437,3473
6347,746,1230,1743,2455,2867,,746,484,513,712,412,3480
6339,744,1230,1744,2487,2892,,744,486,514,743,405,3447
6397,731,1227,1776,2488,2953,,731,496,549,712,465,3444
6262,760,1255,1743,2455,2846,,760,495,488,712,391,3416
6290,745,1231,1744,2458,2848,,745,486,513,714,390,3442
6312,743,1231,1744,2456,2866,,743,488,513,712,410,3446
6150,687,1171,1642,2337,2757,,687,484,471,695,420,3393
6452,806,1290,1807,2544,2976,,806,484,517,737,432,3476
6263,770,1228,1683,2390,2814,,770,458,455,707,424,3449
6340,743,1231,1743,2456,2867,,743,488,512,713,411,3473
6343,767,1285,1798,2507,2917,,767,518,513,709,410,3426
6391,744,1233,1746,2458,2922,,744,489,513,712,464,3469
6450,806,1317,1830,2538,2979,,806,511,513,708,441,3471
6215,789,1273,1743,2427,2808,,789,484,470,684,381,3407
6177,736,1207,1736,2433,2736,,736,471,529,697,303,3441
6113,733,1204,1733,2388,2740,,733,471,529,655,352,3373
6036,735,1206,1693,2334,2664,,735,471,487,641,330,3372
6136,767,1264,1769,2386,2691,,767,497,505,617,305,3445
6178,711,1185,1656,2359,2738,,711,474,471,703,379,3440
6163,734,1206,1733,2428,2788,,734,472,527,695,360,3375
6163,733,1229,1733,2429,2788,,733,496,504,696,359,3375
6036,734,1206,1692,2331,2663,,734,472,486,639,332,3373
6116,772,1243,1694,2302,2682,,772,471,451,608,380,3434
6238,759,1231,1759,2456,2854,,759,472,528,697,398,3384
6173,733,1230,1733,2429,2786,,733,497,503,696,357,3387
6253,734,1207,1733,2430,2829,,734,473,526,697,399,3424
6301,731,1206,1730,2433,2854,,731,475,524,703,421,3447
6124,705,1176,1649,2368,2748,,705,471,473,719,380,3376
6151,766,1237,1765,2420,2768,,766,471,528,655,348,3383
6111,734,1231,1734,2389,2740,,734,497,503,655,351,3371
6162,732,1208,1732,2430,2787,,732,476,524,698,357,3375
6112,732,1205,1733,2390,2739,,732,473,528,657,349,3373
6112,734,1206,1734,2390,2741,,734,472,528,656,351,3371
6248,752,1267,1771,2462,2853,,752,515,504,691,391,3395
6419,774,1283,1798,2535,2942,,774,509,515,737,407,3477
6493,774,1290,1827,2537,3017,,774,516,537,710,480,3476
6318,729,1196,1729,2391,2845,,729,467,533,662,454,3473
6404,806,1291,1777,2490,2930,,806,485,486,713,440,3474
6411,763,1279,1817,2526,2964,,763,516,538,709,438,3447
6391,743,1285,1794,2507,2947,,743,542,509,713,440,3444
6345,744,1235,1743,2456,2866,,744,491,508,713,410,3479
6340,744,1259,1744,2456,2896,,744,515,485,712,440,3444
6446,746,1261,1773,2513,2972,,746,515,512,740,459,3474
6088,684,1181,1653,2358,2755,,684,497,472,705,397,3333
6190,735,1206,1734,2431,2788,,735,471,528,697,357,3402
6187,733,1205,1736,2444,2812,,733,472,531,708,368,3375
6089,734,1206,1702,2357,2720,,734,472,496,655,363,3369
6247,766,1238,1767,2464,2864,,766,472,529,697,400,3383
6200,766,1238,1763,2461,2818,,766,472,525,698,357,3382
6164,735,1207,1736,2433,2789,,735,472,529,697,356,3375
6446,716,1197,1775,2514,2973,,716,481,578,739,459,3473
6316,746,1232,1745,2457,2868,,746,486,513,712,411,3448
6315,773,1258,1744,2448,2868,,773,485,486,704,420,3447
6313,772,1256,1744,2456,2867,,772,484,488,712,411,3446
6291,746,1232,1744,2457,2868,,746,486,512,713,411,3423
6345,742,1229,1744,2454,2865,,742,487,515,710,411,3480
6099,745,1231,1670,2300,2659,,745,486,439,630,359,3440
6342,747,1233,1746,2459,2897,,747,486,513,713,438,3445
6341,773,1286,1770,2481,2892,,773,513,484,711,411,3449
6395,775,1290,1799,2508,2917,,775,515,509,709,409,3478
6369,773,1260,1774,2483,2892,,773,487,514,709,409,3477
6344,744,1231,1743,2456,2868,,744,487,512,713,412,3476
6150,683,1180,1648,2343,2711,,683,497,468,695,368,3439
6099,754,1226,1754,2372,2678,,754,472,528,618,306,3421
6216,734,1206,1736,2434,2813,,734,472,530,698,379,3403
6188,735,1206,1734,2434,2812,,735,471,528,700,378,3376
6080,735,1207,1736,2384,2728,,735,472,529,648,344,3352
6196,767,1239,1767,2465,2819,,767,472,528,698,354,3377
6130,705,1175,1646,2327,2745,,705,470,471,681,418,3385
6160,733,1204,1731,2428,2784,,733,471,527,697,356,3376
6084,692,1127,1607,2307,2687,,692,435,480,700,380,3397
6164,733,1205,1734,2430,2788,,733,472,529,696,358,3376
6282,764,1235,1763,2460,2858,,764,471,528,697,398,3424
6078,733,1206,1654,2263,2644,,733,473,448,609,381,3434
6101,734,1204,1734,2390,2739,,734,470,530,656,349,3362
6114,734,1206,1734,2390,2741,,734,472,528,656,351,3373
6114,735,1206,1734,2391,2739,,735,471,528,657,348,3375
6144,779,1258,1770,2425,2773,,779,479,512,655,348,3371
6115,734,1203,1733,2389,2739,,734,469,530,656,350,3376
6108,733,1204,1732,2388,2739,,733,471,528,656,351,3369
6036,692,1128,1608,2269,2665,,692,436,480,661,396,3371
6101,757,1228,1678,2285,2667,,757,471,450,607,382,3434
6217,699,1185,1661,2374,2795,,699,486,476,713,421,3422
6079,748,1221,1657,2264,2645,,748,473,436,607,381,3434
6254,736,1208,1734,2433,2829,,736,472,526,699,396,3425
6365,746,1285,1793,2507,2916,,746,539,508,714,409,3449
6266,745,1232,1746,2436,2819,,745,487,514,690,383,3447
6336,786,1278,1766,2481,2889,,786,492,488,715,408,3447
6313,696,1182,1744,2457,2867,,696,486,562,713,410,3446
6364,741,1228,1742,2483,2920,,741,487,514,741,437,3444
6314,744,1230,1744,2456,2867,,744,486,514,712,411,3447
6314,745,1231,1744,2456,2867,,745,486,513,712,411,3447
6179,718,1153,1633,2332,2733,,718,435,480,699,401,3446
6259,757,1254,1756,2453,2851,,757,497,502,697,398,3408
6252,734,1204,1735,2432,2828,,734,470,531,697,396,3424
6193,735,1205,1734,2432,2787,,735,470,529,698,355,3406
6163,736,1166,1645,2344,2759,,736,430,479,699,415,3404
6254,726,1174,1657,2366,2776,,726,448,483,709,410,3478
6239,686,1169,1657,2370,2791,,686,483,488,713,421,3448
6317,746,1232,1747,2457,2868,,746,486,515,710,411,3449
6316,745,1232,1731,2440,2867,,745,487,499,709,427,3449
6317,746,1233,1745,2458,2868,,746,487,512,713,410,3449
6317,734,1202,1746,2458,2871,,734,468,544,712,413,3446
6316,746,1212,1746,2457,2867,,746,466,534,711,410,3449
6262,745,1233,1745,2459,2849,,745,488,512,714,390,3413
6229,746,1212,1721,2408,2780,,746,466,509,687,372,3449
6199,733,1205,1733,2431,2810,,733,472,528,698,379,3389
6242,743,1174,1657,2371,2793,,743,431,483,714,422,3449
6316,775,1239,1747,2459,2870,,775,464,508,712,411,3446
6314,744,1236,1748,2456,2868,,744,492,512,708,412,3446
6316,745,1233,1748,2458,2869,,745,488,515,710,411,3447
6316,744,1233,1745,2457,2868,,744,489,512,712,411,3448
6315,746,1213,1746,2458,2868,,746,467,533,712,410,3447
6317,746,1232,1745,2457,2868,,746,486,513,712,411,3449
6314,744,1231,1744,2456,2867,,744,487,513,712,411,3447
6379,783,1299,1781,2494,2930,,783,516,482,713,436,3449
6164,744,1231,1744,2381,2712,,744,487,513,637,331,3452
6341,732,1185,1745,2458,2893,,732,453,560,713,435,3448
6178,758,1233,1734,2433,2832,,758,475,501,699,399,3346
6210,733,1207,1733,2430,2826,,733,474,526,697,396,3384
6192,735,1166,1622,2329,2744,,735,431,456,707,415,3448
6317,745,1235,1745,2457,2868,,745,490,510,712,411,3449
6291,745,1232,1728,2435,2843,,745,487,496,707,408,3448
6341,745,1261,1773,2482,2894,,745,516,512,709,412,3447
6342,744,1231,1744,2458,2867,,744,487,513,714,409,3475
6318,745,1233,1745,2458,2899,,745,488,512,713,441,3419
6321,747,1233,1747,2439,2845,,747,486,514,692,406,3476
6290,744,1198,1718,2431,2843,,744,454,520,713,412,3447
6196,698,1176,1659,2370,2794,,698,478,483,711,424,3402
6317,747,1231,1744,2458,2868,,747,484,513,714,410,3449
6316,746,1262,1745,2458,2868,,746,516,483,713,410,3448
6342,746,1233,1746,2488,2894,,746,487,513,742,406,3448
6255,745,1232,1693,2397,2808,,745,487,461,704,411,3447
6070,730,1207,1679,2335,2700,,730,477,472,656,365,3370
6154,735,1207,1734,2367,2715,,735,472,527,633,348,3439
6254,733,1231,1733,2430,2829,,733,498,502,697,399,3425
6280,735,1206,1735,2434,2831,,735,471,529,699,397,3449
6192,734,1183,1610,2320,2743,,734,449,427,710,423,3449
6192,696,1132,1621,2330,2743,,696,436,489,709,413,3449
6342,747,1262,1746,2459,2898,,747,515,484,713,439,3444
6317,745,1262,1745,2457,2870,,745,517,483,712,413,3447
6318,746,1238,1750,2459,2869,,746,492,512,709,410,3449
6255,802,1290,1713,2411,2809,,802,488,423,698,398,3446
6239,708,1191,1669,2370,2790,,708,483,478,701,420,3449
6255,736,1206,1734,2433,2831,,736,470,528,699,398,3424
6279,733,1204,1736,2433,2831,,733,471,532,697,398,3448
6256,736,1209,1735,2431,2831,,736,473,526,696,400,3425
6297,717,1158,1630,2345,2796,,717,441,472,715,451,3501
6316,745,1205,1746,2459,2870,,745,460,541,713,411,3446
6368,747,1263,1746,2488,2918,,747,516,483,742,430,3450
6367,745,1233,1746,2488,2919,,745,488,513,742,431,3448
6393,743,1260,1768,2480,2919,,743,517,508,712,439,3474
6369,768,1255,1747,2456,2891,,768,487,492,709,435,3478
6277,728,1207,1736,2433,2833,,728,479,529,697,400,3444
6163,735,1208,1732,2430,2788,,735,473,524,698,358,3375
6113,738,1209,1734,2391,2741,,738,471,525,657,350,3372
6039,734,1207,1692,2330,2663,,734,473,485,638,333,3376
6220,723,1156,1632,2349,2771,,723,433,476,717,422,3449
6318,746,1236,1746,2459,2869,,746,490,510,713,410,3449
6342,747,1233,1746,2458,2898,,747,486,513,712,440,3444
6367,747,1259,1746,2462,2897,,747,512,487,716,435,3470
6346,747,1232,1746,2459,2869,,747,485,514,713,410,3477
6369,769,1235,1770,2480,2891,,769,466,535,710,411,3478
6348,777,1263,1747,2460,2869,,777,486,484,713,409,3479
6368,774,1288,1800,2510,2917,,774,514,512,710,407,3451
6391,746,1233,1774,2482,2923,,746,487,541,708,441,3468
6397,798,1287,1771,2511,2920,,798,489,484,740,409,3477
6429,781,1267,1807,2517,2955,,781,486,540,710,438,3474
6318,745,1234,1726,2435,2868,,745,489,492,709,433,3450
6371,746,1259,1746,2486,2894,,746,513,487,740,408,3477
6292,749,1234,1746,2438,2844,,749,485,512,692,406,3448
6367,746,1234,1774,2486,2924,,746,488,540,712,438,3443
6350,809,1294,1807,2490,2904,,809,485,513,683,414,3446
6118,709,1182,1652,2361,2763,,709,473,470,709,402,3355
6138,735,1206,1734,2390,2763,,735,471,528,656,373,3375
6111,735,1207,1734,2390,2741,,735,472,527,656,351,3370
6136,732,1228,1732,2389,2739,,732,496,504,657,350,3397
6220,733,1161,1642,2333,2743,,733,428,481,691,410,3477
6267,739,1202,1685,2393,2820,,739,463,483,708,427,3447
6342,776,1260,1746,2488,2894,,776,484,486,742,406,3448
6396,746,1234,1778,2490,2919,,746,488,544,712,429,3477
6396,749,1258,1775,2512,2919,,749,509,517,737,407,3477
6254,716,1206,1674,2381,2805,,716,490,468,707,424,3449
6363,704,1215,1742,2484,2915,,704,511,527,742,431,3448
6317,775,1260,1746,2459,2868,,775,485,486,713,409,3449
6346,747,1232,1746,2460,2869,,747,485,514,714,409,3477
6319,747,1233,1746,2458,2855,,747,486,513,712,397,3464
6257,706,1154,1629,2385,2803,,706,448,475,756,418,3454
6268,777,1226,1682,2391,2819,,777,449,456,709,428,3449
6319,746,1235,1746,2459,2869,,746,489,511,713,410,3450
6395,745,1232,1745,2486,2918,,745,487,513,741,432,3477
6420,775,1258,1775,2516,2944,,775,483,517,741,428,3476
6341,743,1231,1724,2462,2895,,743,488,493,738,433,3446
6272,730,1147,1632,2376,2794,,730,417,485,744,418,3478
6370,745,1232,1773,2483,2894,,745,487,541,710,411,3476
6341,747,1234,1746,2487,2895,,747,487,512,741,408,3446
6289,746,1233,1715,2460,2847,,746,487,482,745,387,3442
6319,748,1288,1796,2508,2902,,748,540,508,712,394,3417
6294,746,1239,1690,2407,2817,,746,493,451,717,410,3477
6341,745,1232,1745,2457,2894,,745,487,513,712,437,3447
6391,775,1259,1775,2485,2925,,775,484,516,710,440,3466
6243,746,1264,1726,2412,2794,,746,518,462,686,382,3449
6268,746,1233,1745,2458,2805,,746,487,512,713,347,3463
6296,733,1155,1664,2404,2818,,733,422,509,740,414,3478
6371,746,1263,1771,2483,2894,,746,517,508,712,411,3477
6318,746,1263,1750,2459,2869,,746,517,487,709,410,3449
6377,778,1295,1778,2521,2907,,778,517,483,743,386,3470
6300,778,1263,1752,2463,2875,,778,485,489,711,412,3425
6522,778,1294,1827,2565,3049,,778,516,533,738,484,3473
6421,775,1286,1799,2508,2947,,775,511,513,709,439,3474
6320,746,1261,1747,2458,2845,,746,515,486,711,387,3475
6346,747,1233,1774,2465,2870,,747,486,541,691,405,3476
6281,747,1233,1775,2465,2837,,747,486,542,690,372,3444
6294,711,1226,1744,2457,2869,,711,515,518,713,412,3425
6393,746,1233,1776,2485,2949,,746,487,543,709,464,3444
6339,743,1230,1743,2485,2891,,743,487,513,742,406,3448
6397,779,1265,1806,2519,2955,,779,486,541,713,436,3442
6317,746,1258,1748,2459,2869,,746,512,490,711,410,3448
6342,746,1235,1746,2463,2893,,746,489,511,717,430,3449
6344,744,1231,1745,2456,2866,,744,487,514,711,410,3478
6346,746,1233,1746,2457,2870,,746,487,513,711,413,3476
6295,746,1236,1746,2460,2869,,746,490,510,714,409,3426
6319,735,1224,1748,2460,2871,,735,489,524,712,411,3448
6155,682,1159,1632,2334,2733,,682,477,473,702,399,3422
6164,736,1234,1735,2432,2787,,736,498,501,697,355,3377
6143,765,1237,1764,2420,2772,,765,472,527,656,352,3371
6115,736,1209,1735,2393,2742,,736,473,526,658,349,3373
6095,757,1187,1624,2331,2712,,757,430,437,707,381,3383
6245,736,1209,1694,2387,2820,,736,473,485,693,433,3425
6369,746,1233,1746,2487,2921,,746,487,513,741,434,3448
6372,752,1237,1746,2458,2893,,752,485,509,712,435,3479
6397,746,1232,1775,2487,2917,,746,486,543,712,430,3480
6368,747,1234,1746,2487,2920,,747,487,512,741,433,3448
6368,776,1261,1747,2460,2924,,776,485,486,713,464,3444
6396,745,1232,1745,2457,2900,,745,487,513,712,443,3496
6389,768,1286,1824,2533,2942,,768,518,538,709,409,3447
6165,737,1209,1737,2436,2791,,737,472,528,699,355,3374
6141,735,1163,1605,2311,2732,,735,428,442,706,421,3409
6293,735,1232,1711,2403,2848,,735,497,479,692,445,3445
6346,774,1258,1745,2457,2869,,774,484,487,712,412,3477
6369,747,1234,1747,2488,2923,,747,487,513,741,435,3446
6370,744,1233,1745,2456,2896,,744,489,512,711,440,3474
6420,774,1258,1773,2484,2946,,774,484,515,711,462,3474
6180,745,1154,1631,2333,2732,,745,409,477,702,399,3448
6165,734,1207,1734,2430,2788,,734,473,527,696,358,3377
6449,758,1254,1832,2571,3001,,758,496,578,739,430,3448
6286,747,1234,1746,2488,2894,,747,487,512,742,406,3392
6392,742,1230,1772,2511,2915,,742,488,542,739,404,3477
6173,735,1164,1649,2346,2702,,735,429,485,697,356,3471
6416,745,1262,1798,2508,2972,,745,517,536,710,464,3444
6343,746,1235,1775,2485,2895,,746,489,540,710,410,3448
6317,745,1235,1745,2457,2868,,745,490,510,712,411,3449
6342,746,1232,1746,2457,2897,,746,486,514,711,440,3445
6270,745,1198,1745,2437,2845,,745,453,547,692,408,3425
6348,776,1260,1747,2459,2871,,776,484,487,712,412,3477
6392,738,1223,1746,2459,2924,,738,485,523,713,465,3468
6260,746,1234,1747,2459,2868,,746,488,513,712,409,3392
6314,769,1255,1768,2459,2867,,769,486,513,691,408,3447
6272,746,1262,1740,2418,2783,,746,516,478,678,365,3489
6317,747,1233,1747,2460,2869,,747,486,514,713,409,3448
6321,745,1263,1746,2460,2868,,745,518,483,714,408,3453
6370,745,1233,1774,2483,2893,,745,488,541,709,410,3477
6336,772,1284,1796,2534,2917,,772,512,512,738,383,3419
6293,735,1223,1776,2467,2870,,735,488,553,691,403,3423
6467,776,1288,1801,2539,3019,,776,512,513,738,480,3448
6366,761,1257,1798,2508,2917,,761,496,541,710,409,3449
6263,776,1260,1747,2458,2869,,776,484,487,711,411,3394
6330,784,1271,1785,2475,2883,,784,487,514,690,408,3447
6327,774,1313,1819,2531,2894,,774,539,506,712,363,3433
6190,735,1207,1739,2446,2814,,735,472,532,707,368,3376
6093,734,1206,1734,2389,2715,,734,472,528,655,326,3378
6113,738,1209,1735,2392,2743,,738,471,526,657,351,3370
6117,735,1206,1734,2391,2741,,735,471,528,657,350,3376
6247,734,1165,1656,2347,2770,,734,431,491,691,423,3477
6397,749,1233,1747,2458,2900,,749,484,514,711,442,3497
6352,741,1226,1779,2491,2902,,741,485,553,712,411,3450
6302,700,1211,1745,2458,2868,,700,511,534,713,410,3434
6216,736,1207,1735,2410,2809,,736,471,528,675,399,3407
6167,734,1161,1631,2335,2708,,734,427,470,704,373,3459
6339,742,1229,1743,2484,2890,,742,487,514,741,406,3449
6374,747,1235,1747,2460,2899,,747,488,512,713,439,3475
6317,747,1262,1746,2459,2870,,747,515,484,713,411,3447
6396,745,1233,1746,2458,2897,,745,488,513,712,439,3499
6317,746,1194,1746,2458,2868,,746,448,552,712,410,3449
6371,776,1260,1747,2459,2895,,776,484,487,712,436,3476
6404,780,1271,1779,2492,2928,,780,491,508,713,436,3476
6342,744,1233,1744,2456,2892,,744,489,511,712,436,3450
6176,748,1234,1727,2379,2772,,748,486,493,652,393,3404
6343,736,1188,1775,2463,2899,,736,452,587,688,436,3444
6395,801,1286,1798,2507,2917,,801,485,512,709,410,3478
6396,747,1234,1776,2515,2920,,747,487,542,739,405,3476
6346,747,1234,1747,2458,2869,,747,487,513,711,411,3477
6372,747,1233,1776,2487,2895,,747,486,543,711,408,3477
6291,747,1234,1776,2485,2873,,747,487,542,709,388,3418
6343,779,1266,1747,2489,2895,,779,487,481,742,406,3448
6356,780,1255,1779,2492,2882,,780,475,524,713,390,3474
6232,748,1213,1680,2378,2784,,748,465,467,698,406,3448
6245,733,1206,1733,2411,2818,,733,473,527,678,407,3427
6344,749,1234,1748,2460,2900,,749,485,514,712,440,3444
6340,769,1256,1769,2483,2892,,769,487,513,714,409,3448
6398,776,1261,1747,2490,2922,,776,485,486,743,432,3476
6316,746,1237,1750,2460,2870,,746,491,513,710,410,3446
6341,748,1234,1746,2487,2896,,748,486,512,741,409,3445
6266,746,1212,1687,2408,2819,,746,466,475,721,411,3447
6317,746,1233,1747,2458,2869,,746,487,514,711,411,3448
6268,707,1158,1575,2322,2792,,707,451,417,747,470,3476
6191,717,1141,1624,2333,2743,,717,424,483,709,410,3448
6341,747,1233,1745,2457,2893,,747,486,512,712,436,3448
6268,747,1234,1747,2438,2822,,747,487,513,691,384,3446
6317,746,1234,1746,2458,2868,,746,488,512,712,410,3449
6343,747,1234,1746,2460,2900,,747,487,512,714,440,3443
6238,744,1230,1743,2435,2816,,744,486,513,692,381,3422
6319,750,1236,1748,2460,2871,,750,486,512,712,411,3448
6291,747,1212,1723,2435,2845,,747,465,511,712,410,3446
6317,748,1235,1747,2459,2870,,748,487,512,712,411,3447
6317,747,1233,1749,2461,2870,,747,486,516,712,409,3447
6368,749,1234,1748,2489,2920,,749,485,514,741,431,3448
6349,750,1235,1748,2460,2882,,750,485,513,712,422,3467
6244,747,1200,1746,2459,2791,,747,453,546,713,332,3453
6373,749,1235,1748,2460,2896,,749,486,513,712,436,3477
6351,747,1235,1746,2460,2871,,747,488,511,714,411,3480
6318,749,1234,1747,2459,2871,,749,485,513,712,412,3447
6296,747,1234,1747,2459,2871,,747,487,513,712,412,3425
6229,735,1221,1693,2394,2805,,735,486,472,701,411,3424
6318,747,1234,1747,2459,2870,,747,487,513,712,411,3448
6320,748,1234,1747,2488,2895,,748,486,513,741,407,3425
6295,749,1233,1723,2434,2845,,749,484,490,711,411,3450
6317,746,1233,1746,2458,2864,,746,487,513,712,406,3453
6243,747,1235,1747,2460,2791,,747,488,512,713,331,3452
6316,746,1233,1746,2458,2868,,746,487,513,712,410,3448
6315,746,1232,1745,2458,2868,,746,486,513,713,410,3447
6317,746,1234,1746,2459,2869,,746,488,512,713,410,3448
6296,747,1235,1747,2460,2870,,747,488,512,713,410,3426
6168,746,1237,1668,2361,2745,,746,491,431,693,384,3423
6316,747,1234,1746,2459,2870,,747,487,512,713,411,3446
6319,773,1284,1771,2470,2894,,773,511,487,699,424,3425
6319,749,1236,1751,2463,2871,,749,487,515,712,408,3448
6342,748,1237,1748,2461,2877,,748,489,511,713,416,3465
6268,747,1237,1716,2433,2826,,747,490,479,717,393,3442
6346,746,1233,1747,2459,2869,,746,487,514,712,410,3477
6294,747,1235,1747,2459,2848,,747,488,512,712,389,3446
6348,747,1235,1747,2460,2870,,747,488,512,713,410,3478
6293,748,1235,1747,2459,2869,,748,487,512,712,410,3424
6161,742,1229,1664,2332,2740,,742,487,435,668,408,3421
6322,749,1235,1748,2460,2871,,749,486,513,712,411,3451
6377,750,1243,1781,2499,2928,,750,493,538,718,429,3449
6319,747,1234,1747,2461,2870,,747,487,513,714,409,3449
6317,748,1237,1748,2460,2872,,748,489,511,712,412,3445
6266,744,1231,1744,2457,2813,,744,487,513,713,356,3453
6315,743,1259,1743,2455,2866,,743,516,484,712,411,3449
6348,747,1234,1747,2459,2870,,747,487,513,712,411,3478
6317,747,1234,1748,2459,2869,,747,487,514,711,410,3448
6293,749,1235,1748,2459,2871,,749,486,513,711,412,3422
6142,749,1156,1564,2298,2720,,749,407,408,734,422,3422
6318,748,1234,1747,2460,2871,,748,486,513,713,411,3447
6302,782,1268,1782,2494,2848,,782,486,514,712,354,3454
6318,748,1235,1747,2459,2870,,748,487,512,712,411,3448
6343,773,1290,1774,2485,2898,,773,517,484,711,413,3445
6269,749,1234,1747,2459,2816,,749,485,513,712,357,3453
6321,748,1235,1748,2460,2872,,748,487,513,712,412,3449
6317,747,1234,1748,2458,2869,,747,487,514,710,411,3448
6319,749,1235,1748,2461,2872,,749,486,513,713,411,3447
6295,749,1236,1748,2460,2873,,749,487,512,712,413,3422
6141,748,1156,1562,2297,2720,,748,408,406,735,423,3421
6319,747,1234,1748,2460,2870,,747,487,514,712,410,3449
6279,716,1209,1696,2409,2830,,716,493,487,713,421,3449
6317,747,1234,1748,2457,2871,,747,487,514,709,414,3446
6441,797,1284,1797,2540,2973,,797,487,513,743,433,3468
6294,748,1185,1748,2460,2849,,748,437,563,712,389,3445
6343,747,1234,1747,2459,2900,,747,487,513,712,441,3443
6319,747,1235,1747,2460,2871,,747,488,512,713,411,3448
6319,748,1236,1748,2460,2871,,748,488,512,712,411,3448
6289,745,1231,1745,2456,2867,,745,486,514,711,411,3422
6140,746,1155,1622,2305,2719,,746,409,467,683,414,3421
6319,748,1236,1748,2461,2870,,748,488,512,713,409,3449
6346,746,1234,1745,2458,2869,,746,488,511,713,411,3477
6318,747,1234,1747,2466,2870,,747,487,513,719,404,3448
6318,748,1266,1748,2461,2871,,748,518,482,713,410,3447
6294,748,1234,1748,2460,2849,,748,486,514,712,389,3445
6345,749,1236,1749,2462,2896,,749,487,513,713,434,3449
6344,748,1234,1748,2459,2894,,748,486,514,711,435,3450
6294,749,1235,1748,2401,2851,,749,486,513,653,450,3443
6340,774,1259,1775,2485,2894,,774,485,516,710,409,3446
6347,776,1241,1746,2458,2868,,776,465,505,712,410,3479
6279,747,1202,1736,2432,2835,,747,455,534,696,403,3444
6323,736,1164,1687,2427,2845,,736,428,523,740,418,3478
6399,746,1262,1746,2489,2930,,746,516,484,743,441,3469
6325,776,1286,1772,2485,2896,,776,510,486,713,411,3429
6319,749,1259,1699,2414,2874,,749,510,440,715,460,3445
6248,664,1145,1634,2349,2771,,664,481,489,715,422,3477
6371,748,1233,1745,2460,2894,,748,485,512,715,434,3477
6345,744,1231,1744,2456,2867,,744,487,513,712,411,3478
6214,747,1234,1726,2410,2820,,747,487,492,684,410,3394
6346,775,1259,1746,2450,2869,,775,484,487,704,419,3477
6315,745,1233,1775,2486,2899,,745,488,542,711,413,3416
6368,777,1261,1777,2486,2921,,777,484,516,709,435,3447
6034,748,1213,1687,2330,2663,,748,465,474,643,333,3371
5814,700,1097,1493,2122,2465,,700,397,396,629,343,3349
5774,627,1051,1446,2077,2421,,627,424,395,631,344,3353
5722,625,1048,1444,2073,2391,,625,423,396,629,318,3331
6195,736,1209,1738,2436,2831,,736,473,529,698,395,3364
6114,737,1208,1737,2392,2763,,737,471,529,655,371,3351
6113,735,1207,1736,2391,2742,,735,472,529,655,351,3371
6056,738,1168,1647,2353,2706,,738,430,479,706,353,3350
6117,735,1206,1735,2390,2740,,735,471,529,655,350,3377
6076,736,1166,1609,2312,2691,,736,430,443,703,379,3385
6218,737,1208,1736,2408,2765,,737,471,528,672,357,3453
6423,755,1239,1806,2515,2955,,755,484,567,709,440,3468
6344,747,1233,1745,2487,2874,,747,486,512,742,387,3470
6347,746,1233,1746,2459,2869,,746,487,513,713,410,3478
6343,747,1234,1747,2460,2899,,747,487,513,713,439,3444
6343,746,1262,1746,2459,2870,,746,516,484,713,411,3473
6317,746,1233,1746,2459,2869,,746,487,513,713,410,3448
6230,747,1186,1716,2369,2782,,747,439,530,653,413,3448
6164,734,1210,1735,2431,2789,,734,476,525,696,358,3375
6193,678,1149,1576,2322,2744,,678,471,427,746,422,3449
6321,745,1232,1746,2458,2868,,745,487,514,712,410,3453
6365,767,1280,1766,2478,2888,,767,513,486,712,410,3477
6341,747,1235,1776,2486,2895,,747,488,541,710,409,3446
6318,747,1217,1748,2460,2870,,747,470,531,712,410,3448
6343,747,1263,1748,2459,2899,,747,516,485,711,440,3444
6319,747,1263,1747,2460,2870,,747,516,484,713,410,3449
6317,776,1265,1747,2459,2869,,776,489,482,712,410,3448
6269,775,1259,1726,2410,2820,,775,484,467,684,410,3449
6319,747,1235,1747,2459,2870,,747,488,512,712,411,3449
6373,753,1271,1749,2461,2895,,753,518,478,712,434,3478
6342,777,1262,1776,2485,2895,,777,485,514,709,410,3447
6371,769,1256,1770,2483,2892,,769,487,514,713,409,3479
6372,748,1265,1753,2463,2895,,748,517,488,710,432,3477
6204,733,1164,1643,2341,2757,,733,431,479,698,416,3447
6168,736,1209,1736,2434,2790,,736,473,527,698,356,3378
6113,736,1207,1735,2389,2741,,736,471,528,654,352,3372
6064,761,1232,1722,2360,2689,,761,471,490,638,329,3375
6201,762,1235,1701,2397,2798,,762,473,466,696,401,3403
6366,747,1263,1746,2488,2923,,747,516,483,742,435,3443
6341,775,1258,1746,2487,2893,,775,483,488,741,406,3448
6319,777,1261,1747,2459,2870,,777,484,486,712,411,3449
6318,733,1219,1746,2459,2869,,733,486,527,713,410,3449
6422,747,1233,1747,2486,2948,,747,486,514,739,462,3474
6205,735,1165,1643,2339,2760,,735,430,478,696,421,3445
6167,735,1207,1738,2437,2789,,735,472,531,699,352,3378
6113,736,1208,1736,2391,2741,,736,472,528,655,350,3372
6089,736,1208,1736,2391,2718,,736,472,528,655,327,3371
6273,735,1208,1691,2396,2800,,735,473,483,705,404,3473
6319,747,1260,1748,2459,2870,,747,513,488,711,411,3449
6344,749,1266,1747,2459,2901,,749,517,481,712,442,3443
6342,749,1235,1748,2460,2898,,749,486,513,712,438,3444
6350,779,1292,1779,2490,2902,,779,513,487,711,412,3448
6326,749,1236,1747,2459,2870,,749,487,511,712,411,3456
6279,748,1198,1736,2435,2834,,748,450,538,699,399,3445
6168,737,1233,1738,2436,2791,,737,496,505,698,355,3377
6114,736,1206,1737,2396,2741,,736,470,531,659,345,3373
6112,736,1210,1735,2392,2742,,736,474,525,657,350,3370
6168,736,1209,1735,2434,2782,,736,473,526,699,348,3386
6115,738,1210,1737,2393,2738,,738,472,527,656,345,3377
6272,696,1129,1608,2273,2775,,696,433,479,665,502,3497
6418,748,1235,1748,2490,2950,,748,487,513,742,460,3468
6247,763,1187,1673,2383,2800,,763,424,486,710,417,3447
6314,745,1234,1746,2458,2869,,745,489,512,712,411,3445
6254,746,1233,1691,2398,2808,,746,487,458,707,410,3446
6089,737,1209,1736,2392,2717,,737,472,527,656,325,3372
6061,761,1232,1718,2357,2691,,761,471,486,639,334,3370
6178,733,1202,1733,2385,2741,,733,469,531,652,356,3437
6156,736,1164,1627,2347,2718,,736,428,463,720,371,3438
6214,735,1207,1735,2430,2833,,735,472,528,695,403,3381
6221,737,1164,1643,2337,2746,,737,427,479,694,409,3475
6366,746,1233,1776,2485,2919,,746,487,543,709,434,3447
6248,715,1146,1641,2379,2801,,715,431,495,738,422,3447
6297,776,1264,1747,2460,2870,,776,488,483,713,410,3427
6243,747,1234,1669,2386,2796,,747,487,435,717,410,3447
6317,748,1235,1747,2460,2871,,748,487,512,713,411,3446
6319,748,1234,1748,2460,2871,,748,486,514,712,411,3448
6344,748,1236,1747,2460,2901,,748,488,511,713,441,3443
6094,748,1235,1671,2301,2661,,748,487,436,630,360,3433
6347,748,1235,1747,2459,2871,,748,487,512,712,412,3476
6317,748,1235,1748,2460,2871,,748,487,513,712,411,3446
6349,749,1261,1750,2461,2872,,749,512,489,711,411,3477
6318,749,1234,1747,2460,2871,,749,485,513,713,411,3447
6294,748,1235,1695,2410,2846,,748,487,460,715,436,3448
6192,747,1155,1622,2330,2745,,747,408,467,708,415,3447
6321,748,1235,1749,2461,2871,,748,487,514,712,410,3450
6319,750,1236,1748,2462,2872,,750,486,512,714,410,3447
6318,746,1234,1747,2459,2869,,746,488,513,712,410,3449
6244,748,1235,1724,2411,2796,,748,487,489,687,385,3448
6319,748,1235,1748,2461,2871,,748,487,513,713,410,3448
6317,749,1235,1742,2460,2867,,749,486,507,718,407,3450
6345,750,1261,1748,2463,2897,,750,511,487,715,434,3448
6320,746,1236,1752,2462,2872,,746,490,516,710,410,3448
6344,749,1236,1749,2461,2896,,749,487,513,712,435,3448
6162,748,1157,1648,2365,2797,,748,409,491,717,432,3365
6319,749,1236,1748,2461,2872,,749,487,512,713,411,3447
6320,747,1236,1748,2461,2871,,747,489,512,713,410,3449
6345,750,1235,1777,2487,2895,,750,485,542,710,408,3450
6244,748,1235,1727,2410,2797,,748,487,492,683,387,3447
6320,748,1236,1748,2461,2872,,748,488,512,713,411,3448
6273,748,1234,1748,2460,2874,,748,486,514,712,414,3399
6319,749,1214,1723,2435,2875,,749,465,509,712,440,3444
6319,749,1236,1749,2462,2871,,749,487,513,713,409,3448
6290,748,1235,1747,2460,2896,,748,487,512,713,436,3394
6131,735,1207,1734,2393,2756,,735,472,527,659,363,3375
6168,739,1212,1737,2396,2765,,739,473,525,659,369,3403
6367,748,1263,1772,2486,2924,,748,515,509,714,438,3443
6394,744,1232,1773,2483,2918,,744,488,541,710,435,3476
6321,747,1233,1746,2441,2844,,747,486,513,695,403,3477
6318,747,1239,1748,2460,2870,,747,492,509,712,410,3448
6424,748,1235,1776,2486,2952,,748,487,541,710,466,3472
6318,747,1234,1747,2460,2870,,747,487,513,713,410,3448
6179,705,1128,1545,2322,2733,,705,423,417,777,411,3446
6257,738,1234,1736,2433,2811,,738,496,502,697,378,3446
6259,749,1234,1746,2418,2844,,749,485,512,672,426,3415
6199,770,1244,1770,2466,2823,,770,474,526,696,357,3376
6120,767,1239,1767,2421,2749,,767,472,528,654,328,3371
6116,736,1232,1736,2393,2744,,736,496,504,657,351,3372
6349,763,1210,1693,2432,2875,,763,447,483,739,443,3474
6399,777,1261,1775,2485,2919,,777,484,514,710,434,3480
6322,748,1235,1748,2457,2850,,748,487,513,709,393,3472
6366,746,1234,1746,2458,2923,,746,488,512,712,465,3443
6204,770,1233,1705,2357,2757,,770,463,472,652,400,3447
6188,737,1192,1745,2449,2817,,737,455,553,704,368,3371
6143,738,1209,1738,2393,2771,,738,471,529,655,378,3372
6114,736,1207,1738,2397,2742,,736,471,531,659,345,3372
6087,736,1210,1734,2390,2717,,736,474,524,656,327,3370
6113,735,1207,1735,2391,2742,,735,472,528,656,351,3371
6273,736,1167,1602,2350,2798,,736,431,435,748,448,3475
6316,748,1262,1746,2459,2871,,748,514,484,713,412,3445
6294,775,1260,1750,2457,2849,,775,485,490,707,392,3445
6341,747,1234,1747,2459,2894,,747,487,513,712,435,3447
6182,777,1232,1683,2324,2736,,777,455,451,641,412,3446
6318,736,1192,1692,2438,2870,,736,456,500,746,432,3448
6393,747,1235,1776,2514,2949,,747,488,541,738,435,3444
6342,746,1234,1746,2458,2898,,746,488,512,712,440,3444
6347,749,1234,1747,2458,2870,,749,485,513,711,412,3477
6395,770,1258,1771,2510,2919,,770,488,513,739,409,3476
6369,749,1235,1749,2489,2922,,749,486,514,740,433,3447
6421,748,1235,1774,2513,2944,,748,487,539,739,431,3477
6313,742,1258,1772,2459,2865,,742,516,514,687,406,3448
6341,775,1288,1772,2486,2895,,775,513,484,714,409,3446
6238,780,1268,1742,2438,2806,,780,488,474,696,368,3432
6317,760,1232,1736,2444,2870,,760,472,504,708,426,3447
6397,747,1234,1747,2460,2905,,747,487,513,713,445,3492
6417,777,1263,1800,2510,2952,,777,486,537,710,442,3465
6369,748,1263,1748,2461,2926,,748,515,485,713,465,3443
6401,780,1268,1780,2522,2953,,780,488,512,742,431,3448
6303,770,1286,1770,2483,2861,,770,516,484,713,378,3442
6192,735,1207,1737,2436,2816,,735,472,530,699,380,3376
6042,753,1231,1693,2331,2672,,753,478,462,638,341,3370
6120,736,1207,1735,2392,2741,,736,471,528,657,349,3379
6205,737,1211,1740,2427,2782,,737,474,529,687,355,3423
6262,759,1231,1759,2465,2882,,759,472,528,706,417,3380
6231,737,1211,1735,2391,2786,,737,474,524,656,395,3445
6398,749,1235,1775,2486,2919,,749,486,540,711,433,3479
6347,748,1234,1748,2459,2869,,748,486,514,711,410,3478
6332,716,1208,1724,2432,2855,,716,492,516,708,423,3477
6308,774,1289,1802,2460,2862,,774,515,513,658,402,3446
6170,738,1209,1738,2435,2791,,738,471,529,697,356,3379
6119,738,1209,1737,2392,2744,,738,471,528,655,352,3375
6095,738,1210,1736,2392,2718,,738,472,526,656,326,3377
6091,687,1107,1589,2292,2693,,687,420,482,703,401,3398
6155,769,1265,1768,2423,2770,,769,496,503,655,347,3385
6119,735,1206,1736,2392,2740,,735,471,530,656,348,3379
6146,770,1241,1771,2427,2777,,770,471,530,656,350,3369
6476,755,1293,1827,2567,3000,,755,538,534,740,433,3476
6396,775,1260,1776,2486,2922,,775,485,516,710,436,3474
6267,812,1296,1730,2445,2823,,812,484,434,715,378,3444
6165,735,1206,1736,2433,2789,,735,471,530,697,356,3376
6267,737,1234,1737,2393,2807,,737,497,503,656,414,3460
6395,748,1234,1777,2516,2920,,748,486,543,739,404,3475
6280,749,1238,1747,2424,2834,,749,489,509,677,410,3446
6355,770,1266,1726,2442,2882,,770,496,460,716,440,3473
6347,747,1233,1746,2458,2868,,747,486,513,712,410,3479
6344,777,1261,1776,2485,2895,,777,484,515,709,410,3449
6345,776,1260,1747,2488,2895,,776,484,487,741,407,3450
6393,747,1234,1776,2485,2950,,747,487,542,709,465,3443
6281,748,1265,1715,2424,2834,,748,517,450,709,410,3447
6166,737,1210,1737,2434,2789,,737,473,527,697,355,3377
6206,737,1210,1737,2392,2767,,737,473,527,655,375,3439
6321,748,1264,1777,2486,2922,,748,516,513,709,436,3399
6303,748,1214,1776,2452,2859,,748,466,562,676,407,3444
6128,703,1174,1646,2372,2750,,703,471,472,726,378,3378
6148,737,1206,1736,2397,2765,,737,469,530,661,368,3383
6088,737,1208,1736,2392,2717,,737,471,528,656,325,3371
6112,735,1206,1735,2393,2743,,735,471,529,658,350,3369
6165,720,1199,1737,2433,2792,,720,479,538,696,359,3373
6118,737,1207,1738,2396,2744,,737,470,531,658,348,3374
6063,737,1209,1695,2357,2692,,737,472,486,662,335,3371
6230,738,1209,1738,2393,2786,,738,471,529,655,393,3444
6348,776,1260,1747,2460,2869,,776,484,487,713,409,3479
6342,706,1191,1747,2461,2895,,706,485,556,714,434,3447
6342,799,1284,1771,2485,2895,,799,485,487,714,410,3447
6373,748,1234,1751,2460,2896,,748,486,517,709,436,3477
6342,745,1261,1770,2483,2893,,745,516,509,713,410,3449
6348,747,1236,1748,2459,2870,,747,489,512,711,411,3478
6347,746,1263,1746,2458,2868,,746,517,483,712,410,3479
6280,781,1298,1809,2419,2804,,781,517,511,610,385,3476
6373,748,1265,1775,2485,2895,,748,517,510,710,410,3478
6395,749,1235,1748,2488,2921,,749,486,513,740,433,3474
6394,748,1236,1777,2516,2945,,748,488,541,739,429,3449
6267,748,1235,1726,2411,2823,,748,487,491,685,412,3444
6281,777,1264,1772,2434,2833,,777,487,508,662,399,3448
6190,735,1233,1736,2435,2790,,735,498,503,699,355,3400
6113,736,1206,1735,2392,2739,,736,470,529,657,347,3374
6114,736,1207,1735,2392,2742,,736,471,528,657,350,3372
6138,760,1233,1759,2415,2767,,760,473,526,656,352,3371
6117,738,1209,1737,2395,2747,,738,471,528,658,352,3370
6113,737,1210,1736,2392,2743,,737,473,526,656,351,3370
6094,738,1208,1737,2394,2717,,738,470,529,657,323,3377
6141,739,1233,1740,2396,2743,,739,494,507,656,347,3398
6106,764,1236,1714,2355,2689,,764,472,478,641,334,3417
6352,748,1235,1748,2460,2871,,748,487,513,712,411,3481
6393,770,1255,1798,2508,2916,,770,485,543,710,408,3477
6351,780,1295,1779,2491,2902,,780,515,484,712,411,3449
6319,744,1237,1748,2460,2869,,744,493,511,712,409,3450
6367,747,1234,1776,2485,2925,,747,487,542,709,440,3442
6279,717,1187,1646,2382,2833,,717,470,459,736,451,3446
6420,749,1236,1779,2520,2975,,749,487,543,741,455,3445
6347,747,1236,1747,2460,2870,,747,489,511,713,410,3477
6347,747,1235,1746,2459,2870,,747,488,511,713,411,3477
6211,747,1263,1727,2410,2821,,747,516,464,683,411,3390
6258,738,1247,1697,2398,2810,,738,509,450,701,412,3448
6173,739,1212,1737,2435,2789,,739,473,525,698,354,3384
6112,739,1212,1739,2396,2743,,739,473,527,657,347,3369
6115,737,1209,1740,2396,2743,,737,472,531,656,347,3372
6136,760,1232,1759,2415,2765,,760,472,527,656,350,3371
6128,748,1221,1748,2407,2755,,748,473,527,659,348,3373
6088,738,1208,1738,2396,2719,,738,470,530,658,323,3369
6120,736,1208,1737,2393,2743,,736,472,529,656,350,3377
6137,760,1258,1760,2416,2765,,760,498,502,656,349,3372
6120,764,1235,1762,2417,2745,,764,471,527,655,328,3375
6041,697,1176,1646,2305,2669,,697,479,470,659,364,3372
6097,737,1208,1738,2395,2718,,737,471,530,657,323,3379
6112,735,1208,1737,2391,2744,,735,473,529,654,353,3368
6114,735,1209,1736,2393,2740,,735,474,527,657,347,3374
6076,774,1247,1731,2370,2702,,774,473,484,639,332,3374
6063,759,1232,1716,2359,2688,,759,473,484,643,329,3375
6065,736,1207,1694,2334,2667,,736,471,487,640,333,3398
6146,739,1210,1737,2433,2789,,739,471,527,696,356,3357
6149,770,1242,1769,2425,2773,,770,472,527,656,348,3376
6239,772,1243,1770,2426,2795,,772,471,527,656,369,3444
6344,748,1264,1777,2476,2895,,748,516,513,699,419,3449
6431,781,1269,1782,2523,2958,,781,488,513,741,435,3473
6423,748,1265,1777,2486,2951,,748,517,512,709,465,3472
6319,748,1265,1747,2460,2870,,748,517,482,713,410,3449
6343,748,1235,1776,2486,2895,,748,487,541,710,409,3448
6344,747,1263,1726,2470,2895,,747,516,463,744,425,3449
6322,776,1260,1747,2460,2872,,776,484,487,713,412,3450
6346,746,1261,1745,2459,2868,,746,515,484,714,409,3478
6399,749,1234,1747,2489,2920,,749,485,513,742,431,3479
6409,815,1303,1785,2498,2937,,815,488,482,713,439,3472
6424,748,1228,1778,2518,2947,,748,480,550,740,429,3477
6451,782,1267,1810,2549,3008,,782,485,543,739,459,3443
6397,748,1234,1747,2488,2920,,748,486,513,741,432,3477
6322,776,1261,1777,2488,2895,,776,485,516,711,407,3427
6317,746,1233,1747,2459,2870,,746,487,514,712,411,3447
6316,770,1261,1772,2482,2868,,770,491,511,710,386,3448
6346,776,1260,1747,2460,2899,,776,484,487,713,439,3447
6317,748,1260,1747,2460,2870,,748,512,487,713,410,3447
6338,765,1280,1794,2502,2912,,765,515,514,708,410,3426
6272,739,1208,1677,2376,2796,,739,469,469,699,420,3476
6208,748,1182,1663,2361,2784,,748,434,481,698,423,3424
6173,738,1211,1738,2436,2790,,738,473,527,698,354,3383
6104,701,1176,1607,2319,2732,,701,475,431,712,413,3372
6161,713,1134,1617,2336,2755,,713,421,483,719,419,3406
6366,776,1286,1799,2535,2920,,776,510,513,736,385,3446
6206,691,1173,1646,2343,2759,,691,482,473,697,416,3447
6167,739,1213,1738,2434,2792,,739,474,525,696,358,3375
6117,736,1207,1737,2393,2745,,736,471,530,656,352,3372
6114,737,1208,1738,2395,2743,,737,471,530,657,348,3371
6116,738,1210,1739,2394,2744,,738,472,529,655,350,3372
6066,739,1209,1700,2362,2696,,739,470,491,662,334,3370
6108,749,1222,1748,2404,2730,,749,473,526,656,326,3378
6111,735,1207,1737,2395,2744,,735,472,530,658,349,3367
6087,738,1211,1735,2392,2718,,738,473,524,657,326,3369
6038,695,1177,1649,2305,2669,,695,482,472,656,364,3369
6170,738,1209,1738,2434,2792,,738,471,529,696,358,3378
6089,736,1207,1734,2391,2719,,736,471,527,657,328,3370
6116,736,1207,1737,2394,2742,,736,471,530,657,348,3374
6110,735,1233,1734,2390,2740,,735,498,501,656,350,3370
6318,713,1210,1746,2459,2869,,713,497,536,713,410,3449
6298,748,1236,1726,2393,2821,,748,488,490,667,428,3477
6301,716,1208,1695,2436,2854,,716,492,487,741,418,3447
6372,746,1264,1772,2484,2894,,746,518,508,712,410,3478
6344,778,1263,1749,2461,2895,,778,485,486,712,434,3449
6344,749,1264,1749,2460,2900,,749,515,485,711,440,3444
6397,776,1275,1771,2489,2920,,776,499,496,718,431,3477
6394,748,1235,1777,2516,2945,,748,487,542,739,429,3449
6372,749,1234,1751,2460,2899,,749,485,517,709,439,3473
6348,751,1291,1774,2487,2922,,751,540,483,713,435,3426
6345,780,1244,1726,2467,2898,,780,464,482,741,431,3447
6223,749,1236,1695,2399,2754,,749,487,459,704,355,3469
6344,746,1257,1745,2457,2869,,746,511,488,712,412,3475
6372,777,1262,1746,2459,2899,,777,485,484,713,440,3473
6321,748,1234,1747,2460,2900,,748,486,513,713,440,3421
6399,736,1208,1748,2492,2926,,736,472,540,744,434,3473
6232,736,1235,1738,2434,2790,,736,499,503,696,356,3442
6192,736,1208,1737,2438,2816,,736,472,529,701,378,3376
6124,737,1210,1737,2394,2742,,737,473,527,657,348,3382
6067,737,1161,1633,2294,2695,,737,424,472,661,401,3372
6193,739,1211,1738,2394,2765,,739,472,527,656,371,3428
6276,748,1235,1669,2385,2799,,748,487,434,716,414,3477
6368,749,1236,1748,2491,2921,,749,487,512,743,430,3447
6373,748,1234,1748,2489,2896,,748,486,514,741,407,3477
6398,747,1264,1776,2487,2926,,747,517,512,711,439,3472
6421,770,1258,1798,2508,2944,,770,488,540,710,436,3477
5966,666,1084,1501,2187,2563,,666,418,417,686,376,3403
6141,739,1212,1739,2395,2764,,739,473,527,656,369,3377
6128,738,1212,1740,2396,2744,,738,474,528,656,348,3384
6424,776,1232,1748,2489,2949,,776,456,516,741,460,3475
6197,769,1257,1701,2384,2769,,769,488,444,683,385,3428
6245,748,1158,1649,2388,2798,,748,410,491,739,410,3447
6339,799,1284,1769,2482,2892,,799,485,485,713,410,3447
6399,780,1266,1779,2489,2927,,780,486,513,710,438,3472
6400,776,1261,1746,2491,2926,,776,485,485,745,435,3474
6366,747,1234,1746,2488,2920,,747,487,512,742,432,3446
6347,749,1221,1748,2461,2872,,749,472,527,713,411,3475
6393,776,1314,1797,2512,2949,,776,538,483,715,437,3444
6314,748,1236,1749,2490,2922,,748,488,513,741,432,3392
6346,748,1236,1757,2468,2897,,748,488,521,711,429,3449
6469,770,1261,1802,2541,2997,,770,491,541,739,456,3472
6245,746,1157,1647,2311,2772,,746,411,490,664,461,3473
6415,759,1243,1773,2512,2973,,759,484,530,739,461,3442
6344,748,1236,1777,2487,2898,,748,488,541,710,411,3446
6319,747,1264,1748,2460,2870,,747,517,484,712,410,3449
6370,770,1288,1749,2486,2893,,770,518,461,737,407,3477
6343,777,1314,1783,2474,2895,,777,537,469,691,421,3448
6373,779,1289,1774,2486,2896,,779,510,485,712,410,3477
6353,778,1290,1797,2509,2920,,778,512,507,712,411,3433
6348,748,1234,1749,2460,2870,,748,486,515,711,410,3478
6349,810,1296,1780,2492,2903,,810,486,484,712,411,3446
6169,749,1157,1565,2300,2715,,749,408,408,735,415,3454
6277,712,1211,1748,2394,2822,,712,499,537,646,428,3455
6347,751,1237,1751,2464,2899,,751,486,514,713,435,3448
6347,749,1236,1749,2462,2897,,749,487,513,713,435,3450
6321,750,1236,1749,2461,2873,,750,486,513,712,412,3448
6243,749,1236,1675,2388,2786,,749,487,439,713,398,3457
6320,751,1236,1751,2462,2873,,751,485,515,711,411,3447
6318,749,1236,1750,2463,2871,,749,487,514,713,408,3447
6269,749,1236,1750,2462,2850,,749,487,514,712,388,3419
6257,750,1215,1725,2397,2811,,750,465,510,672,414,3446
6245,738,1211,1738,2436,2798,,738,473,527,698,362,3447
6393,776,1285,1772,2484,2924,,776,509,487,712,440,3469
6345,751,1236,1749,2490,2897,,751,485,513,741,407,3448
6349,749,1236,1748,2462,2872,,749,487,512,714,410,3477
6328,716,1208,1724,2462,2880,,716,492,516,738,418,3448
6207,750,1215,1725,2397,2780,,750,465,510,672,383,3427
6167,737,1208,1738,2434,2791,,737,471,530,696,357,3376
6117,738,1211,1736,2393,2741,,738,473,525,657,348,3376
6141,739,1211,1737,2399,2767,,739,472,526,662,368,3374
6174,769,1242,1769,2424,2775,,769,473,527,655,351,3399
6282,751,1236,1780,2468,2841,,751,485,544,688,373,3441
6165,738,1167,1647,2343,2765,,738,429,480,696,422,3400
6090,738,1210,1739,2395,2720,,738,472,529,656,325,3370
6149,771,1243,1770,2426,2779,,771,472,527,656,353,3370
6115,736,1206,1736,2417,2744,,736,470,530,681,327,3371
6144,717,1200,1737,2404,2768,,717,483,537,667,364,3376
6113,736,1208,1737,2393,2742,,736,472,529,656,349,3371
6117,739,1211,1739,2396,2745,,739,472,528,657,349,3372
6068,739,1237,1698,2358,2704,,739,498,461,660,346,3364
6202,770,1242,1770,2467,2825,,770,472,528,697,358,3377
6088,740,1212,1738,2393,2718,,740,472,526,655,325,3370
6245,698,1184,1673,2383,2797,,698,486,489,710,414,3448
6370,777,1292,1773,2487,2922,,777,515,481,714,435,3448
6299,748,1236,1749,2409,2822,,748,488,513,660,413,3477
6394,750,1238,1780,2518,2948,,750,488,542,738,430,3446
6190,750,1236,1749,2382,2798,,750,486,513,633,416,3392
6217,738,1210,1737,2434,2833,,738,472,527,697,399,3384
6092,738,1212,1739,2396,2719,,738,474,527,657,323,3373
6110,738,1213,1737,2394,2759,,738,475,524,657,365,3351
6102,677,1149,1621,2337,2730,,677,472,472,716,393,3372
6120,739,1238,1740,2394,2747,,739,499,502,654,353,3373
6195,698,1133,1603,2325,2747,,698,435,470,722,422,3448
6368,748,1266,1777,2512,2922,,748,518,511,735,410,3446
6399,751,1237,1781,2491,2927,,751,486,544,710,436,3472
6374,734,1243,1749,2462,2897,,734,509,506,713,435,3477
6271,751,1266,1729,2416,2824,,751,515,463,687,408,3447
6349,750,1236,1749,2462,2872,,750,486,513,713,410,3477
6349,750,1237,1749,2462,2873,,750,487,512,713,411,3476
6299,777,1261,1748,2460,2874,,777,484,487,712,414,3425
6177,749,1217,1725,2412,2783,,749,468,508,687,371,3394
6171,738,1211,1739,2438,2794,,738,473,528,699,356,3377
6067,739,1169,1604,2313,2693,,739,430,435,709,380,3374
6114,739,1211,1737,2392,2743,,739,472,526,655,351,3371
6140,764,1237,1766,2433,2768,,764,473,529,667,335,3372
6115,736,1208,1737,2394,2743,,736,472,529,657,349,3372
6162,740,1238,1739,2396,2786,,740,498,501,657,390,3376
6115,737,1208,1737,2394,2744,,737,471,529,657,350,3371
6093,738,1234,1738,2394,2719,,738,496,504,656,325,3374
6126,736,1207,1737,2393,2743,,736,471,530,656,350,3383
6117,739,1196,1739,2395,2745,,739,457,543,656,350,3372
6119,736,1208,1738,2394,2743,,736,472,530,656,349,3376
6246,738,1195,1682,2390,2799,,738,457,487,708,409,3447
6371,750,1237,1780,2488,2922,,750,487,543,708,434,3449
6347,777,1262,1746,2460,2870,,777,485,484,714,410,3477
6209,750,1174,1651,2347,2763,,750,424,477,696,416,3446
6207,738,1234,1738,2435,2775,,738,496,504,697,340,3432
6346,778,1291,1776,2487,2897,,778,513,485,711,410,3449
6333,750,1235,1778,2487,2923,,750,485,543,709,436,3410
6321,779,1293,1775,2470,2875,,779,514,482,695,405,3446
6346,721,1211,1778,2487,2897,,721,490,567,709,410,3449
6301,751,1237,1751,2443,2824,,751,486,514,692,381,3477
6345,749,1236,1728,2439,2902,,749,487,492,711,463,3443
6396,749,1236,1750,2490,2952,,749,487,514,740,462,3444
6351,750,1237,1749,2462,2873,,750,487,512,713,411,3478
6373,748,1215,1748,2460,2901,,748,467,533,712,441,3472
6195,735,1153,1635,2350,2752,,735,418,482,715,402,3443
6321,750,1236,1750,2462,2874,,750,486,514,712,412,3447
6331,749,1237,1749,2490,2898,,749,488,512,741,408,3433
6199,747,1258,1723,2407,2794,,747,511,465,684,387,3405
6137,749,1220,1693,2391,2757,,749,471,473,698,366,3380
6095,739,1212,1737,2393,2720,,739,473,525,656,327,3375
6139,738,1210,1698,2401,2770,,738,472,488,703,369,3369
6117,738,1210,1738,2393,2744,,738,472,528,655,351,3373
6298,771,1269,1774,2448,2865,,771,498,505,674,417,3433
6349,781,1263,1751,2463,2873,,781,482,488,712,410,3476
6350,748,1269,1773,2471,2866,,748,521,504,698,395,3484
6375,750,1267,1749,2462,2902,,750,517,482,713,440,3473
6371,749,1265,1749,2491,2925,,749,516,484,742,434,3446
6376,780,1263,1749,2490,2897,,780,483,486,741,407,3479
6347,755,1269,1751,2463,2902,,755,514,482,712,439,3445
6294,749,1235,1776,2486,2845,,749,486,541,710,359,3449
6375,750,1261,1749,2463,2902,,750,511,488,714,439,3473
6349,748,1264,1748,2462,2871,,748,516,484,714,409,3478
6345,776,1289,1774,2485,2896,,776,513,485,711,411,3449
6245,749,1265,1749,2441,2822,,749,516,484,692,381,3423
6320,751,1238,1750,2463,2876,,751,487,512,713,413,3444
6370,748,1235,1750,2489,2921,,748,487,515,739,432,3449
6424,749,1235,1777,2517,2947,,749,486,542,740,430,3477
6399,749,1235,1748,2489,2921,,749,486,513,741,432,3478
6371,749,1268,1749,2462,2925,,749,519,481,713,463,3446
6350,749,1265,1778,2466,2873,,749,516,513,688,407,3477
6371,778,1287,1805,2502,2922,,778,509,518,697,420,3449
6350,777,1262,1749,2461,2872,,777,485,487,712,411,3478
6342,771,1258,1771,2482,2893,,771,487,513,711,411,3449
6245,750,1237,1750,2441,2824,,750,487,513,691,383,3421
6351,751,1238,1750,2463,2873,,751,487,512,713,410,3478
6423,779,1263,1778,2516,2947,,779,484,515,738,431,3476
6422,779,1292,1774,2514,2949,,779,513,482,740,435,3473
6347,749,1236,1750,2490,2897,,749,487,514,740,407,3450
6290,769,1205,1721,2431,2843,,769,436,516,710,412,3447
6269,779,1266,1773,2485,2818,,779,487,507,712,333,3451
6271,750,1237,1728,2410,2824,,750,487,491,682,414,3447
6321,750,1265,1749,2462,2872,,750,515,484,713,410,3449
6344,748,1234,1777,2485,2896,,748,486,543,708,411,3448
6291,775,1312,1797,2488,2870,,775,537,485,691,382,3421
6351,750,1237,1750,2464,2873,,750,487,513,714,409,3478
6375,750,1267,1750,2462,2896,,750,517,483,712,434,3479
6402,749,1236,1783,2493,2923,,749,487,547,710,430,3479
6345,749,1236,1777,2488,2898,,749,487,541,711,410,3447
6344,748,1259,1748,2461,2896,,748,511,489,713,435,3448
6320,747,1235,1747,2489,2873,,747,488,512,742,384,3447
6320,744,1231,1745,2459,2851,,744,487,514,714,392,3469
6343,747,1235,1747,2459,2895,,747,488,512,712,436,3448
6374,750,1267,1749,2461,2897,,750,517,482,712,436,3477
6192,749,1173,1657,2359,2760,,749,424,484,702,401,3432
5871,712,1127,1543,2186,2528,,712,415,416,643,342,3343
6194,739,1211,1740,2437,2818,,739,472,529,697,381,3376
6091,742,1217,1738,2393,2721,,742,475,521,655,328,3370
6100,738,1212,1738,2393,2720,,738,474,526,655,327,3380
6194,737,1168,1608,2254,2746,,737,431,440,646,492,3448
6348,750,1239,1751,2492,2902,,750,489,512,741,410,3446
6285,750,1236,1778,2487,2833,,750,486,542,709,346,3452
6039,712,1183,1655,2311,2669,,712,471,472,656,358,3370
6074,713,1182,1612,2283,2696,,713,469,430,671,413,3378
6181,737,1207,1736,2390,2744,,737,470,529,654,354,3437
6233,739,1210,1739,2437,2798,,739,471,529,698,361,3435
6143,739,1210,1739,2395,2766,,739,471,529,656,371,3377
6115,738,1209,1737,2396,2743,,738,471,528,659,347,3372
6149,762,1259,1760,2419,2768,,762,497,501,659,349,3381
6250,665,1096,1530,2279,2777,,665,431,434,749,498,3473
6288,766,1252,1793,2482,2838,,766,486,541,689,356,3450
6170,749,1236,1749,2382,2712,,749,487,513,633,330,3458
6321,752,1237,1751,2463,2873,,752,485,514,712,410,3448
6349,749,1235,1751,2461,2872,,749,486,516,710,411,3477
6321,752,1262,1750,2462,2872,,752,510,488,712,410,3449
6247,753,1238,1752,2463,2795,,753,485,514,711,332,3452
6322,752,1239,1751,2463,2874,,752,487,512,712,411,3448
6321,750,1237,1750,2463,2874,,750,487,513,713,411,3447
6296,750,1237,1750,2462,2874,,750,487,513,712,412,3422
6206,751,1219,1724,2413,2799,,751,468,505,689,386,3407
6271,738,1209,1738,2436,2812,,738,471,529,698,376,3459
6271,751,1266,1751,2442,2822,,751,515,485,691,380,3449
6395,782,1266,1779,2516,2951,,782,484,513,737,435,3444
6400,778,1263,1778,2487,2926,,778,485,515,709,439,3474
6346,776,1260,1748,2460,2903,,776,484,488,712,443,3443
6371,751,1237,1751,2462,2905,,751,486,514,711,443,3466
6370,779,1289,1803,2512,2922,,779,510,514,709,410,3448
6322,750,1236,1750,2462,2878,,750,486,514,712,416,3444
6376,750,1237,1750,2463,2902,,750,487,513,713,439,3474
6222,750,1186,1641,2351,2773,,750,436,455,710,422,3449
6345,773,1260,1773,2485,2924,,773,487,513,712,439,3421
6299,752,1239,1752,2464,2854,,752,487,513,712,390,3445
6376,749,1266,1775,2488,2898,,749,517,509,713,410,3478
6321,725,1240,1748,2461,2872,,725,515,508,713,411,3449
6294,750,1241,1748,2491,2876,,750,491,507,743,385,3418
6351,743,1237,1750,2460,2873,,743,494,513,710,413,3478
6350,750,1238,1750,2461,2873,,750,488,512,711,412,3477
6346,778,1264,1749,2462,2901,,778,486,485,713,439,3445
6370,749,1237,1750,2492,2932,,749,488,513,742,440,3438
6081,737,1178,1617,2309,2708,,737,441,439,692,399,3373
6129,739,1183,1623,2311,2733,,739,444,440,688,422,3396
6099,732,1195,1634,2305,2694,,732,463,439,671,389,3405
6305,717,1201,1688,2403,2827,,717,484,487,715,424,3478
6371,726,1241,1778,2487,2922,,726,515,537,709,435,3449
6295,781,1268,1775,2467,2874,,781,487,507,692,407,3421
6302,781,1266,1750,2411,2824,,781,485,484,661,413,3478
6371,779,1291,1774,2487,2927,,779,512,483,713,440,3444
6374,751,1238,1750,2462,2901,,751,487,512,712,439,3473
6369,779,1293,1803,2512,2923,,779,514,510,709,411,3446
6254,728,1223,1753,2401,2809,,728,495,530,648,408,3445
6403,747,1230,1783,2496,2960,,747,483,553,713,464,3443
6283,750,1270,1752,2464,2837,,750,520,482,712,373,3446
6201,775,1259,1772,2470,2824,,775,484,513,698,354,3377
6151,745,1226,1738,2395,2766,,745,481,512,657,371,3385
6139,762,1235,1761,2419,2768,,762,473,526,658,349,3371
6123,738,1209,1740,2397,2745,,738,471,531,657,348,3378
6114,736,1234,1737,2393,2742,,736,498,503,656,349,3372
6115,739,1211,1741,2397,2745,,739,472,530,656,348,3370
6154,770,1266,1770,2426,2778,,770,496,504,656,352,3376
6292,699,1171,1646,2396,2849,,699,472,475,750,453,3443
6280,745,1236,1773,2463,2837,,745,491,537,690,374,3443
6147,739,1212,1738,2395,2769,,739,473,526,657,374,3378
6074,770,1224,1725,2369,2700,,770,454,501,644,331,3374
5991,739,1168,1583,2248,2580,,739,429,415,665,332,3411
5996,731,1164,1579,2278,2613,,731,433,415,699,335,3383
5995,698,1132,1549,2247,2581,,698,434,417,698,334,3414
5992,738,1166,1583,2247,2579,,738,428,417,664,332,3413
6117,739,1211,1739,2395,2741,,739,472,528,656,346,3376
6175,770,1246,1770,2427,2800,,770,476,524,657,373,3375
6229,771,1200,1659,2396,2785,,771,429,459,737,389,3444
6305,757,1219,1710,2452,2861,,757,462,491,742,409,3444
6296,751,1237,1750,2464,2852,,751,486,513,714,388,3444
6394,768,1254,1767,2479,2915,,768,486,513,712,436,3479
6347,738,1274,1750,2462,2901,,738,536,476,712,439,3446
6446,750,1266,1779,2518,2977,,750,516,513,739,459,3469
6325,750,1236,1749,2462,2853,,750,486,513,713,391,3472
6319,750,1265,1777,2478,2861,,750,515,512,701,383,3458
6345,750,1237,1750,2463,2898,,750,487,513,713,435,3447
6335,765,1251,1764,2476,2886,,765,486,513,712,410,3449
6383,787,1275,1788,2500,2934,,787,488,513,712,434,3449
6331,783,1270,1782,2475,2881,,783,487,512,693,406,3450
6297,750,1236,1749,2462,2851,,750,486,513,713,389,3446
6315,743,1232,1745,2456,2867,,743,489,513,711,411,3448
6320,778,1243,1752,2461,2872,,778,465,509,709,411,3448
6371,780,1289,1775,2487,2923,,780,509,486,712,436,3448
6344,778,1288,1774,2488,2896,,778,510,486,714,408,3448
6320,751,1237,1750,2462,2873,,751,486,513,712,411,3447
6319,780,1265,1750,2462,2873,,780,485,485,712,411,3446
6343,776,1260,1747,2461,2896,,776,484,487,714,435,3447
6323,750,1237,1751,2462,2874,,750,487,514,711,412,3449
6322,782,1269,1782,2474,2868,,782,487,513,692,394,3454
6074,739,1211,1698,2359,2695,,739,472,487,661,336,3379
5966,740,1171,1584,2247,2581,,740,431,413,663,334,3385
6041,739,1175,1582,2246,2667,,739,436,407,664,421,3374
6041,739,1193,1674,2310,2667,,739,454,481,636,357,3374
6051,738,1165,1579,2245,2666,,738,427,414,666,421,3385
6058,739,1167,1582,2245,2579,,739,428,415,663,334,3479
6086,759,1230,1717,2379,2714,,759,471,487,662,335,3372
5989,738,1168,1584,2246,2580,,738,430,416,662,334,3409
5979,739,1166,1580,2247,2579,,739,427,414,667,332,3400
6300,718,1201,1753,2463,2874,,718,483,552,710,411,3426
6347,751,1267,1751,2491,2898,,751,516,484,740,407,3449
6324,751,1217,1750,2462,2872,,751,466,533,712,410,3452
6197,735,1189,1738,2434,2793,,735,454,549,696,359,3404
5969,715,1144,1581,2249,2581,,715,429,437,668,332,3388
5993,740,1169,1583,2247,2581,,740,429,414,664,334,3412
5966,699,1132,1549,2246,2579,,699,433,417,697,333,3387
5992,701,1133,1549,2247,2580,,701,432,416,698,333,3412
5989,698,1133,1549,2248,2581,,698,435,416,699,333,3408
6157,701,1172,1640,2335,2731,,701,471,468,695,396,3426
6308,784,1256,1768,2463,2883,,784,472,512,695,420,3425
6377,751,1237,1780,2489,2899,,751,486,543,709,410,3478
6321,759,1244,1749,2463,2873,,759,485,505,714,410,3448
6238,736,1191,1737,2434,2836,,736,455,546,697,402,3402
6041,737,1209,1696,2335,2668,,737,472,487,639,333,3373
5993,738,1168,1581,2246,2580,,738,430,413,665,334,3413
5967,739,1169,1582,2246,2580,,739,430,413,664,334,3387
5893,725,1142,1540,2177,2522,,725,417,398,637,345,3371
5844,699,1110,1521,2147,2481,,699,411,411,626,334,3363
5973,697,1137,1548,2246,2580,,697,440,411,698,334,3393
6248,749,1200,1744,2437,2840,,749,451,544,693,403,3408
6400,748,1266,1748,2491,2921,,748,518,482,743,430,3479
6320,750,1265,1749,2462,2872,,750,515,484,713,410,3448
6165,750,1180,1651,2349,2761,,750,430,471,698,412,3404
6041,740,1185,1657,2324,2671,,740,445,472,667,347,3370
5992,737,1169,1581,2245,2579,,737,432,412,664,334,3413
6040,740,1195,1672,2308,2667,,740,455,477,636,359,3373
5966,741,1170,1585,2246,2580,,741,429,415,661,334,3386
6180,707,1175,1643,2338,2732,,707,468,468,695,394,3448
6350,751,1213,1752,2462,2873,,751,462,539,710,411,3477
6233,748,1237,1749,2428,2808,,748,489,512,679,380,3425
6048,740,1237,1696,2338,2668,,740,497,459,642,330,3380
6038,737,1212,1695,2309,2668,,737,475,483,614,359,3370
5989,738,1168,1587,2247,2581,,738,430,419,660,334,3408
6199,721,1158,1651,2359,2773,,721,437,493,708,414,3426
6283,779,1264,1750,2463,2841,,779,485,486,713,378,3442
6115,737,1234,1738,2394,2745,,737,497,504,656,351,3370
6048,738,1192,1672,2309,2667,,738,454,480,637,358,3381
6132,698,1176,1648,2302,2692,,698,478,472,654,390,3440
6345,749,1237,1779,2488,2897,,749,488,542,709,409,3448
6320,749,1235,1749,2460,2871,,749,486,514,711,411,3449
6320,749,1236,1749,2462,2871,,749,487,513,713,409,3449
6349,750,1254,1750,2461,2872,,750,504,496,711,411,3477
6320,752,1215,1725,2436,2877,,752,463,510,711,441,3443
6346,751,1237,1750,2490,2897,,751,486,513,740,407,3449
6269,777,1261,1749,2462,2872,,777,484,488,713,410,3397
6143,740,1211,1738,2392,2766,,740,471,527,654,374,3377
5990,738,1168,1582,2246,2580,,738,430,414,664,334,3410
6046,740,1197,1697,2335,2669,,740,457,500,638,334,3377
5993,776,1204,1602,2272,2617,,776,428,398,670,345,3376
6000,705,1134,1548,2252,2584,,705,429,414,704,332,3416
5973,742,1172,1585,2247,2579,,742,430,413,662,332,3394
6243,721,1138,1624,2363,2802,,721,417,486,739,439,3441
6195,750,1237,1685,2384,2788,,750,487,448,699,404,3407
6140,771,1242,1731,2366,2700,,771,471,489,635,334,3440
5843,698,1109,1522,2145,2468,,698,411,413,623,323,3375
5992,699,1134,1547,2247,2580,,699,435,413,700,333,3412
5991,699,1132,1547,2246,2581,,699,433,415,699,335,3410
5990,699,1144,1552,2247,2581,,699,445,408,695,334,3409
6030,731,1164,1581,2280,2613,,731,433,417,699,333,3417
5997,699,1133,1548,2250,2581,,699,434,415,702,331,3416
5996,698,1132,1548,2246,2579,,698,434,416,698,333,3417
6174,698,1135,1614,2325,2748,,698,437,479,711,423,3426
6218,750,1237,1697,2401,2814,,750,487,460,704,413,3404
6070,767,1239,1725,2364,2698,,767,472,486,639,334,3372
5970,740,1171,1584,2247,2582,,740,431,413,663,335,3388
5992,738,1166,1583,2248,2580,,738,428,417,665,332,3412
6116,739,1213,1738,2395,2745,,739,474,525,657,350,3371
6240,739,1174,1669,2378,2792,,739,435,495,709,414,3448
6363,768,1255,1799,2508,2915,,768,487,544,709,407,3448
6258,750,1238,1737,2431,2817,,750,488,499,694,386,3441
6173,739,1212,1739,2437,2793,,739,473,527,698,356,3380
6297,741,1189,1684,2401,2852,,741,448,495,717,451,3445
6260,780,1264,1697,2403,2813,,780,484,433,706,410,3447
6361,818,1302,1789,2501,2912,,818,484,487,712,411,3449
6270,751,1268,1751,2463,2854,,751,517,483,712,391,3416
6418,803,1317,1827,2536,2971,,803,514,510,709,435,3447
6349,777,1261,1748,2461,2871,,777,484,487,713,410,3478
6297,749,1236,1749,2462,2872,,749,487,513,713,410,3425
6270,738,1209,1743,2451,2858,,738,471,534,708,407,3412
6049,738,1210,1696,2337,2668,,738,472,486,641,331,3381
6057,739,1169,1582,2246,2668,,739,430,413,664,422,3389
6158,740,1169,1592,2295,2732,,740,429,423,703,437,3426
6191,749,1216,1690,2386,2786,,749,467,474,696,400,3405
6038,736,1208,1694,2332,2667,,736,472,486,638,335,3371
5993,739,1168,1582,2247,2581,,739,429,414,665,334,3412
5991,740,1170,1585,2248,2581,,740,430,415,663,333,3410
5990,701,1133,1548,2247,2582,,701,432,415,699,335,3408
6155,698,1150,1619,2313,2733,,698,452,469,694,420,3422
6403,783,1270,1782,2494,2959,,783,487,512,712,465,3444
6133,695,1187,1641,2286,2712,,695,492,454,645,426,3421
6042,739,1210,1696,2310,2667,,739,471,486,614,357,3375
5986,736,1166,1579,2247,2578,,736,430,413,668,331,3408
5989,739,1166,1582,2249,2580,,739,427,416,667,331,3409
5991,739,1167,1582,2245,2579,,739,428,415,663,334,3412
6102,742,1213,1739,2395,2720,,742,471,526,656,325,3382
6143,738,1237,1739,2397,2767,,738,499,502,658,370,3376
6114,737,1233,1737,2393,2745,,737,496,504,656,352,3369
6192,738,1193,1756,2452,2819,,738,455,563,696,367,3373
5985,714,1132,1549,2241,2585,,714,418,417,692,344,3400
6273,716,1199,1686,2434,2832,,716,483,487,748,398,3441
6372,752,1268,1751,2494,2954,,752,516,483,743,460,3418
6223,751,1159,1651,2360,2773,,751,408,492,709,413,3450
6265,751,1160,1652,2361,2774,,751,409,492,709,413,3491
6345,713,1194,1777,2487,2897,,713,481,583,710,410,3448
6347,751,1239,1751,2493,2898,,751,488,512,742,405,3449
6323,754,1264,1752,2465,2875,,754,510,488,713,410,3448
6320,749,1237,1749,2461,2872,,749,488,512,712,411,3448
6322,743,1228,1752,2463,2874,,743,485,524,711,411,3448
6205,738,1225,1730,2414,2799,,738,487,505,684,385,3406
6148,702,1188,1656,2364,2706,,702,486,468,708,342,3442
6321,752,1239,1756,2466,2875,,752,487,517,710,409,3446
6198,751,1160,1653,2339,2749,,751,409,493,686,410,3449
6272,752,1185,1705,2417,2824,,752,433,520,712,407,3448
6208,753,1239,1732,2415,2799,,753,486,493,683,384,3409
6071,742,1239,1700,2360,2699,,742,497,461,660,339,3372
6114,737,1209,1736,2391,2742,,737,472,527,655,351,3372
6116,738,1210,1738,2392,2744,,738,472,528,654,352,3372
6197,743,1163,1604,2326,2751,,743,420,441,722,425,3446
6158,740,1189,1663,2367,2718,,740,449,474,704,351,3440
6194,711,1207,1679,2352,2736,,711,496,472,673,384,3458
6424,750,1236,1749,2493,2952,,750,486,513,744,459,3472
6347,751,1266,1779,2466,2903,,751,515,513,687,437,3444
6401,780,1243,1750,2493,2927,,780,463,507,743,434,3474
6284,722,1221,1739,2436,2838,,722,499,518,697,402,3446
6282,763,1259,1763,2460,2858,,763,496,504,697,398,3424
6258,740,1212,1739,2437,2834,,740,472,527,698,397,3424
6039,737,1209,1698,2334,2667,,737,472,489,636,333,3372
5959,739,1162,1584,2243,2587,,739,423,422,659,344,3372
5996,740,1169,1587,2247,2583,,740,429,418,660,336,3413
5997,699,1135,1548,2247,2582,,699,436,413,699,335,3415
5965,742,1170,1586,2249,2584,,742,428,416,663,335,3381
6042,741,1197,1673,2309,2673,,741,456,476,636,364,3369
6042,740,1196,1672,2309,2671,,740,456,476,637,362,3371
5967,739,1170,1587,2249,2582,,739,431,417,662,333,3385
6044,737,1170,1580,2246,2667,,737,433,410,666,421,3377
5993,741,1170,1585,2247,2581,,741,429,415,662,334,3412
5969,700,1137,1548,2248,2580,,700,437,411,700,332,3389
5995,698,1130,1559,2251,2581,,698,432,429,692,330,3414
6001,730,1159,1598,2260,2587,,730,429,439,662,327,3414
5885,710,1131,1547,2170,2513,,710,421,416,623,343,3372
5993,740,1169,1583,2248,2585,,740,429,414,665,337,3408
5996,739,1167,1582,2247,2582,,739,428,415,665,335,3414
6041,741,1196,1675,2309,2671,,741,455,479,634,362,3370
6039,739,1193,1673,2310,2669,,739,454,480,637,359,3370
6053,738,1193,1671,2308,2667,,738,455,478,637,359,3386
5982,754,1182,1598,2265,2596,,754,428,416,667,331,3386
5966,700,1132,1547,2247,2580,,700,432,415,700,333,3386
6131,695,1128,1547,2269,2710,,695,433,419,722,441,3421
6097,707,1172,1649,2318,2718,,707,465,477,669,400,3379
6046,740,1211,1699,2336,2671,,740,471,488,637,335,3375
6039,737,1192,1670,2307,2665,,737,455,478,637,358,3374
6022,740,1194,1675,2310,2668,,740,454,481,635,358,3354
5991,738,1167,1581,2247,2585,,738,429,414,666,338,3406
6042,739,1195,1673,2310,2669,,739,456,478,637,359,3373
5970,739,1170,1583,2247,2581,,739,431,413,664,334,3389
5964,740,1169,1584,2246,2579,,740,429,415,662,333,3385
5989,738,1167,1582,2246,2581,,738,429,415,664,335,3408
5964,702,1132,1549,2247,2588,,702,430,417,698,341,3376
5850,717,1147,1564,2184,2504,,717,430,417,620,320,3346
6171,723,1148,1596,2312,2735,,723,425,448,716,423,3436
6282,752,1238,1781,2469,2873,,752,486,543,688,404,3409
6235,779,1264,1750,2441,2790,,779,485,486,691,349,3445
6117,742,1238,1742,2397,2750,,742,496,504,655,353,3367
5990,737,1168,1581,2244,2579,,737,431,413,663,335,3411
5994,739,1167,1581,2247,2580,,739,428,414,666,333,3414
5966,700,1133,1549,2248,2581,,700,433,416,699,333,3385
6155,739,1170,1604,2271,2714,,739,431,434,667,443,3441
6347,753,1218,1751,2465,2900,,753,465,533,714,435,3447
6083,751,1187,1654,2336,2724,,751,436,467,682,388,3359
6222,739,1148,1637,2352,2775,,739,409,489,715,423,3447
6357,784,1270,1783,2496,2906,,784,486,513,713,410,3451
6248,752,1238,1729,2413,2799,,752,486,491,684,386,3449
6170,752,1239,1731,2414,2758,,752,487,492,683,344,3412
6296,752,1238,1752,2464,2879,,752,486,514,712,415,3417
6323,752,1238,1755,2465,2875,,752,486,517,710,410,3448
6346,752,1238,1752,2462,2903,,752,486,514,710,441,3443
6347,752,1238,1752,2463,2901,,752,486,514,711,438,3446
6349,752,1240,1732,2440,2891,,752,488,492,708,451,3458
6209,751,1239,1732,2414,2799,,751,488,493,682,385,3410
6123,738,1210,1738,2393,2739,,738,472,528,655,346,3384
6069,766,1222,1699,2335,2698,,766,456,477,636,363,3371
5996,740,1168,1582,2249,2582,,740,428,414,667,333,3414
5968,739,1168,1583,2248,2581,,739,429,415,665,333,3387
5965,702,1133,1547,2247,2581,,702,431,414,700,334,3384
5993,700,1137,1548,2247,2582,,700,437,411,699,335,3411
5965,700,1133,1547,2247,2582,,700,433,414,700,335,3383
5991,700,1134,1549,2249,2580,,700,434,415,700,331,3411
5974,702,1134,1549,2250,2583,,702,432,415,701,333,3391
6132,716,1160,1565,2287,2725,,716,444,405,722,438,3407
6427,752,1218,1781,2490,2930,,752,466,563,709,440,3497
6321,750,1239,1751,2462,2873,,750,489,512,711,411,3448
6372,751,1239,1751,2492,2924,,751,488,512,741,432,3448
6210,751,1238,1750,2430,2785,,751,487,512,680,355,3425
6117,751,1226,1739,2395,2742,,751,475,513,656,347,3375
5971,742,1172,1584,2248,2582,,742,430,412,664,334,3389
5992,741,1170,1584,2248,2584,,741,429,414,664,336,3408
5966,741,1171,1585,2247,2582,,741,430,414,662,335,3384
5996,741,1168,1585,2249,2581,,741,427,417,664,332,3415
5986,740,1167,1589,2262,2601,,740,427,422,673,339,3385
5995,741,1170,1589,2247,2582,,741,429,419,658,335,3413
6067,740,1198,1675,2310,2669,,740,458,477,635,359,3398
5817,680,1085,1496,2125,2458,,680,405,411,629,333,3359
5969,699,1135,1548,2249,2583,,699,436,413,701,334,3386
5971,699,1138,1549,2249,2581,,699,439,411,700,332,3390
5969,698,1132,1546,2247,2583,,698,434,414,701,336,3386
5991,703,1134,1550,2249,2582,,703,431,416,699,333,3409
5991,698,1133,1547,2246,2570,,698,435,414,699,324,3421
5971,700,1133,1548,2250,2581,,700,433,415,702,331,3390
5835,701,1139,1545,2168,2486,,701,438,406,623,318,3349
5971,700,1136,1551,2254,2584,,700,436,415,703,330,3387
5991,741,1169,1584,2247,2583,,741,428,415,663,336,3408
5968,737,1167,1582,2244,2579,,737,430,415,662,335,3389
5993,699,1132,1547,2246,2581,,699,433,415,699,335,3412
5959,699,1133,1548,2241,2561,,699,434,415,693,320,3398
5969,699,1132,1549,2247,2580,,699,433,417,698,333,3389
5842,686,1118,1530,2150,2483,,686,432,412,620,333,3359
5966,740,1170,1586,2249,2580,,740,430,416,663,331,3386
5972,740,1170,1583,2245,2597,,740,430,413,662,352,3375
5965,740,1170,1588,2252,2585,,740,430,418,664,333,3380
5996,740,1174,1585,2250,2582,,740,434,411,665,332,3414
5968,706,1178,1609,2250,2584,,706,472,431,641,334,3384
5818,653,1094,1492,2126,2445,,653,441,398,634,319,3373
5969,700,1133,1550,2249,2581,,700,433,417,699,332,3388
5992,701,1135,1548,2249,2583,,701,434,413,701,334,3409
5971,740,1168,1584,2250,2581,,740,428,416,666,331,3390
5959,744,1175,1573,2242,2560,,744,431,398,669,318,3399
5991,698,1134,1554,2247,2580,,698,436,420,693,333,3411
5997,699,1133,1548,2248,2583,,699,434,415,700,335,3414
5960,700,1135,1549,2253,2588,,700,435,414,704,335,3372
5999,740,1172,1581,2250,2582,,740,432,409,669,332,3417
5984,741,1165,1564,2243,2562,,741,424,399,679,319,3422
6044,742,1196,1674,2312,2669,,742,454,478,638,357,3375
5993,740,1170,1584,2247,2582,,740,430,414,663,335,3411
5966,698,1132,1546,2249,2579,,698,434,414,703,330,3387
5997,698,1133,1548,2247,2580,,698,435,415,699,333,3417
5834,715,1132,1530,2168,2486,,715,417,398,638,318,3348
5994,699,1131,1563,2247,2584,,699,432,432,684,337,3410
5998,702,1134,1552,2249,2584,,702,432,418,697,335,3414
5958,698,1134,1548,2241,2586,,698,436,414,693,345,3372
5997,741,1168,1585,2250,2582,,741,427,417,665,332,3415
6014,739,1174,1583,2246,2668,,739,435,409,663,422,3346
5986,740,1168,1583,2249,2581,,740,428,415,666,332,3405
5842,682,1114,1523,2149,2482,,682,432,409,626,333,3360
5988,696,1130,1546,2243,2577,,696,434,416,697,334,3411
6055,739,1195,1673,2308,2668,,739,456,478,635,360,3387
5991,740,1170,1584,2247,2580,,740,430,414,663,333,3411
5967,741,1170,1583,2249,2582,,741,429,413,666,333,3385
5972,699,1135,1549,2249,2581,,699,436,414,700,332,3391
6023,740,1194,1678,2310,2669,,740,454,484,632,359,3354
6076,769,1223,1702,2342,2699,,769,454,479,640,357,3377
5967,742,1162,1593,2250,2583,,742,420,431,657,333,3384
5970,740,1171,1584,2250,2581,,740,431,413,666,331,3389
5993,739,1169,1582,2248,2582,,739,430,413,666,334,3411
5945,717,1149,1553,2189,2523,,717,432,404,636,334,3422
5845,701,1111,1522,2146,2468,,701,410,411,624,322,3377
5991,701,1136,1548,2247,2581,,701,435,412,699,334,3410
5964,699,1132,1547,2247,2580,,699,433,415,700,333,3384
5872,701,1132,1538,2172,2506,,701,431,406,634,334,3366
5853,706,1124,1522,2158,2477,,706,418,398,636,319,3376
6046,701,1134,1549,2250,2669,,701,433,415,701,419,3377
5985,740,1168,1584,2243,2586,,740,428,416,659,343,3399
5996,743,1171,1588,2249,2584,,743,428,417,661,335,3412
6023,730,1164,1580,2278,2614,,730,434,416,698,336,3409
5834,695,1111,1509,2143,2486,,695,416,398,634,343,3348
5995,701,1134,1549,2248,2582,,701,433,415,699,334,3413
5990,701,1135,1547,2247,2583,,701,434,412,700,336,3407
6135,742,1172,1608,2274,2715,,742,430,436,666,441,3420
6261,784,1268,1751,2464,2823,,784,484,483,713,359,3438
6198,740,1210,1740,2437,2795,,740,470,530,697,358,3403
6122,739,1210,1740,2396,2747,,739,471,530,656,351,3375
6116,739,1211,1742,2398,2746,,739,472,531,656,348,3370
6143,765,1261,1763,2418,2772,,765,496,502,655,354,3371
6116,763,1260,1761,2418,2744,,763,497,501,657,326,3372
6065,763,1234,1722,2360,2693,,763,471,488,638,333,3372
6069,762,1234,1721,2358,2691,,762,472,487,637,333,3378
6063,698,1121,1590,2269,2666,,698,423,469,679,397,3397
6112,739,1171,1607,2273,2693,,739,432,436,666,420,3419
6324,752,1239,1751,2464,2855,,752,487,512,713,391,3469
6322,723,1213,1751,2464,2874,,723,490,538,713,410,3448
6175,750,1237,1720,2371,2761,,750,487,483,651,390,3414
6010,739,1211,1711,2341,2664,,739,472,500,630,323,3346
6047,742,1198,1676,2310,2669,,742,456,478,634,359,3378
6046,741,1195,1673,2311,2672,,741,454,478,638,361,3374
5859,709,1114,1510,2143,2486,,709,405,396,633,343,3373
5968,701,1134,1551,2249,2583,,701,433,417,698,334,3385
5994,701,1138,1554,2248,2582,,701,437,416,694,334,3412
5964,700,1135,1548,2247,2582,,700,435,413,699,335,3382
5999,701,1137,1550,2250,2582,,701,436,413,700,332,3417
5815,700,1131,1529,2143,2461,,700,431,398,614,318,3354
5994,700,1135,1552,2248,2584,,700,435,417,696,336,3410
5995,701,1134,1548,2252,2582,,701,433,414,704,330,3413
5998,699,1134,1550,2249,2582,,699,435,416,699,333,3416
5968,701,1133,1549,2248,2581,,701,432,416,699,333,3387
5992,700,1136,1548,2247,2581,,700,436,412,699,334,3411
6121,739,1210,1741,2397,2746,,739,471,531,656,349,3375
6170,741,1199,1740,2437,2794,,741,458,541,697,357,3376
6146,741,1214,1741,2397,2767,,741,473,527,656,370,3379
6122,741,1236,1740,2395,2746,,741,495,504,655,351,3376
6173,762,1238,1713,2409,2769,,762,476,475,696,360,3404
6148,771,1245,1770,2426,2779,,771,474,525,656,353,3369
6142,765,1236,1766,2426,2773,,765,471,530,660,347,3369
6069,764,1237,1722,2365,2694,,764,473,485,643,329,3375
6066,765,1237,1720,2359,2692,,765,472,483,639,333,3374
6106,737,1213,1688,2312,2664,,737,476,475,624,352,3442
6261,741,1212,1741,2439,2836,,741,471,529,698,397,3425
6192,738,1212,1689,2384,2786,,738,474,477,695,402,3406
6042,739,1210,1697,2338,2669,,739,471,487,641,331,3373
5967,735,1162,1576,2244,2578,,735,427,414,668,334,3389
5976,738,1166,1584,2249,2581,,738,428,418,665,332,3395
5995,741,1169,1582,2247,2581,,741,428,413,665,334,3414
5966,700,1134,1551,2250,2591,,700,434,417,699,341,3375
5968,740,1170,1584,2249,2583,,740,430,414,665,334,3385
5969,740,1168,1583,2248,2580,,740,428,415,665,332,3389
5991,740,1169,1587,2247,2583,,740,429,418,660,336,3408
5971,702,1135,1549,2248,2583,,702,433,414,699,335,3388
5990,699,1133,1553,2251,2582,,699,434,420,698,331,3408
5992,741,1169,1584,2248,2581,,741,428,415,664,333,3411
6046,697,1132,1547,2246,2668,,697,435,415,699,422,3378
5988,740,1170,1586,2246,2564,,740,430,416,660,318,3424
5997,701,1135,1551,2249,2583,,701,434,416,698,334,3414
5993,700,1133,1549,2248,2585,,700,433,416,699,337,3408
5878,712,1130,1528,2164,2508,,712,418,398,636,344,3370
5970,699,1133,1552,2246,2581,,699,434,419,694,335,3389
5996,700,1136,1551,2253,2583,,700,436,415,702,330,3413
5845,700,1111,1523,2147,2481,,700,411,412,624,334,3364
5966,700,1135,1554,2250,2583,,700,435,419,696,333,3383
6043,700,1134,1550,2248,2669,,700,434,416,698,421,3374
5999,742,1170,1585,2248,2581,,742,428,415,663,333,3418
6055,740,1198,1676,2314,2670,,740,458,478,638,356,3385
5971,740,1169,1585,2249,2581,,740,429,416,664,332,3390
6037,743,1198,1674,2310,2673,,743,455,476,636,363,3364
6017,763,1194,1606,2270,2604,,763,431,412,664,334,3413
5995,741,1170,1585,2249,2585,,741,429,415,664,336,3410
5992,699,1134,1548,2250,2582,,699,435,414,702,332,3410
5996,700,1135,1549,2249,2582,,700,435,414,700,333,3414
5993,699,1135,1550,2229,2561,,699,436,415,679,332,3432
5967,741,1170,1585,2249,2582,,741,429,415,664,333,3385
5998,741,1172,1586,2251,2583,,741,431,414,665,332,3415
5977,740,1169,1587,2247,2581,,740,429,418,660,334,3396
5967,737,1166,1581,2243,2579,,737,429,415,662,336,3388
5995,741,1171,1585,2248,2582,,741,430,414,663,334,3413
6012,766,1196,1610,2274,2608,,766,430,414,664,334,3404
6044,740,1193,1695,2335,2669,,740,453,502,640,334,3375
6043,739,1193,1674,2310,2670,,739,454,481,636,360,3373
6044,741,1238,1698,2337,2670,,741,497,460,639,333,3374
6010,740,1195,1675,2312,2666,,740,455,480,637,354,3344
6043,740,1195,1674,2309,2670,,740,455,479,635,361,3373
5972,741,1169,1586,2247,2584,,741,428,417,661,337,3388
6028,727,1202,1631,2274,2607,,727,475,429,643,333,3421
5966,738,1168,1582,2244,2580,,738,430,414,662,336,3386
5995,699,1133,1549,2248,2580,,699,434,416,699,332,3415
5990,705,1132,1549,2248,2583,,705,427,417,699,335,3407
5996,702,1136,1550,2248,2583,,702,434,414,698,335,3413
5832,695,1112,1510,2144,2462,,695,417,398,634,318,3370
5994,700,1133,1552,2248,2581,,700,433,419,696,333,3413
5968,701,1135,1550,2254,2584,,701,434,415,704,330,3384
5967,701,1135,1550,2250,2583,,701,434,415,700,333,3384
5996,700,1134,1550,2249,2582,,700,434,416,699,333,3414
5838,695,1111,1509,2119,2462,,695,416,398,610,343,3376
5998,701,1135,1552,2252,2583,,701,434,417,700,331,3415
5971,700,1133,1550,2248,2583,,700,433,417,698,335,3388
5968,704,1135,1549,2248,2583,,704,431,414,699,335,3385
5994,701,1133,1548,2248,2581,,701,432,415,700,333,3413
5970,704,1136,1550,2250,2584,,704,432,414,700,334,3386
5998,700,1134,1553,2250,2586,,700,434,419,697,336,3412
5860,701,1112,1523,2154,2485,,701,411,411,631,331,3375
6041,740,1196,1674,2310,2668,,740,456,478,636,358,3373
6045,740,1196,1675,2311,2670,,740,456,479,636,359,3375
5998,739,1167,1583,2249,2583,,739,428,416,666,334,3415
6013,757,1187,1601,2267,2597,,757,430,414,666,330,3416
5859,714,1155,1554,2193,2511,,714,441,399,639,318,3348
6179,708,1194,1731,2415,2786,,708,486,537,684,371,3393
6325,753,1240,1753,2465,2900,,753,487,513,712,435,3425
6324,763,1248,1753,2466,2877,,763,485,505,713,411,3447
6322,752,1241,1752,2463,2875,,752,489,511,711,412,3447
6372,782,1291,1801,2513,2926,,782,509,510,712,413,3446
6324,754,1240,1753,2465,2876,,754,486,513,712,411,3448
6351,753,1239,1753,2465,2876,,753,486,514,712,411,3475
6079,697,1179,1652,2350,2699,,697,482,473,698,349,3380
6048,741,1195,1696,2338,2670,,741,454,501,642,332,3378
6047,741,1170,1584,2248,2671,,741,429,414,664,423,3376
5995,702,1182,1613,2249,2584,,702,480,431,636,335,3411
5993,740,1170,1585,2247,2581,,740,430,415,662,334,3412
5986,741,1166,1565,2244,2563,,741,425,399,679,319,3423
5994,741,1170,1585,2249,2583,,741,429,415,664,334,3411
6043,740,1211,1698,2339,2675,,740,471,487,641,336,3368
5991,739,1172,1584,2246,2582,,739,433,412,662,336,3409
5969,741,1169,1584,2249,2583,,741,428,415,665,334,3386
6078,742,1199,1674,2311,2671,,742,457,475,637,360,3407
6324,752,1239,1781,2489,2900,,752,487,542,708,411,3424
6299,754,1270,1782,2491,2848,,754,516,512,709,357,3451
6322,753,1235,1751,2465,2875,,753,482,516,714,410,3447
6403,753,1268,1753,2493,2928,,753,515,485,740,435,3475
6398,752,1219,1781,2518,2950,,752,467,562,737,432,3448
6320,752,1239,1751,2464,2874,,752,487,512,713,410,3446
6247,720,1214,1751,2434,2831,,720,494,537,683,397,3416
6324,753,1240,1754,2466,2877,,753,487,514,712,411,3447
6323,755,1264,1751,2464,2875,,755,509,487,713,411,3448
6270,740,1221,1744,2441,2866,,740,481,523,697,425,3404
6365,788,1272,1781,2518,2919,,788,484,509,737,401,3446
6082,775,1247,1733,2372,2704,,775,472,486,639,332,3378
6176,702,1137,1627,2336,2750,,702,435,490,709,414,3426
6348,780,1266,1752,2464,2904,,780,486,486,712,440,3444
6220,738,1192,1739,2436,2837,,738,454,547,697,401,3383
6046,740,1213,1700,2338,2672,,740,473,487,638,334,3374
5997,740,1173,1584,2247,2589,,740,433,411,663,342,3408
5867,701,1112,1524,2149,2496,,701,411,412,625,347,3371
5994,702,1134,1551,2249,2583,,702,432,417,698,334,3411
5993,700,1134,1552,2249,2583,,700,434,418,697,334,3410
5897,689,1123,1535,2173,2508,,689,434,412,638,335,3389
6000,770,1200,1614,2280,2613,,770,430,414,666,333,3387
5965,700,1147,1562,2248,2584,,700,447,415,686,336,3381
5996,702,1133,1548,2249,2583,,702,431,415,701,334,3413
5994,703,1136,1554,2251,2585,,703,433,418,697,334,3409
5997,740,1169,1583,2250,2581,,740,429,414,667,331,3416
6039,702,1135,1550,2248,2609,,702,433,415,698,361,3430
6229,752,1239,1752,2444,2822,,752,487,513,692,378,3407
6327,782,1266,1753,2464,2905,,782,484,487,711,441,3422
6221,754,1241,1699,2403,2814,,754,487,458,704,411,3407
6047,739,1209,1697,2336,2670,,739,470,488,639,334,3377
5881,704,1133,1548,2184,2520,,704,429,415,636,336,3361
6111,741,1169,1591,2289,2711,,741,428,422,698,422,3400
6346,752,1238,1751,2464,2903,,752,486,513,713,439,3443
6261,753,1239,1700,2405,2814,,753,486,461,705,409,3447
6044,740,1211,1699,2337,2670,,740,471,488,638,333,3374
6002,743,1173,1587,2251,2583,,743,430,414,664,332,3419
6042,742,1212,1699,2338,2671,,742,470,487,639,333,3371
5991,739,1168,1582,2248,2583,,739,429,414,666,335,3408
6040,740,1194,1672,2313,2668,,740,454,478,641,355,3372
5995,740,1171,1585,2247,2581,,740,431,414,662,334,3414
5969,704,1131,1546,2246,2581,,704,427,415,700,335,3388
6045,701,1135,1559,2259,2672,,701,434,424,700,413,3373
5918,740,1172,1586,2223,2557,,740,432,414,637,334,3361
5990,741,1170,1583,2253,2583,,741,429,413,670,330,3407
5994,700,1137,1549,2249,2582,,700,437,412,700,333,3412
5995,700,1135,1548,2248,2583,,700,435,413,700,335,3412
5995,700,1136,1550,2249,2583,,700,436,414,699,334,3412
5996,702,1136,1551,2250,2584,,702,434,415,699,334,3412
5994,701,1135,1550,2251,2583,,701,434,415,701,332,3411
5970,740,1174,1586,2248,2582,,740,434,412,662,334,3388
5865,704,1112,1507,2148,2510,,704,408,395,641,362,3355
5727,632,1055,1450,2054,2381,,632,423,395,604,327,3346
6195,703,1179,1652,2353,2774,,703,476,473,701,421,3421
6072,755,1250,1755,2371,2680,,755,495,505,616,309,3392
6221,741,1213,1741,2438,2838,,741,472,528,697,400,3383
6225,742,1213,1741,2437,2836,,742,471,528,696,399,3389
6149,742,1213,1739,2437,2795,,742,471,526,698,358,3354
6117,696,1167,1598,2323,2742,,696,471,431,725,419,3375
6185,750,1236,1749,2446,2803,,750,486,513,697,357,3382
6096,743,1168,1638,2343,2700,,743,425,470,705,357,3396
6125,742,1215,1743,2401,2747,,742,473,528,658,346,3378
6114,742,1172,1610,2316,2744,,742,430,438,706,428,3370
6169,742,1214,1742,2440,2795,,742,472,528,698,355,3374
6230,739,1211,1739,2437,2794,,739,472,528,698,357,3436
6149,741,1213,1742,2400,2769,,741,472,529,658,369,3380
6199,742,1239,1742,2440,2821,,742,497,503,698,381,3378
6174,742,1213,1743,2439,2795,,742,471,530,696,356,3379
6073,702,1177,1648,2344,2695,,702,475,471,696,351,3378
6172,744,1216,1743,2441,2795,,744,472,527,698,354,3377
6153,743,1214,1714,2410,2770,,743,471,500,696,360,3383
6101,753,1231,1701,2363,2721,,753,478,470,662,358,3380
6097,743,1174,1652,2365,2725,,743,431,478,713,360,3372
6147,742,1213,1745,2400,2770,,742,471,532,655,370,3377
6147,742,1212,1741,2398,2770,,742,470,529,657,372,3377
6174,740,1211,1740,2436,2795,,740,471,529,696,359,3379
6148,768,1265,1766,2422,2774,,768,497,501,656,352,3374
6148,743,1217,1743,2399,2770,,743,474,526,656,371,3378
6035,703,1178,1649,2303,2674,,703,475,471,654,371,3361
6146,742,1214,1742,2397,2771,,742,472,528,655,374,3375
6086,740,1236,1746,2404,2743,,740,496,510,658,339,3343
6091,759,1231,1717,2379,2715,,759,472,486,662,336,3376
6095,741,1213,1742,2365,2722,,741,472,529,623,357,3373
6093,743,1215,1742,2399,2722,,743,472,527,657,323,3371
6068,715,1184,1657,2288,2696,,715,469,473,631,408,3372
6110,739,1234,1698,2338,2671,,739,495,464,640,333,3439
6110,740,1211,1698,2338,2672,,740,471,487,640,334,3438
6219,741,1212,1743,2439,2836,,741,471,531,696,397,3383
6120,701,1179,1650,2346,2719,,701,478,471,696,373,3401
6329,684,1169,1686,2433,2852,,684,485,517,747,419,3477
6298,753,1269,1732,2441,2851,,753,516,463,709,410,3447
6270,737,1164,1658,2404,2826,,737,427,494,746,422,3444
6374,753,1240,1781,2493,2926,,753,487,541,712,433,3448
6421,753,1239,1780,2489,2955,,753,486,541,709,466,3466
6323,755,1240,1752,2464,2876,,755,485,512,712,412,3447
6398,757,1295,1808,2517,2954,,757,538,513,709,437,3444
6355,754,1242,1754,2450,2860,,754,488,512,696,410,3495
6349,753,1241,1754,2495,2901,,753,488,513,741,406,3448
6397,782,1299,1831,2540,3025,,782,517,532,709,485,3372
6373,752,1269,1752,2466,2929,,752,517,483,714,463,3444
6347,751,1217,1726,2468,2904,,751,466,509,742,436,3443
6426,781,1296,1805,2515,2952,,781,515,509,710,437,3474
6149,753,1240,1721,2352,2715,,753,487,481,631,363,3434
6399,784,1269,1754,2496,2956,,784,485,485,742,460,3443
6271,753,1246,1752,2465,2855,,753,493,506,713,390,3416
6322,753,1244,1757,2467,2875,,753,491,513,710,408,3447
6249,754,1241,1753,2387,2801,,754,487,512,634,414,3448
6323,752,1239,1752,2465,2874,,752,487,513,713,409,3449
6322,753,1240,1753,2465,2875,,753,487,513,712,410,3447
6188,740,1157,1584,2265,2740,,740,417,427,681,475,3448
6199,742,1174,1596,2308,2751,,742,432,422,712,443,3448
6323,753,1272,1745,2465,2876,,753,519,473,720,411,3447
6225,753,1240,1734,2416,2767,,753,487,494,682,351,3458
6358,815,1329,1835,2547,2958,,815,514,506,712,411,3400
6111,698,1129,1574,2275,2671,,698,431,445,701,396,3440
6286,741,1215,1741,2438,2840,,741,474,526,697,402,3446
6085,742,1213,1661,2269,2652,,742,471,448,608,383,3433
6286,741,1213,1741,2439,2836,,741,472,528,698,397,3450
6246,742,1215,1741,2438,2839,,742,473,526,697,401,3407
6260,740,1212,1740,2436,2836,,740,472,528,696,400,3424
6258,763,1234,1764,2426,2836,,763,471,530,662,410,3422
6260,692,1204,1702,2404,2815,,692,512,498,702,411,3445
6224,742,1218,1700,2404,2771,,742,476,482,704,367,3453
6322,754,1240,1752,2464,2875,,754,486,512,712,411,3447
6263,754,1240,1721,2416,2816,,754,486,481,695,400,3447
6171,743,1213,1740,2436,2836,,743,470,527,696,400,3335
6261,742,1212,1741,2437,2837,,742,470,529,696,400,3424
6260,740,1209,1741,2436,2836,,740,469,532,695,400,3424
6139,742,1239,1699,2361,2720,,742,497,460,662,359,3419
6300,806,1290,1702,2416,2826,,806,484,412,714,410,3474
6346,754,1240,1781,2471,2900,,754,486,541,690,429,3446
6335,752,1221,1728,2439,2875,,752,469,507,711,436,3460
6297,751,1239,1752,2464,2847,,751,488,513,712,383,3450
6372,806,1288,1776,2487,2928,,806,482,488,711,441,3444
6373,753,1241,1752,2493,2926,,753,488,511,741,433,3447
6299,752,1239,1752,2466,2875,,752,487,513,714,409,3424
6290,783,1267,1752,2465,2840,,783,484,485,713,375,3450
6287,742,1215,1747,2454,2864,,742,473,532,707,410,3423
6244,743,1215,1742,2440,2838,,743,472,527,698,398,3406
6300,743,1214,1720,2432,2852,,743,471,506,712,420,3448
6273,753,1240,1753,2464,2824,,753,487,513,711,360,3449
6293,752,1204,1742,2438,2840,,752,452,538,696,402,3453
6224,742,1213,1741,2396,2771,,742,471,528,655,375,3453
6356,786,1273,1787,2497,2908,,786,487,514,710,411,3448
6349,753,1241,1752,2494,2901,,753,488,511,742,407,3448
6376,753,1270,1753,2466,2905,,753,517,483,713,439,3471
6324,751,1240,1751,2495,2879,,751,489,511,744,384,3445
6414,752,1265,1783,2521,2980,,752,513,518,738,459,3434
6323,753,1241,1752,2464,2876,,753,488,511,712,412,3447
6371,751,1238,1758,2494,2927,,751,487,520,736,433,3444
6348,751,1266,1751,2462,2874,,751,515,485,711,412,3474
6188,739,1169,1625,2314,2739,,739,430,456,689,425,3449
6276,742,1213,1743,2441,2816,,742,471,530,698,375,3460
6357,785,1273,1786,2498,2909,,785,488,513,712,411,3448
6342,745,1233,1746,2459,2897,,745,488,513,713,438,3445
6300,753,1241,1755,2465,2875,,753,488,514,710,410,3425
6329,755,1242,1754,2466,2860,,755,487,512,712,394,3469
6372,753,1269,1752,2494,2925,,753,516,483,742,431,3447
6374,754,1240,1781,2491,2925,,754,486,541,710,434,3449
6199,686,1150,1559,2328,2751,,686,464,409,769,423,3448
6328,783,1269,1753,2464,2856,,783,486,484,711,392,3472
6161,741,1174,1628,2309,2739,,741,433,454,681,430,3422
6157,743,1215,1741,2439,2795,,743,472,526,698,356,3362
6171,742,1239,1742,2439,2795,,742,497,503,697,356,3376
6172,742,1240,1743,2439,2797,,742,498,503,696,358,3375
6174,742,1238,1741,2437,2796,,742,496,503,696,359,3378
6174,742,1213,1742,2440,2794,,742,471,529,698,354,3380
6124,742,1213,1742,2397,2743,,742,471,529,655,346,3381
6172,742,1214,1743,2440,2796,,742,472,529,697,356,3376
6195,741,1213,1746,2454,2820,,741,472,533,708,366,3375
6257,705,1177,1647,2356,2810,,705,472,470,709,454,3447
6298,752,1218,1732,2441,2850,,752,466,514,709,409,3448
6348,752,1239,1751,2493,2900,,752,487,512,742,407,3448
6207,730,1201,1730,2428,2825,,730,471,529,698,397,3382
6172,741,1212,1741,2438,2795,,741,471,529,697,357,3377
6149,742,1213,1742,2397,2771,,742,471,529,655,374,3378
6175,743,1216,1742,2437,2796,,743,473,526,695,359,3379
6261,742,1237,1742,2437,2836,,742,495,505,695,399,3425
6218,741,1214,1740,2437,2837,,741,473,526,697,400,3381
6072,671,1140,1613,2276,2698,,671,469,473,663,422,3374
6219,741,1213,1704,2377,2766,,741,472,491,673,389,3453
6186,756,1219,1740,2383,2738,,756,463,521,643,355,3448
6238,742,1213,1742,2397,2795,,742,471,529,655,398,3443
6324,752,1238,1752,2466,2875,,752,486,514,714,409,3449
6325,756,1241,1753,2465,2876,,756,485,512,712,411,3449
6350,782,1265,1753,2466,2876,,782,483,488,713,410,3474
6427,779,1263,1781,2518,2949,,779,484,518,737,431,3478
6354,752,1239,1752,2465,2875,,752,487,513,713,410,3479
6449,782,1291,1778,2521,2980,,782,509,487,743,459,3469
6435,743,1227,1817,2555,2990,,743,484,590,738,435,3445
6376,753,1270,1752,2494,2901,,753,517,482,742,407,3475
6136,753,1241,1700,2374,2712,,753,488,459,674,338,3424
6299,742,1212,1742,2438,2843,,742,470,530,696,405,3456
6403,781,1264,1753,2494,2931,,781,483,489,741,437,3472
6404,755,1240,1753,2466,2930,,755,485,513,713,464,3474
6324,752,1240,1780,2489,2899,,752,488,540,709,410,3425
6377,753,1241,1783,2492,2901,,753,488,542,709,409,3476
6324,753,1240,1753,2464,2875,,753,487,513,711,411,3449
6350,755,1243,1783,2493,2902,,755,488,540,710,409,3448
6375,810,1269,1779,2492,2926,,810,459,510,713,434,3449
6316,753,1269,1782,2491,2901,,753,516,513,709,410,3415
6136,754,1207,1689,2358,2712,,754,453,482,669,354,3424
6153,744,1215,1744,2442,2794,,744,471,529,698,352,3359
6289,743,1215,1742,2438,2838,,743,472,527,696,400,3451
6279,704,1136,1630,2338,2806,,704,432,494,708,468,3473
6326,754,1269,1753,2468,2876,,754,515,484,715,408,3450
6388,753,1269,1752,2466,2902,,753,516,483,714,436,3486
6325,753,1240,1754,2466,2876,,753,487,514,712,410,3449
6404,754,1270,1753,2494,2931,,754,516,483,741,437,3473
6226,742,1209,1680,2391,2782,,742,467,471,711,391,3444
6300,714,1201,1756,2467,2851,,714,487,555,711,384,3449
6200,754,1163,1654,2283,2752,,754,409,491,629,469,3448
6272,752,1238,1751,2442,2824,,752,486,513,691,382,3448
6097,692,1162,1633,2329,2739,,692,470,471,696,410,3358
6213,744,1172,1653,2350,2768,,744,428,481,697,418,3445
6259,742,1212,1741,2437,2838,,742,470,529,696,401,3421
6263,742,1213,1742,2443,2838,,742,471,529,701,395,3425
6261,743,1240,1742,2438,2835,,743,497,502,696,397,3426
6285,743,1217,1742,2438,2837,,743,474,525,696,399,3448
6199,741,1169,1590,2329,2751,,741,428,421,739,422,3448
6372,783,1267,1753,2465,2905,,783,484,486,712,440,3467
6163,753,1170,1611,2316,2721,,753,417,441,705,405,3442
6188,743,1214,1745,2441,2745,,743,471,531,696,304,3443
6262,742,1214,1742,2438,2837,,742,472,528,696,399,3425
6351,746,1218,1767,2477,2902,,746,472,549,710,425,3449
6348,753,1293,1781,2489,2900,,753,540,488,708,411,3448
6349,783,1271,1778,2491,2901,,783,488,507,713,410,3448
6377,782,1266,1782,2492,2902,,782,484,516,710,410,3475
6374,782,1295,1807,2515,2927,,782,513,512,708,412,3447
6259,713,1197,1686,2395,2811,,713,484,489,709,416,3448
6292,725,1272,1767,2465,2865,,725,547,495,698,400,3427
6152,742,1213,1742,2438,2806,,742,471,529,696,368,3346
6226,744,1215,1743,2440,2837,,744,471,528,697,397,3389
6119,741,1189,1659,2368,2721,,741,448,470,709,353,3398
6145,742,1172,1608,2317,2741,,742,430,436,709,424,3404
6220,741,1214,1740,2438,2834,,741,473,526,698,396,3386
6197,743,1213,1743,2441,2797,,743,470,530,698,356,3400
6195,742,1213,1741,2439,2796,,742,471,528,698,357,3399
6194,740,1211,1740,2438,2796,,740,471,529,698,358,3398
6219,742,1213,1700,2405,2815,,742,471,487,705,410,3404
6181,742,1212,1742,2440,2796,,742,470,530,698,356,3385
6236,741,1213,1743,2440,2797,,741,472,530,697,357,3439
6208,769,1242,1768,2465,2820,,769,473,526,697,355,3388
6173,742,1247,1741,2439,2795,,742,505,494,698,356,3378
6245,742,1239,1740,2437,2839,,742,497,501,697,402,3406
6223,742,1214,1742,2440,2837,,742,472,528,698,397,3386
6246,743,1241,1741,2438,2837,,743,498,500,697,399,3409
6221,743,1214,1744,2440,2839,,743,471,530,696,399,3382
6307,775,1247,1775,2472,2851,,775,472,528,697,379,3456
6339,746,1239,1727,2439,2861,,746,493,488,712,422,3478
6250,754,1240,1694,2394,2790,,754,486,454,700,396,3460
6247,743,1214,1742,2439,2837,,743,471,528,697,398,3410
6226,745,1217,1742,2439,2837,,745,472,525,697,398,3389
6197,744,1214,1742,2440,2797,,744,470,528,698,357,3400
6171,743,1214,1742,2439,2796,,743,471,528,697,357,3375
6194,743,1214,1742,2437,2796,,743,471,528,695,359,3398
6325,720,1216,1753,2466,2875,,720,496,537,713,409,3450
6324,781,1266,1752,2465,2876,,781,485,486,713,411,3448
6323,754,1239,1752,2465,2876,,754,485,513,713,411,3447
6324,803,1287,1723,2436,2848,,803,484,436,713,412,3476
6236,753,1239,1699,2404,2814,,753,486,460,705,410,3422
6223,742,1212,1742,2437,2838,,742,470,530,695,401,3385
6348,732,1250,1753,2465,2905,,732,518,503,712,440,3443
6298,752,1224,1729,2440,2851,,752,472,505,711,411,3447
6237,782,1266,1721,2372,2791,,782,484,455,651,419,3446
6246,742,1214,1744,2442,2837,,742,472,530,698,395,3409
6174,743,1239,1743,2440,2797,,743,496,504,697,357,3377
6171,744,1215,1742,2437,2796,,744,471,527,695,359,3375
6171,742,1242,1742,2438,2796,,742,500,500,696,358,3375
6172,744,1217,1742,2438,2798,,744,473,525,696,360,3374
6179,741,1212,1740,2438,2793,,741,471,528,698,355,3386
6174,742,1213,1743,2440,2797,,742,471,530,697,357,3377
6179,742,1239,1741,2438,2796,,742,497,502,697,358,3383
6196,742,1239,1752,2453,2824,,742,497,513,701,371,3372
6072,695,1164,1636,2301,2695,,695,469,472,665,394,3377
6152,743,1214,1742,2398,2769,,743,471,528,656,371,3383
6147,742,1213,1743,2401,2770,,742,471,530,658,369,3377
6288,744,1215,1743,2440,2837,,744,471,528,697,397,3451
6269,741,1212,1740,2462,2861,,741,471,528,722,399,3408
6324,693,1207,1754,2466,2877,,693,514,547,712,411,3447
6323,754,1241,1753,2460,2876,,754,487,512,707,416,3447
6286,752,1239,1751,2464,2843,,752,487,512,713,379,3443
6237,742,1240,1741,2437,2796,,742,498,501,696,359,3441
6121,767,1239,1724,2390,2748,,767,472,485,666,358,3373
6094,742,1213,1743,2396,2723,,742,471,530,653,327,3371
6053,765,1264,1723,2362,2694,,765,499,459,639,332,3359
6187,743,1214,1741,2395,2749,,743,471,527,654,354,3438
6286,743,1214,1741,2439,2836,,743,471,527,698,397,3450
6195,742,1239,1742,2440,2796,,742,497,503,698,356,3399
6174,743,1231,1745,2442,2799,,743,488,514,697,357,3375
6166,744,1214,1742,2438,2792,,744,470,528,696,354,3374
6174,743,1215,1743,2441,2796,,743,472,528,698,355,3378
6180,743,1214,1742,2439,2798,,743,471,528,697,359,3382
6171,743,1214,1742,2439,2797,,743,471,528,697,358,3374
6174,742,1195,1743,2439,2798,,742,453,548,696,359,3376
6180,744,1240,1743,2439,2797,,744,496,503,696,358,3383
6379,785,1298,1781,2493,2902,,785,513,483,712,409,3477
6405,753,1238,1755,2465,2931,,753,485,517,710,466,3474
6324,753,1240,1754,2465,2876,,753,487,514,711,411,3448
6242,772,1200,1682,2379,2796,,772,428,482,697,417,3446
6204,743,1215,1744,2441,2818,,743,472,529,697,377,3386
6173,743,1215,1741,2438,2796,,743,472,526,697,358,3377
6153,740,1237,1740,2396,2770,,740,497,503,656,374,3383
6119,744,1241,1743,2401,2752,,744,497,502,658,351,3367
6147,743,1215,1743,2400,2772,,743,472,528,657,372,3375
6288,744,1215,1743,2440,2839,,744,471,528,697,399,3449
6078,701,1133,1613,2308,2706,,701,432,480,695,398,3372
6071,743,1216,1703,2362,2700,,743,473,487,659,338,3371
6185,766,1238,1722,2362,2760,,766,472,484,640,398,3425
6178,719,1167,1621,2290,2710,,719,448,454,669,420,3468
6259,754,1240,1783,2472,2818,,754,486,543,689,346,3441
6045,742,1213,1699,2337,2672,,742,471,486,638,335,3373
6125,741,1212,1676,2312,2736,,741,471,464,636,424,3389
6147,742,1216,1744,2405,2775,,742,474,528,661,370,3372
6111,741,1212,1693,2327,2675,,741,471,481,634,348,3436
6135,742,1214,1743,2373,2696,,742,472,529,630,323,3439
6088,743,1216,1743,2360,2666,,743,473,527,617,306,3422
6124,743,1214,1742,2398,2747,,743,471,528,656,349,3377
6095,742,1214,1742,2397,2725,,742,472,528,655,328,3370
6114,769,1241,1772,2409,2746,,769,472,531,637,337,3368
6096,743,1239,1741,2372,2697,,743,496,502,631,325,3399
6350,754,1240,1754,2466,2907,,754,486,514,712,441,3443
6267,753,1240,1752,2466,2874,,753,487,512,714,408,3393
6259,751,1264,1750,2410,2812,,751,513,486,660,402,3447
6047,743,1216,1702,2344,2672,,743,473,486,642,328,3375
6159,743,1215,1742,2374,2723,,743,472,527,632,349,3436
6005,743,1242,1740,2355,2669,,743,499,498,615,314,3336
6148,746,1218,1745,2401,2771,,746,472,527,656,370,3377
6119,742,1214,1743,2397,2748,,742,472,529,654,351,3371
6148,769,1266,1774,2441,2777,,769,497,508,667,336,3371
6191,743,1214,1744,2399,2750,,743,471,530,655,351,3441
6006,744,1241,1743,2358,2669,,744,497,502,615,311,3337
6172,766,1238,1766,2423,2793,,766,472,528,657,370,3379
6120,745,1219,1743,2396,2752,,745,474,524,653,356,3368
6044,742,1239,1700,2342,2672,,742,497,461,642,330,3372
6152,744,1215,1744,2396,2750,,744,471,529,652,354,3402
6071,742,1212,1659,2269,2653,,742,470,447,610,384,3418
6174,742,1212,1742,2438,2795,,742,470,530,696,357,3379
6119,742,1212,1743,2399,2747,,742,470,531,656,348,3372
6122,703,1143,1656,2292,2740,,703,440,513,636,448,3382
6104,743,1214,1742,2398,2722,,743,471,528,656,324,3382
6261,743,1214,1743,2442,2838,,743,471,529,699,396,3423
6211,741,1210,1740,2436,2837,,741,469,530,696,401,3374
6238,743,1215,1742,2440,2836,,743,472,527,698,396,3402
6182,762,1232,1761,2461,2832,,762,470,529,700,371,3350
6174,742,1212,1743,2440,2797,,742,470,531,697,357,3377
6169,742,1213,1743,2439,2797,,742,471,530,696,358,3372
6221,744,1215,1743,2439,2838,,744,471,528,696,399,3383
6231,776,1248,1777,2474,2831,,776,472,529,697,357,3400
6230,704,1136,1620,2329,2752,,704,432,484,709,423,3478
6362,755,1242,1754,2466,2878,,755,487,512,712,412,3484
6292,785,1268,1754,2466,2878,,785,483,486,712,412,3414
6270,743,1215,1743,2440,2838,,743,472,528,697,398,3432
6249,745,1240,1745,2442,2840,,745,495,505,697,398,3409
6272,768,1239,1765,2463,2862,,768,471,526,698,399,3410
6194,745,1215,1742,2438,2797,,745,470,527,696,359,3397
6143,741,1171,1609,2317,2740,,741,430,438,708,423,3403
6269,765,1238,1766,2462,2862,,765,473,528,696,400,3407
6220,743,1215,1743,2440,2822,,743,472,528,697,382,3398
6173,742,1170,1626,2324,2737,,742,428,456,698,413,3436
6349,753,1239,1782,2491,2901,,753,486,543,709,410,3448
6310,755,1240,1757,2467,2905,,755,485,517,710,438,3405
6088,742,1212,1743,2360,2667,,742,470,531,617,307,3421
6174,745,1243,1743,2439,2797,,745,498,500,696,358,3377
6327,767,1239,1768,2463,2841,,767,472,529,695,378,3486
6376,781,1293,1776,2490,2900,,781,512,483,714,410,3476
6320,752,1239,1752,2465,2875,,752,487,513,713,410,3445
6353,757,1244,1756,2470,2905,,757,487,512,714,435,3448
6327,753,1241,1754,2466,2877,,753,488,513,712,411,3450
6325,742,1226,1753,2466,2877,,742,484,527,713,411,3448
6222,754,1242,1754,2466,2799,,754,488,512,712,333,3423
6325,742,1226,1756,2468,2878,,742,484,530,712,410,3447
6227,670,1151,1639,2356,2778,,670,481,488,717,422,3449
6234,757,1242,1734,2419,2828,,757,485,492,685,409,3406
6353,784,1271,1782,2494,2904,,784,487,511,712,410,3449
6326,756,1245,1754,2468,2878,,756,489,509,714,410,3448
6327,756,1242,1755,2468,2878,,756,486,513,713,410,3449
6351,753,1243,1753,2468,2902,,753,490,510,715,434,3449
6377,755,1242,1783,2493,2927,,755,487,541,710,434,3450
6277,710,1181,1597,2362,2805,,710,471,416,765,443,3472
6252,752,1239,1752,2465,2854,,752,487,513,713,389,3398
6372,754,1239,1753,2495,2925,,754,485,514,742,430,3447
6351,744,1228,1754,2496,2904,,744,484,526,742,408,3447
6330,755,1240,1754,2446,2853,,755,485,514,692,407,3477
6325,782,1265,1753,2465,2876,,782,483,488,712,411,3449
6407,784,1270,1812,2523,2959,,784,486,542,711,436,3448
6347,754,1240,1782,2519,2901,,754,486,542,737,382,3446
6373,782,1268,1753,2465,2929,,782,486,485,712,464,3444
6375,754,1241,1755,2495,2930,,754,487,514,740,435,3445
6187,706,1132,1562,2323,2741,,706,426,430,761,418,3446
6263,742,1214,1744,2441,2837,,742,472,530,697,396,3426
6284,743,1214,1743,2439,2838,,743,471,529,696,399,3446
6401,755,1241,1755,2495,2932,,755,486,514,740,437,3469
6288,783,1292,1778,2492,2864,,783,509,486,714,372,3424
6250,704,1136,1659,2379,2802,,704,432,523,720,423,3448
6325,783,1268,1755,2466,2878,,783,485,487,711,412,3447
6373,785,1268,1755,2466,2907,,785,483,487,711,441,3466
6405,757,1242,1789,2499,2928,,757,485,547,710,429,3477
6379,756,1241,1787,2496,2929,,756,485,546,709,433,3450
6187,754,1186,1642,2343,2740,,754,432,456,701,397,3447
6177,743,1214,1743,2439,2797,,743,471,529,696,358,3380
6123,745,1242,1744,2399,2745,,745,497,502,655,346,3378
6039,738,1172,1647,2302,2670,,738,434,475,655,368,3369
6125,743,1214,1744,2401,2751,,743,471,530,657,350,3374
6097,728,1163,1643,2343,2721,,728,435,480,700,378,3376
6148,743,1214,1743,2400,2752,,743,471,529,657,352,3396
6275,743,1215,1720,2410,2829,,743,472,505,690,419,3446
6378,755,1272,1755,2498,2930,,755,517,483,743,432,3448
6353,753,1240,1754,2466,2876,,753,487,514,712,410,3477
6248,754,1206,1731,2417,2803,,754,452,525,686,386,3445
6405,785,1326,1810,2523,2962,,785,541,484,713,439,3443
6401,753,1243,1782,2521,2951,,753,490,539,739,430,3450
6232,742,1150,1639,2357,2758,,742,408,489,718,401,3474
6331,756,1270,1755,2466,2856,,756,514,485,711,390,3475
6353,754,1241,1728,2442,2880,,754,487,487,714,438,3473
6374,755,1241,1753,2468,2931,,755,486,512,715,463,3443
6351,756,1242,1756,2467,2906,,756,486,514,711,439,3445
6410,787,1273,1815,2525,2933,,787,486,542,710,408,3477
6379,756,1297,1779,2472,2905,,756,541,482,693,433,3474
6304,754,1244,1699,2445,2877,,754,490,455,746,432,3427
6405,755,1272,1783,2492,2931,,755,517,511,709,439,3474
6376,785,1297,1779,2494,2902,,785,512,482,715,408,3474
6383,741,1211,1755,2497,2904,,741,470,544,742,407,3479
6331,754,1242,1755,2467,2857,,754,488,513,712,390,3474
6326,754,1242,1755,2467,2878,,754,488,513,712,411,3448
6504,782,1295,1833,2573,3026,,782,513,538,740,453,3478
6404,755,1242,1786,2525,2929,,755,487,544,739,404,3475
6355,756,1242,1755,2468,2878,,756,486,513,713,410,3477
6354,756,1242,1783,2474,2878,,756,486,541,691,404,3476
6253,754,1240,1720,2405,2827,,754,486,480,685,422,3426
6277,752,1269,1752,2464,2875,,752,517,483,712,411,3402
6327,756,1243,1735,2443,2858,,756,487,492,708,415,3469
6325,754,1241,1751,2466,2877,,754,487,510,715,411,3448
6278,757,1243,1785,2495,2826,,757,486,542,710,331,3452
6327,756,1243,1756,2468,2879,,756,487,513,712,411,3448
6379,756,1242,1755,2468,2932,,756,486,513,713,464,3447
6353,756,1243,1785,2494,2905,,756,487,542,709,411,3448
6326,755,1245,1755,2467,2878,,755,490,510,712,411,3448
6381,756,1242,1756,2468,2904,,756,486,514,712,436,3477
6255,756,1220,1717,2402,2829,,756,464,497,685,427,3426
6248,756,1243,1756,2448,2830,,756,487,513,692,382,3418
6356,742,1211,1741,2449,2881,,742,469,530,708,432,3475
6265,786,1270,1704,2407,2819,,786,484,434,703,412,3446
6176,744,1241,1745,2441,2798,,744,497,504,696,357,3378
6263,706,1181,1631,2353,2814,,706,475,450,722,461,3449
6382,757,1243,1756,2468,2907,,757,486,513,712,439,3475
6325,754,1269,1754,2470,2877,,754,515,485,716,407,3448
6430,795,1306,1804,2516,2957,,795,511,498,712,441,3473
6123,714,1191,1663,2365,2743,,714,477,472,702,378,3380
6289,743,1215,1741,2424,2841,,743,472,526,683,417,3448
6175,744,1216,1744,2443,2797,,744,472,528,699,354,3378
5946,699,1170,1642,2297,2591,,699,471,472,655,294,3355
6070,743,1214,1700,2366,2700,,743,471,486,666,334,3370
5994,740,1170,1583,2248,2582,,740,430,413,665,334,3412
5862,708,1141,1554,2165,2498,,708,433,413,611,333,3364
6050,742,1198,1675,2312,2671,,742,456,477,637,359,3379
5979,745,1173,1587,2252,2587,,745,428,414,665,335,3392
6258,725,1202,1738,2431,2837,,725,477,536,693,406,3421
6326,756,1243,1755,2469,2879,,756,487,512,714,410,3447
6231,754,1241,1733,2405,2745,,754,487,492,672,340,3486
6350,759,1245,1757,2469,2904,,759,486,512,712,435,3446
6324,756,1241,1756,2467,2879,,756,485,515,711,412,3445
6327,756,1242,1735,2447,2879,,756,486,493,712,432,3448
6376,755,1242,1785,2493,2927,,755,487,543,708,434,3449
6223,677,1164,1652,2360,2775,,677,487,488,708,415,3448
6326,755,1243,1755,2467,2878,,755,488,512,712,411,3448
6350,754,1241,1754,2466,2903,,754,487,513,712,437,3447
6406,785,1272,1784,2526,2957,,785,487,512,742,431,3449
6378,755,1241,1753,2466,2906,,755,486,512,713,440,3472
6238,748,1241,1739,2447,2801,,748,493,498,708,354,3437
6047,744,1216,1703,2342,2676,,744,472,487,639,334,3371
5996,744,1173,1588,2253,2584,,744,429,415,665,331,3412
5972,743,1172,1587,2255,2595,,743,429,415,668,340,3377
5995,764,1195,1610,2271,2607,,764,431,415,661,336,3388
5996,744,1179,1610,2253,2586,,744,435,431,643,333,3410
5995,743,1172,1587,2249,2585,,743,429,415,662,336,3410
6043,744,1173,1588,2250,2673,,744,429,415,662,423,3370
5988,745,1168,1585,2248,2569,,745,423,417,663,321,3419
6047,744,1173,1587,2251,2672,,744,429,414,664,421,3375
5962,742,1192,1608,2247,2568,,742,450,416,639,321,3394
5997,744,1172,1590,2251,2585,,744,428,418,661,334,3412
6069,765,1221,1700,2335,2694,,765,456,479,635,359,3375
5971,746,1173,1590,2253,2590,,746,427,417,663,337,3381
5972,705,1136,1552,2250,2585,,705,431,416,698,335,3387
6139,707,1120,1592,2296,2715,,707,413,472,704,419,3424
6327,786,1272,1755,2467,2878,,786,486,483,712,411,3449
6324,755,1242,1754,2466,2877,,755,487,512,712,411,3447
6355,755,1243,1750,2467,2879,,755,488,507,717,412,3476
6330,756,1243,1755,2468,2885,,756,487,512,713,417,3445
6286,752,1242,1756,2452,2843,,752,490,514,696,391,3443
6071,744,1215,1701,2362,2700,,744,471,486,661,338,3371
6001,774,1204,1616,2282,2617,,774,430,412,666,335,3384
5973,742,1169,1584,2252,2596,,742,427,415,668,344,3377
5869,691,1123,1538,2176,2509,,691,432,415,638,333,3360
6306,726,1202,1754,2467,2878,,726,476,552,713,411,3428
6324,752,1239,1752,2464,2875,,752,487,513,712,411,3449
6322,752,1240,1751,2464,2875,,752,488,511,713,411,3447
6351,755,1270,1782,2493,2902,,755,515,512,711,409,3449
6329,755,1243,1755,2468,2903,,755,488,512,713,435,3426
6300,754,1267,1755,2429,2838,,754,513,488,674,409,3462
6354,754,1242,1754,2467,2876,,754,488,512,713,409,3478
6261,717,1203,1690,2399,2814,,717,486,487,709,415,3447
6161,715,1200,1689,2320,2705,,715,485,489,631,385,3456
6347,779,1265,1777,2490,2900,,779,486,512,713,410,3447
6325,752,1223,1725,2441,2881,,752,471,502,716,440,3444
6382,755,1243,1755,2497,2902,,755,488,512,742,405,3480
6357,756,1242,1755,2467,2878,,756,486,513,712,411,3479
6356,755,1272,1746,2454,2878,,755,517,474,708,424,3478
6457,808,1322,1858,2598,3035,,808,514,536,740,437,3422
6353,784,1268,1756,2428,2881,,784,484,488,672,453,3472
6399,774,1260,1773,2514,2922,,774,486,513,741,408,3477
6342,717,1201,1718,2428,2868,,717,484,517,710,440,3474
6190,716,1201,1688,2344,2704,,716,485,487,656,360,3486
6462,788,1275,1816,2526,2961,,788,487,541,710,435,3501
6430,782,1294,1806,2543,2951,,782,512,512,737,408,3479
6332,755,1242,1755,2468,2878,,755,487,513,713,410,3454
6324,753,1240,1754,2466,2876,,753,487,514,712,410,3448
6351,756,1242,1762,2473,2902,,756,486,520,711,429,3449
6274,756,1242,1755,2467,2858,,756,486,513,712,391,3416
6325,756,1242,1754,2467,2868,,756,486,512,713,401,3457
6351,755,1242,1755,2468,2903,,755,487,513,713,435,3448
6325,755,1241,1757,2466,2877,,755,486,516,709,411,3448
6185,716,1200,1694,2384,2765,,716,484,494,690,381,3420
6343,773,1261,1773,2486,2896,,773,488,512,713,410,3447
6325,723,1215,1754,2466,2876,,723,492,539,712,410,3449
6350,755,1242,1754,2467,2902,,755,487,512,713,435,3448
6325,757,1242,1756,2467,2879,,757,485,514,711,412,3446
6326,755,1243,1757,2467,2878,,755,488,514,710,411,3448
6236,755,1241,1754,2446,2827,,755,486,513,692,381,3409
6227,744,1241,1743,2420,2773,,744,497,502,677,353,3454
6326,755,1242,1755,2468,2879,,755,487,513,713,411,3447
6327,755,1242,1755,2468,2878,,755,487,513,713,410,3449
6190,720,1205,1693,2403,2743,,720,485,488,710,340,3447
6315,754,1241,1754,2466,2878,,754,487,513,712,412,3437
6325,757,1267,1756,2431,2879,,757,510,489,675,448,3446
6376,755,1242,1755,2497,2929,,755,487,513,742,432,3447
6351,755,1243,1784,2493,2903,,755,488,541,709,410,3448
6325,755,1271,1754,2467,2878,,755,516,483,713,411,3447
6309,755,1242,1755,2467,2865,,755,487,513,712,398,3444
6275,754,1241,1754,2467,2822,,754,487,513,713,355,3453
6350,755,1241,1755,2467,2877,,755,486,514,712,410,3473
6344,773,1258,1772,2485,2894,,773,485,514,713,409,3450
6301,754,1267,1755,2446,2853,,754,513,488,691,407,3448
6350,781,1268,1782,2492,2905,,781,487,514,710,413,3445
6276,755,1243,1754,2468,2857,,755,488,511,714,389,3419
6328,756,1244,1757,2469,2880,,756,488,513,712,411,3448
6327,757,1269,1756,2468,2879,,757,512,487,712,411,3448
6327,758,1243,1755,2463,2879,,758,485,512,708,416,3448
6327,757,1245,1757,2469,2879,,757,488,512,712,410,3448
6253,757,1269,1757,2422,2812,,757,512,488,665,390,3441
6276,757,1270,1756,2469,2858,,757,513,486,713,389,3418
6207,752,1219,1726,2414,2799,,752,467,507,688,385,3408
6311,767,1238,1766,2463,2862,,767,471,528,697,399,3449
6261,742,1212,1745,2441,2836,,742,470,533,696,395,3425
6202,669,1139,1611,2319,2762,,669,470,472,708,443,3440
6353,785,1268,1757,2468,2909,,785,483,489,711,441,3444
6376,783,1267,1782,2492,2928,,783,484,515,710,436,3448
6351,754,1266,1754,2471,2902,,754,512,488,717,431,3449
6354,757,1243,1755,2498,2928,,757,486,512,743,430,3426
6301,758,1268,1756,2468,2851,,758,510,488,712,383,3450
6350,754,1240,1754,2467,2901,,754,486,514,713,434,3449
6361,789,1276,1789,2502,2912,,789,487,513,713,410,3449
6374,778,1265,1808,2516,2926,,778,487,543,708,410,3448
6359,788,1274,1787,2499,2911,,788,486,513,712,412,3448
6339,756,1242,1755,2468,2903,,756,486,513,713,435,3436
6427,755,1241,1754,2495,2960,,755,486,513,741,465,3467
6327,756,1271,1755,2467,2879,,756,515,484,712,412,3448
6324,785,1269,1755,2466,2873,,785,484,486,711,407,3451
6274,756,1243,1754,2467,2857,,756,487,511,713,390,3417
6255,785,1269,1755,2468,2821,,785,484,486,713,353,3434
6381,757,1243,1757,2498,2904,,757,486,514,741,406,3477
6460,788,1305,1820,2559,3019,,788,517,515,739,460,3441
6352,781,1276,1818,2526,2904,,781,495,542,708,378,3448
6344,738,1236,1773,2485,2897,,738,498,537,712,412,3447
6405,785,1285,1812,2521,2984,,785,500,527,709,463,3421
6403,758,1273,1786,2524,2955,,758,515,513,738,431,3448
6351,755,1242,1755,2467,2909,,755,487,513,712,442,3442
6301,755,1272,1755,2467,2852,,755,517,483,712,385,3449
6328,756,1241,1754,2496,2902,,756,485,513,742,406,3426
6406,757,1238,1785,2494,2930,,757,481,547,709,436,3476
6380,755,1243,1754,2467,2906,,755,488,511,713,439,3474
6385,738,1255,1788,2530,2938,,738,517,533,742,408,3447
6291,717,1181,1665,2391,2813,,717,464,484,726,422,3478
6499,778,1292,1828,2568,3022,,778,514,536,740,454,3477
6200,723,1148,1632,2352,2774,,723,425,484,720,422,3426
6347,752,1273,1777,2490,2901,,752,521,504,713,411,3446
6377,754,1242,1755,2467,2906,,754,488,513,712,439,3471
6356,757,1242,1755,2467,2879,,757,485,513,712,412,3477
6330,756,1243,1755,2467,2908,,756,487,512,712,441,3422
6357,755,1271,1756,2468,2878,,755,516,485,712,410,3479
6353,756,1274,1786,2495,2904,,756,518,512,709,409,3449
6315,716,1225,1712,2423,2838,,716,509,487,711,415,3477
6326,752,1196,1754,2496,2881,,752,444,558,742,385,3445
6326,753,1223,1755,2467,2877,,753,470,532,712,410,3449
6205,742,1151,1606,2360,2778,,742,409,455,754,418,3427
6403,756,1244,1757,2500,2936,,756,488,513,743,436,3467
6407,755,1243,1755,2498,2929,,755,488,512,743,431,3478
6403,808,1292,1777,2520,2926,,808,484,485,743,406,3477
6300,756,1243,1756,2498,2883,,756,487,513,742,385,3417
6357,756,1272,1759,2469,2879,,756,516,487,710,410,3478
6355,756,1273,1755,2468,2879,,756,517,482,713,411,3476
6365,767,1283,1768,2480,2919,,767,516,485,712,439,3446
6353,752,1268,1752,2495,2880,,752,516,484,743,385,3473
6352,756,1245,1784,2495,2903,,756,489,539,711,408,3449
6185,684,1086,1567,2318,2739,,684,402,481,751,421,3446
6404,756,1242,1784,2523,2928,,756,486,542,739,405,3476
6356,756,1242,1755,2467,2878,,756,486,513,712,411,3478
6403,778,1293,1777,2489,2930,,778,515,484,712,441,3473
6301,756,1244,1756,2447,2855,,756,488,512,691,408,3446
6203,757,1243,1756,2468,2805,,757,486,513,712,337,3398
6218,747,1220,1744,2419,2812,,747,473,524,675,393,3406
6309,777,1269,1806,2495,2901,,777,492,537,689,406,3408
6228,747,1220,1702,2407,2818,,747,473,482,705,411,3410
6277,746,1195,1707,2417,2828,,746,449,512,710,411,3449
6225,745,1152,1641,2367,2778,,745,407,489,726,411,3447
6351,757,1272,1755,2469,2904,,757,515,483,714,435,3447
6379,755,1242,1784,2494,2903,,755,487,542,710,409,3476
6411,789,1309,1814,2526,2966,,789,520,505,712,440,3445
6360,755,1271,1755,2497,2929,,755,516,484,742,432,3431
6405,755,1268,1784,2510,2927,,755,513,516,726,417,3478
6382,756,1244,1756,2469,2908,,756,488,512,713,439,3474
6407,756,1243,1785,2495,2930,,756,487,542,710,435,3477
6352,760,1245,1756,2468,2907,,760,485,511,712,439,3445
6403,749,1243,1748,2468,2932,,749,494,505,720,464,3471
6150,743,1152,1639,2336,2730,,743,409,487,697,394,3420
6455,783,1292,1780,2523,2982,,783,509,488,743,459,3473
6351,755,1243,1783,2493,2903,,755,488,540,710,410,3448
6430,782,1292,1779,2522,2952,,782,510,487,743,430,3478
6330,756,1244,1756,2468,2907,,756,488,512,712,439,3423
6352,756,1243,1755,2491,2903,,756,487,512,736,412,3449
6380,757,1243,1755,2498,2903,,757,486,512,743,405,3477
6330,785,1300,1785,2495,2903,,785,515,485,710,408,3427
6352,756,1242,1757,2468,2903,,756,486,515,711,435,3449
6356,756,1243,1762,2475,2879,,756,487,519,713,404,3477
6137,744,1153,1591,2280,2711,,744,409,438,689,431,3426
6403,755,1268,1753,2467,2931,,755,513,485,714,464,3472
6404,784,1302,1806,2518,2928,,784,518,504,712,410,3476
6431,787,1272,1756,2498,2958,,787,485,484,742,460,3473
6305,785,1269,1755,2469,2880,,785,484,486,714,411,3425
6276,755,1244,1756,2469,2826,,755,489,512,713,357,3450
6404,785,1299,1781,2526,2955,,785,514,482,745,429,3449
6377,741,1225,1759,2500,2929,,741,484,534,741,429,3448
6251,758,1188,1679,2363,2809,,758,430,491,684,446,3442
6353,757,1243,1757,2470,2905,,757,486,514,713,435,3448
6164,743,1153,1561,2316,2737,,743,410,408,755,421,3427
6327,756,1242,1756,2469,2879,,756,486,514,713,410,3448
6375,754,1242,1783,2496,2926,,754,488,541,713,430,3449
6357,756,1242,1756,2469,2879,,756,486,514,713,410,3478
6354,756,1242,1755,2498,2929,,756,486,513,743,431,3425
6323,754,1244,1756,2465,2876,,754,490,512,709,411,3447
6350,754,1241,1784,2494,2902,,754,487,543,710,408,3448
6378,762,1249,1784,2494,2932,,762,487,535,710,438,3446
6299,756,1267,1720,2429,2853,,756,511,453,709,424,3446
6382,756,1245,1786,2496,2903,,756,489,541,710,407,3479
6050,744,1151,1557,2234,2618,,744,407,406,677,384,3432
6377,757,1245,1785,2494,2936,,757,488,540,709,442,3441
6476,791,1306,1838,2547,3030,,791,515,532,709,483,3446
6384,758,1273,1756,2468,2909,,758,515,483,712,441,3475
6277,756,1273,1756,2448,2829,,756,517,483,692,381,3448
6223,756,1273,1785,2460,2815,,756,517,512,675,355,3408
6225,746,1217,1745,2443,2841,,746,471,528,698,398,3384
6097,727,1175,1605,2282,2700,,727,448,430,677,418,3397
6057,746,1176,1604,2320,2691,,746,430,428,716,371,3366
6231,746,1173,1652,2324,2754,,746,427,479,672,430,3477
6228,744,1190,1651,2359,2779,,744,446,461,708,420,3449
6381,785,1269,1784,2493,2904,,785,484,515,709,411,3477
6358,756,1243,1758,2468,2878,,756,487,515,710,410,3480
6461,789,1276,1790,2532,2991,,789,487,514,742,459,3470
6330,753,1241,1754,2467,2877,,753,488,513,713,410,3453
6355,757,1246,1756,2468,2879,,757,489,510,712,411,3476
6354,755,1242,1755,2468,2878,,755,487,513,713,410,3476
6327,748,1246,1757,2467,2879,,748,498,511,710,412,3448
6325,757,1244,1760,2469,2881,,757,487,516,709,412,3444
6354,758,1245,1758,2475,2905,,758,487,513,717,430,3449
6239,758,1222,1696,2392,2794,,758,464,474,696,402,3445
6178,745,1218,1746,2443,2799,,745,473,528,697,356,3379
6123,745,1218,1746,2403,2750,,745,473,528,657,347,3373
6103,745,1220,1746,2402,2725,,745,475,526,656,323,3378
6094,744,1220,1743,2399,2725,,744,476,523,656,326,3369
6175,746,1202,1745,2442,2800,,746,456,543,697,358,3375
6123,746,1218,1745,2401,2752,,746,472,527,656,351,3371
6062,743,1166,1582,2263,2686,,743,423,416,681,423,3376
6205,746,1176,1631,2327,2739,,746,430,455,696,412,3466
6307,756,1243,1721,2415,2823,,756,487,478,694,408,3484
6201,756,1165,1574,2332,2755,,756,409,409,758,423,3446
6356,757,1243,1756,2468,2879,,757,486,513,712,411,3477
6429,756,1243,1785,2494,2934,,756,487,542,709,440,3495
6434,818,1302,1819,2558,2987,,818,484,517,739,429,3447
6328,756,1244,1756,2470,2879,,756,488,512,714,409,3449
6362,786,1299,1752,2467,2878,,786,513,453,715,411,3484
6427,757,1243,1788,2524,2983,,757,486,545,736,459,3444
6307,756,1272,1720,2413,2823,,756,516,448,693,410,3484
6325,786,1271,1706,2448,2879,,786,485,435,742,431,3446
6356,756,1243,1756,2467,2880,,756,487,513,711,413,3476
6162,757,1171,1580,2320,2740,,757,414,409,740,420,3422
6328,757,1242,1756,2468,2879,,757,485,514,712,411,3449
6406,756,1273,1786,2495,2933,,756,517,513,709,438,3473
6316,716,1225,1714,2423,2839,,716,509,489,709,416,3477
6352,756,1244,1756,2468,2908,,756,488,512,712,440,3444
6299,757,1244,1785,2495,2884,,757,487,541,710,389,3415
6408,787,1297,1783,2496,2908,,787,510,486,713,412,3500
6307,758,1223,1758,2467,2827,,758,465,535,709,360,3480
6300,756,1273,1758,2439,2854,,756,517,485,681,415,3446
6327,756,1243,1756,2469,2880,,756,487,513,713,411,3447
6151,755,1165,1572,2308,2730,,755,410,407,736,422,3421
6328,756,1243,1756,2468,2881,,756,487,513,712,413,3447
6314,757,1243,1756,2469,2880,,757,486,513,713,411,3434
6276,717,1206,1694,2406,2830,,717,489,488,712,424,3446
6275,756,1243,1756,2451,2855,,756,487,513,695,404,3420
6299,757,1245,1756,2449,2856,,757,488,511,693,407,3443
6328,757,1244,1758,2469,2880,,757,487,514,711,411,3448
6153,745,1181,1666,2332,2730,,745,436,485,666,398,3423
6327,756,1243,1757,2468,2874,,756,487,514,711,406,3453
6276,754,1244,1758,2444,2852,,754,490,514,686,408,3424
6252,783,1244,1717,2359,2806,,783,461,473,642,447,3446
6327,756,1244,1756,2469,2879,,756,488,512,713,410,3448
6406,756,1243,1756,2498,2929,,756,487,513,742,431,3477
6401,756,1244,1756,2498,2933,,756,488,512,742,435,3468
6328,785,1269,1756,2469,2878,,785,484,487,713,409,3450
6275,757,1272,1756,2447,2858,,757,515,484,691,411,3417
6382,757,1273,1785,2494,2904,,757,516,512,709,410,3478
6308,787,1219,1745,2417,2823,,787,432,526,672,406,3485
6352,756,1273,1755,2496,2906,,756,517,482,741,410,3446
6377,756,1297,1781,2491,2932,,756,541,484,710,441,3445
6226,786,1250,1732,2419,2806,,786,464,482,687,387,3420
6387,756,1272,1755,2497,2904,,756,516,483,742,407,3483
6329,758,1244,1756,2468,2880,,758,486,512,712,412,3449
6326,786,1271,1757,2468,2880,,786,485,486,711,412,3446
6356,758,1243,1756,2468,2879,,758,485,513,712,411,3477
6299,757,1243,1786,2477,2880,,757,486,543,691,403,3419
6381,787,1300,1782,2495,2905,,787,513,482,713,410,3476
6381,755,1227,1785,2497,2895,,755,472,558,712,398,3486
6380,755,1270,1754,2467,2905,,755,515,484,713,438,3475
6351,756,1241,1755,2471,2902,,756,485,514,716,431,3449
6151,757,1243,1679,2339,2719,,757,486,436,660,380,3432
6356,757,1243,1757,2468,2880,,757,486,514,711,412,3476
6402,756,1273,1781,2526,2958,,756,517,508,745,432,3444
6379,756,1243,1756,2468,2903,,756,487,513,712,435,3476
6358,758,1244,1757,2470,2880,,758,486,513,713,410,3478
6254,756,1245,1756,2448,2830,,756,489,511,692,382,3424
6407,756,1245,1756,2469,2933,,756,489,511,713,464,3474
6381,755,1221,1756,2468,2907,,755,466,535,712,439,3474
6406,786,1301,1806,2518,2929,,786,515,505,712,411,3477
6406,784,1269,1757,2468,2917,,784,485,488,711,449,3489
6217,803,1288,1753,2404,2796,,803,485,465,651,392,3421
6404,782,1266,1784,2493,2926,,782,484,518,709,433,3478
6456,755,1243,1784,2522,2983,,755,488,541,738,461,3473
6379,757,1244,1787,2496,2906,,757,487,543,709,410,3473
6382,755,1242,1784,2493,2903,,755,487,542,709,410,3479
6299,756,1243,1784,2473,2859,,756,487,541,689,386,3440
6407,786,1299,1782,2495,2931,,786,513,483,713,436,3476
6358,757,1222,1756,2470,2880,,757,465,534,714,410,3478
6401,756,1243,1784,2523,2954,,756,487,541,739,431,3447
6258,756,1244,1756,2469,2857,,756,488,512,713,388,3401
6210,783,1246,1730,2417,2804,,783,463,484,687,387,3406
5866,644,1070,1486,2144,2508,,644,426,416,658,364,3358
6153,748,1219,1747,2403,2774,,748,471,528,656,371,3379
6124,747,1219,1745,2401,2750,,747,472,526,656,349,3374
6096,743,1213,1743,2400,2723,,743,470,530,657,323,3373
6178,727,1145,1629,2338,2734,,727,418,484,709,396,3444
6354,748,1260,1757,2499,2905,,748,512,497,742,406,3449
6404,779,1245,1771,2491,2927,,779,466,526,720,436,3477
6358,757,1243,1758,2469,2879,,757,486,515,711,410,3479
6382,788,1302,1782,2496,2904,,788,514,480,714,408,3478
6306,757,1248,1683,2379,2836,,757,491,435,696,457,3470
6356,757,1273,1757,2469,2878,,757,516,484,712,409,3478
6376,756,1243,1755,2498,2929,,756,487,512,743,431,3447
6386,724,1247,1757,2497,2929,,724,523,510,740,432,3457
6329,787,1272,1758,2471,2882,,787,485,486,713,411,3447
6359,758,1247,1758,2470,2881,,758,489,511,712,411,3478
6329,760,1244,1758,2471,2881,,760,484,514,713,410,3448
6281,758,1225,1742,2449,2855,,758,467,517,707,406,3426
6276,758,1246,1758,2470,2860,,758,488,512,712,390,3416
6242,758,1251,1734,2421,2793,,758,493,483,687,372,3449
6067,753,1182,1602,2266,2696,,753,429,420,664,430,3371
6148,746,1217,1744,2401,2770,,746,471,527,657,369,3378
6120,745,1242,1744,2400,2750,,745,497,502,656,350,3370
6323,717,1201,1757,2466,2875,,717,484,556,709,409,3448
6477,786,1323,1836,2547,3029,,786,537,513,711,482,3448
6304,786,1270,1724,2444,2855,,786,484,454,720,411,3449
6377,755,1243,1755,2468,2933,,755,488,512,713,465,3444
6282,757,1244,1691,2399,2807,,757,487,447,708,408,3475
6327,758,1245,1758,2470,2881,,758,487,513,712,411,3446
6254,757,1244,1737,2420,2807,,757,487,493,683,387,3447
6303,763,1248,1761,2457,2855,,763,485,513,696,398,3448
6328,760,1246,1758,2470,2881,,760,486,512,712,411,3447
6352,757,1274,1756,2471,2906,,757,517,482,715,435,3446
6355,760,1246,1789,2498,2906,,760,486,543,709,408,3449
6328,758,1243,1757,2469,2880,,758,485,514,712,411,3448
6354,756,1244,1757,2470,2906,,756,488,513,713,436,3448
6327,786,1271,1757,2470,2881,,786,485,486,713,411,3446
6353,758,1273,1758,2469,2906,,758,515,485,711,437,3447
6274,757,1244,1757,2469,2860,,757,487,513,712,391,3414
6241,757,1223,1732,2419,2792,,757,466,509,687,373,3449
6287,760,1273,1785,2474,2850,,760,513,512,689,376,3437
6150,746,1218,1745,2401,2773,,746,472,527,656,372,3377
6122,745,1218,1746,2403,2752,,745,473,528,657,349,3370
6176,746,1218,1744,2443,2801,,746,472,526,699,358,3375
6097,747,1220,1746,2403,2725,,747,473,526,657,322,3372
6175,746,1217,1746,2443,2800,,746,471,529,697,357,3375
6096,741,1237,1740,2396,2721,,741,496,503,656,325,3375
6155,745,1217,1704,2409,2774,,745,472,487,705,365,3381
6126,747,1218,1746,2404,2754,,747,471,528,658,350,3372
6243,745,1217,1746,2404,2795,,745,472,529,658,391,3448
6307,756,1273,1755,2447,2830,,756,517,482,692,383,3477
6353,757,1274,1758,2469,2909,,757,517,484,711,440,3444
6408,758,1245,1758,2499,2931,,758,487,513,741,432,3477
6382,758,1244,1786,2494,2904,,758,486,542,708,410,3478
6328,786,1271,1757,2469,2880,,786,485,486,712,411,3448
6325,782,1294,1778,2466,2875,,782,512,484,688,409,3450
6353,711,1196,1786,2497,2905,,711,485,590,711,408,3448
6347,751,1239,1780,2490,2899,,751,488,541,710,409,3448
6330,758,1245,1758,2469,2907,,758,487,513,711,438,3423
6213,758,1249,1733,2419,2806,,758,491,484,686,387,3407
6190,746,1219,1744,2400,2818,,746,473,525,656,418,3372
6071,768,1240,1727,2366,2698,,768,472,487,639,332,3373
6122,744,1216,1745,2399,2752,,744,472,529,654,353,3370
6100,745,1192,1666,2370,2726,,745,447,474,704,356,3374
6124,747,1220,1746,2404,2752,,747,473,526,658,348,3372
6149,746,1216,1745,2402,2780,,746,470,529,657,378,3369
6124,746,1218,1748,2404,2752,,746,472,530,656,348,3372
6153,746,1218,1703,2411,2775,,746,472,485,708,364,3378
6109,748,1244,1745,2402,2727,,748,496,501,657,325,3382
6132,748,1219,1746,2402,2751,,748,471,527,656,349,3381
6234,747,1175,1668,2411,2761,,747,428,493,743,350,3473
6357,758,1245,1757,2469,2880,,758,487,512,712,411,3477
6352,787,1271,1758,2469,2906,,787,484,487,711,437,3446
6407,758,1206,1757,2500,2929,,758,448,551,743,429,3478
6360,758,1245,1757,2469,2880,,758,487,512,712,411,3480
6327,757,1272,1756,2497,2859,,757,515,484,741,362,3468
6376,758,1243,1757,2496,2929,,758,485,514,739,433,3447
6402,756,1274,1787,2524,2960,,756,518,513,737,436,3442
6341,759,1244,1757,2498,2935,,759,485,513,741,437,3406
6250,746,1218,1745,2441,2840,,746,472,527,696,399,3410
6207,746,1173,1667,2381,2726,,746,427,494,714,345,3481
6351,757,1245,1757,2500,2905,,757,488,512,743,405,3446
6407,784,1268,1785,2494,2906,,784,484,517,709,412,3501
6407,757,1246,1757,2471,2935,,757,489,511,714,464,3472
6406,756,1244,1756,2499,2929,,756,488,512,743,430,3477
6353,756,1272,1756,2470,2905,,756,516,484,714,435,3448
6377,757,1243,1756,2498,2932,,757,486,513,742,434,3445
6323,753,1239,1756,2465,2876,,753,486,517,709,411,3447
6308,756,1241,1754,2466,2877,,756,485,513,712,411,3431
6210,746,1218,1746,2442,2841,,746,472,528,696,399,3369
6203,745,1193,1668,2411,2751,,745,448,475,743,340,3452
6382,757,1244,1758,2471,2909,,757,487,514,713,438,3473
6328,786,1270,1757,2469,2881,,786,484,487,712,412,3447
6381,786,1270,1756,2469,2908,,786,484,486,713,439,3473
6358,760,1246,1757,2469,2880,,760,486,511,712,411,3478
6382,758,1244,1757,2499,2904,,758,486,513,742,405,3478
6358,758,1245,1757,2470,2881,,758,487,512,713,411,3477
6355,757,1246,1757,2458,2882,,757,489,511,701,424,3473
6309,787,1274,1756,2470,2880,,787,487,482,714,410,3429
6208,747,1219,1746,2443,2841,,747,472,527,697,398,3367
6227,746,1228,1681,2427,2778,,746,482,453,746,351,3449
6353,757,1244,1758,2501,2907,,757,487,514,743,406,3446
6344,778,1263,1776,2485,2896,,778,485,513,709,411,3448
6378,786,1296,1782,2494,2935,,786,510,486,712,441,3443
6403,759,1244,1788,2498,2959,,759,485,544,710,461,3444
6356,756,1245,1755,2468,2878,,756,489,510,713,410,3478
6333,745,1256,1758,2472,2880,,745,511,502,714,408,3453
6275,702,1193,1710,2419,2829,,702,491,517,709,410,3446
6366,786,1270,1756,2499,2958,,786,484,486,743,459,3408
6207,771,1243,1770,2467,2823,,771,472,527,697,356,3384
6227,747,1193,1640,2385,2784,,747,446,447,745,399,3443
6358,757,1274,1757,2469,2880,,757,517,483,712,411,3478
6384,759,1271,1786,2495,2907,,759,512,515,709,412,3477
6329,757,1274,1763,2472,2881,,757,517,489,709,409,3448
6358,758,1244,1757,2470,2880,,758,486,513,713,410,3478
6331,786,1270,1758,2469,2881,,786,484,488,711,412,3450
6383,758,1274,1757,2470,2909,,758,516,483,713,439,3474
6326,757,1245,1757,2470,2891,,757,488,512,713,421,3435
6361,758,1273,1785,2496,2931,,758,515,512,711,435,3430
6265,779,1250,1782,2490,2897,,779,471,532,708,407,3368
6303,756,1244,1705,2419,2858,,756,488,461,714,439,3445
6359,786,1270,1758,2471,2882,,786,484,488,713,411,3477
6408,758,1298,1811,2520,2930,,758,540,513,709,410,3478
6353,786,1270,1753,2468,2909,,786,484,483,715,441,3444
6358,757,1244,1757,2469,2881,,757,487,513,712,412,3477
6381,756,1243,1762,2472,2904,,756,487,519,710,432,3477
6354,758,1244,1756,2470,2908,,758,486,512,714,438,3446
6307,758,1244,1786,2496,2911,,758,486,542,710,415,3396
6320,759,1245,1760,2499,2906,,759,486,515,739,407,3414
6252,759,1271,1758,2450,2831,,759,512,487,692,381,3421
6331,759,1245,1758,2471,2881,,759,486,513,713,410,3450
6352,756,1243,1756,2468,2903,,756,487,513,712,435,3449
6350,756,1243,1784,2493,2904,,756,487,541,709,411,3446
6357,758,1270,1757,2470,2881,,758,512,487,713,411,3476
6329,757,1246,1758,2471,2882,,757,489,512,713,411,3447
6358,758,1275,1758,2470,2880,,758,517,483,712,410,3478
6329,757,1245,1758,2471,2881,,757,488,513,713,410,3448
6326,756,1244,1757,2468,2880,,756,488,513,711,412,3446
6308,760,1246,1758,2471,2881,,760,486,512,713,410,3427
6231,776,1240,1751,2437,2823,,776,464,511,686,386,3408
6193,749,1223,1666,2310,2745,,749,474,443,644,435,3448
6175,746,1219,1745,2442,2801,,746,473,526,697,359,3374
6123,747,1244,1745,2403,2751,,747,497,501,658,348,3372
6388,779,1250,1733,2480,2912,,779,471,483,747,432,3476
6385,789,1276,1787,2496,2907,,789,487,511,709,411,3478
6328,787,1272,1757,2460,2884,,787,485,485,703,424,3444
6382,757,1243,1785,2496,2905,,757,486,542,711,409,3477
6328,757,1243,1756,2469,2929,,757,486,513,713,460,3399
6177,746,1219,1744,2442,2799,,746,473,525,698,357,3378
6152,746,1219,1744,2401,2770,,746,473,525,657,369,3382
6215,747,1218,1723,2349,2771,,747,471,505,626,422,3444
6177,748,1220,1750,2447,2799,,748,472,530,697,352,3378
6121,746,1217,1746,2402,2753,,746,471,529,656,351,3368
6097,768,1199,1634,2344,2723,,768,431,435,710,379,3374
6099,746,1242,1746,2402,2727,,746,496,504,656,325,3372
6091,745,1217,1745,2401,2728,,745,472,528,656,327,3363
6393,792,1271,1791,2504,2915,,792,479,520,713,411,3478
6385,758,1246,1787,2497,2931,,758,488,541,710,434,3454
6350,757,1245,1786,2496,2905,,757,488,541,710,409,3445
6355,756,1243,1755,2468,2878,,756,487,512,713,410,3477
6351,785,1296,1759,2502,2903,,785,511,463,743,401,3448
6351,786,1272,1786,2496,2904,,786,486,514,710,408,3447
6382,786,1271,1757,2469,2910,,786,485,486,712,441,3472
6333,786,1271,1757,2470,2860,,786,485,486,713,390,3473
6354,756,1243,1785,2495,2905,,756,487,542,710,410,3449
6229,758,1243,1757,2470,2777,,758,485,514,713,307,3452
6432,786,1270,1785,2524,2954,,786,484,515,739,430,3478
6402,757,1268,1756,2498,2959,,757,511,488,742,461,3443
6376,755,1243,1756,2496,2935,,755,488,513,740,439,3441
6329,757,1274,1787,2497,2906,,757,517,513,710,409,3423
6368,759,1246,1759,2499,2928,,759,487,513,740,429,3440
6179,748,1220,1746,2445,2801,,748,472,526,699,356,3378
6123,745,1218,1745,2400,2752,,745,473,527,655,352,3371
6175,746,1218,1746,2443,2801,,746,472,528,697,358,3374
6122,747,1244,1747,2402,2753,,747,497,503,655,351,3369
6128,746,1218,1745,2402,2754,,746,472,527,657,352,3374
6228,777,1249,1775,2473,2855,,777,472,526,698,382,3373
6127,745,1216,1745,2402,2752,,745,471,529,657,350,3375
6121,745,1217,1746,2401,2752,,745,472,529,655,351,3369
6127,763,1235,1745,2403,2751,,763,472,510,658,348,3376
6243,747,1219,1747,2445,2800,,747,472,528,698,355,3443
6327,757,1245,1757,2470,2880,,757,488,512,713,410,3447
6407,758,1243,1757,2469,2908,,758,485,514,712,439,3499
6350,783,1268,1756,2469,2901,,783,485,488,713,432,3449
6430,780,1267,1780,2523,2953,,780,487,513,743,430,3477
6353,787,1301,1811,2499,2905,,787,514,510,688,406,3448
6352,757,1244,1786,2496,2905,,757,487,542,710,409,3447
6383,786,1300,1782,2493,2905,,786,514,482,711,412,3478
6356,757,1244,1756,2469,2880,,757,487,512,713,411,3476
6302,712,1198,1757,2469,2880,,712,486,559,712,411,3422
6256,759,1245,1759,2393,2807,,759,486,514,634,414,3449
6329,759,1244,1758,2470,2880,,759,485,514,712,410,3449
6354,758,1247,1759,2471,2907,,758,489,512,712,436,3447
6329,758,1245,1758,2466,2881,,758,487,513,708,415,3448
6437,737,1250,1786,2530,2959,,737,513,536,744,429,3478
6255,760,1245,1737,2422,2805,,760,485,492,685,383,3450
6355,761,1246,1757,2499,2905,,761,485,511,742,406,3450
6354,758,1245,1759,2471,2905,,758,487,514,712,434,3449
6306,758,1246,1758,2470,2881,,758,488,512,712,411,3425
6212,759,1246,1738,2421,2806,,759,487,492,683,385,3406
6204,748,1233,1748,2444,2801,,748,485,515,696,357,3403
6151,747,1245,1747,2405,2777,,747,498,502,658,372,3374
6122,747,1221,1747,2403,2751,,747,474,526,656,348,3371
6123,770,1243,1726,2389,2752,,770,473,483,663,363,3371
6125,746,1218,1748,2406,2753,,746,472,530,658,347,3372
6128,748,1218,1748,2407,2752,,748,470,530,659,345,3376
6110,666,1136,1608,2357,2738,,666,470,472,749,381,3372
6304,746,1219,1702,2420,2857,,746,473,483,718,437,3447
6434,759,1244,1757,2498,2958,,759,485,513,741,460,3476
6357,758,1224,1788,2497,2906,,758,466,564,709,409,3451
6407,758,1224,1786,2496,2932,,758,466,562,710,436,3475
6328,756,1273,1757,2468,2880,,756,517,484,711,412,3448
6380,787,1271,1757,2500,2934,,787,484,486,743,434,3446
6382,756,1274,1785,2493,2905,,756,518,511,708,412,3477
6313,717,1227,1715,2454,2865,,717,510,488,739,411,3448
6333,757,1223,1733,2446,2856,,757,466,510,713,410,3477
6397,771,1259,1772,2484,2920,,771,488,513,712,436,3477
6404,758,1246,1757,2499,2959,,758,488,511,742,460,3445
6358,760,1246,1757,2470,2881,,760,486,511,713,411,3477
6302,759,1193,1749,2446,2845,,759,434,556,697,399,3457
6179,747,1244,1725,2424,2779,,747,497,481,699,355,3400
6149,746,1217,1746,2403,2774,,746,471,529,657,371,3375
6124,746,1218,1746,2403,2755,,746,472,528,657,352,3369
6151,745,1217,1746,2403,2777,,745,472,529,657,374,3374
6131,747,1244,1748,2404,2749,,747,497,504,656,345,3382
6043,748,1219,1706,2344,2675,,748,471,487,638,331,3368
6200,744,1215,1747,2445,2824,,744,471,532,698,379,3376
6128,748,1220,1747,2403,2750,,748,472,527,656,347,3378
6126,749,1247,1747,2403,2755,,749,498,500,656,352,3371
6121,748,1218,1746,2402,2754,,748,470,528,656,352,3367
6084,773,1270,1730,2371,2701,,773,497,460,641,330,3383
6074,772,1244,1730,2368,2702,,772,472,486,638,334,3372
6164,746,1214,1744,2376,2724,,746,468,530,632,348,3440
6283,746,1218,1746,2443,2812,,746,472,528,697,369,3471
6406,790,1275,1812,2522,2959,,790,485,537,710,437,3447
6383,758,1245,1757,2470,2906,,758,487,512,713,436,3477
6282,757,1187,1681,2391,2804,,757,430,494,710,413,3478
6384,787,1297,1783,2495,2906,,787,510,486,712,411,3478
6424,808,1322,1803,2519,2979,,808,514,481,716,460,3445
6200,790,1199,1630,2354,2776,,790,409,431,724,422,3424
6185,750,1221,1749,2447,2801,,750,471,528,698,354,3384
6123,746,1217,1746,2402,2752,,746,471,529,656,350,3371
6100,747,1219,1746,2402,2727,,747,472,527,656,325,3373
6190,747,1219,1747,2403,2751,,747,472,528,656,348,3439
6357,760,1270,1758,2470,2881,,760,510,488,712,411,3476
6216,757,1272,1737,2368,2769,,757,515,465,631,401,3447
6233,707,1140,1633,2342,2756,,707,433,493,709,414,3477
6330,759,1249,1762,2472,2881,,759,490,513,710,409,3449
6407,758,1274,1784,2495,2935,,758,516,510,711,440,3472
6319,749,1245,1654,2395,2847,,749,496,409,741,452,3472
6334,759,1245,1738,2425,2860,,759,486,493,687,435,3474
6409,759,1245,1786,2496,2931,,759,486,541,710,435,3478
6291,716,1200,1689,2399,2814,,716,484,489,710,415,3477
6385,788,1272,1789,2498,2911,,788,484,517,709,413,3474
6358,759,1246,1758,2470,2881,,759,487,512,712,411,3477
6332,757,1273,1756,2469,2860,,757,516,483,713,391,3472
6291,758,1216,1748,2447,2845,,758,458,532,699,398,3446
6282,745,1245,1746,2386,2806,,745,500,501,640,420,3476
6400,780,1268,1780,2520,2953,,780,488,512,740,433,3447
6457,785,1324,1829,2546,2983,,785,539,505,717,437,3474
6350,781,1297,1780,2494,2887,,781,516,483,714,393,3463
6354,758,1246,1727,2446,2910,,758,488,481,719,464,3444
6358,756,1245,1755,2469,2879,,756,489,510,714,410,3479
6328,786,1271,1757,2470,2880,,786,485,486,713,410,3448
6330,717,1207,1758,2470,2881,,717,490,551,712,411,3449
6328,757,1244,1758,2469,2880,,757,487,514,711,411,3448
6334,750,1260,1744,2454,2882,,750,510,484,710,428,3452
6356,760,1246,1759,2473,2907,,760,486,513,714,434,3449
6333,761,1246,1760,2501,2907,,761,485,514,741,406,3426
6215,762,1249,1740,2423,2807,,762,487,491,683,384,3408
6287,749,1248,1748,2446,2802,,749,499,500,698,356,3485
6385,759,1245,1788,2497,2906,,759,486,543,709,409,3479
6408,759,1299,1782,2495,2930,,759,540,483,713,435,3478
6379,758,1274,1758,2499,2934,,758,516,484,741,435,3445
6434,788,1302,1785,2498,2937,,788,514,483,713,439,3497
6358,760,1245,1758,2470,2882,,760,485,513,712,412,3476
6330,749,1245,1759,2470,2882,,749,496,514,711,412,3448
6408,788,1273,1759,2471,2905,,788,485,486,712,434,3503
6308,760,1246,1759,2473,2883,,760,486,513,714,410,3425
6213,759,1253,1739,2422,2807,,759,494,486,683,385,3406
6308,747,1244,1746,2442,2821,,747,497,502,696,379,3487
6478,786,1298,1811,2551,3029,,786,512,513,740,478,3449
6381,758,1246,1760,2471,2935,,758,488,514,711,464,3446
6379,758,1245,1758,2501,2931,,758,487,513,743,430,3448
6405,787,1298,1813,2524,2958,,787,511,515,711,434,3447
6383,758,1246,1787,2498,2906,,758,488,541,711,408,3477
6328,785,1270,1756,2470,2880,,785,485,486,714,410,3448
6377,758,1273,1757,2498,2933,,758,515,484,741,435,3444
6143,715,1188,1661,2388,2767,,715,473,473,727,379,3376
6238,669,1182,1666,2380,2790,,669,513,484,714,410,3448
6401,781,1269,1811,2521,2954,,781,488,542,710,433,3447
6384,758,1245,1786,2495,2906,,758,487,541,709,411,3478
6404,759,1246,1760,2500,2960,,759,487,514,740,460,3444
6330,759,1246,1758,2470,2881,,759,487,512,712,411,3449
6285,760,1191,1684,2394,2808,,760,431,493,710,414,3477
6358,759,1225,1758,2470,2881,,759,466,533,712,411,3477
6381,788,1274,1759,2471,2912,,788,486,485,712,441,3469
6377,767,1251,1780,2495,2933,,767,484,529,715,438,3444
6068,759,1202,1678,2315,2676,,759,443,476,637,361,3392
5942,669,1118,1557,2216,2559,,669,449,439,659,343,3383
5954,667,1105,1520,2179,2566,,667,438,415,659,387,3388
6034,670,1117,1556,2219,2580,,670,447,439,663,361,3454
6353,781,1268,1782,2493,2904,,781,487,514,711,411,3449
6409,758,1275,1787,2497,2931,,758,517,512,710,434,3478
6237,757,1273,1756,2448,2830,,757,516,483,692,382,3407
6328,747,1218,1767,2477,2881,,747,471,549,710,404,3447
6326,788,1194,1735,2475,2881,,788,406,541,740,406,3445
6175,717,1201,1690,2379,2749,,717,484,489,689,370,3426
6209,778,1250,1778,2475,2832,,778,472,528,697,357,3377
6180,706,1154,1626,2281,2767,,706,448,472,655,486,3413
6260,715,1199,1694,2402,2813,,715,484,495,708,411,3447
6508,759,1299,1812,2550,3031,,759,540,513,738,481,3477
6354,761,1246,1759,2501,2906,,761,485,513,742,405,3448
6379,760,1246,1759,2500,2934,,760,486,513,741,434,3445
6380,759,1276,1767,2506,2932,,759,517,491,739,426,3448
6329,787,1256,1764,2476,2881,,787,469,508,712,405,3448
6216,789,1218,1747,2364,2771,,789,429,529,617,407,3445
6177,747,1218,1746,2442,2802,,747,471,528,696,360,3375
6081,701,1180,1651,2315,2711,,701,479,471,664,396,3370
6209,747,1244,1748,2403,2775,,747,497,504,655,372,3434
6337,747,1242,1731,2444,2894,,747,495,489,713,450,3443
6359,760,1246,1758,2470,2881,,760,486,512,712,411,3478
6330,759,1246,1758,2470,2882,,759,487,512,712,412,3448
6358,759,1244,1759,2471,2880,,759,485,515,712,409,3478
6407,758,1269,1762,2502,2930,,758,511,493,740,428,3477
6357,757,1272,1735,2444,2883,,757,515,463,709,439,3474
6192,758,1192,1673,2333,2747,,758,434,481,660,414,3445
6176,747,1225,1748,2445,2805,,747,478,523,697,360,3371
6155,779,1252,1777,2435,2785,,779,473,525,658,350,3370
6182,747,1218,1729,2435,2803,,747,471,511,706,368,3379
6183,747,1218,1749,2445,2805,,747,471,531,696,360,3378
6099,749,1221,1745,2403,2726,,749,472,524,658,323,3373
6125,747,1219,1748,2404,2754,,747,472,529,656,350,3371
6101,748,1221,1747,2402,2728,,748,473,526,655,326,3373
6309,749,1205,1703,2421,2831,,749,456,498,718,410,3478
6379,786,1300,1811,2521,2931,,786,514,511,710,410,3448
6240,758,1213,1749,2406,2820,,758,455,536,657,414,3420
6180,748,1219,1747,2444,2803,,748,471,528,697,359,3377
6109,708,1194,1672,2341,2739,,708,486,478,669,398,3370
6091,756,1233,1747,2397,2724,,756,477,514,650,327,3367
6254,748,1219,1706,2369,2812,,748,471,487,663,443,3442
6379,758,1244,1757,2501,2930,,758,486,513,744,429,3449
6407,782,1269,1782,2494,2931,,782,487,513,712,437,3476
6354,787,1273,1789,2499,2906,,787,486,516,710,407,3448
6383,759,1244,1757,2498,2906,,759,485,513,741,408,3477
6333,757,1244,1736,2447,2855,,757,487,492,711,408,3478
6230,787,1251,1655,2371,2781,,787,464,404,716,410,3449
6376,782,1248,1757,2499,2929,,782,466,509,742,430,3447
6176,760,1192,1672,2372,2773,,760,432,480,700,401,3403
6076,745,1186,1616,2281,2698,,745,441,430,665,417,3378
6330,747,1221,1747,2400,2861,,747,474,526,653,461,3469
6328,757,1244,1757,2469,2880,,757,487,513,712,411,3448
6288,718,1232,1718,2428,2839,,718,514,486,710,411,3449
6405,789,1299,1813,2524,2957,,789,510,514,711,433,3448
6277,758,1245,1787,2475,2856,,758,487,542,688,381,3421
6328,789,1275,1759,2471,2863,,789,486,484,712,392,3465
6309,759,1227,1757,2459,2827,,759,468,530,702,368,3482
6251,720,1205,1721,2431,2811,,720,485,516,710,380,3440
6151,748,1221,1723,2420,2779,,748,473,502,697,359,3372
6067,772,1231,1721,2336,2698,,772,459,490,615,362,3369
6095,705,1182,1651,2282,2677,,705,477,469,631,395,3418
6359,759,1246,1787,2499,2868,,759,487,541,712,369,3491
6383,757,1244,1758,2470,2910,,757,487,514,712,440,3473
6356,759,1245,1758,2470,2909,,759,486,513,712,439,3447
6359,787,1271,1787,2469,2882,,787,484,516,682,413,3477
6278,788,1272,1759,2500,2863,,788,484,487,741,363,3415
6355,789,1274,1758,2501,2906,,789,485,484,743,405,3449
6354,757,1244,1742,2450,2879,,757,487,498,708,429,3475
6243,760,1274,1705,2411,2821,,760,514,431,706,410,3422
6178,747,1244,1746,2443,2800,,747,497,502,697,357,3378
6217,750,1221,1748,2404,2776,,750,471,527,656,372,3441
6384,759,1245,1787,2497,2906,,759,486,542,710,409,3478
6380,789,1303,1784,2496,2934,,789,514,481,712,438,3446
6405,760,1274,1788,2498,2935,,760,514,514,710,437,3470
6335,761,1275,1760,2472,2859,,761,514,485,712,387,3476
6359,759,1250,1791,2500,2916,,759,491,541,709,416,3443
6384,758,1246,1788,2496,2906,,758,488,542,708,410,3478
6327,759,1245,1758,2449,2881,,759,486,513,691,432,3446
6345,762,1302,1778,2484,2897,,762,540,476,706,413,3448
6180,750,1223,1713,2436,2803,,750,473,490,723,367,3377
6167,748,1184,1657,2311,2721,,748,436,473,654,410,3446
6459,788,1300,1815,2525,2987,,788,512,515,710,462,3472
6360,759,1246,1759,2471,2883,,759,487,513,712,412,3477
6430,789,1302,1783,2526,2985,,789,513,481,743,459,3445
6334,760,1272,1759,2473,2848,,760,512,487,714,375,3486
6277,759,1274,1758,2470,2860,,759,515,484,712,390,3417
6357,759,1247,1761,2472,2911,,759,488,514,711,439,3446
6404,780,1268,1780,2474,2933,,780,488,512,694,459,3471
6335,764,1278,1738,2446,2857,,764,514,460,708,411,3478
6119,759,1225,1700,2342,2692,,759,466,475,642,350,3427
6203,748,1223,1747,2445,2802,,748,475,524,698,357,3401
6151,747,1219,1747,2404,2775,,747,472,528,657,371,3376
6121,742,1214,1743,2400,2751,,742,472,529,657,351,3370
6101,746,1217,1746,2402,2727,,746,471,529,656,325,3374
6194,748,1173,1643,2348,2748,,748,425,470,705,400,3446
6358,758,1245,1758,2470,2880,,758,487,513,712,410,3478
6359,759,1277,1760,2441,2885,,759,518,483,681,444,3474
6360,790,1277,1790,2503,2913,,790,487,513,713,410,3447
6192,759,1246,1727,2371,2769,,759,487,481,644,398,3423
6154,747,1243,1747,2415,2776,,747,496,504,668,361,3378
6285,749,1199,1665,2385,2808,,749,450,466,720,423,3477
6358,757,1246,1758,2470,2881,,757,489,512,712,411,3477
6288,717,1227,1714,2423,2840,,717,510,487,709,417,3448
6360,758,1273,1750,2470,2881,,758,515,477,720,411,3479
6253,759,1245,1758,2450,2832,,759,486,513,692,382,3421
6384,762,1248,1707,2422,2887,,762,486,459,715,465,3497
6219,788,1271,1705,2372,2771,,788,483,434,667,399,3448
6205,746,1218,1751,2459,2824,,746,472,533,708,365,3381
6140,708,1127,1611,2318,2740,,708,419,484,707,422,3400
6218,760,1246,1739,2424,2792,,760,486,493,685,368,3426
6306,749,1220,1706,2421,2832,,749,471,486,715,411,3474
6403,756,1268,1756,2497,2929,,756,512,488,741,432,3474
6434,759,1244,1787,2526,2956,,759,485,543,739,430,3478
6406,759,1275,1789,2528,2957,,759,516,514,739,429,3449
6403,757,1244,1758,2471,2934,,757,487,514,713,463,3469
6330,760,1245,1759,2470,2882,,760,485,514,711,412,3448
6303,759,1275,1759,2500,2885,,759,516,484,741,385,3418
6163,760,1227,1736,2423,2795,,760,467,509,687,372,3368
6181,748,1178,1672,2413,2731,,748,430,494,741,318,3450
6168,759,1246,1738,2378,2743,,759,487,492,640,365,3425
6214,747,1244,1701,2421,2812,,747,497,457,720,391,3402
6379,759,1246,1788,2497,2932,,759,487,542,709,435,3447
6381,760,1245,1790,2501,2932,,760,485,545,711,431,3449
6404,758,1300,1808,2519,2958,,758,542,508,711,439,3446
6359,789,1273,1759,2471,2881,,789,484,486,712,410,3478
6377,786,1297,1810,2520,2930,,786,511,513,710,410,3447
6290,759,1247,1760,2471,2841,,759,488,513,711,370,3449
6292,788,1272,1788,2522,2910,,788,484,516,734,388,3382
6204,759,1224,1733,2405,2759,,759,465,509,672,354,3445
6268,760,1275,1761,2419,2821,,760,515,486,658,402,3447
6320,762,1232,1719,2420,2875,,762,470,487,701,455,3445
6409,759,1246,1787,2525,2932,,759,487,541,738,407,3477
6478,759,1298,1811,2551,3018,,759,539,513,740,467,3460
6380,788,1302,1809,2522,2932,,788,514,507,713,410,3448
6354,758,1244,1785,2495,2905,,758,486,541,710,410,3449
6303,757,1244,1758,2433,2855,,757,487,514,675,422,3448
6358,759,1246,1758,2472,2882,,759,487,512,714,410,3476
6303,759,1276,1788,2497,2886,,759,517,512,709,389,3417
6219,759,1225,1736,2423,2792,,759,466,511,687,369,3427
6231,747,1220,1751,2460,2839,,747,473,531,709,379,3392
6190,747,1217,1706,2369,2765,,747,470,489,663,396,3425
6359,761,1246,1759,2472,2882,,761,485,513,713,410,3477
6385,759,1275,1759,2471,2911,,759,516,484,712,440,3474
6359,758,1247,1758,2470,2881,,758,489,511,712,411,3478
6328,759,1247,1758,2470,2881,,759,488,511,712,411,3447
6377,787,1304,1783,2494,2920,,787,517,479,711,426,3457
6403,760,1244,1789,2527,2956,,760,484,545,738,429,3447
6329,758,1274,1757,2499,2910,,758,516,483,742,411,3419
6237,759,1230,1741,2432,2817,,759,471,511,691,385,3420
6179,748,1219,1749,2447,2802,,748,471,530,698,355,3377
6233,747,1219,1711,2391,2812,,747,472,492,680,421,3421
6385,761,1247,1760,2472,2883,,761,486,513,712,411,3502
6355,759,1246,1788,2498,2906,,759,487,542,710,408,3449
6328,759,1274,1758,2475,2881,,759,515,484,717,406,3447
6357,758,1244,1757,2472,2880,,758,486,513,715,408,3477
6313,786,1269,1786,2495,2891,,786,483,517,709,396,3422
6212,758,1275,1734,2420,2807,,758,517,459,686,387,3405
6232,747,1219,1748,2445,2844,,747,472,529,697,399,3388
6293,748,1220,1723,2431,2858,,748,472,503,708,427,3435
6292,761,1248,1760,2471,2851,,761,487,512,711,380,3441
6206,750,1221,1707,2360,2752,,750,471,486,653,392,3454
6384,759,1275,1759,2472,2907,,759,516,484,713,435,3477
6330,759,1247,1759,2471,2882,,759,488,512,712,411,3448
6357,760,1246,1758,2470,2881,,760,486,512,712,411,3476
6328,760,1247,1758,2471,2882,,760,487,511,713,411,3446
6311,760,1246,1758,2471,2883,,760,486,512,713,412,3428
6227,757,1245,1738,2421,2806,,757,488,493,683,385,3421
6331,761,1247,1760,2472,2884,,761,486,513,712,412,3447
6330,788,1273,1788,2497,2912,,788,485,515,709,415,3418
6335,760,1247,1760,2473,2863,,760,487,513,713,390,3472
6303,759,1270,1758,2472,2845,,759,511,488,714,373,3458
6353,759,1250,1762,2471,2885,,759,491,512,709,414,3468
6359,758,1246,1758,2471,2882,,758,488,512,713,411,3477
6360,759,1246,1759,2472,2882,,759,487,513,713,410,3478
6331,761,1246,1759,2472,2882,,761,485,513,713,410,3449
6331,759,1247,1758,2471,2906,,759,488,511,713,435,3425
6276,757,1244,1758,2448,2855,,757,487,514,690,407,3421
6358,759,1246,1759,2471,2881,,759,487,513,712,410,3477
6252,759,1274,1758,2445,2834,,759,515,484,687,389,3418
6318,761,1246,1759,2472,2876,,761,485,513,713,404,3442
6220,734,1211,1748,2402,2777,,734,477,537,654,375,3443
6357,757,1245,1757,2469,2881,,757,488,512,712,412,3476
6384,788,1302,1784,2497,2907,,788,514,482,713,410,3477
6329,758,1245,1758,2470,2881,,758,487,513,712,411,3448
6328,759,1246,1758,2472,2881,,759,487,512,714,409,3447
6307,760,1248,1759,2471,2881,,760,488,511,712,410,3426
6278,760,1246,1760,2451,2857,,760,486,514,691,406,3421
6381,789,1300,1811,2523,2934,,789,511,511,712,411,3447
6383,789,1304,1785,2504,2963,,789,515,481,719,459,3420
6306,760,1249,1760,2472,2863,,760,489,511,712,391,3443
6307,762,1248,1760,2473,2862,,762,486,512,713,389,3445
6385,760,1245,1757,2470,2911,,760,485,512,713,441,3474
6409,759,1247,1759,2472,2937,,759,488,512,713,465,3472
6329,760,1272,1760,2474,2882,,760,512,488,714,408,3447
6328,760,1248,1760,2472,2883,,760,488,512,712,411,3445
6332,761,1247,1760,2472,2909,,761,486,513,712,437,3423
6229,762,1247,1740,2426,2810,,762,485,493,686,384,3419
6407,789,1303,1807,2520,2931,,789,514,504,713,411,3476
6306,760,1275,1789,2499,2887,,760,515,514,710,388,3419
6287,789,1273,1759,2500,2907,,789,484,486,741,407,3380
6379,760,1258,1764,2504,2933,,760,498,506,740,429,3446
6360,761,1246,1760,2472,2883,,761,485,514,712,411,3477
6330,761,1246,1760,2471,2884,,761,485,514,711,413,3446
6302,758,1243,1761,2471,2847,,758,485,518,710,376,3455
6409,788,1297,1784,2496,2931,,788,509,487,712,435,3478
6442,790,1329,1858,2570,2999,,790,539,529,712,429,3443
6212,788,1272,1735,2422,2807,,788,484,463,687,385,3405
6206,749,1221,1749,2448,2826,,749,472,528,699,378,3380
6219,746,1219,1749,2444,2804,,746,473,530,695,360,3415
6305,760,1272,1762,2472,2882,,760,512,490,710,410,3423
6358,791,1257,1761,2502,2909,,791,466,504,741,407,3449
6378,788,1303,1812,2522,2932,,788,515,509,710,410,3446
6354,783,1269,1782,2495,2906,,783,486,513,713,411,3448
6407,757,1244,1758,2499,2930,,757,487,514,741,431,3477
6357,759,1246,1759,2470,2881,,759,487,513,711,411,3476
6332,759,1246,1759,2471,2911,,759,487,513,712,440,3421
6433,760,1246,1788,2529,2958,,760,486,542,741,429,3475
6408,782,1270,1782,2525,2931,,782,488,512,743,406,3477
6308,760,1248,1760,2471,2883,,760,488,512,711,412,3425
6486,762,1249,1790,2529,2991,,762,487,541,739,462,3495
6235,759,1196,1673,2313,2757,,759,437,477,640,444,3478
6360,789,1273,1760,2473,2883,,789,484,487,713,410,3477
6374,779,1294,1777,2490,2929,,779,515,483,713,439,3445
6342,760,1246,1788,2498,2907,,760,486,542,710,409,3435
6353,758,1246,1786,2496,2907,,758,488,540,710,411,3446
6289,758,1274,1758,2467,2866,,758,516,484,709,399,3423
6327,787,1271,1757,2470,2881,,787,484,486,713,411,3446
6408,759,1274,1815,2524,2985,,759,515,541,709,461,3423
6329,790,1278,1789,2500,2887,,790,488,511,711,387,3442
6354,758,1246,1759,2471,2911,,758,488,513,712,440,3443
6355,759,1225,1759,2472,2906,,759,466,534,713,434,3449
6405,789,1303,1785,2528,2957,,789,514,482,743,429,3448
6273,811,1296,1757,2460,2868,,811,485,461,703,408,3405
6151,748,1244,1747,2404,2773,,748,496,503,657,369,3378
6130,749,1246,1749,2404,2755,,749,497,503,655,351,3375
6140,749,1220,1706,2369,2722,,749,471,486,663,353,3418
6357,788,1271,1759,2472,2882,,788,483,488,713,410,3475
6417,747,1242,1792,2504,2941,,747,495,550,712,437,3476
6379,760,1275,1761,2501,2936,,760,515,486,740,435,3443
6329,761,1276,1760,2472,2883,,761,515,484,712,411,3446
6329,758,1224,1748,2457,2881,,758,466,524,709,424,3448
6378,759,1274,1788,2500,2930,,759,515,514,712,430,3448
6288,717,1202,1691,2428,2839,,717,485,489,737,411,3449
6405,758,1245,1758,2499,2959,,758,487,513,741,460,3446
6507,788,1327,1839,2548,3031,,788,539,512,709,483,3476
6307,759,1246,1759,2471,2882,,759,487,513,712,411,3425
6354,760,1247,1760,2473,2908,,760,487,513,713,435,3446
6287,718,1202,1690,2429,2840,,718,484,488,739,411,3447
6305,789,1274,1759,2471,2882,,789,485,485,712,411,3423
6354,760,1275,1760,2499,2907,,760,515,485,739,408,3447
6256,787,1298,1732,2436,2821,,787,511,434,704,385,3435
6354,788,1299,1784,2496,2907,,788,511,485,712,411,3447
6263,719,1203,1692,2400,2817,,719,484,489,708,417,3446
6405,758,1245,1789,2527,2956,,758,487,544,738,429,3449
6301,788,1272,1787,2476,2882,,788,484,515,689,406,3419
6413,760,1247,1788,2498,2962,,760,487,541,710,464,3451
6350,787,1272,1743,2441,2888,,787,485,471,698,447,3462
6402,735,1221,1788,2498,2937,,735,486,567,710,439,3465
6379,788,1298,1813,2523,2932,,788,510,515,710,409,3447
6289,760,1246,1759,2472,2910,,760,486,513,713,438,3379
6291,786,1323,1756,2460,2868,,786,537,433,704,408,3423
6038,706,1183,1654,2358,2683,,706,477,471,704,325,3355
6201,770,1242,1772,2470,2824,,770,472,530,698,354,3377
6126,748,1220,1750,2407,2754,,748,472,530,657,347,3372
6132,750,1221,1748,2406,2755,,750,471,527,658,349,3377
6105,747,1219,1745,2402,2727,,747,472,526,657,325,3378
6129,749,1221,1750,2406,2753,,749,472,529,656,347,3376
6127,750,1222,1754,2421,2757,,750,472,532,667,336,3370
6143,749,1221,1749,2403,2756,,749,472,528,654,353,3387
6344,790,1274,1791,2500,2933,,790,484,517,709,433,3411
6281,749,1223,1749,2447,2823,,749,474,526,698,376,3458
6385,760,1248,1759,2501,2907,,760,488,511,742,406,3478
6361,789,1274,1760,2473,2883,,789,485,486,713,410,3478
6251,734,1210,1748,2446,2850,,734,476,538,698,404,3401
6124,750,1223,1748,2403,2756,,750,473,525,655,353,3368
6133,749,1221,1748,2404,2756,,749,472,527,656,352,3377
6131,751,1247,1749,2407,2755,,751,496,502,658,348,3376
6123,772,1269,1771,2428,2753,,772,497,502,657,325,3370
6110,749,1221,1750,2406,2730,,749,472,529,656,324,3380
6126,749,1221,1748,2405,2755,,749,472,527,657,350,3371
6112,749,1223,1749,2405,2731,,749,474,526,656,326,3381
6109,708,1183,1656,2341,2739,,708,475,473,685,398,3370
6084,707,1183,1656,2316,2713,,707,476,473,660,397,3371
6127,749,1222,1748,2403,2755,,749,473,526,655,352,3372
6124,750,1224,1748,2405,2756,,750,474,524,657,351,3368
6134,750,1222,1751,2406,2757,,750,472,529,655,351,3377
6128,750,1223,1750,2407,2755,,750,473,527,657,348,3373
6082,707,1181,1653,2314,2711,,707,474,472,661,397,3371
6109,749,1222,1748,2404,2731,,749,473,526,656,327,3378
6125,749,1221,1749,2407,2755,,749,472,528,658,348,3370
6139,751,1224,1749,2406,2756,,751,473,525,657,350,3383
6124,748,1219,1748,2405,2753,,748,471,529,657,348,3371
6084,708,1182,1655,2317,2713,,708,474,473,662,396,3371
6192,749,1222,1749,2406,2755,,749,473,527,657,349,3437
6053,748,1179,1656,2313,2680,,748,431,477,657,367,3373
6195,750,1222,1749,2403,2774,,750,472,527,654,371,3421
6386,760,1298,1813,2523,2960,,760,538,515,710,437,3426
6373,777,1264,1806,2515,2924,,777,487,542,709,409,3449
6380,760,1245,1789,2499,2932,,760,485,544,710,433,3448
6373,758,1245,1761,2471,2934,,758,487,516,710,463,3439
6359,787,1271,1737,2425,2887,,787,484,466,688,462,3472
6332,760,1247,1759,2472,2882,,760,487,512,713,410,3450
6423,773,1260,1801,2511,2949,,773,487,541,710,438,3474
6410,789,1302,1786,2498,2938,,789,513,484,712,440,3472
6355,760,1246,1758,2472,2911,,760,486,512,714,439,3444
6358,760,1270,1759,2471,2882,,760,510,489,712,411,3476
6280,760,1247,1760,2473,2863,,760,487,513,713,390,3417
6357,762,1277,1760,2473,2912,,762,515,483,713,439,3445
6356,759,1246,1788,2497,2907,,759,487,542,709,410,3449
6321,755,1271,1755,2467,2907,,755,516,484,712,440,3414
6280,749,1221,1750,2428,2835,,749,472,529,678,407,3445
6330,760,1247,1760,2472,2884,,760,487,513,712,412,3446
6332,761,1247,1760,2473,2882,,761,486,513,713,409,3450
6359,758,1276,1759,2471,2882,,758,518,483,712,411,3477
6380,759,1276,1759,2501,2936,,759,517,483,742,435,3444
6384,760,1275,1784,2497,2907,,760,515,509,713,410,3477
6407,759,1275,1759,2501,2932,,759,516,484,742,431,3475
6380,759,1277,1812,2522,2931,,759,518,535,710,409,3449
6384,787,1274,1758,2499,2908,,787,487,484,741,409,3476
6412,761,1246,1787,2526,2957,,761,485,541,739,431,3455
6254,788,1302,1784,2444,2795,,788,514,482,660,351,3459
6388,761,1247,1762,2474,2908,,761,486,515,712,434,3480
6407,782,1298,1782,2494,2930,,782,516,484,712,436,3477
6380,760,1274,1760,2500,2936,,760,514,486,740,436,3444
6385,760,1246,1788,2497,2907,,760,486,542,709,410,3478
6410,789,1298,1784,2503,2932,,789,509,486,719,429,3478
6328,758,1245,1758,2473,2881,,758,487,513,715,408,3447
6413,719,1229,1745,2483,2944,,719,510,516,738,461,3469
6358,787,1272,1758,2471,2882,,787,485,486,713,411,3476
6356,759,1246,1759,2502,2907,,759,487,513,743,405,3449
6279,759,1245,1759,2471,2828,,759,486,514,712,357,3451
6082,699,1170,1641,2338,2705,,699,471,471,697,367,3377
6194,750,1247,1749,2405,2755,,750,497,502,656,350,3439
6152,748,1218,1751,2448,2751,,748,470,533,697,303,3401
6178,750,1222,1750,2407,2777,,750,472,528,657,370,3401
6258,748,1221,1749,2404,2820,,748,473,528,655,416,3438
6375,760,1277,1788,2497,2936,,760,517,511,709,439,3439
6468,747,1231,1823,2561,2991,,747,484,592,738,430,3477
6330,760,1276,1760,2471,2882,,760,516,484,711,411,3448
6385,760,1276,1760,2502,2907,,760,516,484,742,405,3478
6329,759,1247,1761,2471,2886,,759,488,514,710,415,3443
6461,761,1248,1789,2527,2986,,761,487,541,738,459,3475
6295,719,1204,1692,2402,2817,,719,485,488,710,415,3478
6435,760,1247,1762,2502,2937,,760,487,515,740,435,3498
6361,760,1276,1760,2472,2883,,760,516,484,712,411,3478
6411,759,1275,1787,2497,2932,,759,516,512,710,435,3479
6334,760,1247,1759,2473,2884,,760,487,512,714,411,3450
6405,757,1245,1788,2527,2956,,757,488,543,739,429,3449
6379,789,1273,1788,2498,2933,,789,484,515,710,435,3446
6356,760,1246,1759,2472,2911,,760,486,513,713,439,3445
6333,760,1232,1759,2472,2881,,760,472,527,713,409,3452
6407,790,1302,1785,2526,2958,,790,512,483,741,432,3449
6380,755,1242,1783,2494,2902,,755,487,541,711,408,3478
6280,762,1249,1761,2473,2862,,762,487,512,712,389,3418
6357,762,1277,1761,2474,2914,,762,515,484,713,440,3443
6342,748,1243,1731,2443,2866,,748,495,488,712,423,3476
6335,790,1278,1813,2523,2891,,790,488,535,710,368,3444
6356,760,1277,1759,2472,2908,,760,517,482,713,436,3448
6327,759,1246,1759,2471,2881,,759,487,513,712,410,3446
6279,759,1248,1759,2472,2861,,759,489,511,713,389,3418
6358,761,1247,1762,2502,2889,,761,486,515,740,387,3469
6285,747,1147,1657,2368,2811,,747,400,510,711,443,3474
6505,790,1330,1834,2578,3061,,790,540,504,744,483,3444
6360,760,1246,1764,2502,2933,,760,486,518,738,431,3427
6357,759,1274,1759,2500,2908,,759,515,485,741,408,3449
6412,760,1247,1760,2502,2933,,760,487,513,742,431,3479
6360,761,1248,1761,2473,2883,,761,487,513,712,410,3477
6356,761,1276,1760,2473,2913,,761,515,484,713,440,3443
6356,759,1246,1759,2470,2881,,759,487,513,711,411,3475
6303,759,1246,1789,2483,2884,,759,487,543,694,401,3419
6434,792,1276,1761,2506,2964,,792,484,485,745,458,3470
6292,758,1218,1747,2444,2845,,758,460,529,697,401,3447
6110,706,1180,1651,2316,2733,,706,474,471,665,417,3377
6127,750,1222,1749,2404,2755,,750,472,527,655,351,3372
6127,750,1247,1749,2407,2755,,750,497,502,658,348,3372
6169,749,1220,1749,2406,2736,,749,471,529,657,330,3433
6101,749,1221,1750,2407,2730,,749,472,529,657,323,3371
6084,707,1183,1655,2314,2713,,707,476,472,659,399,3371
6128,749,1221,1749,2405,2755,,749,472,528,656,350,3373
6150,772,1270,1771,2426,2778,,772,498,501,655,352,3372
6095,709,1184,1680,2343,2714,,709,475,496,663,371,3381
6125,748,1220,1748,2405,2753,,748,472,528,657,348,3372
6113,711,1185,1656,2344,2745,,711,474,471,688,401,3368
6100,753,1224,1749,2406,2733,,753,471,525,657,327,3367
6127,749,1221,1750,2407,2756,,749,472,529,657,349,3371
6135,751,1222,1750,2410,2757,,751,471,528,660,347,3378
6127,750,1222,1749,2405,2754,,750,472,527,656,349,3373
6125,747,1219,1747,2403,2754,,747,472,528,656,351,3371
6127,751,1224,1749,2407,2756,,751,473,525,658,349,3371
6126,748,1220,1749,2405,2754,,748,472,529,656,349,3372
6097,710,1186,1658,2320,2716,,710,476,472,662,396,3381
6096,750,1221,1730,2385,2727,,750,471,509,655,342,3369
6128,750,1222,1750,2406,2755,,750,472,528,656,349,3373
6100,749,1222,1749,2406,2729,,749,473,527,657,323,3371
6201,769,1242,1769,2465,2824,,769,473,527,696,359,3377
6241,746,1219,1749,2407,2796,,746,473,530,658,389,3445
6437,787,1303,1786,2529,2961,,787,516,483,743,432,3476
6347,776,1264,1776,2488,2899,,776,488,512,712,411,3448
6364,789,1274,1759,2473,2911,,789,485,485,714,438,3453
6386,760,1248,1761,2501,2909,,760,488,513,740,408,3477
6360,760,1247,1759,2501,2887,,760,487,512,742,386,3473
6336,790,1305,1742,2449,2861,,790,515,437,707,412,3475
6332,762,1249,1762,2474,2884,,762,487,513,712,410,3448
6330,761,1279,1760,2474,2884,,761,518,481,714,410,3446
6333,763,1250,1762,2474,2885,,763,487,512,712,411,3448
6277,762,1249,1761,2474,2886,,762,487,512,713,412,3391
6233,762,1249,1762,2396,2785,,762,487,513,634,389,3448
6184,690,1093,1585,2335,2758,,690,403,492,750,423,3426
6336,762,1248,1762,2475,2910,,762,486,514,713,435,3426
6256,762,1273,1761,2452,2835,,762,511,488,691,383,3421
6193,725,1209,1699,2412,2748,,725,484,490,713,336,3445
6268,721,1205,1695,2404,2819,,721,484,490,709,415,3449
6332,761,1247,1761,2474,2884,,761,486,514,713,410,3448
6331,761,1248,1760,2474,2883,,761,487,512,714,409,3448
6334,760,1247,1760,2472,2883,,760,487,513,712,411,3451
6357,762,1248,1761,2477,2909,,762,486,513,716,432,3448
6306,761,1250,1761,2444,2859,,761,489,511,683,415,3447
6390,748,1261,1793,2506,2944,,748,513,532,713,438,3446
6384,785,1271,1784,2496,2906,,785,486,513,712,410,3478
6511,790,1304,1840,2579,3034,,790,514,536,739,455,3477
6380,785,1271,1784,2525,2936,,785,486,513,741,411,3444
6356,790,1299,1786,2497,2909,,790,509,487,711,412,3447
6393,717,1255,1792,2504,2915,,717,538,537,712,411,3478
6411,761,1249,1761,2502,2937,,761,488,512,741,435,3474
6385,790,1274,1761,2472,2912,,790,484,487,711,440,3473
6331,760,1248,1790,2498,2888,,760,488,542,708,390,3443
6412,761,1277,1817,2527,2934,,761,516,540,710,407,3478
6392,751,1275,1824,2533,2944,,751,524,549,709,411,3448
6419,749,1243,1795,2536,2942,,749,494,552,741,406,3477
6279,723,1233,1722,2432,2831,,723,510,489,710,399,3448
6331,760,1246,1788,2497,2881,,760,486,542,709,384,3450
6359,759,1247,1759,2444,2886,,759,488,512,685,442,3473
6250,787,1299,1782,2474,2841,,787,512,483,692,367,3409
6387,791,1276,1789,2500,2909,,791,485,513,711,409,3478
6360,760,1247,1760,2472,2884,,760,487,513,712,412,3476
6412,789,1274,1760,2504,2936,,789,485,486,744,432,3476
6387,760,1248,1761,2473,2912,,760,488,513,712,439,3475
6386,761,1248,1761,2502,2909,,761,487,513,741,407,3477
6265,719,1204,1692,2402,2816,,719,485,488,710,414,3449
6355,789,1304,1786,2527,2912,,789,515,482,741,385,3443
6362,762,1278,1762,2474,2886,,762,516,484,712,412,3476
6431,761,1248,1789,2504,2961,,761,487,541,715,457,3470
6357,790,1274,1761,2473,2912,,790,484,487,712,439,3445
6360,762,1277,1760,2473,2913,,762,515,483,713,440,3447
6358,761,1279,1788,2499,2909,,761,518,509,711,410,3449
6409,784,1273,1784,2526,2931,,784,489,511,742,405,3478
6336,762,1250,1761,2473,2883,,762,488,511,712,410,3453
6410,761,1279,1790,2500,2933,,761,518,511,710,433,3477
6470,749,1233,1824,2533,2996,,749,484,591,709,463,3474
6332,762,1273,1761,2473,2885,,762,511,488,712,412,3447
6269,657,1144,1631,2369,2792,,657,487,487,738,423,3477
6332,762,1279,1788,2499,2897,,762,517,509,711,398,3435
6257,702,1185,1673,2387,2810,,702,483,488,714,423,3447
6332,763,1249,1762,2475,2885,,763,486,513,713,410,3447
6380,788,1297,1785,2497,2932,,788,509,488,712,435,3448
6361,763,1250,1762,2476,2884,,763,487,512,714,408,3477
6332,761,1247,1761,2472,2884,,761,486,514,711,412,3448
6381,761,1249,1760,2503,2934,,761,488,511,743,431,3447
6372,778,1264,1777,2489,2925,,778,486,513,712,436,3447
6234,711,1199,1688,2397,2811,,711,488,489,709,414,3423
6411,791,1305,1817,2525,2962,,791,514,512,708,437,3449
6357,762,1247,1760,2473,2892,,762,485,513,713,419,3465
6334,761,1248,1761,2474,2884,,761,487,513,713,410,3450
6332,790,1275,1761,2473,2884,,790,485,486,712,411,3448
6356,762,1248,1790,2498,2910,,762,486,542,708,412,3446
6333,762,1249,1763,2474,2885,,762,487,514,711,411,3448
6333,761,1250,1761,2473,2884,,761,489,511,712,411,3449
6358,762,1248,1762,2474,2910,,762,486,514,712,436,3448
6311,745,1238,1728,2441,2863,,745,493,490,713,422,3448
6333,764,1278,1762,2473,2886,,764,514,484,711,413,3447
6250,720,1182,1653,2380,2802,,720,462,471,727,422,3448
5882,695,1106,1515,2158,2492,,695,411,409,643,334,3390
6419,754,1249,1827,2537,2971,,754,495,578,710,434,3448
6386,761,1278,1761,2473,2914,,761,517,483,712,441,3472
6380,760,1247,1760,2500,2938,,760,487,513,740,438,3442
6247,761,1232,1761,2458,2856,,761,471,529,697,398,3391
6127,750,1225,1750,2406,2756,,750,475,525,656,350,3371
6113,708,1184,1657,2361,2739,,708,476,473,704,378,3374
6051,749,1222,1708,2348,2680,,749,473,486,640,332,3371
6102,752,1177,1647,2349,2730,,752,425,470,702,381,3372
6237,733,1142,1622,2337,2759,,733,409,480,715,422,3478
6354,762,1249,1758,2470,2910,,762,487,509,712,440,3444
6412,760,1248,1760,2502,2937,,760,488,512,742,435,3475
6361,760,1276,1760,2473,2883,,760,516,484,713,410,3478
6387,763,1249,1791,2502,2909,,763,486,542,711,407,3478
6361,761,1250,1762,2473,2884,,761,489,512,711,411,3477
6358,788,1273,1759,2470,2881,,788,485,486,711,411,3477
6411,787,1304,1787,2499,2934,,787,517,483,712,435,3477
6363,762,1249,1763,2474,2885,,762,487,514,711,411,3478
6357,790,1260,1760,2474,2908,,790,470,500,714,434,3449
6255,734,1169,1661,2401,2810,,734,435,492,740,409,3445
6362,792,1277,1764,2473,2883,,792,485,487,709,410,3479
6407,791,1275,1788,2527,2958,,791,484,513,739,431,3449
6362,761,1248,1761,2474,2884,,761,487,513,713,410,3478
6406,763,1249,1752,2504,2963,,763,486,503,752,459,3443
6386,761,1248,1761,2473,2914,,761,487,513,712,441,3472
6356,761,1278,1785,2499,2908,,761,517,507,714,409,3448
6383,737,1223,1790,2499,2938,,737,486,567,709,439,3445
6295,760,1247,1738,2443,2847,,760,487,491,705,404,3448
5775,640,1062,1457,2088,2410,,640,422,395,631,322,3365
5868,629,1061,1479,2153,2467,,629,432,418,674,314,3401
5921,671,1120,1558,2182,2527,,671,449,438,624,345,3394
6234,688,1175,1664,2372,2785,,688,487,489,708,413,3449
6380,783,1300,1811,2521,2931,,783,517,511,710,410,3449
6383,763,1249,1762,2502,2938,,763,486,513,740,436,3445
6290,761,1248,1760,2445,2859,,761,487,512,685,414,3431
6205,750,1222,1750,2451,2828,,750,472,528,701,377,3377
6176,748,1220,1733,2435,2805,,748,472,513,702,370,3371
6131,752,1226,1749,2405,2753,,752,474,523,656,348,3378
6230,748,1222,1696,2406,2812,,748,474,474,710,406,3418
6231,704,1146,1635,2324,2792,,704,442,489,689,468,3439
6334,791,1277,1761,2474,2884,,791,486,484,713,410,3450
6153,707,1178,1648,2400,2776,,707,471,470,752,376,3377
6100,773,1244,1734,2392,2731,,773,471,490,658,339,3369
6037,710,1209,1638,2293,2627,,710,499,429,655,334,3410
6192,737,1209,1746,2397,2740,,737,472,537,651,343,3452
6293,749,1247,1750,2446,2845,,749,498,503,696,399,3448
6152,772,1269,1772,2429,2775,,772,497,503,657,346,3377
6000,746,1175,1591,2255,2590,,746,429,416,664,335,3410
6078,749,1177,1616,2288,2705,,749,428,439,672,417,3373
6113,749,1173,1592,2310,2705,,749,424,419,718,395,3408
6221,762,1193,1687,2381,2769,,762,431,494,694,388,3452
6333,762,1249,1762,2475,2886,,762,487,513,713,411,3447
6383,761,1248,1793,2502,2938,,761,487,545,709,436,3445
6407,761,1249,1761,2503,2964,,761,488,512,742,461,3443
6282,768,1252,1761,2474,2831,,768,484,509,713,357,3451
6332,762,1281,1761,2474,2884,,762,519,480,713,410,3448
6333,762,1250,1761,2474,2884,,762,488,511,713,410,3449
6358,763,1279,1787,2499,2910,,763,516,508,712,411,3448
6382,761,1249,1761,2503,2934,,761,488,512,742,431,3448
6305,761,1220,1707,2424,2860,,761,459,487,717,436,3445
6385,750,1236,1761,2501,2909,,750,486,525,740,408,3476
6379,761,1247,1790,2530,2934,,761,486,543,740,404,3445
6331,762,1248,1761,2473,2884,,762,486,513,712,411,3447
6333,763,1280,1761,2475,2885,,763,517,481,714,410,3448
6338,762,1248,1761,2473,2910,,762,486,513,712,437,3428
6336,750,1262,1763,2475,2886,,750,512,501,712,411,3450
6360,728,1236,1763,2475,2885,,728,508,527,712,410,3475
6333,757,1249,1761,2474,2884,,757,492,512,713,410,3449
6235,762,1192,1687,2401,2809,,762,430,495,714,408,3426
6189,735,1169,1636,2294,2747,,735,434,467,658,453,3442
6381,748,1231,1760,2503,2933,,748,483,529,743,430,3448
6335,763,1249,1762,2475,2883,,763,486,513,713,408,3452
6332,762,1249,1761,2474,2883,,762,487,512,713,409,3449
6358,787,1275,1787,2500,2910,,787,488,512,713,410,3448
6335,762,1214,1761,2502,2909,,762,452,547,741,407,3426
6382,750,1259,1760,2502,2934,,750,509,501,742,432,3448
6357,717,1205,1761,2473,2910,,717,488,556,712,437,3447
6334,725,1210,1763,2475,2885,,725,485,553,712,410,3449
6333,762,1248,1762,2473,2883,,762,486,514,711,410,3450
6255,759,1245,1738,2388,2807,,759,486,493,650,419,3448
6332,761,1248,1761,2473,2884,,761,487,513,712,411,3448
6334,762,1251,1763,2474,2886,,762,489,512,711,412,3448
6333,765,1251,1762,2475,2885,,765,486,511,713,410,3448
6333,763,1248,1762,2474,2885,,763,485,514,712,411,3448
6307,763,1248,1767,2475,2912,,763,485,519,708,437,3395
6333,761,1250,1765,2475,2885,,761,489,515,710,410,3448
6348,777,1265,1779,2491,2899,,777,488,514,712,408,3449
6264,719,1203,1691,2400,2817,,719,484,488,709,417,3447
6331,761,1247,1759,2473,2885,,761,486,512,714,412,3446
6255,761,1249,1758,2422,2809,,761,488,509,664,387,3446
6383,761,1249,1771,2479,2912,,761,488,522,708,433,3471
6333,763,1250,1762,2476,2887,,763,487,512,714,411,3446
6333,762,1248,1761,2474,2885,,762,486,513,713,411,3448
6357,761,1249,1760,2474,2910,,761,488,511,714,436,3447
6333,761,1248,1760,2473,2885,,761,487,512,713,412,3448
6333,762,1251,1762,2475,2884,,762,489,511,713,409,3449
6332,761,1239,1763,2474,2883,,761,478,524,711,409,3449
6354,758,1246,1758,2472,2906,,758,488,512,714,434,3448
6333,762,1249,1761,2473,2884,,762,487,512,712,411,3449
6308,762,1248,1762,2474,2851,,762,486,514,712,377,3457
6324,779,1265,1741,2450,2877,,779,486,476,709,427,3447
6332,762,1248,1761,2474,2884,,762,486,513,713,410,3448
6332,760,1247,1761,2472,2883,,760,487,514,711,411,3449
6336,762,1249,1762,2473,2884,,762,487,513,711,411,3452
6332,763,1249,1750,2460,2884,,763,486,501,710,424,3448
6357,761,1247,1762,2473,2909,,761,486,515,711,436,3448
6359,732,1204,1763,2475,2912,,732,472,559,712,437,3447
6333,762,1248,1762,2474,2885,,762,486,514,712,411,3448
6335,763,1250,1762,2475,2885,,763,487,512,713,410,3450
6307,763,1250,1759,2474,2861,,763,487,509,715,387,3446
6357,761,1247,1761,2473,2908,,761,486,514,712,435,3449
6329,748,1233,1759,2470,2883,,748,485,526,711,413,3446
6359,762,1248,1761,2474,2910,,762,486,513,713,436,3449
6388,762,1249,1762,2473,2911,,762,487,513,711,438,3477
6332,762,1248,1761,2474,2884,,762,486,513,713,410,3448
6334,763,1250,1762,2474,2886,,763,487,512,712,412,3448
6233,722,1170,1652,2363,2788,,722,448,482,711,425,3445
6333,762,1198,1764,2473,2884,,762,436,566,709,411,3449
6349,778,1265,1779,2490,2900,,778,487,514,711,410,3449
6306,761,1248,1761,2458,2847,,761,487,513,697,389,3459
6332,763,1249,1763,2474,2885,,763,486,514,711,411,3447
6332,762,1250,1762,2473,2885,,762,488,512,711,412,3447
6333,764,1249,1762,2474,2886,,764,485,513,712,412,3447
6354,786,1272,1784,2497,2909,,786,486,512,713,412,3445
6334,763,1250,1763,2476,2885,,763,487,513,713,409,3449
6332,762,1249,1761,2474,2885,,762,487,512,713,411,3447
6282,744,1194,1696,2411,2834,,744,450,502,715,423,3448
6335,762,1252,1763,2475,2886,,762,490,511,712,411,3449
6328,761,1245,1757,2471,2880,,761,484,512,714,409,3448
6181,762,1248,1742,2378,2760,,762,486,494,636,382,3421
6333,763,1250,1763,2474,2888,,763,487,513,711,414,3445
6359,764,1223,1762,2474,2911,,764,459,539,712,437,3448
6334,761,1249,1761,2474,2885,,761,488,512,713,411,3449
6333,755,1249,1763,2475,2885,,755,494,514,712,410,3448
6308,762,1249,1761,2440,2860,,762,487,512,679,420,3448
6359,763,1250,1762,2476,2916,,763,487,512,714,440,3443
6258,706,1199,1687,2395,2810,,706,493,488,708,415,3448
6332,761,1248,1760,2474,2884,,761,487,512,714,410,3448
6310,761,1249,1761,2474,2886,,761,488,512,713,412,3424
6283,764,1252,1742,2426,2837,,764,488,490,684,411,3446
6262,757,1249,1760,2452,2854,,757,492,511,692,402,3408
6377,782,1268,1781,2492,2929,,782,486,513,711,437,3448
6358,761,1249,1762,2474,2909,,761,488,513,712,435,3449
6356,758,1245,1759,2471,2905,,758,487,514,712,434,3451
6358,761,1249,1762,2476,2900,,761,488,513,714,424,3458
6333,763,1249,1761,2475,2884,,763,486,512,714,409,3449
6358,724,1209,1764,2474,2884,,724,485,555,710,410,3474
6333,764,1251,1763,2474,2884,,764,487,512,711,410,3449
6310,762,1254,1766,2476,2884,,762,492,512,710,408,3426
6260,764,1251,1763,2455,2800,,764,487,512,692,345,3460
6243,768,1255,1762,2436,2838,,768,487,507,674,402,3405
6240,758,1211,1763,2455,2834,,758,453,552,692,379,3406
6334,763,1251,1763,2475,2886,,763,488,512,712,411,3448
6334,763,1250,1762,2475,2886,,763,487,512,713,411,3448
6284,763,1250,1763,2475,2835,,763,487,513,712,360,3449
6333,762,1249,1762,2474,2884,,762,487,513,712,410,3449
6332,764,1250,1762,2474,2885,,764,486,512,712,411,3447
6309,764,1250,1737,2454,2860,,764,486,487,717,406,3449
6235,711,1198,1687,2398,2809,,711,487,489,711,411,3426
6255,762,1249,1762,2456,2835,,762,487,513,694,379,3420
6331,762,1249,1761,2473,2884,,762,487,512,712,411,3447
6356,762,1249,1763,2473,2910,,762,487,514,710,437,3446
6332,763,1249,1762,2474,2884,,763,486,513,712,410,3448
6358,762,1249,1764,2474,2910,,762,487,515,710,436,3448
6308,763,1249,1762,2475,2853,,763,486,513,713,378,3455
6333,762,1248,1762,2475,2885,,762,486,514,713,410,3448
6333,762,1251,1762,2474,2885,,762,489,511,712,411,3448
6338,763,1248,1739,2450,2885,,763,485,491,711,435,3453
6333,765,1252,1763,2476,2886,,765,487,511,713,410,3447
6232,764,1250,1740,2425,2810,,764,486,490,685,385,3422
6201,764,1196,1687,2398,2811,,764,432,491,711,413,3390
6283,762,1197,1715,2424,2836,,762,435,518,709,412,3447
6359,764,1304,1788,2499,2910,,764,540,484,711,411,3449
6333,764,1279,1761,2475,2884,,764,515,482,714,409,3449
6383,762,1248,1792,2500,2935,,762,486,544,708,435,3448
6359,760,1246,1759,2470,2881,,760,486,513,711,411,3478
6209,694,1098,1588,2330,2760,,694,404,490,742,430,3449
6335,762,1249,1764,2476,2885,,762,487,515,712,409,3450
6332,762,1248,1760,2473,2884,,762,486,512,713,411,3448
6259,762,1249,1761,2397,2810,,762,487,512,636,413,3449
6362,763,1254,1767,2478,2916,,763,491,513,711,438,3446
6331,759,1247,1760,2472,2882,,759,488,513,712,410,3449
6359,762,1249,1763,2475,2910,,762,487,514,712,435,3449
6359,763,1223,1763,2474,2910,,763,460,540,711,436,3449
6332,761,1273,1760,2473,2884,,761,512,487,713,411,3448
6271,726,1209,1701,2411,2823,,726,483,492,710,412,3448
6209,694,1160,1644,2313,2762,,694,466,484,669,449,3447
6335,714,1202,1761,2475,2884,,714,488,559,714,409,3451
6362,763,1233,1764,2477,2886,,763,470,531,713,409,3476
6305,789,1302,1815,2446,2858,,789,513,513,631,412,3447
6334,763,1250,1764,2475,2885,,763,487,514,711,410,3449
6334,761,1249,1762,2474,2884,,761,488,513,712,410,3450
6333,763,1249,1762,2474,2885,,763,486,513,712,411,3448
6335,764,1251,1763,2477,2886,,764,487,512,714,409,3449
6333,762,1274,1762,2475,2884,,762,512,488,713,409,3449
6365,762,1250,1763,2475,2887,,762,488,513,712,412,3478
6332,731,1254,1761,2474,2885,,731,523,507,713,411,3447
6364,763,1250,1763,2476,2884,,763,487,513,713,408,3480
6308,764,1250,1764,2476,2886,,764,486,514,712,410,3422
6230,763,1250,1742,2425,2811,,763,487,492,683,386,3419
6309,765,1249,1713,2431,2861,,765,484,464,718,430,3448
6333,764,1274,1763,2475,2884,,764,510,489,712,409,3449
6332,761,1248,1761,2473,2884,,761,487,513,712,411,3448
6383,762,1249,1762,2503,2936,,762,487,513,741,433,3447
6335,763,1249,1764,2476,2886,,763,486,515,712,410,3449
6334,764,1250,1763,2477,2886,,764,486,513,714,409,3448
6333,762,1229,1739,2450,2881,,762,467,510,711,431,3452
6329,758,1244,1758,2471,2881,,758,486,514,713,410,3448
6331,764,1249,1753,2462,2885,,764,485,504,709,423,3446
6284,764,1251,1763,2455,2836,,764,487,512,692,381,3448
6309,763,1249,1763,2476,2844,,763,486,514,713,368,3465
6332,764,1249,1761,2474,2886,,764,485,512,713,412,3446
6333,761,1255,1766,2475,2886,,761,494,511,709,411,3447
6334,763,1250,1762,2475,2885,,763,487,512,713,410,3449
6336,764,1281,1762,2476,2885,,764,517,481,714,409,3451
6363,764,1252,1765,2476,2886,,764,488,513,711,410,3477
6209,764,1198,1635,2344,2761,,764,434,437,709,417,3448
6334,764,1251,1764,2475,2887,,764,487,513,711,412,3447
6333,793,1276,1771,2482,2910,,793,483,495,711,428,3423
6259,764,1250,1764,2476,2809,,764,486,514,712,333,3450
6334,762,1250,1761,2475,2886,,762,488,511,714,411,3448
6334,762,1253,1762,2475,2885,,762,491,509,713,410,3449
6383,763,1250,1762,2474,2940,,763,487,512,712,466,3443
6254,724,1209,1666,2366,2796,,724,485,457,700,430,3458
6331,760,1246,1760,2473,2883,,760,486,514,713,410,3448
6362,763,1249,1761,2476,2885,,763,486,512,715,409,3477
6282,761,1249,1707,2422,2834,,761,488,458,715,412,3448
6312,763,1249,1761,2416,2835,,763,486,512,655,419,3477
6291,763,1250,1762,2475,2887,,763,487,512,713,412,3404
6256,762,1250,1763,2475,2808,,762,488,513,712,333,3448
6333,762,1249,1763,2475,2885,,762,487,514,712,410,3448
6337,763,1250,1762,2474,2885,,763,487,512,712,411,3452
6332,762,1249,1763,2474,2885,,762,487,514,711,411,3447
6284,764,1249,1708,2425,2834,,764,485,459,717,409,3450
6307,765,1274,1762,2474,2867,,765,509,488,712,393,3440
6334,765,1253,1764,2476,2886,,765,488,511,712,410,3448
6316,764,1253,1764,2423,2838,,764,489,511,659,415,3478
6211,694,1158,1643,2362,2785,,694,464,485,719,423,3426
6217,763,1276,1743,2426,2812,,763,513,467,683,386,3405
6161,752,1222,1710,2371,2731,,752,470,488,661,360,3430
6338,762,1249,1791,2477,2858,,762,487,542,686,381,3480
6230,715,1212,1737,2425,2809,,715,497,525,688,384,3421
6363,762,1249,1762,2475,2885,,762,487,513,713,410,3478
6216,762,1278,1739,2423,2810,,762,516,461,684,387,3406
6087,751,1222,1709,2371,2707,,751,471,487,662,336,3380
5977,751,1180,1594,2258,2594,,751,429,414,664,336,3383
6054,755,1197,1632,2265,2679,,755,442,435,633,414,3375
6049,751,1206,1683,2319,2682,,751,455,477,636,363,3367
6146,750,1179,1593,2285,2725,,750,429,414,692,440,3421
6280,764,1250,1764,2453,2861,,764,486,514,689,408,3419
6360,763,1279,1764,2504,2904,,763,516,485,740,400,3456
6414,764,1279,1763,2504,2936,,764,515,484,741,432,3478
6352,763,1249,1762,2502,2935,,763,486,513,740,433,3417
6312,764,1249,1763,2474,2885,,764,485,514,711,411,3427
6283,762,1249,1762,2453,2836,,762,487,513,691,383,3447
6332,762,1277,1761,2473,2884,,762,515,484,712,411,3448
6334,761,1268,1762,2475,2885,,761,507,494,713,410,3449
6333,762,1279,1763,2473,2885,,762,517,484,710,412,3448
6334,794,1276,1762,2477,2885,,794,482,486,715,408,3449
6305,792,1306,1812,2491,2858,,792,514,506,679,367,3447
6045,709,1183,1638,2299,2628,,709,474,455,661,329,3417
6119,749,1180,1657,2310,2681,,749,431,477,653,371,3438
6296,752,1223,1750,2448,2849,,752,471,527,698,401,3447
6229,750,1223,1709,2413,2824,,750,473,486,704,411,3405
5986,752,1181,1595,2258,2591,,752,429,414,663,333,3395
5979,751,1180,1594,2260,2591,,751,429,414,666,331,3388
5970,709,1144,1557,2253,2601,,709,435,413,696,348,3369
5986,752,1183,1597,2260,2593,,752,431,414,663,333,3393
6047,751,1183,1594,2258,2621,,751,432,411,664,363,3426
6272,761,1247,1761,2473,2863,,761,486,514,712,390,3409
6361,763,1251,1762,2504,2914,,763,488,511,742,410,3447
6105,751,1201,1671,2377,2733,,751,450,470,706,356,3372
6005,751,1182,1593,2258,2592,,751,431,411,665,334,3413
6002,752,1170,1579,2263,2595,,752,418,409,684,332,3407
6009,712,1144,1560,2259,2582,,712,432,416,699,323,3427
6002,751,1178,1593,2259,2593,,751,427,415,666,334,3409
6055,750,1182,1605,2257,2683,,750,432,423,652,426,3372
6061,751,1206,1685,2319,2679,,751,455,479,634,360,3382
6010,751,1184,1595,2257,2591,,751,433,411,662,334,3419
6008,750,1178,1595,2262,2593,,750,428,417,667,331,3415
6174,720,1204,1671,2358,2777,,720,484,467,687,419,3397
6238,764,1229,1663,2406,2812,,764,465,434,743,406,3426
6365,764,1251,1762,2476,2887,,764,487,511,714,411,3478
6333,763,1248,1762,2475,2886,,763,485,514,713,411,3447
6362,763,1249,1762,2503,2890,,763,486,513,741,387,3472
6410,762,1278,1787,2530,2961,,762,516,509,743,431,3449
6245,762,1249,1731,2444,2811,,762,487,482,713,367,3434
6180,750,1222,1749,2396,2748,,750,472,527,647,352,3432
6335,763,1249,1791,2501,2913,,763,486,542,710,412,3422
6307,761,1277,1761,2473,2863,,761,516,484,712,390,3444
6357,761,1248,1761,2502,2909,,761,487,513,741,407,3448
6082,696,1127,1606,2328,2708,,696,431,479,722,380,3374
6001,750,1182,1593,2259,2593,,750,432,411,666,334,3408
6031,750,1178,1593,2267,2636,,750,428,415,674,369,3395
6012,752,1181,1596,2259,2593,,752,429,415,663,334,3419
6002,752,1181,1596,2260,2595,,752,429,415,664,335,3407
5997,754,1187,1585,2254,2599,,754,433,398,669,345,3398
6005,750,1180,1594,2257,2592,,750,430,414,663,335,3413
6011,749,1178,1595,2257,2591,,749,429,417,662,334,3420
5983,750,1178,1595,2257,2590,,750,428,417,662,333,3393
6013,752,1183,1592,2258,2581,,752,431,409,666,323,3432
5994,750,1175,1574,2252,2570,,750,425,399,678,318,3424
6002,711,1144,1560,2258,2593,,711,433,416,698,335,3409
5974,708,1141,1556,2256,2595,,708,433,415,700,339,3379
6057,750,1206,1683,2321,2679,,750,456,477,638,358,3378
6004,752,1183,1598,2260,2592,,752,431,415,662,332,3412
6007,711,1149,1559,2258,2595,,711,438,410,699,337,3412
5983,710,1146,1561,2260,2593,,710,436,415,699,333,3390
6012,712,1147,1560,2258,2591,,712,435,413,698,333,3421
5993,713,1147,1562,2261,2594,,713,434,415,699,333,3399
5986,712,1145,1559,2261,2594,,712,433,414,702,333,3392
5892,732,1180,1584,2201,2543,,732,448,404,617,342,3349
5979,712,1147,1561,2260,2594,,712,435,414,699,334,3385
5977,709,1146,1557,2255,2597,,709,437,411,698,342,3380
5858,717,1123,1535,2157,2491,,717,406,412,622,334,3367
5978,710,1145,1559,2259,2594,,710,435,414,700,335,3384
5973,711,1145,1560,2253,2596,,711,434,415,693,343,3377
6007,711,1145,1561,2259,2592,,711,434,416,698,333,3415
6013,714,1147,1560,2260,2581,,714,433,413,700,321,3432
5982,711,1145,1562,2259,2592,,711,434,417,697,333,3390
5988,714,1145,1559,2259,2592,,714,431,414,700,333,3396
6023,774,1207,1621,2282,2615,,774,433,414,661,333,3408
6004,751,1180,1595,2259,2593,,751,429,415,664,334,3411
5938,705,1122,1521,2153,2523,,705,417,399,632,370,3415
6385,793,1306,1818,2555,2961,,793,513,512,737,406,3424
6359,762,1250,1762,2475,2911,,762,488,512,713,436,3448
6392,747,1205,1755,2463,2915,,747,458,550,708,452,3477
6337,763,1278,1762,2475,2885,,763,515,484,713,410,3452
6387,763,1249,1762,2505,2911,,763,486,513,743,406,3476
6308,762,1278,1761,2474,2867,,762,516,483,713,393,3441
6259,728,1213,1763,2476,2808,,728,485,550,713,332,3451
6206,764,1229,1711,2413,2824,,764,465,482,702,411,3382
6050,750,1222,1707,2348,2679,,750,472,485,641,331,3371
6043,750,1177,1581,2256,2598,,750,427,404,675,342,3445
6298,764,1279,1764,2454,2863,,764,515,485,690,409,3435
5983,751,1180,1593,2259,2594,,751,429,413,666,335,3389
6059,750,1181,1594,2256,2674,,750,431,413,662,418,3385
6057,750,1205,1684,2320,2684,,750,455,479,636,364,3373
5987,753,1181,1596,2260,2597,,753,428,415,664,337,3390
6066,751,1181,1594,2258,2593,,751,430,413,664,335,3473
5987,711,1149,1561,2259,2597,,711,438,412,698,338,3390
5998,774,1208,1619,2285,2616,,774,434,411,666,331,3382
6005,751,1179,1594,2260,2594,,751,428,415,666,334,3411
6099,752,1206,1686,2322,2697,,752,454,480,636,375,3402
6321,762,1251,1762,2503,2884,,762,489,511,741,381,3437
6079,750,1221,1712,2372,2707,,750,471,491,660,335,3372
5973,752,1196,1617,2256,2574,,752,444,421,639,318,3399
5982,752,1183,1596,2260,2593,,752,431,413,664,333,3389
5986,751,1182,1594,2259,2592,,751,431,412,665,333,3394
6078,770,1226,1706,2341,2702,,770,456,480,635,361,3376
5989,752,1183,1617,2260,2594,,752,431,434,643,334,3395
5854,709,1144,1557,2187,2505,,709,435,413,630,318,3349
6129,752,1224,1752,2408,2758,,752,472,528,656,350,3371
6270,751,1222,1750,2404,2827,,751,471,528,654,423,3443
6293,791,1300,1788,2501,2879,,791,509,488,713,378,3414
6383,763,1250,1791,2501,2939,,763,487,541,710,438,3444
6245,790,1217,1750,2446,2806,,790,427,533,696,360,3439
6214,700,1171,1643,2329,2771,,700,471,472,686,442,3443
6414,763,1250,1763,2506,2936,,763,487,513,743,430,3478
6325,761,1249,1762,2474,2876,,761,488,513,712,402,3449
6064,752,1188,1666,2322,2681,,752,436,478,656,359,3383
6076,708,1209,1641,2300,2626,,708,501,432,659,326,3450
6296,752,1224,1753,2450,2848,,752,472,529,697,398,3448
6259,754,1251,1752,2448,2806,,754,497,501,696,358,3453
6309,764,1250,1764,2475,2865,,764,486,514,711,390,3444
6358,763,1251,1762,2476,2910,,763,488,511,714,434,3448
6154,764,1218,1698,2395,2757,,764,454,480,697,362,3397
6050,698,1169,1600,2312,2639,,698,471,431,712,327,3411
6012,751,1181,1593,2260,2593,,751,430,412,667,333,3419
5891,711,1142,1557,2193,2528,,711,431,415,636,335,3363
6156,752,1180,1658,2351,2739,,752,428,478,693,388,3417
6146,780,1246,1702,2406,2775,,780,466,456,704,369,3371
6002,750,1182,1594,2259,2591,,750,432,412,665,332,3411
6008,751,1179,1595,2259,2594,,751,428,416,664,335,3414
5981,752,1181,1597,2258,2594,,752,429,416,661,336,3387
6005,711,1144,1559,2260,2590,,711,433,415,701,330,3415
5904,708,1119,1530,2185,2517,,708,411,411,655,332,3387
6006,710,1143,1559,2257,2590,,710,433,416,698,333,3416
5886,712,1144,1549,2184,2519,,712,432,405,635,335,3367
5868,704,1131,1529,2152,2497,,704,427,398,623,345,3371
6315,754,1180,1675,2419,2837,,754,426,495,744,418,3478
6240,785,1248,1696,2393,2792,,785,463,448,697,399,3448
6183,751,1223,1751,2449,2805,,751,472,528,698,356,3378
6144,711,1189,1664,2323,2724,,711,478,475,659,401,3420
6338,763,1282,1762,2475,2865,,763,519,480,713,390,3473
6358,764,1250,1762,2474,2915,,764,486,512,712,441,3443
6237,765,1280,1742,2450,2765,,765,515,462,708,315,3472
6272,792,1276,1763,2442,2817,,792,484,487,679,375,3455
6136,750,1222,1750,2405,2755,,750,472,528,655,350,3381
6118,750,1225,1706,2345,2679,,750,475,481,639,334,3439
6337,751,1197,1725,2438,2861,,751,446,528,713,423,3476
6359,754,1222,1792,2482,2912,,754,468,570,690,430,3447
6333,763,1249,1762,2476,2886,,763,486,513,714,410,3447
6358,762,1250,1762,2474,2909,,762,488,512,712,435,3449
6381,761,1248,1761,2504,2934,,761,487,513,743,430,3447
6357,762,1249,1761,2475,2915,,762,487,512,714,440,3442
6268,760,1157,1668,2407,2821,,760,397,511,739,414,3447
6412,764,1250,1763,2504,2936,,764,486,513,741,432,3476
6361,762,1250,1762,2474,2885,,762,488,512,712,411,3476
6363,762,1251,1763,2475,2886,,762,489,512,712,411,3477
6334,762,1249,1704,2424,2863,,762,487,455,720,439,3471
6259,753,1171,1654,2389,2812,,753,418,483,735,423,3447
6333,762,1248,1762,2476,2887,,762,486,514,714,411,3446
6335,763,1251,1762,2476,2887,,763,488,511,714,411,3448
6359,764,1250,1766,2476,2887,,764,486,516,710,411,3472
6333,762,1248,1763,2474,2885,,762,486,515,711,411,3448
6331,764,1250,1761,2474,2885,,764,486,511,713,411,3446
6334,765,1250,1764,2475,2886,,765,485,514,711,411,3448
6334,764,1251,1763,2475,2886,,764,487,512,712,411,3448
6235,695,1178,1665,2375,2787,,695,483,487,710,412,3448
6334,765,1250,1764,2477,2887,,765,485,514,713,410,3447
6359,760,1231,1762,2475,2910,,760,471,531,713,435,3449
6334,764,1250,1762,2475,2886,,764,486,512,713,411,3448
6333,764,1275,1762,2475,2885,,764,511,487,713,410,3448
6334,763,1250,1762,2476,2886,,763,487,512,714,410,3448
6332,763,1279,1762,2475,2886,,763,516,483,713,411,3446
6358,764,1250,1763,2477,2909,,764,486,513,714,432,3449
6358,791,1275,1791,2501,2910,,791,484,516,710,409,3448
6358,792,1259,1763,2478,2912,,792,467,504,715,434,3446
6514,792,1306,1818,2557,3037,,792,514,512,739,480,3477
6332,762,1278,1762,2474,2884,,762,516,484,712,410,3448
6336,767,1251,1760,2476,2887,,767,484,509,716,411,3449
6333,763,1250,1762,2474,2885,,763,487,512,712,411,3448
6244,786,1274,1749,2392,2797,,786,488,475,643,405,3447
6058,752,1223,1708,2347,2680,,752,471,485,639,333,3378
6002,750,1180,1593,2259,2592,,750,430,413,666,333,3410
5972,754,1187,1602,2258,2592,,754,433,415,656,334,3380
6009,750,1182,1596,2259,2592,,750,432,414,663,333,3417
6011,753,1184,1596,2260,2593,,753,431,412,664,333,3418
5996,711,1156,1563,2254,2572,,711,445,407,691,318,3424
5832,643,1086,1483,2120,2440,,643,443,397,637,320,3392
6242,794,1278,1764,2454,2833,,794,484,486,690,379,3409
6334,763,1278,1763,2475,2885,,763,515,485,712,410,3449
6284,791,1222,1751,2446,2826,,791,431,529,695,380,3458
6297,762,1249,1790,2479,2851,,762,487,541,689,372,3446
6334,727,1212,1763,2474,2886,,727,485,551,711,412,3448
6367,764,1277,1766,2505,2913,,764,513,489,739,408,3454
6297,764,1251,1764,2477,2855,,764,487,513,713,378,3442
6085,752,1223,1709,2370,2707,,752,471,486,661,337,3378
6008,752,1181,1600,2263,2595,,752,429,419,663,332,3413
5891,713,1146,1559,2196,2534,,713,433,413,637,338,3357
6141,752,1155,1626,2314,2732,,752,403,471,688,418,3409
6359,763,1252,1765,2476,2911,,763,489,513,711,435,3448
6331,761,1247,1761,2472,2883,,761,486,514,711,411,3448
6334,792,1276,1763,2475,2870,,792,484,487,712,395,3464
6363,792,1276,1762,2476,2885,,792,484,486,714,409,3478
6255,792,1224,1752,2449,2850,,792,432,528,697,401,3405
6057,752,1223,1709,2347,2680,,752,471,486,638,333,3377
6010,752,1182,1596,2260,2581,,752,430,414,664,321,3429
6046,752,1207,1692,2324,2679,,752,455,485,632,355,3367
5866,687,1119,1533,2167,2498,,687,432,414,634,331,3368
6141,735,1153,1644,2342,2734,,735,418,491,698,392,3407
6389,793,1279,1765,2478,2911,,793,486,486,713,433,3478
6385,763,1251,1764,2505,2936,,763,488,513,741,431,3449
6360,764,1250,1763,2475,2914,,764,486,513,712,439,3446
6337,764,1280,1763,2476,2887,,764,516,483,713,411,3450
6335,764,1229,1739,2450,2861,,764,465,510,711,411,3474
6358,791,1274,1762,2482,2911,,791,483,488,720,429,3447
6270,764,1252,1743,2427,2862,,764,488,491,684,435,3408
6185,715,1224,1680,2379,2776,,715,509,456,699,397,3409
6054,751,1247,1710,2351,2684,,751,496,463,641,333,3370
6120,753,1180,1627,2326,2685,,753,427,447,699,359,3435
6271,751,1223,1750,2449,2846,,751,472,527,699,397,3425
6158,752,1224,1752,2408,2781,,752,472,528,656,373,3377
5983,753,1185,1598,2260,2593,,753,432,413,662,333,3390
6004,752,1185,1596,2260,2592,,752,433,411,664,332,3412
6003,752,1182,1595,2261,2596,,752,430,413,666,335,3407
5984,713,1147,1562,2260,2595,,713,434,415,698,335,3389
6005,712,1147,1563,2262,2595,,712,435,416,699,333,3410
6007,714,1149,1562,2266,2598,,714,435,413,704,332,3409
6055,714,1147,1563,2259,2680,,714,433,416,696,421,3375
6243,752,1200,1675,2386,2811,,752,448,475,711,425,3432
6384,765,1252,1794,2529,2936,,765,487,542,735,407,3448
6334,764,1250,1763,2476,2886,,764,486,513,713,410,3448
6310,765,1250,1766,2476,2870,,765,485,516,710,394,3440
6361,766,1251,1766,2476,2912,,766,485,515,710,436,3449
6309,763,1231,1739,2452,2861,,763,468,508,713,409,3448
6388,763,1249,1792,2502,2911,,763,486,543,710,409,3477
6388,795,1280,1793,2532,2938,,795,485,513,739,406,3450
6259,764,1251,1763,2388,2811,,764,487,512,625,423,3448
6144,637,1147,1634,2334,2751,,637,510,487,700,417,3393
6209,751,1179,1618,2338,2761,,751,428,439,720,423,3448
6409,764,1251,1793,2531,2962,,764,487,542,738,431,3447
6247,765,1252,1713,2415,2826,,765,487,461,702,411,3421
6057,751,1247,1711,2348,2681,,751,496,464,637,333,3376
6055,751,1208,1686,2321,2681,,751,457,478,635,360,3374
6009,752,1184,1597,2260,2594,,752,432,413,663,334,3415
6014,753,1182,1596,2261,2594,,753,429,414,665,333,3420
5977,752,1181,1597,2260,2594,,752,429,416,663,334,3383
6061,751,1205,1687,2322,2686,,751,454,482,635,364,3375
5969,757,1190,1590,2255,2574,,757,433,400,665,319,3395
6188,714,1150,1590,2328,2762,,714,436,440,738,434,3426
6359,764,1251,1763,2504,2911,,764,487,512,741,407,3448
6361,766,1251,1765,2477,2918,,766,485,514,712,441,3443
6336,766,1282,1765,2478,2888,,766,516,483,713,410,3448
6363,765,1253,1765,2475,2886,,765,488,512,710,411,3477
6357,764,1252,1741,2480,2912,,764,488,489,739,432,3445
6365,763,1249,1762,2475,2885,,763,486,513,713,410,3480
6307,764,1250,1792,2501,2891,,764,486,542,709,390,3416
6143,765,1251,1745,2427,2759,,765,486,494,682,332,3384
6006,733,1213,1642,2283,2618,,733,480,429,641,335,3388
5980,752,1179,1595,2268,2595,,752,427,416,673,327,3385
6001,750,1177,1581,2258,2581,,750,427,404,677,323,3420
5979,712,1146,1560,2262,2593,,712,434,414,702,331,3386
6006,752,1180,1595,2260,2594,,752,428,415,665,334,3412
6052,753,1208,1686,2322,2682,,753,455,478,636,360,3370
5928,752,1180,1596,2238,2569,,752,428,416,642,331,3359
6007,750,1178,1592,2258,2592,,750,428,414,666,334,3415
6002,750,1178,1594,2259,2594,,750,428,416,665,335,3408
6010,753,1183,1598,2261,2594,,753,430,415,663,333,3416
6026,737,1189,1618,2282,2618,,737,452,429,664,336,3408
6054,753,1183,1598,2269,2681,,753,430,415,671,412,3373
5978,752,1183,1597,2259,2593,,752,431,414,662,334,3385
6008,752,1181,1598,2259,2593,,752,429,417,661,334,3415
6006,753,1182,1595,2260,2593,,753,429,413,665,333,3413
5977,713,1144,1560,2259,2592,,713,431,416,699,333,3385
5977,713,1146,1559,2261,2594,,713,433,413,702,333,3383
5980,711,1145,1562,2259,2593,,711,434,417,697,334,3387
6005,713,1146,1560,2262,2594,,713,433,414,702,332,3411
5866,709,1142,1553,2165,2498,,709,433,411,612,333,3368
6022,776,1207,1620,2283,2616,,776,431,413,663,333,3406
5971,751,1181,1593,2251,2574,,751,430,412,658,323,3397
5979,752,1183,1596,2260,2594,,752,431,413,664,334,3385
6007,716,1147,1563,2260,2605,,716,431,416,697,345,3402
6006,712,1146,1560,2259,2594,,712,434,414,699,335,3412
6004,712,1145,1559,2259,2593,,712,433,414,700,334,3411
5978,711,1147,1561,2260,2597,,711,436,414,699,337,3381
6005,711,1144,1560,2260,2593,,711,433,416,700,333,3412
5978,713,1146,1562,2261,2595,,713,433,416,699,334,3383
5783,719,1123,1536,2159,2453,,719,404,413,623,294,3330
5723,652,1060,1456,2067,2364,,652,408,396,611,297,3359
5756,696,1101,1496,2121,2415,,696,405,395,625,294,3341
6078,774,1230,1709,2346,2703,,774,456,479,637,357,3375
5997,751,1182,1595,2260,2596,,751,431,413,665,336,3401
6009,752,1180,1595,2261,2593,,752,428,415,666,332,3416
5970,753,1195,1600,2258,2577,,753,442,405,658,319,3393
6008,712,1147,1563,2260,2593,,712,435,416,697,333,3415
6058,752,1207,1687,2322,2681,,752,455,480,635,359,3377
5977,753,1180,1595,2262,2594,,753,427,415,667,332,3383
6032,752,1178,1592,2262,2594,,752,426,414,670,332,3438
5856,710,1122,1536,2162,2494,,710,412,414,626,332,3362
6010,713,1144,1559,2263,2593,,713,431,415,704,330,3417
5979,712,1145,1560,2261,2592,,712,433,415,701,331,3387
6006,713,1148,1561,2261,2594,,713,435,413,700,333,3412
6009,714,1147,1562,2261,2593,,714,433,415,699,332,3416
6057,713,1146,1563,2259,2681,,713,433,417,696,422,3376
6004,751,1180,1595,2262,2592,,751,429,415,667,330,3412
6055,752,1209,1687,2321,2679,,752,457,478,634,358,3376
6003,752,1180,1595,2260,2594,,752,428,415,665,334,3409
5984,750,1179,1595,2258,2591,,750,429,416,663,333,3393
5997,728,1177,1594,2274,2613,,728,449,417,680,339,3384
5986,754,1184,1596,2264,2595,,754,430,412,668,331,3391
6130,752,1223,1752,2407,2759,,752,471,529,655,352,3371
6158,751,1223,1751,2407,2780,,751,472,528,656,373,3378
6135,753,1250,1752,2412,2759,,753,497,502,660,347,3376
6080,702,1177,1651,2311,2708,,702,475,474,660,397,3372
6128,750,1222,1751,2409,2758,,750,472,529,658,349,3370
6083,703,1178,1650,2312,2710,,703,475,472,662,398,3373
6078,703,1177,1648,2310,2708,,703,474,471,662,398,3370
6079,702,1135,1573,2294,2708,,702,433,438,721,414,3371
5850,689,1109,1525,2158,2481,,689,420,416,633,323,3369
6146,755,1250,1752,2386,2708,,755,495,502,634,322,3438
6272,750,1247,1751,2448,2845,,750,497,504,697,397,3427
6159,751,1222,1753,2408,2779,,751,471,531,655,371,3380
6058,753,1209,1687,2323,2681,,753,456,478,636,358,3377
6074,773,1201,1617,2279,2702,,773,428,416,662,423,3372
6001,752,1181,1596,2258,2598,,752,429,415,662,340,3403
5982,754,1183,1598,2263,2594,,754,429,415,665,331,3388
5978,753,1181,1596,2262,2595,,753,428,415,666,333,3383
6008,753,1185,1596,2260,2593,,753,432,411,664,333,3415
6217,712,1188,1741,2427,2810,,712,476,553,686,383,3407
6313,764,1252,1765,2468,2888,,764,488,513,703,420,3425
6335,763,1250,1762,2475,2885,,763,487,512,713,410,3450
6335,764,1275,1762,2475,2885,,764,511,487,713,410,3450
6259,765,1252,1764,2455,2838,,765,487,512,691,383,3421
6335,764,1251,1764,2477,2886,,764,487,513,713,409,3449
6221,766,1232,1741,2431,2814,,766,466,509,690,383,3407
6335,766,1253,1765,2478,2888,,766,487,512,713,410,3447
6336,765,1251,1764,2477,2886,,765,486,513,713,409,3450
6312,766,1253,1765,2478,2867,,766,487,512,713,389,3445
6261,766,1198,1690,2402,2814,,766,432,492,712,412,3447
6198,764,1277,1686,2402,2745,,764,513,409,716,343,3453
6183,754,1227,1753,2449,2807,,754,473,526,696,358,3376
6133,754,1224,1752,2407,2759,,754,470,528,655,352,3374
6134,753,1225,1753,2407,2761,,753,472,528,654,354,3373
6081,702,1177,1648,2312,2707,,702,475,471,664,395,3374
6157,777,1274,1777,2437,2783,,777,497,503,660,346,3374
6098,704,1177,1610,2296,2708,,704,473,433,686,412,3390
6306,741,1250,1800,2513,2903,,741,509,550,713,390,3403
6459,792,1329,1841,2580,3004,,792,537,512,739,424,3455
6337,764,1222,1764,2476,2888,,764,458,542,712,412,3449
6271,763,1250,1709,2416,2826,,763,487,459,707,410,3445
6228,750,1222,1752,2447,2846,,750,472,530,695,399,3382
6055,753,1224,1710,2347,2683,,753,471,486,637,336,3372
6058,753,1182,1597,2260,2682,,753,429,415,663,422,3376
6054,753,1207,1686,2321,2683,,753,454,479,635,362,3371
6006,753,1182,1598,2264,2594,,753,429,416,666,330,3412
6003,753,1180,1596,2261,2594,,753,427,416,665,333,3409
6053,753,1184,1598,2260,2681,,753,431,414,662,421,3372
6010,752,1181,1599,2263,2594,,752,429,418,664,331,3416
6120,714,1148,1584,2316,2716,,714,434,436,732,400,3404
6311,764,1254,1746,2456,2864,,764,490,492,710,408,3447
6335,764,1251,1763,2475,2887,,764,487,512,712,412,3448
6334,766,1276,1764,2476,2887,,766,510,488,712,411,3447
6388,798,1311,1816,2527,2938,,798,513,505,711,411,3450
6335,766,1251,1764,2477,2888,,766,485,513,713,411,3447
6335,764,1230,1765,2477,2888,,764,466,535,712,411,3447
6312,788,1275,1787,2499,2910,,788,487,512,712,411,3402
6335,764,1251,1764,2475,2888,,764,487,513,711,413,3447
6360,764,1250,1763,2476,2913,,764,486,513,713,437,3447
6285,763,1250,1709,2426,2839,,763,487,459,717,413,3446
6384,763,1230,1764,2506,2938,,763,467,534,742,432,3446
6360,764,1251,1763,2475,2916,,764,487,512,712,441,3444
6334,765,1253,1765,2477,2887,,765,488,512,712,410,3447
6362,766,1253,1765,2479,2913,,766,487,512,714,434,3449
6182,778,1250,1753,2451,2809,,778,472,503,698,358,3373
6002,750,1181,1595,2259,2593,,750,431,414,664,334,3409
6003,751,1179,1595,2260,2593,,751,428,416,665,333,3410
5980,714,1147,1565,2263,2594,,714,433,418,698,331,3386
5837,670,1098,1509,2146,2475,,670,428,411,637,329,3362
6151,714,1148,1590,2305,2724,,714,434,442,715,419,3427
6195,789,1275,1767,2454,2781,,789,486,492,687,327,3414
6316,765,1252,1765,2478,2888,,765,487,513,713,410,3428
6204,675,1159,1648,2357,2778,,675,484,489,709,421,3426
6336,766,1277,1767,2479,2890,,766,511,490,712,411,3446
6335,763,1253,1764,2475,2885,,763,490,511,711,410,3450
6336,765,1244,1765,2478,2887,,765,479,521,713,409,3449
6295,723,1232,1721,2431,2846,,723,509,489,710,415,3449
6336,766,1251,1768,2478,2889,,766,485,517,710,411,3447
6311,765,1251,1764,2476,2888,,765,486,513,712,412,3423
6359,765,1252,1769,2479,2913,,765,487,517,710,434,3446
6389,788,1274,1787,2500,2898,,788,486,513,713,398,3491
6284,765,1251,1764,2476,2866,,765,486,513,712,390,3418
6296,764,1251,1765,2477,2857,,764,487,514,712,380,3439
6087,752,1224,1710,2372,2707,,752,472,486,662,335,3380
6089,784,1241,1747,2382,2715,,784,457,506,635,333,3374
6011,752,1181,1595,2260,2595,,752,429,414,665,335,3416
6007,753,1179,1585,2261,2594,,753,426,406,676,333,3413
5830,663,1110,1509,2140,2485,,663,447,399,631,345,3345
6040,736,1172,1585,2285,2617,,736,436,413,700,332,3423
6172,712,1167,1634,2296,2729,,712,455,467,662,433,3443
6266,723,1208,1696,2405,2820,,723,485,488,709,415,3446
6334,764,1251,1763,2475,2887,,764,487,512,712,412,3447
6334,764,1250,1763,2476,2886,,764,486,513,713,410,3448
6335,766,1252,1765,2477,2888,,766,486,513,712,411,3447
6235,735,1160,1645,2365,2787,,735,425,485,720,422,3448
6337,766,1253,1768,2478,2889,,766,487,515,710,411,3448
6340,767,1253,1767,2479,2889,,767,486,514,712,410,3451
6364,767,1254,1766,2477,2914,,767,487,512,711,437,3450
6334,767,1252,1766,2477,2888,,767,485,514,711,411,3446
6309,765,1252,1765,2439,2863,,765,487,513,674,424,3446
6311,765,1252,1767,2455,2863,,765,487,515,688,408,3448
6335,765,1252,1765,2477,2888,,765,487,513,712,411,3447
6335,767,1252,1766,2479,2893,,767,485,514,713,414,3442
6336,765,1252,1765,2478,2888,,765,487,513,713,410,3448
6358,763,1251,1763,2476,2911,,763,488,512,713,435,3447
6360,765,1252,1765,2481,2914,,765,487,513,716,433,3446
6349,778,1265,1778,2492,2900,,778,487,513,714,408,3449
6384,764,1251,1763,2506,2936,,764,487,512,743,430,3448
6287,762,1251,1763,2475,2886,,762,489,512,712,411,3401
6308,764,1256,1767,2463,2865,,764,492,511,696,402,3443
6280,722,1211,1698,2412,2824,,722,489,487,714,412,3456
6262,709,1203,1691,2403,2815,,709,494,488,712,412,3447
6280,765,1252,1764,2478,2887,,765,487,512,714,409,3393
6138,752,1223,1752,2408,2755,,752,471,529,656,347,3383
5979,753,1184,1621,2262,2594,,753,431,437,641,332,3385
5989,752,1181,1597,2260,2594,,752,429,416,663,334,3395
6002,752,1183,1597,2261,2595,,752,431,414,664,334,3407
6003,752,1183,1596,2260,2595,,752,431,413,664,335,3408
5895,712,1145,1559,2195,2529,,712,433,414,636,334,3366
6015,753,1182,1595,2262,2601,,753,429,413,667,339,3414
6067,753,1208,1687,2322,2680,,753,455,479,635,358,3387
6005,754,1184,1598,2265,2596,,754,430,414,667,331,3409
6005,753,1180,1596,2261,2595,,753,427,416,665,334,3410
5983,751,1179,1595,2260,2594,,751,428,416,665,334,3389
6200,753,1208,1701,2381,2778,,753,455,493,680,397,3422
6335,766,1252,1765,2477,2893,,766,486,513,712,416,3442
6338,766,1253,1765,2478,2888,,766,487,512,713,410,3450
6360,765,1250,1764,2477,2914,,765,485,514,713,437,3446
6339,765,1253,1764,2478,2888,,765,488,511,714,410,3451
6240,767,1253,1766,2478,2855,,767,486,513,712,377,3385
6335,766,1251,1765,2477,2887,,766,485,514,712,410,3448
6311,764,1250,1763,2475,2886,,764,486,513,712,411,3425
6311,765,1251,1765,2477,2867,,765,486,514,712,390,3444
6335,766,1252,1765,2477,2888,,766,486,513,712,411,3447
6359,767,1252,1766,2481,2912,,767,485,514,715,431,3447
6337,767,1253,1767,2478,2889,,767,486,514,711,411,3448
6339,767,1254,1767,2479,2890,,767,487,513,712,411,3449
6336,766,1252,1766,2477,2889,,766,486,514,711,412,3447
6312,767,1255,1767,2478,2889,,767,488,512,711,411,3423
6225,766,1253,1745,2428,2812,,766,487,492,683,384,3413
6147,766,1241,1711,2386,2794,,766,475,470,675,408,3353
6056,756,1227,1713,2351,2683,,756,471,486,638,332,3373
6003,753,1182,1596,2260,2594,,753,429,414,664,334,3409
6061,753,1181,1596,2260,2681,,753,428,415,664,421,3380
5979,752,1180,1595,2265,2594,,752,428,415,670,329,3385
6055,752,1181,1596,2260,2691,,752,429,415,664,431,3364
6104,775,1246,1734,2371,2731,,775,471,488,637,360,3373
5978,752,1182,1595,2260,2594,,752,430,413,665,334,3384
5988,756,1185,1599,2263,2596,,756,429,414,664,333,3392
6015,752,1183,1596,2260,2595,,752,431,413,664,335,3420
5917,714,1140,1539,2154,2522,,714,426,399,615,368,3395
6244,766,1253,1766,2458,2836,,766,487,513,692,378,3408
6294,764,1251,1762,2463,2871,,764,487,511,701,408,3423
6333,764,1252,1764,2477,2887,,764,488,512,713,410,3446
6337,765,1252,1764,2477,2888,,765,487,512,713,411,3449
6361,765,1252,1764,2477,2918,,765,487,512,713,441,3443
6362,768,1255,1765,2479,2915,,768,487,510,714,436,3447
6335,764,1253,1764,2476,2888,,764,489,511,712,412,3447
6336,738,1227,1767,2477,2912,,738,489,540,710,435,3424
6362,766,1254,1766,2479,2914,,766,488,512,713,435,3448
6309,765,1251,1766,2478,2863,,765,486,515,712,385,3446
6336,766,1252,1765,2478,2888,,766,486,513,713,410,3448
6361,766,1254,1765,2476,2912,,766,488,511,711,436,3449
6333,765,1252,1764,2477,2887,,765,487,512,713,410,3446
6313,767,1252,1765,2458,2863,,767,485,513,693,405,3450
6362,765,1252,1765,2478,2917,,765,487,513,713,439,3445
6335,766,1251,1764,2477,2888,,766,485,513,713,411,3447
6335,765,1252,1765,2477,2890,,765,487,513,712,413,3445
6284,768,1253,1766,2458,2865,,768,485,513,692,407,3419
6337,767,1253,1766,2478,2889,,767,486,513,712,411,3448
6335,766,1243,1764,2478,2888,,766,477,521,714,410,3447
6313,764,1250,1762,2477,2886,,764,486,512,715,409,3427
6313,766,1253,1765,2477,2890,,766,487,512,712,413,3423
6361,765,1256,1769,2478,2913,,765,491,513,709,435,3448
6210,767,1253,1746,2401,2789,,767,486,493,655,388,3421
6336,765,1256,1765,2478,2888,,765,491,509,713,410,3448
6337,765,1247,1764,2476,2887,,765,482,517,712,411,3450
6361,766,1252,1767,2477,2913,,766,486,515,710,436,3448
6259,764,1251,1764,2455,2837,,764,487,513,691,382,3422
6335,765,1253,1764,2478,2889,,765,488,511,714,411,3446
6259,752,1247,1753,2449,2851,,752,495,506,696,402,3408
6057,753,1224,1711,2349,2683,,753,471,487,638,334,3374
6057,753,1207,1686,2323,2680,,753,454,479,637,357,3377
6013,753,1181,1597,2261,2594,,753,428,416,664,333,3419
5898,714,1146,1561,2202,2531,,714,432,415,641,329,3367
5983,753,1182,1596,2260,2594,,753,429,414,664,334,3389
6131,673,1122,1601,2285,2701,,673,449,479,684,416,3430
6338,767,1252,1766,2478,2889,,767,485,514,712,411,3449
6261,765,1199,1689,2396,2813,,765,434,490,707,417,3448
6337,767,1253,1766,2478,2889,,767,486,513,712,411,3448
6181,753,1183,1664,2364,2777,,753,430,481,700,413,3404
6055,754,1226,1711,2349,2682,,754,472,485,638,333,3373
6004,754,1184,1598,2261,2595,,754,430,414,663,334,3409
6155,754,1182,1605,2271,2725,,754,428,423,666,454,3430
6337,766,1252,1765,2478,2881,,766,486,513,713,403,3456
6206,763,1250,1727,2399,2800,,763,487,477,672,401,3406
6053,713,1146,1626,2286,2683,,713,433,480,660,397,3370
6005,753,1185,1599,2262,2594,,753,432,414,663,332,3411
6145,714,1147,1623,2317,2734,,714,433,476,694,417,3411
6335,766,1252,1765,2478,2888,,766,486,513,713,410,3447
6297,766,1232,1741,2454,2867,,766,466,509,713,413,3430
6337,766,1253,1765,2478,2888,,766,487,512,713,410,3449
6362,767,1282,1766,2478,2914,,767,515,484,712,436,3448
6362,767,1252,1767,2478,2913,,767,485,515,711,435,3449
6361,766,1256,1764,2477,2915,,766,490,508,713,438,3446
6311,765,1250,1768,2480,2868,,765,485,518,712,388,3443
6337,766,1251,1764,2476,2887,,766,485,513,712,411,3450
6285,766,1253,1766,2478,2869,,766,487,513,712,391,3416
6337,766,1253,1766,2477,2888,,766,487,513,711,411,3449
6359,766,1252,1765,2478,2913,,766,486,513,713,435,3446
6312,793,1256,1748,2455,2872,,793,463,492,707,417,3440
6336,764,1250,1764,2476,2888,,764,486,514,712,412,3448
6337,766,1252,1765,2478,2888,,766,486,513,713,410,3449
6337,766,1252,1766,2478,2889,,766,486,514,712,411,3448
6309,765,1251,1765,2479,2868,,765,486,514,714,389,3441
6249,766,1252,1766,2459,2804,,766,486,514,693,345,3445
6083,753,1226,1677,2332,2708,,753,473,451,655,376,3375
6057,753,1208,1709,2350,2682,,753,455,501,641,332,3375
6157,755,1186,1623,2308,2729,,755,431,437,685,421,3428
6329,766,1252,1766,2478,2889,,766,486,514,712,411,3440
6236,769,1254,1712,2418,2828,,769,485,458,706,410,3408
6057,754,1227,1712,2351,2685,,754,473,485,639,334,3372
5979,752,1179,1598,2261,2594,,752,427,419,663,333,3385
5986,754,1183,1599,2262,2596,,754,429,416,663,334,3390
6012,754,1182,1596,2262,2595,,754,428,414,666,333,3417
5984,755,1185,1598,2262,2594,,755,430,413,664,332,3390
6190,717,1151,1584,2329,2765,,717,434,433,745,436,3425
6361,765,1250,1763,2476,2912,,765,485,513,713,436,3449
6336,765,1250,1765,2476,2887,,765,485,515,711,411,3449
6337,766,1252,1764,2477,2888,,766,486,512,713,411,3449
6275,767,1254,1713,2418,2827,,767,487,459,705,409,3448
6184,754,1227,1753,2451,2812,,754,473,526,698,361,3372
6108,754,1224,1754,2408,2735,,754,470,530,654,327,3373
6088,704,1179,1651,2314,2709,,704,475,472,663,395,3379
6101,701,1173,1596,2267,2655,,701,472,423,671,388,3446
6337,765,1252,1765,2480,2888,,765,487,513,715,408,3449
6366,753,1237,1766,2479,2890,,753,484,529,713,411,3476
6366,765,1257,1770,2479,2888,,765,492,513,709,409,3478
6431,760,1278,1790,2527,2987,,760,518,512,737,460,3444
6333,764,1252,1763,2477,2886,,764,488,511,714,409,3447
6263,766,1253,1690,2404,2814,,766,487,437,714,410,3449
6336,766,1252,1765,2477,2889,,766,486,513,712,412,3447
6363,766,1253,1766,2479,2913,,766,487,513,713,434,3450
6337,765,1252,1765,2478,2889,,765,487,513,713,411,3448
6362,765,1252,1765,2480,2913,,765,487,513,715,433,3449
6311,767,1254,1769,2479,2865,,767,487,515,710,386,3446
6337,757,1242,1765,2478,2888,,757,485,523,713,410,3449
6338,768,1254,1766,2479,2890,,768,486,512,713,411,3448
6258,766,1253,1766,2457,2839,,766,487,513,691,382,3419
6332,765,1252,1766,2477,2889,,765,487,514,711,412,3443
6313,765,1253,1765,2477,2862,,765,488,512,712,385,3451
6336,765,1252,1766,2478,2887,,765,487,514,712,409,3449
6334,765,1253,1765,2477,2889,,765,488,512,712,412,3445
6361,766,1253,1766,2478,2914,,766,487,513,712,436,3447
6311,765,1252,1764,2477,2890,,765,487,512,713,413,3421
6336,766,1253,1765,2478,2892,,766,487,512,713,414,3444
6388,767,1254,1767,2531,2939,,767,487,513,764,408,3449
6313,766,1252,1764,2478,2887,,766,486,512,714,409,3426
6193,766,1252,1745,2397,2789,,766,486,493,652,392,3404
6274,717,1208,1696,2408,2831,,717,491,488,712,423,3443
6263,767,1254,1746,2453,2805,,767,487,492,707,352,3458
6336,766,1253,1766,2478,2889,,766,487,513,712,411,3447
6337,768,1253,1766,2479,2889,,768,485,513,713,410,3448
6335,766,1253,1767,2479,2889,,766,487,514,712,410,3446
6358,763,1250,1762,2475,2910,,763,487,512,713,435,3448
6362,769,1252,1767,2478,2914,,769,483,515,711,436,3448
6335,765,1246,1765,2477,2887,,765,481,519,712,410,3448
6315,766,1254,1765,2478,2888,,766,488,511,713,410,3427
6218,767,1253,1746,2429,2814,,767,486,493,683,385,3404
6096,756,1227,1714,2376,2712,,756,471,487,662,336,3384
5900,713,1148,1560,2196,2529,,713,435,412,636,333,3371
6006,754,1185,1596,2265,2596,,754,431,411,669,331,3410
6218,713,1156,1626,2370,2789,,713,443,470,744,419,3429
6335,766,1253,1765,2477,2890,,766,487,512,712,413,3445
6337,766,1253,1766,2478,2889,,766,487,513,712,411,3448
6362,769,1227,1773,2483,2916,,769,458,546,710,433,3446
6335,765,1257,1766,2478,2888,,765,492,509,712,410,3447
6338,767,1253,1766,2480,2888,,767,486,513,714,408,3450
6284,765,1251,1764,2456,2863,,765,486,513,692,407,3421
6336,767,1254,1767,2480,2890,,767,487,513,713,410,3446
6183,763,1251,1744,2426,2769,,763,488,493,682,343,3414
6361,764,1253,1765,2478,2912,,764,489,512,713,434,3449
6333,765,1276,1763,2476,2886,,765,511,487,713,410,3447
6363,766,1254,1766,2478,2914,,766,488,512,712,436,3449
6335,764,1252,1764,2476,2887,,764,488,512,712,411,3448
6362,766,1254,1767,2479,2913,,766,488,513,712,434,3449
6272,766,1277,1766,2479,2833,,766,511,489,713,354,3439
6222,733,1228,1745,2429,2814,,733,495,517,684,385,3408
6069,754,1226,1715,2350,2685,,754,472,489,635,335,3384
6168,704,1190,1677,2371,2760,,704,486,487,694,389,3408
6251,766,1253,1766,2456,2809,,766,487,513,690,353,3442
6079,752,1224,1711,2373,2709,,752,472,487,662,336,3370
6007,754,1185,1596,2265,2595,,754,431,411,669,330,3412
6013,756,1187,1599,2263,2595,,756,431,412,664,332,3418
6014,758,1187,1602,2262,2595,,758,429,415,660,333,3419
6071,713,1146,1562,2262,2595,,713,433,416,700,333,3476
6154,715,1125,1575,2305,2727,,715,410,450,730,422,3427
6314,765,1252,1764,2479,2888,,765,487,512,715,409,3426
6362,766,1253,1766,2480,2915,,766,487,513,714,435,3447
6360,765,1252,1765,2478,2917,,765,487,513,713,439,3443
6272,789,1276,1788,2482,2847,,789,487,512,694,365,3425
6158,753,1251,1755,2411,2780,,753,498,504,656,369,3378
6005,754,1184,1599,2261,2593,,754,430,415,662,332,3412
6012,754,1183,1596,2262,2596,,754,429,413,666,334,3416
5987,753,1181,1597,2264,2593,,753,428,416,667,329,3394
5989,755,1183,1596,2262,2597,,755,428,413,666,335,3392
6009,756,1184,1600,2264,2596,,756,428,416,664,332,3413
5889,711,1147,1559,2195,2529,,711,436,412,636,334,3360
6068,756,1211,1691,2324,2683,,756,455,480,633,359,3385
6098,754,1173,1636,2305,2726,,754,419,463,669,421,3372
6285,769,1256,1767,2460,2866,,769,487,511,693,406,3419
6336,765,1253,1766,2477,2889,,765,488,513,711,412,3447
6362,764,1252,1765,2477,2913,,764,488,513,712,436,3449
6337,797,1282,1768,2478,2889,,797,485,486,710,411,3448
6337,765,1253,1766,2478,2888,,765,488,513,712,410,3449
6337,766,1253,1767,2479,2888,,766,487,514,712,409,3449
6367,766,1253,1765,2479,2889,,766,487,512,714,410,3478
6337,767,1253,1766,2478,2888,,767,486,513,712,410,3449
6285,766,1254,1765,2458,2865,,766,488,511,693,407,3420
6327,768,1255,1767,2479,2917,,768,487,512,712,438,3410
6384,787,1275,1786,2501,2937,,787,488,511,715,436,3447
6360,766,1252,1764,2477,2917,,766,486,512,713,440,3443
6338,765,1253,1767,2478,2888,,765,488,514,711,410,3450
6335,764,1250,1765,2476,2887,,764,486,515,711,411,3448
6336,765,1254,1766,2478,2889,,765,489,512,712,411,3447
6332,761,1248,1760,2475,2883,,761,487,512,715,408,3449
6337,768,1253,1765,2480,2888,,768,485,512,715,408,3449
6318,766,1252,1766,2478,2889,,766,486,514,712,411,3429
6262,767,1255,1768,2459,2841,,767,488,513,691,382,3421
6339,767,1255,1775,2484,2889,,767,488,520,709,405,3450
6233,724,1210,1697,2405,2785,,724,486,487,708,380,3448
6058,754,1226,1714,2353,2684,,754,472,488,639,331,3374
6007,755,1184,1599,2264,2598,,755,429,415,665,334,3409
6014,756,1187,1600,2264,2595,,756,431,413,664,331,3419
6007,739,1171,1585,2285,2627,,739,432,414,700,342,3380
6061,754,1208,1688,2324,2684,,754,454,480,636,360,3377
6035,753,1181,1596,2270,2596,,753,428,415,674,326,3439
5856,664,1095,1508,2136,2485,,664,431,413,628,349,3371
5894,716,1147,1554,2188,2511,,716,431,407,634,323,3383
5999,715,1148,1564,2269,2593,,715,433,416,705,324,3406
6067,755,1209,1691,2325,2684,,755,454,482,634,359,3383
5981,754,1185,1596,2263,2596,,754,431,411,667,333,3385
6053,754,1210,1689,2323,2683,,754,456,479,634,360,3370
6011,755,1183,1597,2262,2595,,755,428,414,665,333,3416
6009,753,1181,1597,2261,2593,,753,428,416,664,332,3416
5988,753,1183,1597,2262,2595,,753,430,414,665,333,3393
6007,713,1148,1564,2265,2594,,713,435,416,701,329,3413
5889,714,1145,1557,2195,2528,,714,431,412,638,333,3361
6018,714,1148,1564,2262,2596,,714,434,416,698,334,3422
5978,713,1149,1563,2248,2597,,713,436,414,685,349,3381
6015,717,1148,1563,2262,2595,,717,431,415,699,333,3420
6007,755,1184,1600,2263,2596,,755,429,416,663,333,3411
6006,754,1187,1600,2262,2597,,754,433,413,662,335,3409
5985,755,1183,1597,2261,2597,,755,428,414,664,336,3388
6010,715,1147,1564,2263,2597,,715,432,417,699,334,3413
5987,753,1182,1596,2262,2594,,753,429,414,666,332,3393
6162,756,1186,1644,2334,2729,,756,430,458,690,395,3433
6338,759,1253,1770,2478,2890,,759,494,517,708,412,3448
6336,767,1253,1765,2479,2889,,767,486,512,714,410,3447
6338,766,1254,1766,2479,2890,,766,488,512,713,411,3448
6133,706,1177,1673,2329,2746,,706,471,496,656,417,3387
5981,753,1182,1598,2261,2595,,753,429,416,663,334,3386
6007,754,1182,1595,2262,2595,,754,428,413,667,333,3412
5986,714,1148,1564,2263,2600,,714,434,416,699,337,3386
6061,754,1209,1689,2325,2684,,754,455,480,636,359,3377
6013,754,1182,1598,2262,2595,,754,428,416,664,333,3418
5984,754,1183,1598,2263,2600,,754,429,415,665,337,3384
5889,712,1145,1561,2194,2528,,712,433,416,633,334,3361
6015,753,1181,1596,2263,2595,,753,428,415,667,332,3420
6001,754,1182,1597,2261,2604,,754,428,415,664,343,3397
6064,754,1185,1598,2262,2683,,754,431,413,664,421,3381
6005,754,1186,1600,2263,2598,,754,432,414,663,335,3407
6007,751,1183,1596,2259,2593,,751,432,413,663,334,3414
6008,755,1182,1599,2262,2585,,755,427,417,663,323,3423
6013,754,1183,1598,2262,2597,,754,429,415,664,335,3416
5987,754,1184,1597,2241,2572,,754,430,413,644,331,3415
6011,714,1150,1564,2261,2589,,714,436,414,697,328,3422
5941,714,1147,1560,2198,2530,,714,433,413,638,332,3411
5865,695,1099,1511,2162,2495,,695,404,412,651,333,3370
6050,713,1146,1563,2263,2624,,713,433,417,700,361,3426
6181,724,1209,1695,2385,2772,,724,485,486,690,387,3409
6261,715,1199,1688,2397,2814,,715,484,489,709,417,3447
6336,765,1252,1763,2477,2887,,765,487,511,714,410,3449
6341,765,1251,1765,2477,2868,,765,486,514,712,391,3473
6334,778,1263,1766,2480,2870,,778,485,503,714,390,3464
6363,766,1253,1765,2477,2913,,766,487,512,712,436,3450
6337,767,1252,1766,2480,2892,,767,485,514,714,412,3445
6351,781,1274,1780,2493,2903,,781,493,506,713,410,3448
6337,766,1253,1766,2478,2888,,766,487,513,712,410,3449
6316,766,1254,1766,2477,2890,,766,488,512,711,413,3426
6249,690,1178,1665,2401,2825,,690,488,487,736,424,3424
6294,725,1211,1698,2411,2848,,725,486,487,713,437,3446
6337,766,1253,1767,2478,2890,,766,487,514,711,412,3447
6335,788,1274,1789,2500,2891,,788,486,515,711,391,3444
6341,767,1254,1766,2478,2890,,767,487,512,712,412,3451
6311,766,1253,1765,2478,2868,,766,487,512,713,390,3443
6275,766,1252,1766,2458,2829,,766,486,514,692,371,3446
6142,769,1241,1770,2426,2774,,769,472,529,656,348,3368
5922,709,1142,1557,2192,2540,,709,433,415,635,348,3382
6068,755,1209,1689,2324,2685,,755,454,480,635,361,3383
6183,757,1231,1678,2354,2772,,757,474,447,676,418,3411
6269,723,1207,1695,2405,2822,,723,484,488,710,417,3447
6362,767,1253,1795,2504,2914,,767,486,542,709,410,3448
6270,724,1208,1697,2406,2822,,724,484,489,709,416,3448
6338,766,1253,1768,2478,2890,,766,487,515,710,412,3448
6340,768,1255,1768,2479,2891,,768,487,513,711,412,3449
6274,767,1254,1766,2459,2824,,767,487,512,693,365,3450
6186,755,1227,1755,2452,2807,,755,472,528,697,355,3379
6012,702,1177,1606,2293,2619,,702,475,429,687,326,3393
6015,703,1178,1606,2287,2618,,703,475,428,681,331,3397
6287,735,1227,1713,2448,2836,,735,492,486,735,388,3451
6265,723,1206,1695,2406,2817,,723,483,489,711,411,3448
6360,765,1252,1763,2478,2913,,765,487,511,715,435,3447
6312,766,1254,1767,2478,2867,,766,488,513,711,389,3445
6340,768,1255,1768,2480,2890,,768,487,513,712,410,3450
6338,767,1253,1768,2479,2890,,767,486,515,711,411,3448
6237,767,1254,1766,2401,2791,,767,487,512,635,390,3446
6338,768,1254,1767,2479,2889,,768,486,513,712,410,3449
6337,768,1254,1766,2478,2879,,768,486,512,712,401,3458
6334,765,1252,1764,2476,2886,,765,487,512,712,410,3448
6268,722,1206,1694,2404,2820,,722,484,488,710,416,3448
6336,766,1254,1765,2478,2888,,766,488,511,713,410,3448
6340,798,1285,1766,2479,2891,,798,487,481,713,412,3449
6316,767,1256,1767,2480,2870,,767,489,511,713,390,3446
6362,767,1254,1767,2480,2914,,767,487,513,713,434,3448
6363,767,1254,1767,2480,2915,,767,487,513,713,435,3448
6263,767,1253,1751,2387,2814,,767,486,498,636,427,3449
6338,767,1253,1767,2480,2890,,767,486,514,713,410,3448
6335,765,1252,1766,2479,2889,,765,487,514,713,410,3446
6413,768,1259,1772,2482,2945,,768,491,513,710,463,3468
6271,711,1156,1641,2370,2794,,711,445,485,729,424,3477
6393,769,1255,1768,2481,2915,,769,486,513,713,434,3478
6362,767,1253,1765,2508,2913,,767,486,512,743,405,3449
6364,771,1280,1769,2481,2916,,771,509,489,712,435,3448
6338,770,1256,1768,2480,2893,,770,486,512,712,413,3445
6364,770,1255,1768,2480,2917,,770,485,513,712,437,3447
6263,768,1254,1767,2401,2815,,768,486,513,634,414,3448
6367,767,1257,1767,2479,2890,,767,490,510,712,411,3477
6336,766,1281,1765,2477,2888,,766,515,484,712,411,3448
6242,790,1275,1768,2451,2838,,790,485,493,683,387,3404
6308,762,1210,1723,2437,2860,,762,448,513,714,423,3448
6352,783,1267,1783,2492,2903,,783,484,516,709,411,3449
6338,767,1254,1766,2479,2889,,767,487,512,713,410,3449
6263,717,1203,1691,2399,2818,,717,486,488,708,419,3445
6337,767,1254,1767,2479,2889,,767,487,513,712,410,3448
6338,767,1279,1767,2479,2890,,767,512,488,712,411,3448
6300,767,1253,1767,2478,2860,,767,486,514,711,382,3440
6106,754,1225,1753,2409,2734,,754,471,528,656,325,3372
6009,757,1186,1599,2264,2599,,757,429,413,665,335,3410
6020,756,1184,1599,2263,2595,,756,428,415,664,332,3425
6170,730,1154,1620,2317,2741,,730,424,466,697,424,3429
6260,710,1200,1689,2399,2811,,710,490,489,710,412,3449
6337,767,1254,1766,2479,2890,,767,487,512,713,411,3447
6335,766,1278,1766,2478,2888,,766,512,488,712,410,3447
6361,766,1253,1765,2478,2914,,766,487,512,713,436,3447
6337,768,1254,1766,2479,2890,,768,486,512,713,411,3447
6319,765,1252,1765,2477,2881,,765,487,513,712,404,3438
6133,733,1218,1755,2410,2759,,733,485,537,655,349,3374
6014,757,1187,1600,2264,2595,,757,430,413,664,331,3419
6087,755,1184,1598,2258,2651,,755,429,414,660,393,3436
6361,754,1220,1774,2483,2915,,754,466,554,709,432,3446
6339,768,1258,1770,2478,2890,,768,490,512,708,412,3449
6339,768,1253,1767,2479,2890,,768,485,514,712,411,3449
6335,767,1255,1765,2478,2888,,767,488,510,713,410,3447
6337,766,1253,1765,2478,2888,,766,487,512,713,410,3449
6339,767,1256,1767,2478,2890,,767,489,511,711,412,3449
6314,767,1254,1766,2478,2870,,767,487,512,712,392,3444
6338,765,1254,1768,2479,2889,,765,489,514,711,410,3449
6303,767,1254,1767,2479,2891,,767,487,513,712,412,3412
6196,758,1230,1756,2452,2810,,758,472,526,696,358,3386
6258,753,1208,1738,2454,2844,,753,455,530,716,390,3414
6337,767,1254,1767,2479,2890,,767,487,513,712,411,3447
6087,739,1164,1635,2289,2709,,739,425,471,654,420,3378
5985,754,1185,1595,2262,2596,,754,431,410,667,334,3389
5981,752,1182,1597,2262,2596,,752,430,415,665,334,3385
5990,715,1150,1565,2266,2598,,715,435,415,701,332,3392
5985,754,1181,1597,2264,2597,,754,427,416,667,333,3388
6001,756,1181,1581,2258,2577,,756,425,400,677,319,3424
5987,717,1151,1566,2265,2597,,717,434,415,699,332,3390
5805,714,1117,1529,2154,2449,,714,403,412,625,295,3356
5811,658,1073,1493,2126,2454,,658,415,420,633,328,3357
5760,697,1106,1519,2122,2421,,697,409,413,603,299,3339
5833,671,1101,1505,2141,2476,,671,430,404,636,335,3357
6008,712,1145,1560,2260,2593,,712,433,415,700,333,3415
5837,664,1111,1509,2118,2462,,664,447,398,609,344,3375
5991,757,1188,1601,2264,2599,,757,431,413,663,335,3392
6015,761,1198,1614,2263,2596,,761,437,416,649,333,3419
6215,714,1175,1654,2366,2789,,714,461,479,712,423,3426
6344,767,1254,1767,2479,2891,,767,487,513,712,412,3453
6360,766,1253,1796,2507,2914,,766,487,543,711,407,3446
6290,769,1233,1731,2437,2840,,769,464,498,706,403,3450
6259,757,1212,1755,2451,2855,,757,455,543,696,404,3404
6057,755,1226,1715,2353,2685,,755,471,489,638,332,3372
6062,757,1212,1690,2326,2685,,757,455,478,636,359,3377
6056,755,1211,1688,2325,2683,,755,456,477,637,358,3373
6066,755,1210,1690,2327,2685,,755,455,480,637,358,3381
6009,756,1185,1600,2267,2599,,756,429,415,667,332,3410
6057,755,1211,1688,2325,2685,,755,456,477,637,360,3372
5982,752,1180,1596,2260,2594,,752,428,416,664,334,3388
6011,752,1180,1594,2259,2592,,752,428,414,665,333,3419
6119,711,1165,1590,2266,2683,,711,454,425,676,417,3436
6338,767,1234,1767,2478,2889,,767,467,533,711,411,3449
6336,767,1253,1765,2478,2889,,767,486,512,713,411,3447
6339,768,1255,1767,2481,2890,,768,487,512,714,409,3449
6338,768,1254,1768,2479,2890,,768,486,514,711,411,3448
6337,768,1253,1766,2479,2889,,768,485,513,713,410,3448
6339,768,1279,1767,2480,2890,,768,511,488,713,410,3449
6234,739,1211,1756,2455,2854,,739,472,545,699,399,3380
6135,756,1229,1753,2409,2761,,756,473,524,656,352,3374
6044,708,1183,1611,2291,2623,,708,475,428,680,332,3421
6070,663,1114,1561,2196,2611,,663,451,447,635,415,3459
6313,768,1284,1747,2454,2866,,768,516,463,707,412,3447
6341,767,1253,1766,2479,2889,,767,486,513,713,410,3452
6363,748,1231,1766,2478,2914,,748,483,535,712,436,3449
6338,767,1254,1767,2481,2890,,767,487,513,714,409,3448
6334,764,1251,1766,2476,2888,,764,487,515,710,412,3446
6362,767,1254,1767,2480,2915,,767,487,513,713,435,3447
6132,755,1187,1666,2362,2754,,755,432,479,696,392,3378
6059,756,1228,1711,2348,2684,,756,472,483,637,336,3375
5969,756,1185,1602,2263,2598,,756,429,417,661,335,3371
6086,709,1141,1573,2262,2651,,709,432,432,689,389,3435
6271,788,1276,1737,2439,2850,,788,488,461,702,411,3421
6057,756,1227,1713,2353,2686,,756,471,486,640,333,3371
6011,715,1193,1621,2264,2601,,715,478,428,643,337,3410
5983,758,1185,1600,2263,2602,,758,427,415,663,339,3381
6065,755,1183,1599,2262,2685,,755,428,416,663,423,3380
6009,755,1186,1599,2263,2599,,755,431,413,664,336,3410
5988,756,1183,1589,2265,2587,,756,427,406,676,322,3401
5982,717,1148,1564,2265,2597,,717,431,416,701,332,3385
5981,756,1186,1600,2265,2596,,756,430,414,665,331,3385
6013,717,1173,1590,2263,2598,,717,456,417,673,335,3415
5981,754,1183,1597,2265,2596,,754,429,414,668,331,3385
6007,756,1184,1599,2262,2598,,756,428,415,663,336,3409
6010,714,1153,1587,2264,2599,,714,439,434,677,335,3411
6165,690,1109,1594,2295,2705,,690,419,485,701,410,3460
6339,768,1253,1767,2480,2891,,768,485,514,713,411,3448
6337,767,1279,1766,2479,2890,,767,512,487,713,411,3447
6208,767,1221,1699,2393,2804,,767,454,478,694,411,3404
6062,756,1226,1711,2352,2684,,756,470,485,641,332,3378
6005,757,1188,1603,2264,2596,,757,431,415,661,332,3409
6064,755,1210,1688,2329,2690,,755,455,478,641,361,3374
6008,754,1186,1597,2266,2598,,754,432,411,669,332,3410
6003,710,1144,1560,2257,2580,,710,434,416,697,323,3423
6009,717,1154,1589,2265,2600,,717,437,435,676,335,3409
6005,754,1183,1598,2263,2598,,754,429,415,665,335,3407
6017,755,1183,1599,2263,2597,,755,428,416,664,334,3420
6058,754,1210,1689,2325,2685,,754,456,479,636,360,3373
6006,752,1181,1596,2261,2595,,752,429,415,665,334,3411
6007,715,1150,1563,2262,2596,,715,435,413,699,334,3411
6007,756,1186,1600,2263,2598,,756,430,414,663,335,3409
5854,714,1142,1569,2184,2502,,714,428,427,615,318,3352
5986,757,1185,1598,2269,2599,,757,428,413,671,330,3387
6008,755,1185,1601,2264,2596,,755,430,416,663,332,3412
5983,716,1151,1586,2264,2599,,716,435,435,678,335,3384
6008,756,1188,1600,2265,2596,,756,432,412,665,331,3412
5989,755,1185,1598,2263,2601,,755,430,413,665,338,3388
5981,716,1148,1565,2264,2595,,716,432,417,699,331,3386
5982,755,1186,1598,2264,2598,,755,431,412,666,334,3384
6054,756,1212,1689,2326,2686,,756,456,477,637,360,3368
6007,757,1184,1601,2264,2597,,757,427,417,663,333,3410
6004,758,1191,1589,2261,2580,,758,433,398,672,319,3424
5984,756,1187,1600,2264,2601,,756,431,413,664,337,3383
6056,757,1228,1713,2350,2684,,757,471,485,637,334,3372
6313,739,1212,1768,2479,2891,,739,473,556,711,412,3422
6340,768,1255,1768,2479,2891,,768,487,513,711,412,3449
6362,790,1277,1791,2502,2913,,790,487,514,711,411,3449
6336,766,1253,1766,2479,2889,,766,487,513,713,410,3447
6264,768,1254,1699,2406,2816,,768,486,445,707,410,3448
6288,768,1254,1768,2480,2890,,768,486,514,712,410,3398
6159,754,1226,1755,2410,2783,,754,472,529,655,373,3376
6017,755,1188,1599,2268,2596,,755,433,411,669,328,3421
6006,756,1186,1598,2263,2601,,756,430,412,665,338,3405
6013,756,1188,1597,2264,2598,,756,432,409,667,334,3415
6187,713,1150,1627,2341,2764,,713,437,477,714,423,3423
6364,768,1254,1767,2480,2916,,768,486,513,713,436,3448
6245,724,1188,1672,2381,2797,,724,464,484,709,416,3448
6341,766,1254,1767,2479,2891,,766,488,513,712,412,3450
6337,768,1254,1767,2481,2891,,768,486,513,714,410,3446
6339,767,1254,1767,2478,2892,,767,487,513,711,414,3447
6359,764,1251,1763,2476,2916,,764,487,512,713,440,3443
6190,739,1191,1664,2301,2752,,739,452,473,637,451,3438
6312,767,1254,1768,2479,2872,,767,487,514,711,393,3440
6183,769,1253,1755,2452,2812,,769,484,502,697,360,3371
6191,716,1149,1643,2352,2765,,716,433,494,709,413,3426
6316,752,1211,1768,2480,2891,,752,459,557,712,411,3425
6269,725,1209,1698,2408,2823,,725,484,489,710,415,3446
6337,767,1254,1767,2480,2890,,767,487,513,713,410,3447
6363,767,1253,1766,2479,2914,,767,486,513,713,435,3449
6338,767,1254,1767,2479,2890,,767,487,513,712,411,3448
6338,767,1259,1771,2481,2890,,767,492,512,710,409,3448
6152,755,1184,1664,2326,2711,,755,429,480,662,385,3441
6077,756,1228,1719,2366,2725,,756,472,491,647,359,3352
6057,757,1212,1713,2353,2687,,757,455,501,640,334,3370
6216,756,1185,1661,2370,2791,,756,429,476,709,421,3425
6364,769,1311,1792,2505,2916,,769,542,481,713,411,3448
6274,727,1211,1700,2409,2824,,727,484,489,709,415,3450
6364,769,1283,1793,2506,2916,,769,514,510,713,410,3448
6371,768,1255,1767,2480,2891,,768,487,512,713,411,3480
6369,769,1255,1768,2480,2891,,769,486,513,712,411,3478
6340,768,1255,1767,2480,2891,,768,487,512,713,411,3449
6265,768,1224,1756,2457,2822,,768,456,532,701,365,3443
6301,768,1255,1768,2460,2852,,768,487,513,692,392,3449
6163,756,1226,1756,2456,2813,,756,470,530,700,357,3350
6340,758,1211,1770,2480,2891,,758,453,559,710,411,3449
6338,765,1278,1768,2478,2888,,765,513,490,710,410,3450
6337,765,1252,1765,2478,2889,,765,487,513,713,411,3448
6322,769,1256,1769,2481,2916,,769,487,513,712,435,3406
6365,770,1256,1769,2482,2917,,770,486,513,713,435,3448
6343,768,1255,1768,2480,2891,,768,487,513,712,411,3452
6342,770,1256,1770,2481,2917,,770,486,514,711,436,3425
6226,769,1235,1744,2430,2814,,769,466,509,686,384,3412
6297,753,1225,1751,2448,2848,,753,472,526,697,400,3449
6256,755,1250,1755,2451,2850,,755,495,505,696,399,3406
5986,756,1188,1626,2268,2600,,756,432,438,642,332,3386
5983,757,1186,1599,2263,2597,,757,429,413,664,334,3386
5990,758,1185,1601,2263,2596,,758,427,416,662,333,3394
6003,755,1184,1598,2264,2597,,755,429,414,666,333,3406
6008,756,1183,1598,2261,2610,,756,427,415,663,349,3398
5985,756,1184,1599,2263,2597,,756,428,415,664,334,3388
5890,671,1126,1540,2170,2504,,671,455,414,630,334,3386
6019,715,1150,1565,2267,2599,,715,435,415,702,332,3420
5986,755,1186,1598,2263,2596,,755,431,412,665,333,3390
5983,757,1184,1603,2264,2597,,757,427,419,661,333,3386
6054,721,1149,1575,2241,2597,,721,428,426,666,356,3457
6247,769,1257,1769,2460,2838,,769,488,512,691,378,3409
6337,766,1253,1766,2478,2889,,766,487,513,712,411,3448
6339,768,1255,1767,2480,2891,,768,487,512,713,411,3448
6337,766,1254,1766,2470,2889,,766,488,512,704,419,3448
6336,766,1253,1765,2478,2889,,766,487,512,713,411,3447
6361,766,1253,1765,2479,2913,,766,487,512,714,434,3448
6263,767,1234,1742,2428,2810,,767,467,508,686,382,3453
6339,767,1255,1768,2480,2890,,767,488,513,712,410,3449
6364,768,1255,1768,2481,2915,,768,487,513,713,434,3449
6311,765,1252,1731,2441,2863,,765,487,479,710,422,3448
6365,767,1255,1768,2481,2891,,767,488,513,713,410,3474
6315,785,1280,1768,2480,2891,,785,495,488,712,411,3424
6339,769,1257,1768,2482,2892,,769,488,511,714,410,3447
6268,795,1254,1723,2367,2790,,795,459,469,644,423,3478
6412,795,1277,1795,2531,2964,,795,482,518,736,433,3448
6389,798,1313,1820,2530,2940,,798,515,507,710,410,3449
6236,789,1257,1765,2437,2785,,789,468,508,672,348,3451
6328,769,1286,1796,2496,2884,,769,517,510,700,388,3444
6185,756,1228,1756,2452,2810,,756,472,528,696,358,3375
6183,752,1206,1696,2369,2751,,752,454,490,673,382,3432
6338,768,1255,1767,2480,2891,,768,487,512,713,411,3447
6365,770,1257,1767,2480,2916,,770,487,510,713,436,3449
6339,769,1255,1769,2480,2891,,769,486,514,711,411,3448
6338,767,1253,1767,2486,2890,,767,486,514,719,404,3448
6336,767,1254,1767,2478,2888,,767,487,513,711,410,3448
6363,768,1254,1767,2510,2914,,768,486,513,743,404,3449
6339,767,1233,1766,2479,2892,,767,466,533,713,413,3447
6263,769,1255,1768,2460,2842,,769,486,513,692,382,3421
6364,770,1256,1768,2481,2916,,770,486,512,713,435,3448
6224,769,1254,1719,2419,2830,,769,485,465,700,411,3394
6186,755,1228,1756,2453,2810,,755,473,528,697,357,3376
6192,755,1226,1755,2451,2810,,755,471,529,696,359,3382
6132,755,1229,1756,2410,2763,,755,474,527,654,353,3369
6111,707,1182,1611,2314,2739,,707,475,429,703,425,3372
6132,757,1227,1756,2412,2763,,757,470,529,656,351,3369
6090,702,1173,1603,2320,2720,,702,471,430,717,400,3370
6187,707,1181,1611,2334,2762,,707,474,430,723,428,3425
6293,769,1256,1769,2481,2813,,769,487,513,712,332,3480
6339,770,1256,1769,2480,2891,,770,486,513,711,411,3448
6275,766,1254,1718,2419,2831,,766,488,464,701,412,3444
6051,756,1227,1676,2326,2699,,756,471,449,650,373,3352
6066,756,1256,1715,2354,2688,,756,500,459,639,334,3378
6005,756,1186,1601,2264,2598,,756,430,415,663,334,3407
5899,715,1145,1561,2196,2529,,715,430,416,635,333,3370
5983,756,1186,1600,2263,2597,,756,430,414,663,334,3386
5889,712,1145,1558,2195,2529,,712,433,413,637,334,3360
6037,753,1181,1596,2264,2605,,753,428,415,668,341,3432
6186,716,1206,1694,2387,2780,,716,490,488,693,393,3406
6211,758,1251,1685,2390,2794,,758,493,434,705,404,3417
6214,768,1234,1729,2424,2830,,768,466,495,695,406,3384
6057,756,1227,1713,2352,2685,,756,471,486,639,333,3372
6238,734,1168,1647,2380,2812,,734,434,479,733,432,3426
6339,768,1255,1768,2481,2891,,768,487,513,713,410,3448
6337,767,1254,1766,2480,2886,,767,487,512,714,406,3451
6339,770,1255,1768,2481,2890,,770,485,513,713,409,3449
6356,786,1273,1785,2498,2908,,786,487,512,713,410,3448
6269,724,1209,1697,2406,2826,,724,485,488,709,420,3443
6341,799,1314,1793,2505,2895,,799,515,479,712,390,3446
6364,769,1255,1768,2481,2916,,769,486,513,713,435,3448
6238,712,1207,1672,2379,2790,,712,495,465,707,411,3448
6339,767,1255,1762,2480,2891,,767,488,507,718,411,3448
6319,768,1254,1771,2481,2893,,768,486,517,710,412,3426
6338,768,1254,1768,2480,2891,,768,486,514,712,411,3447
6188,767,1255,1749,2421,2779,,767,488,494,672,358,3409
6340,769,1255,1769,2480,2892,,769,486,514,711,412,3448
6331,761,1248,1761,2475,2884,,761,487,513,714,409,3447
6273,715,1203,1691,2403,2825,,715,488,488,712,422,3448
6237,767,1254,1746,2430,2817,,767,487,492,684,387,3420
6233,767,1236,1745,2414,2829,,767,469,509,669,415,3404
6062,757,1227,1715,2355,2686,,757,470,488,640,331,3376
5982,757,1187,1601,2265,2600,,757,430,414,664,335,3382
6065,755,1210,1714,2352,2685,,755,455,504,638,333,3380
6009,756,1185,1600,2265,2599,,756,429,415,665,334,3410
5862,664,1115,1520,2163,2496,,664,451,405,643,333,3366
6011,716,1153,1567,2266,2600,,716,437,414,699,334,3411
6009,757,1186,1600,2265,2598,,757,429,414,665,333,3411
6072,757,1190,1599,2264,2687,,757,433,409,665,423,3385
6013,760,1189,1604,2266,2599,,760,429,415,662,333,3414
6058,756,1214,1689,2324,2684,,756,458,475,635,360,3374
6011,757,1184,1601,2263,2598,,757,427,417,662,335,3413
5984,758,1188,1601,2264,2599,,758,430,413,663,335,3385
6001,738,1172,1592,2288,2617,,738,434,420,696,329,3384
5985,718,1149,1566,2266,2599,,718,431,417,700,333,3386
5850,674,1104,1519,2147,2480,,674,430,415,628,333,3370
5986,717,1153,1566,2265,2599,,717,436,413,699,334,3387
6060,756,1187,1603,2263,2684,,756,431,416,660,421,3376
5992,758,1186,1602,2241,2574,,758,428,416,639,333,3418
6343,720,1210,1793,2506,2916,,720,490,583,713,410,3427
6341,769,1256,1769,2482,2892,,769,487,513,713,410,3449
6340,768,1255,1769,2469,2891,,768,487,514,700,422,3449
6339,768,1255,1768,2481,2891,,768,487,513,713,410,3448
6313,765,1253,1767,2479,2865,,765,488,514,712,386,3448
6338,769,1256,1767,2480,2891,,769,487,511,713,411,3447
6340,768,1255,1772,2482,2891,,768,487,517,710,409,3449
6336,767,1255,1767,2480,2891,,767,488,512,713,411,3445
6368,777,1263,1769,2480,2891,,777,486,506,711,411,3477
6304,749,1231,1768,2481,2866,,749,482,537,713,385,3438
6339,769,1256,1768,2481,2891,,769,487,512,713,410,3448
6315,771,1255,1768,2459,2866,,771,484,513,691,407,3449
6239,769,1256,1749,2382,2793,,769,487,493,633,411,3446
6364,770,1256,1770,2480,2916,,770,486,514,710,436,3448
6340,770,1259,1770,2482,2892,,770,489,511,712,410,3448
6364,770,1256,1798,2508,2916,,770,486,542,710,408,3448
6356,786,1272,1785,2499,2910,,786,486,513,714,411,3446
6340,769,1256,1768,2481,2892,,769,487,512,713,411,3448
6317,772,1258,1770,2480,2892,,772,486,512,710,412,3425
6159,699,1171,1642,2318,2730,,699,472,471,676,412,3429
6277,757,1238,1755,2452,2854,,757,481,517,697,402,3423
6133,758,1229,1756,2413,2764,,758,471,527,657,351,3369
6262,704,1136,1630,2367,2807,,704,432,494,737,440,3455
6367,872,1328,1753,2486,2877,,872,456,425,733,391,3490
6313,769,1255,1769,2480,2917,,769,486,514,711,437,3396
6342,769,1256,1768,2481,2891,,769,487,512,713,410,3451
6255,760,1222,1717,2420,2805,,760,462,495,703,385,3450
6336,768,1255,1768,2479,2891,,768,487,513,711,412,3445
6339,769,1256,1769,2480,2891,,769,487,513,711,411,3448
6286,770,1240,1768,2507,2856,,770,470,528,739,349,3430
6265,771,1204,1695,2404,2820,,771,433,491,709,416,3445
6318,770,1256,1768,2481,2891,,770,486,512,713,410,3427
6339,768,1256,1768,2480,2891,,768,488,512,712,411,3448
6368,767,1257,1767,2479,2890,,767,490,510,712,411,3478
6288,768,1255,1799,2501,2876,,768,487,544,702,375,3412
6365,771,1257,1769,2481,2917,,771,486,512,712,436,3448
6340,769,1255,1766,2480,2891,,769,486,511,714,411,3449
6284,769,1255,1768,2481,2893,,769,486,513,713,412,3391
6060,757,1156,1627,2290,2690,,757,399,471,663,400,3370
6171,757,1217,1758,2413,2738,,757,460,541,655,325,3433
6364,769,1256,1768,2480,2917,,769,487,512,712,437,3447
6338,769,1256,1768,2481,2893,,769,487,512,713,412,3445
6346,769,1255,1768,2481,2903,,769,486,513,713,422,3443
6369,769,1257,1768,2481,2893,,769,488,511,713,412,3476
6339,767,1254,1768,2504,2875,,767,487,514,736,371,3464
6340,769,1255,1768,2481,2892,,769,486,513,713,411,3448
6340,768,1255,1769,2482,2892,,768,487,514,713,410,3448
6337,767,1254,1767,2478,2889,,767,487,513,711,411,3448
6247,768,1256,1746,2456,2845,,768,488,490,710,389,3402
6253,770,1220,1757,2452,2812,,770,450,537,695,360,3441
6101,756,1186,1610,2253,2673,,756,430,424,643,420,3428
6135,756,1227,1756,2412,2763,,756,471,529,656,351,3372
6091,707,1181,1612,2297,2712,,707,474,431,685,415,3379
6072,771,1267,1729,2368,2700,,771,496,462,639,332,3372
6150,759,1229,1758,2389,2721,,759,470,529,631,332,3429
6252,758,1233,1757,2455,2851,,758,475,524,698,396,3401
6250,772,1258,1771,2462,2840,,772,486,513,691,378,3410
6365,770,1256,1800,2510,2918,,770,486,544,710,408,3447
6339,769,1282,1768,2481,2891,,769,513,486,713,410,3448
6226,768,1234,1690,2393,2804,,768,466,456,703,411,3422
6339,758,1230,1773,2482,2892,,758,472,543,709,410,3447
6265,715,1206,1694,2404,2817,,715,491,488,710,413,3448
6335,768,1255,1767,2481,2893,,768,487,512,714,412,3442
6364,769,1255,1768,2481,2916,,769,486,513,713,435,3448
6336,769,1255,1768,2486,2914,,769,486,513,718,428,3422
6341,769,1257,1770,2481,2892,,769,488,513,711,411,3449
6260,715,1200,1687,2398,2812,,715,485,487,711,414,3448
6339,768,1255,1767,2479,2891,,768,487,512,712,412,3448
6268,770,1257,1742,2432,2842,,770,487,485,690,410,3426
6226,769,1257,1717,2421,2829,,769,488,460,704,408,3397
6255,756,1227,1714,2431,2841,,756,471,487,717,410,3414
6186,758,1230,1757,2453,2809,,758,472,527,696,356,3377
6190,758,1187,1623,2327,2743,,758,429,436,704,416,3447
6290,769,1218,1726,2457,2844,,769,449,508,731,387,3446
6342,769,1257,1768,2481,2892,,769,488,511,713,411,3450
6339,770,1257,1770,2482,2892,,770,487,513,712,410,3447
6172,725,1204,1656,2312,2758,,725,479,452,656,446,3414
6342,771,1258,1771,2482,2893,,771,487,513,711,411,3449
6364,768,1255,1778,2489,2915,,768,487,523,711,426,3449
6291,767,1233,1745,2456,2842,,767,466,512,711,386,3449
6311,769,1255,1769,2480,2872,,769,486,514,711,392,3439
6340,769,1255,1769,2481,2892,,769,486,514,712,411,3448
6338,768,1255,1767,2480,2890,,768,487,512,713,410,3448
6340,770,1256,1769,2481,2893,,770,486,513,712,412,3447
6288,768,1284,1768,2481,2868,,768,516,484,713,387,3420
6339,768,1256,1769,2482,2892,,768,488,513,713,410,3447
6272,715,1202,1690,2403,2824,,715,487,488,713,421,3448
6363,767,1255,1768,2480,2916,,767,488,513,712,436,3447
6267,769,1256,1748,2431,2843,,769,487,492,683,412,3424
6343,768,1255,1767,2485,2891,,768,487,512,718,406,3452
6339,768,1255,1767,2479,2890,,768,487,512,712,411,3449
6360,764,1252,1765,2477,2912,,764,488,513,712,435,3448
6338,769,1256,1769,2481,2891,,769,487,513,712,410,3447
6369,769,1256,1768,2482,2890,,769,487,512,714,408,3479
6312,767,1255,1766,2480,2895,,767,488,511,714,415,3417
6339,770,1256,1768,2481,2891,,770,486,512,713,410,3448
6271,714,1203,1690,2401,2825,,714,489,487,711,424,3446
6339,769,1255,1769,2505,2916,,769,486,514,736,411,3423
6343,771,1267,1755,2452,2868,,771,496,488,697,416,3475
6213,770,1255,1734,2390,2805,,770,485,479,656,415,3408
6339,758,1256,1759,2465,2892,,758,498,503,706,427,3447
6340,768,1255,1768,2480,2892,,768,487,513,712,412,3448
6338,768,1259,1771,2480,2890,,768,491,512,709,410,3448
6340,769,1255,1769,2481,2892,,769,486,514,712,411,3448
6342,768,1255,1797,2506,2916,,768,487,542,709,410,3426
6339,769,1256,1769,2481,2891,,769,487,513,712,410,3448
6298,718,1203,1691,2433,2850,,718,485,488,742,417,3448
6337,768,1254,1768,2480,2891,,768,486,514,712,411,3446
6237,769,1256,1749,2424,2816,,769,487,493,675,392,3421
6256,768,1255,1749,2456,2846,,768,487,494,707,390,3410
6365,769,1280,1768,2486,2917,,769,511,488,718,431,3448
6338,767,1255,1768,2480,2890,,767,488,513,712,410,3448
6337,768,1255,1767,2480,2891,,768,487,512,713,411,3446
6339,767,1254,1767,2480,2890,,767,487,513,713,410,3449
6310,768,1254,1768,2480,2895,,768,486,514,712,415,3415
6339,768,1255,1769,2480,2892,,768,487,514,711,412,3447
6154,709,1143,1546,2235,2655,,709,434,403,689,420,3499
6090,725,1201,1674,2329,2690,,725,476,473,655,361,3400
6338,768,1255,1767,2483,2891,,768,487,512,716,408,3447
6275,767,1254,1767,2479,2828,,767,487,513,712,349,3447
6342,772,1258,1770,2483,2887,,772,486,512,713,404,3455
6365,770,1256,1771,2482,2919,,770,486,515,711,437,3446
6287,770,1256,1769,2465,2892,,770,486,513,696,427,3395
6315,795,1244,1741,2468,2866,,795,449,497,727,398,3449
6365,770,1257,1769,2482,2917,,770,487,512,713,435,3448
6340,772,1257,1770,2482,2894,,772,485,513,712,412,3446
6270,770,1256,1747,2427,2783,,770,486,491,680,356,3487
6394,797,1305,1793,2533,2941,,797,508,488,740,408,3453
6263,769,1256,1769,2462,2842,,769,487,513,693,380,3421
6202,770,1235,1745,2431,2793,,770,465,510,686,362,3409
6266,759,1231,1758,2456,2812,,759,472,527,698,356,3454
6364,769,1254,1768,2481,2916,,769,485,514,713,435,3448
6337,765,1253,1765,2479,2889,,765,488,512,714,410,3448
6339,768,1255,1768,2480,2892,,768,487,513,712,412,3447
6368,769,1260,1772,2511,2943,,769,491,512,739,432,3425
6341,758,1241,1771,2482,2893,,758,483,530,711,411,3448
6342,768,1256,1770,2481,2915,,768,488,514,711,434,3427
6322,770,1257,1770,2482,2893,,770,487,513,712,411,3429
6069,757,1229,1717,2354,2686,,757,472,488,637,332,3383
6164,755,1226,1756,2410,2761,,755,471,530,654,351,3403
6130,758,1230,1760,2375,2702,,758,472,530,615,327,3428
6188,759,1230,1762,2459,2811,,759,471,532,697,352,3377
6040,709,1184,1614,2300,2627,,709,475,430,686,327,3413
6011,708,1183,1612,2292,2624,,708,475,429,680,332,3387
6177,757,1228,1757,2411,2739,,757,471,529,654,328,3438
6259,757,1229,1759,2457,2855,,757,472,530,698,398,3404
6214,757,1188,1643,2354,2766,,757,431,455,711,412,3448
6366,770,1285,1769,2482,2917,,770,515,484,713,435,3449
6316,769,1256,1769,2481,2894,,769,487,513,712,413,3422
6365,770,1256,1769,2484,2894,,770,486,513,715,410,3471
6341,770,1256,1770,2482,2892,,770,486,514,712,410,3449
6366,769,1257,1770,2483,2917,,769,488,513,713,434,3449
6340,770,1256,1769,2481,2892,,770,486,513,712,411,3448
6343,769,1255,1768,2483,2891,,769,486,513,715,408,3452
6336,768,1253,1767,2479,2890,,768,485,514,712,411,3446
6341,771,1282,1769,2481,2892,,771,511,487,712,411,3449
6370,768,1254,1769,2480,2891,,768,486,515,711,411,3479
6340,769,1255,1769,2481,2891,,769,486,514,712,410,3449
6317,769,1281,1768,2480,2892,,769,512,487,712,412,3425
6365,770,1256,1769,2480,2892,,770,486,513,711,412,3473
6339,769,1255,1769,2481,2891,,769,486,514,712,410,3448
6289,769,1227,1759,2409,2842,,769,458,532,650,433,3447
6339,769,1255,1762,2482,2893,,769,486,507,720,411,3446
6253,728,1212,1700,2411,2826,,728,484,488,711,415,3427
6340,800,1285,1770,2483,2892,,800,485,485,713,409,3448
6340,771,1286,1772,2481,2894,,771,515,486,709,413,3446
6217,678,1160,1647,2323,2768,,678,482,487,676,445,3449
6340,770,1256,1769,2481,2892,,770,486,513,712,411,3448
6341,771,1256,1769,2481,2892,,771,485,513,712,411,3449
6323,770,1257,1770,2482,2893,,770,487,513,712,411,3430
6340,769,1257,1769,2482,2892,,769,488,512,713,410,3448
6366,769,1256,1769,2482,2922,,769,487,513,713,440,3444
6394,769,1282,1770,2482,2919,,769,513,488,712,437,3475
6370,795,1315,1820,2506,2889,,795,520,505,686,383,3481
6434,796,1308,1793,2534,2994,,796,512,485,741,460,3440
6364,769,1256,1770,2481,2917,,769,487,514,711,436,3447
6228,774,1289,1769,2437,2790,,774,515,480,668,353,3438
6234,756,1228,1757,2454,2852,,756,472,529,697,398,3382
6092,758,1230,1716,2354,2687,,758,472,486,638,333,3405
5944,698,1169,1640,2283,2602,,698,471,471,643,319,3342
6203,760,1232,1759,2456,2762,,760,472,527,697,306,3441
6190,758,1229,1758,2457,2810,,758,471,529,699,353,3380
6141,757,1229,1757,2413,2763,,757,472,528,656,350,3378
6138,759,1234,1759,2415,2765,,759,475,525,656,350,3373
6144,758,1229,1758,2416,2763,,758,471,529,658,347,3381
6161,760,1234,1759,2442,2790,,760,474,525,683,348,3371
6112,759,1230,1717,2379,2742,,759,471,487,662,363,3370
6109,758,1228,1757,2412,2739,,758,470,529,655,327,3370
6019,708,1183,1610,2293,2623,,708,475,427,683,330,3396
6204,698,1169,1642,2365,2783,,698,471,473,723,418,3421
6201,757,1230,1757,2453,2760,,757,473,527,696,307,3441
6193,760,1230,1757,2454,2813,,760,470,527,697,359,3380
6115,758,1254,1757,2412,2737,,758,496,503,655,325,3378
6135,758,1231,1758,2416,2764,,758,473,527,658,348,3371
6142,759,1231,1759,2415,2764,,759,472,528,656,349,3378
6132,759,1231,1758,2416,2764,,759,472,527,658,348,3368
6161,757,1227,1715,2419,2790,,757,470,488,704,371,3371
6084,757,1254,1715,2375,2713,,757,497,461,660,338,3371
6019,708,1182,1610,2292,2624,,708,474,428,682,332,3395
6164,780,1250,1778,2430,2760,,780,470,528,652,330,3404
6163,759,1230,1758,2456,2759,,759,471,528,698,303,3404
6167,759,1231,1759,2415,2784,,759,472,528,656,369,3383
6141,757,1227,1758,2415,2765,,757,470,531,657,350,3376
6135,759,1230,1759,2415,2764,,759,471,529,656,349,3371
6142,757,1228,1758,2414,2762,,757,471,530,656,348,3380
6136,759,1232,1758,2415,2764,,759,473,526,657,349,3372
6225,719,1137,1651,2370,2795,,719,418,514,719,425,3430
6341,772,1256,1769,2481,2892,,772,484,513,712,411,3449
6340,769,1257,1769,2480,2893,,769,488,512,711,413,3447
6339,769,1256,1770,2483,2894,,769,487,514,713,411,3445
6366,770,1256,1770,2482,2922,,770,486,514,712,440,3444
6395,769,1256,1769,2481,2918,,769,487,513,712,437,3477
6340,770,1256,1769,2482,2892,,770,486,513,713,410,3448
6367,770,1256,1770,2482,2919,,770,486,514,712,437,3448
6339,770,1255,1769,2482,2893,,770,485,514,713,411,3446
6394,768,1256,1767,2483,2917,,768,488,511,716,434,3477
6266,756,1211,1758,2455,2812,,756,455,547,697,357,3454
6346,769,1256,1769,2482,2893,,769,487,513,713,411,3453
6276,728,1212,1700,2409,2825,,728,484,488,709,416,3451
6339,724,1209,1769,2481,2886,,724,485,560,712,405,3453
6287,716,1226,1714,2424,2838,,716,510,488,710,414,3449
6368,767,1255,1768,2480,2890,,767,488,513,712,410,3478
6342,771,1259,1770,2485,2893,,771,488,511,715,408,3449
6236,713,1186,1639,2366,2788,,713,473,453,727,422,3448
6116,758,1231,1758,2411,2739,,758,473,527,653,328,3377
6036,709,1183,1613,2294,2625,,709,474,430,681,331,3411
6240,757,1230,1758,2412,2807,,757,473,528,654,395,3433
6338,771,1287,1771,2482,2892,,771,516,484,711,410,3446
6277,728,1213,1701,2410,2825,,728,485,488,709,415,3452
6338,769,1257,1769,2481,2892,,769,488,512,712,411,3446
6265,721,1207,1695,2404,2822,,721,486,488,709,418,3443
6366,769,1258,1769,2483,2917,,769,489,511,714,434,3449
6341,771,1257,1769,2482,2893,,771,486,512,713,411,3448
6276,716,1205,1693,2405,2827,,716,489,488,712,422,3449
6365,770,1257,1771,2483,2921,,770,487,514,712,438,3444
6370,770,1280,1769,2481,2892,,770,510,489,712,411,3478
6318,772,1259,1749,2459,2872,,772,487,490,710,413,3446
6392,767,1254,1767,2508,2915,,767,487,513,741,407,3477
6132,706,1178,1649,2356,2753,,706,472,471,707,397,3379
6200,708,1183,1655,2358,2778,,708,475,472,703,420,3422
6281,760,1234,1760,2454,2854,,760,474,526,694,400,3427
6193,758,1228,1760,2456,2812,,758,470,532,696,356,3381
6140,759,1232,1759,2416,2764,,759,473,527,657,348,3376
6112,759,1231,1760,2418,2739,,759,472,529,658,321,3373
6142,758,1253,1757,2414,2765,,758,495,504,657,351,3377
6111,760,1233,1761,2416,2742,,760,473,528,655,326,3369
6130,760,1231,1764,2418,2761,,760,471,533,654,343,3369
6133,758,1234,1756,2411,2763,,758,476,522,655,352,3370
6021,709,1183,1612,2299,2625,,709,474,429,687,326,3396
6031,699,1171,1646,2365,2690,,699,472,475,719,325,3341
6079,698,1170,1643,2366,2720,,698,472,473,723,354,3359
6190,759,1232,1759,2456,2813,,759,473,527,697,357,3377
6141,759,1233,1760,2420,2763,,759,474,527,660,343,3378
6136,759,1232,1759,2417,2764,,759,473,527,658,347,3372
6111,759,1231,1757,2413,2742,,759,472,526,656,329,3369
6190,760,1232,1758,2454,2813,,760,472,526,696,359,3377
6104,757,1253,1757,2406,2751,,757,496,504,649,345,3353
6088,698,1169,1641,2316,2715,,698,471,472,675,399,3373
6018,708,1181,1611,2299,2627,,708,473,430,688,328,3391
6201,699,1170,1642,2364,2783,,699,471,472,722,419,3418
6242,648,1150,1635,2347,2795,,648,502,485,712,448,3447
6388,769,1256,1768,2515,2942,,769,487,512,747,427,3446
6254,768,1259,1710,2410,2806,,768,491,451,700,396,3448
6202,774,1246,1773,2469,2827,,774,472,527,696,358,3375
6128,757,1230,1757,2413,2765,,757,473,527,656,352,3363
6135,758,1255,1757,2411,2765,,758,497,502,654,354,3370
6087,706,1181,1655,2315,2712,,706,475,474,660,397,3375
6008,709,1182,1613,2298,2628,,709,473,431,685,330,3380
6043,708,1182,1612,2291,2622,,708,474,430,679,331,3421
5732,641,1060,1457,2085,2403,,641,419,397,628,318,3329
5624,609,983,1362,1969,2288,,609,374,379,607,319,3336
5732,625,1072,1467,2096,2414,,625,447,395,629,318,3318
6190,698,1171,1644,2372,2750,,698,473,473,728,378,3440
6182,758,1228,1734,2431,2802,,758,470,506,697,371,3380
6136,758,1229,1758,2412,2764,,758,471,529,654,352,3372
6034,707,1182,1611,2292,2625,,707,475,429,681,333,3409
6108,698,1194,1666,2343,2736,,698,496,472,677,393,3372
6124,760,1231,1679,2374,2688,,760,471,448,695,314,3436
6066,757,1227,1715,2352,2686,,757,470,488,637,334,3380
6091,698,1170,1641,2321,2718,,698,472,471,680,397,3373
6229,742,1223,1691,2385,2780,,742,481,468,694,395,3449
6254,758,1228,1758,2454,2854,,758,470,530,696,400,3400
6164,759,1229,1758,2412,2785,,759,470,529,654,373,3379
6134,756,1227,1757,2414,2764,,756,471,530,657,350,3370
6111,758,1229,1757,2411,2738,,758,471,528,654,327,3373
6086,708,1183,1655,2317,2714,,708,475,472,662,397,3372
6090,708,1181,1653,2315,2714,,708,473,472,662,399,3376
6083,706,1181,1611,2297,2712,,706,475,430,686,415,3371
6018,710,1183,1611,2293,2627,,710,473,428,682,334,3391
6119,698,1172,1669,2366,2741,,698,474,497,697,375,3378
6172,695,1119,1589,2330,2751,,695,424,470,741,421,3421
5910,706,1178,1649,2291,2587,,706,472,471,642,296,3323
6191,759,1230,1760,2457,2811,,759,471,530,697,354,3380
6136,757,1255,1760,2414,2764,,757,498,505,654,350,3372
6138,758,1230,1762,2430,2767,,758,472,532,668,337,3371
6085,708,1183,1656,2318,2714,,708,475,473,662,396,3371
6089,705,1180,1652,2314,2714,,705,475,472,662,400,3375
6084,707,1207,1637,2301,2710,,707,500,430,664,409,3374
6042,709,1185,1613,2293,2627,,709,476,428,680,334,3415
6136,756,1226,1757,2411,2762,,756,470,531,654,351,3374
6196,721,1124,1602,2351,2774,,721,403,478,749,423,3422
6169,759,1229,1675,2371,2777,,759,470,446,696,406,3392
6140,757,1230,1757,2411,2760,,757,473,527,654,349,3380
6136,759,1232,1759,2414,2766,,759,473,527,655,352,3370
6138,758,1231,1758,2414,2763,,758,473,527,656,349,3375
6082,707,1183,1657,2317,2714,,707,476,474,660,397,3368
6089,707,1183,1655,2315,2714,,707,476,472,660,399,3375
6083,707,1181,1611,2297,2710,,707,474,430,686,413,3373
6041,708,1182,1610,2290,2623,,708,474,428,680,333,3418
5940,699,1195,1665,2283,2604,,699,496,470,618,321,3336
6142,631,1068,1497,2222,2682,,631,437,429,725,460,3460
6321,769,1255,1769,2481,2892,,769,486,514,712,411,3429
6339,772,1257,1770,2481,2892,,772,485,513,711,411,3447
6264,720,1207,1692,2402,2815,,720,487,485,710,413,3449
6288,771,1258,1770,2482,2892,,771,487,512,712,410,3396
6315,771,1258,1769,2482,2873,,771,487,511,713,391,3442
6327,768,1258,1768,2481,2904,,768,490,510,713,423,3423
6135,757,1227,1756,2413,2763,,757,470,529,657,350,3372
6013,708,1182,1613,2292,2626,,708,474,431,679,334,3387
6265,720,1203,1692,2401,2818,,720,483,489,709,417,3447
6319,754,1244,1736,2444,2868,,754,490,492,708,424,3451
6323,770,1257,1770,2482,2892,,770,487,513,712,410,3431
6261,717,1201,1689,2398,2815,,717,484,488,709,417,3446
6274,716,1202,1693,2403,2826,,716,486,491,710,423,3448
6341,770,1256,1770,2483,2893,,770,486,514,713,410,3448
6225,770,1257,1749,2435,2818,,770,487,492,686,383,3407
6047,758,1254,1678,2287,2668,,758,496,424,609,381,3379
6128,756,1227,1715,2352,2688,,756,471,488,637,336,3440
6192,758,1232,1758,2455,2810,,758,474,526,697,355,3382
6289,721,1204,1691,2401,2817,,721,483,487,710,416,3472
6267,818,1271,1706,2414,2820,,818,453,435,708,406,3447
6302,764,1257,1770,2482,2894,,764,493,513,712,412,3408
6338,769,1255,1769,2481,2892,,769,486,514,712,411,3446
6277,716,1205,1693,2404,2832,,716,489,488,711,428,3445
6339,770,1256,1770,2482,2893,,770,486,514,712,411,3446
6320,770,1257,1770,2481,2893,,770,487,513,711,412,3427
6279,771,1290,1796,2475,2841,,771,519,506,679,366,3438
6135,758,1229,1759,2414,2764,,758,471,530,655,350,3371
6077,774,1249,1733,2369,2703,,774,475,484,636,334,3374
5982,699,1171,1643,2289,2609,,699,472,472,646,320,3373
6027,646,1068,1477,2178,2570,,646,422,409,701,392,3457
6203,762,1244,1758,2454,2761,,762,482,514,696,307,3442
6220,759,1231,1737,2410,2782,,759,472,506,673,372,3438
6366,769,1256,1769,2481,2916,,769,487,513,712,435,3450
6364,771,1257,1771,2485,2920,,771,486,514,714,435,3444
6389,769,1256,1769,2482,2948,,769,487,513,713,466,3441
6317,771,1259,1771,2463,2868,,771,488,512,692,405,3449
6341,770,1257,1769,2483,2892,,770,487,512,714,409,3449
6366,769,1256,1769,2482,2917,,769,487,513,713,435,3449
6363,768,1255,1768,2481,2890,,768,487,513,713,409,3473
6316,794,1243,1728,2435,2867,,794,449,485,707,432,3449
6365,769,1280,1768,2481,2915,,769,511,488,713,434,3450
6312,760,1269,1770,2483,2894,,760,509,501,713,411,3418
6342,771,1258,1771,2483,2895,,771,487,513,712,412,3447
6291,770,1257,1770,2482,2892,,770,487,513,712,410,3399
6319,770,1257,1768,2483,2892,,770,487,511,715,409,3427
6367,771,1259,1770,2484,2919,,771,488,511,714,435,3448
6342,773,1258,1772,2483,2895,,773,485,514,711,412,3447
6343,772,1256,1773,2483,2893,,772,484,517,710,410,3450
6343,770,1258,1769,2481,2893,,770,488,511,712,412,3450
6280,796,1253,1748,2415,2834,,796,457,495,667,419,3446
6304,758,1229,1758,2454,2856,,758,471,529,696,402,3448
6188,757,1253,1756,2454,2812,,757,496,503,698,358,3376
6110,760,1232,1759,2413,2741,,760,472,527,654,328,3369
6082,707,1181,1653,2315,2712,,707,474,472,662,397,3370
6087,708,1184,1659,2317,2716,,708,476,475,658,399,3371
6087,707,1183,1657,2313,2713,,707,476,474,656,400,3374
6034,707,1180,1610,2297,2624,,707,473,430,687,327,3410
6010,709,1183,1613,2301,2628,,709,474,430,688,327,3382
6212,700,1172,1645,2368,2788,,700,472,473,723,420,3424
6211,705,1178,1654,2391,2782,,705,473,476,737,391,3429
6216,759,1259,1758,2456,2853,,759,500,499,698,397,3363
6141,760,1233,1760,2416,2765,,760,473,527,656,349,3376
6242,711,1161,1644,2356,2793,,711,450,483,712,437,3449
6341,770,1257,1771,2482,2893,,770,487,514,711,411,3448
6339,769,1257,1768,2480,2892,,769,488,511,712,412,3447
6364,770,1257,1769,2483,2897,,770,487,512,714,414,3467
6345,771,1257,1769,2483,2895,,771,486,512,714,412,3450
6342,772,1259,1772,2483,2895,,772,487,513,711,412,3447
6339,771,1258,1770,2482,2894,,771,487,512,712,412,3445
6293,771,1257,1707,2414,2846,,771,486,450,707,432,3447
6344,774,1237,1773,2483,2894,,774,463,536,710,411,3450
6343,775,1260,1772,2482,2895,,775,485,512,710,413,3448
6262,721,1206,1694,2405,2819,,721,485,488,711,414,3443
6342,772,1259,1771,2484,2896,,772,487,512,713,412,3446
6341,772,1284,1771,2483,2894,,772,512,487,712,411,3447
6262,770,1257,1770,2461,2843,,770,487,513,691,382,3419
6343,772,1259,1771,2485,2899,,772,487,512,714,414,3444
6342,772,1283,1772,2484,2895,,772,511,489,712,411,3447
6339,771,1258,1771,2484,2895,,771,487,513,713,411,3444
6367,772,1263,1775,2486,2918,,772,491,512,711,432,3449
6318,772,1238,1750,2459,2870,,772,466,512,709,411,3448
6342,771,1283,1772,2483,2894,,771,512,489,711,411,3448
6340,769,1257,1769,2482,2892,,769,488,512,713,410,3448
6307,769,1257,1768,2482,2892,,769,488,511,714,410,3415
6343,772,1285,1771,2485,2895,,772,513,486,714,410,3448
6289,771,1258,1771,2463,2874,,771,487,513,692,411,3415
6345,772,1259,1772,2484,2894,,772,487,513,712,410,3451
6265,719,1204,1692,2403,2818,,719,485,488,711,415,3447
6370,771,1258,1771,2482,2893,,771,487,513,711,411,3477
6341,771,1257,1771,2482,2893,,771,486,514,711,411,3448
6306,773,1261,1777,2475,2885,,773,488,516,698,410,3421
6234,757,1232,1757,2454,2852,,757,475,525,697,398,3382
6136,759,1257,1759,2415,2765,,759,498,502,656,350,3371
6087,759,1230,1718,2379,2716,,759,471,488,661,337,3371
6086,708,1182,1655,2316,2714,,708,474,473,661,398,3372
6086,707,1182,1654,2314,2713,,707,475,472,660,399,3373
6134,783,1279,1783,2437,2763,,783,496,504,654,326,3371
6010,707,1183,1612,2294,2623,,707,476,429,682,329,3387
6236,698,1170,1641,2370,2787,,698,472,471,729,417,3449
6191,696,1169,1618,2347,2733,,696,473,449,729,386,3458
6341,771,1258,1692,2436,2868,,771,487,434,744,432,3473
6339,768,1255,1769,2483,2891,,768,487,514,714,408,3448
6341,770,1258,1770,2483,2893,,770,488,512,713,410,3448
6341,770,1282,1771,2483,2894,,770,512,489,712,411,3447
6252,716,1202,1690,2403,2826,,716,486,488,713,423,3426
6339,769,1256,1769,2480,2892,,769,487,513,711,412,3447
6339,768,1256,1769,2479,2891,,768,488,513,710,412,3448
6341,771,1257,1771,2483,2894,,771,486,514,712,411,3447
6366,771,1258,1770,2482,2919,,771,487,512,712,437,3447
6339,772,1283,1769,2483,2893,,772,511,486,714,410,3446
6246,771,1203,1611,2345,2767,,771,432,408,734,422,3479
6364,771,1261,1774,2484,2918,,771,490,513,710,434,3446
6214,721,1207,1693,2401,2799,,721,486,486,708,398,3415
6318,775,1262,1772,2484,2873,,775,487,510,712,389,3445
6290,771,1257,1770,2482,2873,,771,486,513,712,391,3417
6327,773,1258,1770,2483,2894,,773,485,512,713,411,3433
6340,771,1257,1771,2483,2894,,771,486,514,712,411,3446
6339,770,1255,1769,2481,2892,,770,485,514,712,411,3447
6341,770,1257,1769,2482,2895,,770,487,512,713,413,3446
6317,770,1282,1770,2482,2871,,770,512,488,712,389,3446
6318,771,1237,1745,2458,2869,,771,466,508,713,411,3449
6342,770,1258,1770,2484,2894,,770,488,512,714,410,3448
6314,768,1256,1768,2481,2896,,768,488,512,713,415,3418
6339,770,1259,1770,2483,2893,,770,489,511,713,410,3446
6213,718,1203,1691,2399,2796,,718,485,488,708,397,3417
6349,770,1257,1769,2483,2893,,770,487,512,714,410,3456
6342,771,1257,1771,2483,2893,,771,486,514,712,410,3449
6341,770,1257,1770,2481,2893,,770,487,513,711,412,3448
6310,769,1256,1769,2480,2891,,769,487,513,711,411,3419
6292,772,1204,1698,2407,2844,,772,432,494,709,437,3448
6253,770,1236,1745,2402,2807,,770,466,509,657,405,3446
6236,759,1231,1758,2454,2853,,759,472,527,696,399,3383
6162,759,1230,1758,2413,2785,,759,471,528,655,372,3377
6135,758,1229,1757,2416,2765,,758,471,528,659,349,3370
6060,759,1234,1718,2357,2688,,759,475,484,639,331,3372
6088,706,1182,1655,2316,2713,,706,476,473,661,397,3375
6086,710,1185,1615,2316,2716,,710,475,430,701,400,3370
6085,782,1254,1741,2381,2711,,782,472,487,640,330,3374
6241,700,1172,1645,2370,2789,,700,472,473,725,419,3452
6244,649,1150,1635,2379,2798,,649,501,485,744,419,3446
5909,707,1183,1653,2276,2569,,707,476,470,623,293,3340
6188,759,1229,1759,2455,2813,,759,470,530,696,358,3375
6189,747,1221,1760,2458,2814,,747,474,539,698,356,3375
6135,760,1232,1761,2421,2763,,760,472,529,660,342,3372
6111,760,1231,1759,2415,2741,,760,471,528,656,326,3370
6085,705,1180,1652,2313,2712,,705,475,472,661,399,3373
6084,709,1184,1615,2319,2714,,709,475,431,704,395,3370
6035,707,1183,1613,2299,2626,,707,476,430,686,327,3409
5946,699,1170,1640,2287,2606,,699,471,470,647,319,3340
6089,696,1170,1565,2269,2647,,696,474,395,704,378,3442
6203,759,1231,1758,2455,2760,,759,472,527,697,305,3443
6164,758,1229,1759,2418,2785,,758,471,530,659,367,3379
6111,759,1231,1758,2412,2739,,759,472,527,654,327,3372
6137,760,1233,1758,2413,2763,,760,473,525,655,350,3374
6062,759,1231,1719,2362,2691,,759,472,488,643,329,3371
6087,708,1182,1614,2315,2713,,708,474,432,701,398,3374
6087,711,1185,1640,2316,2718,,711,474,455,676,402,3369
6084,709,1185,1617,2301,2716,,709,476,432,684,415,3368
5919,700,1171,1641,2288,2583,,700,471,470,647,295,3336
6153,670,1146,1575,2282,2695,,670,476,429,707,413,3458
6252,770,1256,1769,2467,2825,,770,486,513,698,358,3427
6123,704,1176,1648,2367,2746,,704,472,472,719,379,3377
6168,760,1231,1760,2422,2789,,760,471,529,662,367,3379
6097,701,1172,1601,2327,2727,,701,471,429,726,400,3370
6008,705,1181,1611,2290,2621,,705,476,430,679,331,3387
6142,697,1169,1642,2365,2743,,697,472,473,723,378,3399
6098,759,1256,1679,2375,2687,,759,497,423,696,312,3411
6009,707,1183,1613,2297,2626,,707,476,430,684,329,3383
6227,708,1183,1654,2358,2778,,708,475,471,704,420,3449
6246,629,1126,1590,2300,2797,,629,497,464,710,497,3449
6191,771,1258,1771,2409,2740,,771,487,513,638,331,3451
6341,770,1257,1769,2482,2894,,770,487,512,713,412,3447
6365,770,1258,1769,2483,2918,,770,488,511,714,435,3447
6341,770,1257,1769,2483,2893,,770,487,512,714,410,3448
6319,769,1255,1768,2480,2891,,769,486,513,712,411,3428
6343,771,1257,1774,2483,2894,,771,486,517,709,411,3449
6368,772,1258,1771,2483,2919,,772,486,513,712,436,3449
6341,771,1257,1770,2483,2893,,771,486,513,713,410,3448
6304,772,1260,1771,2483,2894,,772,488,511,712,411,3410
6341,770,1260,1771,2485,2894,,770,490,511,714,409,3447
6280,773,1260,1772,2455,2835,,773,487,512,683,380,3445
5918,704,1175,1648,2286,2582,,704,471,473,638,296,3336
6166,760,1232,1761,2416,2788,,760,472,529,655,372,3378
6137,761,1233,1760,2417,2765,,761,472,527,657,348,3372
6114,659,1135,1608,2323,2740,,659,476,473,715,417,3374
6085,708,1183,1654,2315,2714,,708,475,471,661,399,3371
6087,710,1185,1617,2301,2716,,710,475,432,684,415,3371
6011,709,1184,1613,2295,2626,,709,475,429,682,331,3385
6157,757,1252,1758,2388,2736,,757,495,506,630,348,3421
6363,769,1235,1770,2481,2916,,769,466,535,711,435,3447
6308,788,1274,1786,2479,2861,,788,486,512,693,382,3447
6281,716,1210,1698,2411,2833,,716,494,488,713,422,3448
6340,769,1255,1769,2481,2892,,769,486,514,712,411,3448
6342,771,1258,1770,2483,2895,,771,487,512,713,412,3447
6126,683,1143,1606,2307,2729,,683,460,463,701,422,3397
6087,761,1234,1724,2381,2715,,761,473,490,657,334,3372
6013,760,1192,1606,2267,2602,,760,432,414,661,335,3411
5935,757,1188,1601,2241,2574,,757,431,413,640,333,3361
5919,704,1158,1573,2199,2534,,704,454,415,626,335,3385
5977,759,1192,1602,2237,2585,,759,433,410,635,348,3392
6014,760,1189,1603,2266,2598,,760,429,414,663,332,3416
6060,757,1213,1691,2326,2686,,757,456,478,635,360,3374
6004,760,1179,1576,2262,2606,,760,419,397,686,344,3398
5986,720,1153,1568,2268,2602,,720,433,415,700,334,3384
5987,721,1152,1568,2269,2599,,721,431,416,701,330,3388
6086,759,1215,1694,2329,2688,,759,456,479,635,359,3398
5987,720,1154,1568,2270,2601,,720,434,414,702,331,3386
6081,705,1181,1654,2314,2710,,705,476,473,660,396,3371
6092,717,1191,1662,2324,2723,,717,474,471,662,399,3369
6315,760,1257,1741,2458,2870,,760,497,484,717,412,3445
6317,770,1258,1771,2464,2871,,770,488,513,693,407,3446
6342,770,1258,1770,2483,2894,,770,488,512,713,411,3448
6314,769,1257,1768,2432,2867,,769,488,511,664,435,3447
6281,716,1210,1697,2409,2833,,716,494,487,712,424,3448
6340,758,1243,1771,2482,2894,,758,485,528,711,412,3446
6338,769,1257,1769,2483,2893,,769,488,512,714,410,3445
6440,798,1312,1823,2562,2993,,798,514,511,739,431,3447
6367,772,1258,1771,2483,2919,,772,486,513,712,436,3448
6321,771,1259,1752,2459,2869,,771,488,493,707,410,3452
6223,773,1258,1696,2396,2760,,773,485,438,700,364,3463
6296,774,1259,1772,2464,2849,,774,485,513,692,385,3447
6341,772,1260,1772,2484,2893,,772,488,512,712,409,3448
6342,769,1257,1769,2483,2893,,769,488,512,714,410,3449
6343,772,1259,1772,2485,2895,,772,487,513,713,410,3448
6263,768,1255,1769,2460,2843,,768,487,514,691,383,3420
6307,771,1259,1773,2484,2895,,771,488,514,711,411,3412
6370,774,1260,1773,2485,2923,,774,486,513,712,438,3447
6344,772,1258,1771,2484,2895,,772,486,513,713,411,3449
6265,720,1205,1693,2403,2817,,720,485,488,710,414,3448
6217,720,1126,1593,2371,2798,,720,406,467,778,427,3419
6319,771,1258,1772,2485,2874,,771,487,514,713,389,3445
6366,771,1258,1771,2484,2919,,771,487,513,713,435,3447
6368,773,1258,1771,2486,2919,,773,485,513,715,433,3449
6369,773,1260,1772,2486,2920,,773,487,512,714,434,3449
6342,772,1248,1772,2484,2896,,772,476,524,712,412,3446
6321,772,1259,1772,2484,2895,,772,487,513,712,411,3426
6367,758,1241,1772,2483,2919,,758,483,531,711,436,3448
6342,785,1270,1771,2484,2894,,785,485,501,713,410,3448
6343,774,1259,1773,2485,2895,,774,485,514,712,410,3448
6226,718,1127,1647,2375,2805,,718,409,520,728,430,3421
6167,718,1201,1762,2418,2792,,718,483,561,656,374,3375
6062,737,1222,1717,2355,2690,,737,485,495,638,335,3372
5904,738,1169,1568,2187,2530,,738,431,399,619,343,3374
5985,761,1190,1603,2268,2603,,761,429,413,665,335,3382
6195,720,1152,1634,2347,2768,,720,432,482,713,421,3427
6341,770,1258,1770,2482,2894,,770,488,512,712,412,3447
6343,772,1259,1771,2484,2895,,772,487,512,713,411,3448
6342,772,1258,1772,2484,2897,,772,486,514,712,413,3445
6342,772,1258,1772,2470,2898,,772,486,514,698,428,3444
6265,770,1258,1770,2423,2812,,770,488,512,653,389,3453
6314,770,1258,1770,2483,2874,,770,488,512,713,391,3440
6317,764,1259,1772,2456,2869,,764,495,513,684,413,3448
6342,771,1259,1772,2484,2894,,771,488,513,712,410,3448
6341,771,1258,1771,2483,2893,,771,487,513,712,410,3448
6341,770,1258,1770,2483,2896,,770,488,512,713,413,3445
6342,771,1259,1771,2483,2894,,771,488,512,712,411,3448
6375,769,1256,1768,2481,2915,,769,487,512,713,434,3460
6319,770,1258,1770,2482,2892,,770,488,512,712,410,3427
6180,647,1118,1586,2332,2739,,647,471,468,746,407,3441
6216,760,1256,1758,2454,2819,,760,496,502,696,365,3397
6106,750,1206,1750,2404,2729,,750,456,544,654,325,3377
6140,760,1232,1761,2419,2765,,760,472,529,658,346,3375
6177,710,1211,1642,2318,2761,,710,501,431,676,443,3416
6281,720,1211,1698,2411,2834,,720,491,487,713,423,3447
6369,773,1259,1765,2485,2918,,773,486,506,720,433,3451
6343,772,1283,1771,2483,2895,,772,511,488,712,412,3448
6278,718,1208,1696,2410,2832,,718,490,488,714,422,3446
6319,771,1257,1770,2482,2893,,771,486,513,712,411,3426
6322,776,1262,1751,2435,2845,,776,486,489,684,410,3477
6380,772,1258,1772,2485,2960,,772,486,514,713,475,3420
6166,759,1243,1759,2416,2785,,759,484,516,657,369,3381
5987,762,1200,1629,2269,2604,,762,438,429,640,335,3383
5910,708,1140,1554,2191,2525,,708,432,414,637,334,3385
6013,761,1190,1605,2268,2601,,761,429,415,663,333,3412
6014,761,1188,1593,2280,2607,,761,427,405,687,327,3407
6010,758,1186,1602,2267,2601,,758,428,416,665,334,3409
5880,706,1139,1553,2189,2522,,706,433,414,636,333,3358
6130,757,1177,1627,2306,2731,,757,420,450,679,425,3399
6346,772,1258,1772,2514,2919,,772,486,514,742,405,3427
6282,772,1260,1772,2464,2831,,772,488,512,692,367,3451
6192,760,1231,1760,2456,2814,,760,471,529,696,358,3378
6240,666,1117,1612,2369,2792,,666,451,495,757,423,3448
6368,772,1259,1771,2486,2920,,772,487,512,715,434,3448
6343,773,1284,1772,2484,2894,,773,511,488,712,410,3449
6343,772,1285,1771,2484,2895,,772,513,486,713,411,3448
6342,771,1260,1771,2482,2894,,771,489,511,711,412,3448
6344,773,1258,1771,2484,2894,,773,485,513,713,410,3450
6321,771,1258,1771,2482,2893,,771,487,513,711,411,3428
6125,769,1204,1671,2354,2717,,769,435,467,683,363,3408
6305,761,1232,1761,2456,2854,,761,471,529,695,398,3451
6215,758,1228,1723,2422,2830,,758,470,495,699,408,3385
5870,664,1102,1542,2177,2511,,664,438,440,635,334,3359
5986,759,1191,1604,2267,2601,,759,432,413,663,334,3385
5983,758,1186,1600,2265,2599,,758,428,414,665,334,3384
5985,718,1154,1568,2271,2600,,718,436,414,703,329,3385
6011,759,1191,1604,2266,2589,,759,432,413,662,323,3422
5988,759,1189,1603,2266,2600,,759,430,414,663,334,3388
5992,759,1190,1603,2266,2600,,759,431,413,663,334,3392
6221,770,1257,1749,2419,2802,,770,487,492,670,383,3419
6333,772,1260,1772,2484,2894,,772,488,512,712,410,3439
6254,771,1238,1712,2410,2808,,771,467,474,698,398,3446
6095,704,1177,1612,2327,2723,,704,473,435,715,396,3372
6062,756,1211,1693,2327,2687,,756,455,482,634,360,3375
6013,758,1189,1602,2267,2602,,758,431,413,665,335,3411
6054,760,1189,1604,2273,2647,,760,429,415,669,374,3407
6320,771,1259,1771,2483,2893,,771,488,512,712,410,3427
6344,774,1261,1774,2485,2894,,774,487,513,711,409,3450
6288,720,1215,1703,2415,2837,,720,495,488,712,422,3451
6270,772,1259,1772,2469,2845,,772,487,513,697,376,3425
6305,772,1259,1771,2485,2866,,772,487,512,714,381,3439
6189,759,1231,1760,2458,2812,,759,472,529,698,354,3377
6198,706,1203,1618,2381,2782,,706,497,415,763,401,3416
6286,772,1260,1772,2484,2847,,772,488,512,712,363,3439
6342,772,1260,1771,2484,2894,,772,488,511,713,410,3448
6342,772,1258,1772,2475,2896,,772,486,514,703,421,3446
6342,772,1258,1772,2483,2896,,772,486,514,711,413,3446
6342,772,1259,1772,2484,2895,,772,487,513,712,411,3447
6318,772,1259,1772,2486,2901,,772,487,513,714,415,3417
6232,771,1246,1709,2404,2804,,771,475,463,695,400,3428
6125,709,1185,1682,2384,2739,,709,476,497,702,355,3386
5987,712,1195,1625,2271,2603,,712,483,430,646,332,3384
5895,706,1136,1551,2203,2535,,706,430,415,652,332,3360
5885,709,1137,1554,2189,2523,,709,428,417,635,334,3362
6060,760,1217,1694,2329,2688,,760,457,477,635,359,3372
6062,759,1214,1692,2328,2690,,759,455,478,636,362,3372
6013,761,1193,1606,2269,2602,,761,432,413,663,333,3411
5869,707,1136,1551,2177,2509,,707,429,415,626,332,3360
6011,760,1193,1603,2269,2603,,760,433,410,666,334,3408
6062,760,1192,1625,2278,2690,,760,432,433,653,412,3372
5999,760,1187,1603,2267,2600,,760,427,416,664,333,3399
6012,758,1188,1602,2267,2605,,758,430,414,665,338,3407
5872,704,1132,1548,2180,2512,,704,428,416,632,332,3360
6062,656,1134,1581,2244,2656,,656,478,447,663,412,3406
6343,771,1259,1772,2486,2894,,771,488,513,714,408,3449
6292,771,1258,1772,2483,2847,,771,487,514,711,364,3445
6342,772,1258,1775,2485,2895,,772,486,517,710,410,3447
6393,772,1258,1772,2484,2920,,772,486,514,712,436,3473
6344,775,1261,1773,2486,2896,,775,486,512,713,410,3448
6267,772,1259,1752,2436,2820,,772,487,493,684,384,3447
6344,772,1259,1772,2484,2895,,772,487,513,712,411,3449
6230,773,1259,1737,2381,2786,,773,486,478,644,405,3444
6095,717,1192,1664,2325,2723,,717,475,472,661,398,3372
6015,713,1189,1617,2299,2632,,713,476,428,682,333,3383
6012,760,1190,1602,2268,2602,,760,430,412,666,334,3410
5990,720,1154,1570,2267,2602,,720,434,416,697,335,3388
6011,760,1189,1603,2267,2602,,760,429,414,664,335,3409
6200,772,1239,1744,2416,2801,,772,467,505,672,385,3399
6322,772,1259,1772,2485,2895,,772,487,513,713,410,3427
6348,773,1259,1772,2485,2920,,773,486,513,713,435,3428
6345,772,1260,1773,2484,2895,,772,488,513,711,411,3450
6265,772,1258,1749,2433,2855,,772,486,491,684,422,3410
6367,770,1238,1770,2486,2919,,770,468,532,716,433,3448
6341,764,1259,1769,2481,2892,,764,495,510,712,411,3449
6341,771,1256,1770,2482,2893,,771,485,514,712,411,3448
6369,771,1259,1771,2483,2920,,771,488,512,712,437,3449
6373,773,1259,1771,2485,2895,,773,486,512,714,410,3478
6342,770,1258,1771,2483,2894,,770,488,513,712,411,3448
6343,772,1259,1773,2484,2895,,772,487,514,711,411,3448
6176,772,1258,1752,2381,2772,,772,486,494,629,391,3404
6151,761,1258,1759,2414,2763,,761,497,501,655,349,3388
6090,709,1184,1658,2317,2716,,709,475,474,659,399,3374
6136,760,1231,1760,2419,2767,,760,471,529,659,348,3369
6260,701,1198,1670,2375,2817,,701,497,472,705,442,3443
6369,773,1258,1772,2513,2919,,773,485,514,741,406,3450
6370,773,1259,1772,2484,2920,,773,486,513,712,436,3450
6266,772,1259,1773,2463,2846,,772,487,514,690,383,3420
6270,800,1208,1698,2406,2822,,800,408,490,708,416,3448
6344,773,1258,1775,2484,2895,,773,485,517,709,411,3449
6327,773,1260,1773,2484,2894,,773,487,513,711,410,3433
6368,771,1259,1773,2484,2920,,771,488,514,711,436,3448
6131,702,1169,1652,2335,2706,,702,467,483,683,371,3425
6165,760,1257,1759,2414,2789,,760,497,502,655,375,3376
5915,714,1172,1586,2220,2553,,714,458,414,634,333,3362
6011,760,1188,1603,2267,2601,,760,428,415,664,334,3410
6067,759,1214,1697,2330,2688,,759,455,483,633,358,3379
5986,760,1188,1603,2269,2603,,760,428,415,666,334,3383
5834,668,1097,1512,2141,2476,,668,429,415,629,335,3358
5846,665,1101,1512,2150,2484,,665,436,411,638,334,3362
6017,723,1154,1571,2268,2602,,723,431,417,697,334,3415
6230,761,1258,1760,2417,2787,,761,497,502,657,370,3443
6102,697,1171,1601,2327,2728,,697,474,430,726,401,3374
6206,762,1260,1761,2418,2792,,762,498,501,657,374,3414
6367,770,1258,1771,2482,2918,,770,488,513,711,436,3449
6343,773,1260,1771,2485,2897,,773,487,511,714,412,3446
6366,769,1256,1769,2482,2917,,769,487,513,713,435,3449
6342,770,1257,1770,2483,2893,,770,487,513,713,410,3449
6368,742,1233,1772,2484,2921,,742,491,539,712,437,3447
6344,773,1260,1772,2485,2895,,773,487,512,713,410,3449
6264,770,1258,1799,2487,2845,,770,488,541,688,358,3419
6367,787,1273,1773,2486,2920,,787,486,500,713,434,3447
6211,728,1237,1725,2413,2786,,728,509,488,688,373,3425
6305,759,1229,1759,2455,2858,,759,470,530,696,403,3447
5923,705,1175,1605,2234,2563,,705,470,430,629,329,3360
6011,761,1190,1605,2267,2600,,761,429,415,662,333,3411
6019,761,1190,1604,2269,2602,,761,429,414,665,333,3417
5988,761,1189,1605,2268,2601,,761,428,416,663,333,3387
5987,764,1205,1641,2271,2605,,764,441,436,630,334,3382
6011,758,1186,1601,2266,2603,,758,428,415,665,337,3408
6020,759,1188,1602,2269,2602,,759,429,414,667,333,3418
5869,734,1156,1556,2187,2506,,734,422,400,631,319,3363
5912,705,1139,1552,2188,2523,,705,434,413,636,335,3389
6016,719,1200,1629,2269,2601,,719,481,429,640,332,3415
5988,761,1189,1604,2271,2600,,761,428,415,667,329,3388
5985,760,1189,1605,2268,2602,,760,429,416,663,334,3383
6017,721,1153,1569,2269,2603,,721,432,416,700,334,3414
6009,760,1189,1605,2267,2601,,760,429,416,662,334,3408
6012,760,1192,1603,2268,2602,,760,432,411,665,334,3410
6114,760,1233,1760,2416,2741,,760,473,527,656,325,3373
6147,760,1255,1759,2414,2765,,760,495,504,655,351,3382
6135,760,1257,1760,2414,2766,,760,497,503,654,352,3369
6089,709,1185,1658,2317,2714,,709,476,473,659,397,3375
6139,761,1234,1759,2416,2764,,761,473,525,657,348,3375
6123,658,1134,1608,2317,2737,,658,476,474,709,420,3386
6090,661,1130,1601,2326,2720,,661,469,471,725,394,3370
6094,712,1185,1617,2302,2716,,712,473,432,685,414,3378
6027,708,1142,1554,2193,2591,,708,434,412,639,398,3436
6086,644,1142,1544,2242,2616,,644,498,402,698,374,3470
6001,761,1233,1680,2289,2583,,761,472,447,609,294,3418
6099,761,1232,1719,2382,2719,,761,471,487,663,337,3380
5978,760,1185,1585,2263,2582,,760,425,400,678,319,3396
6218,687,1156,1627,2361,2778,,687,469,471,734,417,3440
6267,760,1243,1772,2464,2846,,760,483,529,692,382,3421
6090,703,1177,1652,2306,2716,,703,474,475,654,410,3374
5988,762,1192,1605,2269,2602,,762,430,413,664,333,3386
6017,760,1190,1606,2266,2601,,760,430,416,660,335,3416
6013,760,1188,1604,2270,2602,,760,428,416,666,332,3411
5869,703,1131,1548,2178,2510,,703,428,417,630,332,3359
5980,761,1185,1583,2264,2583,,761,424,398,681,319,3397
6019,759,1186,1589,2267,2600,,759,427,403,678,333,3419
6011,717,1156,1567,2265,2602,,717,439,411,698,337,3409
5897,705,1138,1570,2200,2536,,705,433,432,630,336,3361
5989,760,1191,1604,2268,2600,,760,431,413,664,332,3389
5987,720,1157,1571,2269,2603,,720,437,414,698,334,3384
5987,721,1157,1569,2269,2602,,721,436,412,700,333,3385
6019,759,1189,1602,2270,2601,,759,430,413,668,331,3418
5985,760,1187,1604,2269,2601,,760,427,417,665,332,3384
5869,704,1133,1548,2178,2511,,704,429,415,630,333,3358
5880,720,1157,1568,2187,2531,,720,437,411,619,344,3349
5995,762,1192,1606,2270,2601,,762,430,414,664,331,3394
5989,722,1172,1600,2271,2605,,722,450,428,671,334,3384
5874,706,1147,1552,2176,2508,,706,441,405,624,332,3366
5837,665,1096,1508,2140,2473,,665,431,412,632,333,3364
5988,721,1155,1572,2269,2601,,721,434,417,697,332,3387
6013,761,1188,1604,2268,2602,,761,427,416,664,334,3411
5996,761,1189,1603,2269,2603,,761,428,414,666,334,3393
5988,721,1154,1570,2268,2602,,721,433,416,698,334,3386
5875,704,1132,1548,2182,2513,,704,428,416,634,331,3362
6012,760,1191,1608,2268,2603,,760,431,417,660,335,3409
5892,718,1149,1555,2190,2524,,718,431,406,635,334,3368
6012,721,1154,1575,2268,2603,,721,433,421,693,335,3409
6067,762,1217,1698,2331,2692,,762,455,481,633,361,3375
6015,760,1189,1604,2267,2603,,760,429,415,663,336,3412
5889,684,1142,1551,2195,2530,,684,458,409,644,335,3359
5988,761,1189,1604,2268,2602,,761,428,415,664,334,3386
6070,762,1216,1694,2331,2689,,762,454,478,637,358,3381
6012,760,1191,1604,2268,2603,,760,431,413,664,335,3409
6010,759,1188,1602,2269,2602,,759,429,414,667,333,3408
6139,762,1233,1761,2417,2767,,762,471,528,656,350,3372
6071,688,1161,1632,2294,2691,,688,473,471,662,397,3380
5806,645,1064,1477,2113,2434,,645,419,413,636,321,3372
5790,633,1076,1471,2100,2421,,633,443,395,629,321,3369
5813,626,1074,1470,2100,2443,,626,448,396,630,343,3370
5770,630,1031,1427,2054,2397,,630,401,396,627,343,3373
6226,659,1151,1640,2377,2799,,659,492,489,737,422,3427
6344,774,1260,1773,2486,2898,,774,486,513,713,412,3446
6344,774,1260,1773,2486,2898,,774,486,513,713,412,3446
6242,771,1233,1718,2383,2794,,771,462,485,665,411,3448
6276,715,1205,1693,2405,2828,,715,490,488,712,423,3448
6343,772,1260,1773,2484,2896,,772,488,513,711,412,3447
6394,760,1230,1772,2515,2946,,760,470,542,743,431,3448
6281,764,1233,1762,2421,2834,,764,469,529,659,413,3447
6265,760,1232,1761,2457,2856,,760,472,529,696,399,3409
6188,719,1196,1759,2456,2815,,719,477,563,697,359,3373
6191,763,1236,1762,2461,2814,,763,473,526,699,353,3377
6199,761,1258,1762,2458,2816,,761,497,504,696,358,3383
6190,760,1233,1762,2459,2816,,760,473,529,697,357,3374
6139,762,1232,1762,2417,2763,,762,470,530,655,346,3376
6170,763,1235,1763,2418,2789,,763,472,528,655,371,3381
6200,762,1235,1762,2459,2815,,762,473,527,697,356,3385
6306,762,1234,1761,2457,2856,,762,472,527,696,399,3450
6263,760,1236,1758,2453,2851,,760,476,522,695,398,3412
6166,762,1235,1762,2460,2813,,762,473,527,698,353,3353
6140,763,1235,1762,2419,2769,,763,472,527,657,350,3371
6140,762,1259,1761,2415,2768,,762,497,502,654,353,3372
6169,762,1259,1762,2417,2788,,762,497,503,655,371,3381
6063,688,1162,1635,2297,2692,,688,474,473,662,395,3371
6138,762,1234,1762,2419,2768,,762,472,528,657,349,3370
6089,701,1173,1601,2304,2717,,701,472,428,703,413,3372
6181,763,1233,1761,2413,2743,,763,470,528,652,330,3438
6230,761,1233,1766,2474,2790,,761,472,533,708,316,3440
6215,760,1231,1760,2458,2814,,760,471,529,698,356,3401
6167,761,1233,1729,2426,2787,,761,472,496,697,361,3380
6151,704,1133,1613,2373,2752,,704,429,480,760,379,3399
6191,762,1258,1761,2459,2813,,762,496,503,698,354,3378
6192,761,1234,1760,2456,2814,,761,473,526,696,358,3378
6191,761,1257,1764,2460,2816,,761,496,507,696,356,3375
6107,717,1199,1670,2371,2733,,717,482,471,701,362,3374
6211,763,1259,1765,2421,2792,,763,496,506,656,371,3419
6270,711,1198,1686,2398,2820,,711,487,488,712,422,3450
6279,772,1259,1716,2422,2834,,772,487,457,706,412,3445
6168,762,1238,1763,2417,2810,,762,476,525,654,393,3358
6218,764,1236,1771,2475,2846,,764,472,535,704,371,3372
6139,761,1215,1763,2419,2768,,761,454,548,656,349,3371
6164,763,1260,1761,2442,2788,,763,497,501,681,346,3376
6170,762,1234,1762,2417,2790,,762,472,528,655,373,3380
6166,763,1232,1762,2418,2790,,763,469,530,656,372,3376
6156,761,1233,1761,2457,2810,,761,472,528,696,353,3346
6185,763,1235,1763,2419,2766,,763,472,528,656,347,3419
6343,772,1259,1771,2484,2895,,772,487,512,713,411,3448
6268,772,1260,1695,2410,2820,,772,488,435,715,410,3448
6255,773,1239,1735,2431,2834,,773,466,496,696,403,3421
6093,687,1163,1635,2336,2715,,687,476,472,701,379,3378
6080,722,1141,1613,2267,2646,,722,419,472,654,379,3434
6345,777,1263,1773,2486,2897,,777,486,510,713,411,3448
6365,772,1260,1772,2484,2922,,772,488,512,712,438,3443
6344,775,1259,1773,2485,2896,,775,484,514,712,411,3448
6167,699,1199,1658,2330,2714,,699,500,459,672,384,3453
6343,755,1239,1771,2484,2895,,755,484,532,713,411,3448
6322,773,1260,1772,2486,2896,,773,487,512,714,410,3426
6268,773,1260,1695,2411,2821,,773,487,435,716,410,3447
6156,775,1261,1714,2381,2731,,775,486,453,667,350,3425
6040,763,1235,1763,2379,2685,,763,472,528,616,306,3355
6206,775,1199,1672,2368,2761,,775,424,473,696,393,3445
6190,765,1237,1762,2458,2816,,765,472,525,696,358,3374
6194,761,1260,1760,2457,2815,,761,499,500,697,358,3379
6264,761,1232,1762,2458,2857,,761,471,530,696,399,3407
6193,764,1215,1763,2459,2818,,764,451,548,696,359,3375
6168,763,1260,1766,2421,2789,,763,497,506,655,368,3379
6266,762,1235,1762,2459,2857,,762,473,527,697,398,3409
6214,762,1261,1762,2460,2816,,762,499,501,698,356,3398
6192,699,1170,1666,2363,2782,,699,471,496,697,419,3410
6267,764,1236,1763,2461,2857,,764,472,527,698,396,3410
6216,762,1228,1763,2460,2818,,762,466,535,697,358,3398
6263,761,1233,1760,2458,2862,,761,472,527,698,404,3401
6280,759,1231,1760,2457,2855,,759,472,529,697,398,3425
6342,771,1258,1771,2483,2894,,771,487,513,712,411,3448
6232,774,1203,1674,2371,2784,,774,429,471,697,413,3448
6215,762,1213,1762,2460,2817,,762,451,549,698,357,3398
6217,763,1235,1761,2460,2816,,763,472,526,699,356,3401
6189,761,1232,1762,2460,2816,,761,471,530,698,356,3373
6126,703,1174,1645,2368,2746,,703,471,471,723,378,3380
6194,763,1233,1764,2461,2816,,763,470,531,697,355,3378
6218,762,1236,1772,2474,2840,,762,474,536,702,366,3378
6243,763,1235,1770,2474,2840,,763,472,535,704,366,3403
6187,758,1228,1758,2455,2809,,758,470,530,697,354,3378
6193,764,1235,1765,2462,2817,,764,471,530,697,355,3376
6192,764,1235,1764,2460,2816,,764,471,529,696,356,3376
6167,763,1235,1763,2418,2793,,763,472,528,655,375,3374
6198,763,1236,1762,2460,2815,,763,473,526,698,355,3383
6191,761,1232,1760,2456,2816,,761,471,528,696,360,3375
6294,760,1231,1761,2437,2858,,760,471,530,676,421,3436
6230,762,1258,1762,2434,2790,,762,496,504,672,356,3440
6238,762,1229,1725,2425,2835,,762,467,496,700,410,3403
6195,761,1232,1762,2461,2814,,761,471,530,699,353,3381
6167,760,1233,1760,2415,2787,,760,473,527,655,372,3380
6143,762,1259,1761,2417,2765,,762,497,502,656,348,3378
6170,761,1233,1762,2418,2791,,761,472,529,656,373,3379
6164,762,1235,1762,2417,2766,,762,473,527,655,349,3398
6205,760,1233,1760,2458,2763,,760,473,527,698,305,3442
6190,762,1234,1765,2464,2817,,762,472,531,699,353,3373
6088,711,1185,1657,2318,2718,,711,474,472,661,400,3370
6152,776,1248,1777,2436,2786,,776,472,529,659,350,3366
6195,743,1192,1616,2338,2737,,743,449,424,722,399,3458
6344,772,1260,1773,2484,2897,,772,488,513,711,413,3447
6373,773,1260,1773,2486,2896,,773,487,513,713,410,3477
6269,698,1213,1697,2407,2821,,698,515,484,710,414,3448
6205,772,1242,1745,2380,2783,,772,470,503,635,403,3422
6239,763,1235,1761,2458,2857,,763,472,526,697,399,3382
6266,761,1258,1761,2458,2856,,761,497,503,697,398,3410
6239,762,1234,1762,2426,2835,,762,472,528,664,409,3404
6150,704,1175,1648,2327,2746,,704,471,473,679,419,3404
6181,762,1235,1762,2459,2811,,762,473,527,697,352,3370
6222,764,1237,1769,2476,2844,,764,473,532,707,368,3378
6192,763,1235,1762,2459,2815,,763,472,527,697,356,3377
6190,763,1235,1762,2464,2815,,763,472,527,702,351,3375
6192,763,1234,1763,2458,2818,,763,471,529,695,360,3374
6164,757,1255,1758,2415,2785,,757,498,503,657,370,3379
6166,762,1232,1762,2418,2790,,762,470,530,656,372,3376
6192,759,1231,1761,2459,2812,,759,472,530,698,353,3380
6305,762,1234,1761,2459,2857,,762,472,527,698,398,3448
5946,706,1176,1649,2298,2604,,706,470,473,649,306,3342
6193,763,1236,1763,2460,2819,,763,473,527,697,359,3374
6101,704,1178,1650,2334,2729,,704,474,472,684,395,3372
6139,762,1258,1762,2419,2768,,762,496,504,657,349,3371
6169,762,1235,1760,2416,2789,,762,473,525,656,373,3380
6139,761,1233,1763,2418,2768,,761,472,530,655,350,3371
6140,761,1233,1760,2417,2767,,761,472,527,657,350,3373
6012,712,1186,1613,2296,2627,,712,474,427,683,331,3385
6180,761,1232,1762,2392,2741,,761,471,530,630,349,3439
6131,760,1232,1761,2377,2684,,760,472,529,616,307,3447
6253,717,1206,1693,2405,2808,,717,489,487,712,403,3445
6326,803,1288,1777,2485,2873,,803,485,489,708,388,3453
6317,772,1239,1747,2460,2870,,772,467,508,713,410,3447
6369,773,1260,1774,2486,2921,,773,487,514,712,435,3448
6370,774,1261,1774,2486,2897,,774,487,513,712,411,3473
6344,773,1260,1773,2486,2896,,773,487,513,713,410,3448
6319,774,1241,1748,2465,2875,,774,467,507,717,410,3444
6345,774,1287,1774,2488,2897,,774,513,487,714,409,3448
6369,772,1260,1772,2485,2921,,772,488,512,713,436,3448
6269,773,1261,1752,2436,2822,,773,488,491,684,386,3447
6241,720,1204,1692,2382,2793,,720,484,488,690,411,3448
6322,785,1271,1772,2486,2896,,785,486,501,714,410,3426
6187,757,1229,1758,2454,2811,,757,472,529,696,357,3376
6113,764,1236,1764,2420,2744,,764,472,528,656,324,3369
6141,764,1234,1763,2419,2770,,764,470,529,656,351,3371
6137,763,1260,1763,2420,2768,,763,497,503,657,348,3369
6143,762,1235,1762,2419,2769,,762,473,527,657,350,3374
6064,736,1207,1680,2346,2692,,736,471,473,666,346,3372
6139,764,1261,1763,2420,2768,,764,497,502,657,348,3371
6144,765,1237,1764,2420,2766,,765,472,527,656,346,3378
6144,765,1238,1763,2420,2768,,765,473,525,657,348,3376
6092,773,1249,1721,2383,2718,,773,476,472,662,335,3374
6244,744,1225,1705,2415,2828,,744,481,480,710,413,3416
6344,773,1218,1774,2485,2897,,773,445,556,711,412,3447
6346,773,1260,1773,2486,2897,,773,487,513,713,411,3449
6370,773,1261,1774,2485,2898,,773,488,513,711,413,3472
6269,801,1337,1801,2442,2827,,801,536,464,641,385,3442
6345,775,1260,1775,2487,2898,,775,485,515,712,411,3447
6295,774,1261,1758,2451,2856,,774,487,497,693,405,3439
6178,776,1262,1774,2467,2813,,776,486,512,693,346,3365
5816,644,1085,1503,2136,2475,,644,441,418,633,339,3341
6169,764,1235,1763,2422,2791,,764,471,528,659,369,3378
6139,763,1236,1762,2419,2769,,763,473,526,657,350,3370
6139,765,1237,1767,2423,2770,,765,472,530,656,347,3369
6138,763,1235,1761,2419,2769,,763,472,526,658,350,3369
6068,763,1212,1642,2295,2692,,763,449,430,653,397,3376
6143,763,1237,1763,2418,2771,,763,474,526,655,353,3372
6138,763,1236,1763,2419,2769,,763,473,527,656,350,3369
6138,763,1234,1763,2419,2768,,763,471,529,656,349,3370
6142,762,1233,1763,2418,2769,,762,471,530,655,351,3373
6195,765,1236,1763,2461,2818,,765,471,527,698,357,3377
6194,763,1218,1763,2460,2820,,763,455,545,697,360,3374
6142,765,1239,1762,2401,2770,,765,474,523,639,369,3372
6140,763,1236,1763,2419,2771,,763,473,527,656,352,3369
6141,762,1233,1763,2421,2768,,762,471,530,658,347,3373
6139,762,1233,1761,2417,2768,,762,471,528,656,351,3371
6144,762,1235,1762,2417,2777,,762,473,527,655,360,3367
6140,762,1234,1762,2418,2770,,762,472,528,656,352,3370
6139,762,1233,1761,2416,2769,,762,471,528,655,353,3370
6094,700,1174,1604,2306,2720,,700,474,430,702,414,3374
6267,708,1125,1611,2369,2792,,708,417,486,758,423,3475
6246,774,1182,1674,2383,2796,,774,408,492,709,413,3450
6282,773,1240,1772,2433,2833,,773,467,532,661,400,3449
6191,761,1233,1759,2457,2815,,761,472,526,698,358,3376
6139,762,1236,1763,2420,2768,,762,474,527,657,348,3371
6114,761,1257,1761,2417,2742,,761,496,504,656,325,3372
6119,761,1231,1761,2418,2745,,761,470,530,657,327,3374
6082,762,1235,1734,2378,2714,,762,473,499,644,336,3368
6140,764,1236,1763,2420,2771,,764,472,527,657,351,3369
6095,761,1234,1721,2382,2717,,761,473,487,661,335,3378
6269,762,1188,1682,2398,2822,,762,426,494,716,424,3447
6231,773,1181,1703,2423,2792,,773,408,522,720,369,3439
6116,762,1210,1682,2387,2741,,762,448,472,705,354,3375
6139,763,1262,1762,2419,2768,,763,499,500,657,349,3371
6115,762,1237,1762,2419,2743,,762,475,525,657,324,3372
6115,764,1235,1765,2422,2748,,764,471,530,657,326,3367
6143,761,1232,1761,2418,2768,,761,471,529,657,350,3375
6138,763,1235,1763,2418,2769,,763,472,528,655,351,3369
6139,761,1234,1762,2421,2767,,761,473,528,659,346,3372
6089,684,1159,1591,2324,2715,,684,475,432,733,391,3374
6219,762,1210,1649,2357,2772,,762,448,439,708,415,3447
6208,773,1181,1600,2337,2759,,773,408,419,737,422,3449
6161,763,1236,1762,2416,2776,,763,473,526,654,360,3385
6295,763,1191,1684,2430,2847,,763,428,493,746,417,3448
6341,772,1259,1773,2485,2895,,772,487,514,712,410,3446
6341,772,1259,1772,2484,2895,,772,487,513,712,411,3446
6205,770,1247,1760,2421,2768,,770,477,513,661,347,3437
6208,763,1236,1763,2461,2768,,763,473,527,698,307,3440
6191,763,1235,1762,2459,2818,,763,472,527,697,359,3373
6142,762,1234,1764,2421,2767,,762,472,530,657,346,3375
6227,764,1195,1629,2349,2772,,764,431,434,720,423,3455
6282,774,1241,1710,2447,2839,,774,467,469,737,392,3443
6195,764,1238,1763,2459,2804,,764,474,525,696,345,3391
6139,763,1234,1762,2417,2767,,763,471,528,655,350,3372
6114,762,1236,1762,2418,2742,,762,474,526,656,324,3372
6139,763,1235,1762,2420,2767,,763,472,527,658,347,3372
6118,763,1236,1764,2421,2745,,763,473,528,657,324,3373
6104,705,1178,1651,2337,2732,,705,473,473,686,395,3372
6137,761,1232,1762,2417,2769,,761,471,530,655,352,3368
6091,764,1236,1720,2385,2717,,764,472,484,665,332,3374
6224,722,1201,1648,2357,2772,,722,479,447,709,415,3452
6246,774,1262,1696,2413,2803,,774,488,434,717,390,3443
6283,772,1259,1773,2484,2843,,772,487,514,711,359,3440
6191,763,1236,1762,2461,2816,,763,473,526,699,355,3375
6140,763,1235,1762,2420,2768,,763,472,527,658,348,3372
6113,763,1235,1762,2417,2743,,763,472,527,655,326,3370
6040,700,1172,1601,2304,2631,,700,472,429,703,327,3409
5890,648,1138,1568,2197,2530,,648,490,430,629,333,3360
6130,762,1233,1719,2359,2692,,762,471,486,640,333,3438
6239,762,1233,1762,2458,2856,,762,471,529,696,398,3383
6218,762,1185,1628,2330,2773,,762,423,443,702,443,3445
6294,774,1240,1749,2461,2851,,774,466,509,712,390,3443
6258,775,1260,1772,2464,2811,,775,485,512,692,347,3447
6191,762,1234,1762,2459,2817,,762,472,528,697,358,3374
6156,763,1233,1764,2420,2768,,763,470,531,656,348,3388
6020,710,1185,1613,2295,2626,,710,475,428,682,331,3394
6141,763,1235,1763,2420,2768,,763,472,528,657,348,3373
6140,763,1239,1763,2419,2771,,763,476,524,656,352,3369
6139,764,1237,1763,2419,2771,,764,473,526,656,352,3368
6087,712,1186,1657,2318,2716,,712,474,471,661,398,3371
6218,764,1207,1654,2308,2773,,764,443,447,654,465,3445
6320,774,1261,1753,2461,2872,,774,487,492,708,411,3448
6282,774,1261,1774,2467,2838,,774,487,513,693,371,3444
6193,763,1236,1763,2459,2816,,763,473,527,696,357,3377
6090,711,1186,1659,2320,2715,,711,475,473,661,395,3375
6142,777,1251,1764,2419,2770,,777,474,513,655,351,3372
6116,762,1235,1762,2418,2744,,762,473,527,656,326,3372
6322,732,1215,1775,2488,2897,,732,483,560,713,409,3425
6344,773,1260,1799,2472,2896,,773,487,539,673,424,3448
6349,802,1287,1774,2515,2868,,802,485,487,741,353,3481
6124,762,1192,1670,2366,2714,,762,430,478,696,348,3410
6218,763,1234,1762,2419,2836,,763,471,528,657,417,3382
6145,727,1201,1673,2346,2701,,727,474,472,673,355,3444
6343,772,1260,1771,2484,2895,,772,488,511,713,411,3448
6345,774,1261,1774,2487,2898,,774,487,513,713,411,3447
6274,716,1206,1695,2407,2829,,716,490,489,712,422,3445
6319,774,1260,1773,2485,2872,,774,486,513,712,387,3447
6345,775,1261,1775,2487,2887,,775,486,514,712,400,3458
6273,700,1213,1700,2411,2845,,700,513,487,711,434,3428
6216,721,1206,1694,2383,2770,,721,485,488,689,387,3446
6317,772,1203,1675,2372,2860,,772,431,472,697,488,3457
6227,716,1204,1673,2355,2780,,716,488,469,682,425,3447
6307,803,1288,1773,2485,2866,,803,485,485,712,381,3441
6192,762,1233,1762,2460,2817,,762,471,529,698,357,3375
6142,764,1237,1763,2419,2768,,764,473,526,656,349,3374
6140,762,1234,1762,2420,2769,,762,472,528,658,349,3371
6139,761,1233,1761,2418,2768,,761,472,528,657,350,3371
6182,762,1223,1763,2418,2745,,762,461,540,655,327,3437
6089,762,1235,1721,2382,2718,,762,473,486,661,336,3371
6116,762,1233,1762,2418,2743,,762,471,529,656,325,3373
6197,761,1233,1760,2416,2790,,761,472,527,656,374,3407
6189,716,1206,1695,2406,2756,,716,490,489,711,350,3433
6194,762,1246,1764,2461,2818,,762,484,518,697,357,3376
6117,762,1259,1762,2419,2745,,762,497,503,657,326,3372
6141,764,1236,1764,2422,2770,,764,472,528,658,348,3371
6143,763,1234,1764,2419,2769,,763,471,530,655,350,3374
6131,759,1234,1758,2413,2764,,759,475,524,655,351,3367
6167,763,1233,1764,2419,2791,,763,470,531,655,372,3376
6140,763,1234,1763,2419,2768,,763,471,529,656,349,3372
6143,765,1237,1764,2420,2771,,765,472,527,656,351,3372
6220,762,1233,1772,2423,2804,,762,471,539,651,381,3416
6147,716,1206,1648,2357,2779,,716,490,442,709,422,3368
6268,776,1229,1766,2463,2862,,776,453,537,697,399,3406
6143,763,1235,1762,2419,2765,,763,472,527,657,346,3378
6164,788,1260,1785,2442,2793,,788,472,525,657,351,3371
6066,688,1163,1635,2300,2693,,688,475,472,665,393,3373
6142,763,1234,1763,2419,2769,,763,471,529,656,350,3373
6083,763,1237,1729,2374,2714,,763,474,492,645,340,3369
6216,776,1248,1729,2420,2796,,776,472,481,691,376,3420
6253,716,1206,1695,2408,2808,,716,490,489,713,400,3445
6265,775,1261,1741,2437,2813,,775,486,480,696,376,3452
6229,716,1207,1694,2329,2781,,716,491,487,635,452,3448
6281,772,1267,1760,2457,2859,,772,495,493,697,402,3422
6192,762,1234,1762,2459,2817,,762,472,528,697,358,3375
6088,712,1186,1658,2323,2718,,712,474,472,665,395,3370
6141,762,1235,1764,2421,2769,,762,473,529,657,348,3372
6143,762,1234,1764,2420,2768,,762,472,530,656,348,3375
6115,762,1235,1763,2419,2745,,762,473,528,656,326,3370
6145,764,1235,1765,2422,2770,,764,471,530,657,348,3375
6089,710,1186,1662,2321,2715,,710,476,476,659,394,3374
6197,764,1235,1763,2420,2796,,764,471,528,657,376,3401
6134,707,1177,1648,2335,2755,,707,470,471,687,420,3379
6130,764,1261,1765,2420,2744,,764,497,504,655,324,3386
6302,767,1198,1699,2408,2825,,767,431,501,709,417,3477
6344,773,1262,1775,2488,2898,,773,489,513,713,410,3446
6342,774,1260,1773,2486,2896,,774,486,513,713,410,3446
6344,774,1260,1773,2485,2897,,774,486,513,712,412,3447
6303,715,1208,1696,2409,2860,,715,493,488,713,451,3443
6402,773,1260,1774,2486,2922,,773,487,514,712,436,3480
6203,716,1206,1694,2407,2751,,716,490,488,713,344,3452
6347,774,1262,1774,2489,2897,,774,488,512,715,408,3450
6269,773,1259,1772,2406,2820,,773,486,513,634,414,3449
6244,716,1209,1697,2410,2801,,716,493,488,713,391,3443
6195,765,1238,1765,2463,2817,,765,473,527,698,354,3378
6139,763,1235,1763,2419,2768,,763,472,528,656,349,3371
6142,767,1262,1763,2420,2769,,767,495,501,657,349,3373
6116,763,1235,1763,2421,2743,,763,472,528,658,322,3373
6134,756,1254,1756,2412,2763,,756,498,502,656,351,3371
6141,764,1261,1763,2418,2770,,764,497,502,655,352,3371
6104,704,1201,1671,2335,2730,,704,497,470,664,395,3374
6114,762,1259,1763,2429,2768,,762,497,504,666,339,3346
6147,764,1236,1764,2421,2770,,764,472,528,657,349,3377
6146,766,1237,1765,2424,2769,,766,471,528,659,345,3377
6142,763,1238,1767,2435,2769,,763,475,529,668,334,3373
6141,762,1236,1763,2419,2770,,762,474,527,656,351,3371
6116,775,1251,1765,2419,2746,,775,476,514,654,327,3370
6144,765,1238,1766,2421,2770,,765,473,528,655,349,3374
6091,765,1236,1723,2386,2720,,765,471,487,663,334,3371
6138,763,1260,1764,2421,2769,,763,497,504,657,348,3369
6117,764,1268,1763,2419,2744,,764,504,495,656,325,3373
6128,763,1236,1764,2419,2748,,763,473,528,655,329,3380
6145,763,1235,1765,2421,2770,,763,472,530,656,349,3375
6145,765,1237,1763,2421,2770,,765,472,526,658,349,3375
6142,766,1237,1765,2422,2771,,766,471,528,657,349,3371
6088,709,1186,1658,2319,2715,,709,477,472,661,396,3373
6141,763,1234,1763,2418,2770,,763,471,529,655,352,3371
6143,764,1239,1763,2419,2770,,764,475,524,656,351,3373
6064,726,1200,1671,2326,2693,,726,474,471,655,367,3371
6140,764,1235,1764,2419,2770,,764,471,529,655,351,3370
6068,688,1164,1636,2298,2694,,688,476,472,662,396,3374
6154,763,1259,1763,2418,2771,,763,496,504,655,353,3383
6145,762,1234,1762,2418,2770,,762,472,528,656,352,3375
6068,693,1166,1640,2299,2697,,693,473,474,659,398,3371
6140,763,1236,1762,2418,2769,,763,473,526,656,351,3371
6142,765,1236,1764,2421,2771,,765,471,528,657,350,3371
6140,764,1238,1764,2423,2770,,764,474,526,659,347,3370
6142,764,1235,1762,2419,2770,,764,471,527,657,351,3372
6141,764,1236,1763,2420,2769,,764,472,527,657,349,3372
6139,764,1260,1763,2420,2771,,764,496,503,657,351,3368
6098,677,1150,1621,2322,2717,,677,473,471,701,395,3381
6154,764,1237,1764,2418,2771,,764,473,527,654,353,3383
6221,725,1213,1700,2439,2771,,725,488,487,739,332,3450
6310,716,1190,1671,2410,2832,,716,474,481,739,422,3478
6344,773,1260,1774,2487,2896,,773,487,514,713,409,3448
6284,718,1213,1701,2412,2835,,718,495,488,711,423,3449
6126,775,1209,1689,2390,2770,,775,434,480,701,380,3356
6088,760,1228,1761,2391,2717,,760,468,533,630,326,3371
5980,761,1211,1597,2246,2545,,761,450,386,649,299,3435
6192,764,1236,1763,2460,2817,,764,472,527,697,357,3375
6143,755,1229,1763,2420,2770,,755,474,534,657,350,3373
6151,761,1234,1761,2417,2767,,761,473,527,656,350,3384
6196,763,1235,1763,2460,2819,,763,472,528,697,359,3377
6143,764,1248,1763,2418,2771,,764,484,515,655,353,3372
6119,763,1236,1765,2422,2745,,763,473,529,657,323,3374
6140,764,1237,1765,2424,2772,,764,473,528,659,348,3368
6118,766,1237,1764,2420,2745,,766,471,527,656,325,3373
6141,764,1236,1763,2419,2769,,764,472,527,656,350,3372
6139,765,1237,1765,2422,2769,,765,472,528,657,347,3370
6142,765,1267,1764,2418,2772,,765,502,497,654,354,3370
6120,762,1259,1761,2416,2744,,762,497,502,655,328,3376
6029,764,1199,1631,2275,2604,,764,435,432,644,329,3425
6118,763,1206,1681,2389,2743,,763,443,475,708,354,3375
6117,762,1237,1762,2418,2743,,762,475,525,656,325,3374
6141,765,1261,1763,2421,2770,,765,496,502,658,349,3371
6089,713,1186,1660,2322,2720,,713,473,474,662,398,3369
6194,763,1236,1742,2452,2818,,763,473,506,710,366,3376
6142,764,1260,1763,2422,2770,,764,496,503,659,348,3372
6085,763,1235,1723,2375,2732,,763,472,488,652,357,3353
6142,763,1235,1764,2419,2771,,763,472,529,655,352,3371
6089,708,1160,1633,2317,2714,,708,452,473,684,397,3375
6124,765,1262,1764,2419,2745,,765,497,502,655,326,3379
6148,665,1100,1592,2304,2715,,665,435,492,712,411,3433
6284,775,1261,1727,2426,2837,,775,486,466,699,411,3447
6192,763,1233,1762,2459,2815,,763,470,529,697,356,3377
6141,764,1238,1763,2421,2770,,764,474,525,658,349,3371
6133,762,1235,1767,2424,2764,,762,473,532,657,340,3369
6146,766,1239,1767,2424,2772,,766,473,528,657,348,3374
6083,764,1235,1766,2414,2739,,764,471,531,648,325,3344
6142,765,1237,1765,2421,2771,,765,472,528,656,350,3371
6069,689,1165,1636,2299,2699,,689,476,471,663,400,3370
6208,766,1239,1765,2422,2772,,766,473,526,657,350,3436
6196,726,1157,1652,2361,2752,,726,431,495,709,391,3444
6207,762,1191,1670,2367,2785,,762,429,479,697,418,3422
6140,764,1235,1763,2419,2767,,764,471,528,656,348,3373
6100,706,1178,1649,2328,2728,,706,472,471,679,400,3372
6140,763,1234,1764,2424,2769,,763,471,530,660,345,3371
6139,764,1237,1763,2421,2770,,764,473,526,658,349,3369
6140,763,1262,1764,2420,2770,,763,499,502,656,350,3370
6114,764,1235,1765,2421,2746,,764,471,530,656,325,3368
6125,704,1176,1609,2372,2751,,704,472,433,763,379,3374
6150,762,1235,1762,2420,2768,,762,473,527,658,348,3382
6117,674,1170,1616,2363,2743,,674,496,446,747,380,3374
6089,684,1160,1633,2318,2715,,684,476,473,685,397,3374
6170,764,1235,1722,2427,2796,,764,471,487,705,369,3374
6113,760,1231,1760,2416,2743,,760,471,529,656,327,3370
6143,764,1236,1764,2423,2771,,764,472,528,659,348,3372
6141,764,1237,1764,2422,2769,,764,473,527,658,347,3372
6083,707,1181,1653,2314,2712,,707,474,472,661,398,3371
6142,764,1235,1764,2420,2770,,764,471,529,656,350,3372
6058,766,1237,1725,2375,2692,,766,471,488,650,317,3366
6150,765,1237,1766,2423,2770,,765,472,529,657,347,3380
6253,669,1189,1675,2387,2805,,669,520,486,712,418,3448
6112,731,1201,1673,2383,2735,,731,470,472,710,352,3377
6117,764,1260,1765,2421,2747,,764,496,505,656,326,3370
6142,763,1235,1763,2419,2769,,763,472,528,656,350,3373
6109,764,1237,1763,2414,2743,,764,473,526,651,329,3366
6115,765,1237,1765,2419,2748,,765,472,528,654,329,3367
6140,763,1236,1764,2422,2768,,763,473,528,658,346,3372
6139,764,1234,1763,2421,2768,,764,470,529,658,347,3371
6107,763,1235,1767,2415,2740,,763,472,532,648,325,3367
6175,765,1261,1764,2422,2771,,765,496,503,658,349,3404
6265,709,1195,1686,2396,2819,,709,486,491,710,423,3446
6221,688,1150,1636,2348,2771,,688,462,486,712,423,3450
6345,775,1286,1774,2486,2897,,775,511,488,712,411,3448
6269,724,1208,1696,2405,2821,,724,484,488,709,416,3448
6321,775,1261,1753,2440,2876,,775,486,492,687,436,3445
6320,773,1260,1774,2466,2872,,773,487,514,692,406,3448
6371,775,1261,1775,2487,2923,,775,486,514,712,436,3448
6344,774,1261,1774,2487,2897,,774,487,513,713,410,3447
6278,716,1208,1695,2407,2831,,716,492,487,712,424,3447
6346,774,1260,1773,2485,2897,,774,486,513,712,412,3449
6346,720,1259,1791,2503,2915,,720,539,532,712,412,3431
6168,747,1192,1664,2363,2762,,747,445,472,699,399,3406
6167,765,1236,1766,2423,2793,,765,471,530,657,370,3374
6139,765,1262,1764,2421,2770,,765,497,502,657,349,3369
6144,764,1235,1763,2418,2772,,764,471,528,655,354,3372
6140,763,1239,1762,2421,2769,,763,476,523,659,348,3371
6192,743,1227,1764,2460,2818,,743,484,537,696,358,3374
6117,765,1236,1765,2423,2746,,765,471,529,658,323,3371
6141,764,1235,1763,2421,2769,,764,471,528,658,348,3372
6144,765,1237,1763,2417,2768,,765,472,526,654,351,3376
6117,763,1195,1675,2372,2745,,763,432,480,697,373,3372
6247,774,1197,1679,2389,2799,,774,423,482,710,410,3448
6371,775,1262,1775,2517,2922,,775,487,513,742,405,3449
6343,774,1286,1773,2486,2895,,774,512,487,713,409,3448
6297,776,1263,1775,2488,2843,,776,487,512,713,355,3454
6345,775,1262,1775,2487,2898,,775,487,513,712,411,3447
6271,725,1210,1698,2409,2823,,725,485,488,711,414,3448
6374,775,1262,1777,2489,2924,,775,487,515,712,435,3450
6271,777,1242,1752,2406,2824,,777,465,510,654,418,3447
6373,776,1262,1775,2489,2924,,776,486,513,714,435,3449
6318,770,1249,1781,2460,2875,,770,479,532,679,415,3443
6346,778,1265,1777,2490,2899,,778,487,512,713,409,3447
6346,778,1243,1752,2467,2900,,778,465,509,715,433,3446
6347,777,1289,1775,2488,2898,,777,512,486,713,410,3449
6296,776,1263,1777,2488,2877,,776,487,514,711,389,3419
6348,778,1294,1778,2490,2899,,778,516,484,712,409,3449
6372,777,1242,1776,2489,2924,,777,465,534,713,435,3448
6349,777,1262,1776,2488,2925,,777,485,514,712,437,3424
6321,778,1263,1697,2414,2868,,778,485,434,717,454,3453
6348,777,1265,1777,2490,2900,,777,488,512,713,410,3448
6352,777,1264,1766,2477,2900,,777,487,502,711,423,3452
6220,704,1108,1579,2350,2773,,704,404,471,771,423,3447
6346,776,1288,1776,2489,2899,,776,512,488,713,410,3447
6345,775,1260,1773,2486,2897,,775,485,513,713,411,3448
6269,777,1264,1776,2467,2850,,777,487,512,691,383,3419
6372,777,1264,1775,2488,2924,,777,487,511,713,436,3448
6171,653,1072,1563,2274,2710,,653,419,491,711,436,3461
6319,776,1262,1775,2487,2878,,776,486,513,712,391,3441
6213,777,1263,1698,2415,2794,,777,486,435,717,379,3419
6223,764,1236,1763,2461,2859,,764,472,527,698,398,3364
6295,781,1265,1777,2489,2880,,781,484,512,712,391,3415
6222,763,1193,1635,2353,2773,,763,430,442,718,420,3449
6346,775,1262,1775,2487,2898,,775,487,513,712,411,3448
6269,725,1210,1698,2408,2822,,725,485,488,710,414,3447
6347,776,1263,1777,2487,2898,,776,487,514,710,411,3449
6348,777,1263,1776,2488,2899,,777,486,513,712,411,3449
6284,807,1235,1766,2462,2862,,807,428,531,696,400,3422
6193,765,1237,1765,2461,2816,,765,472,528,696,355,3377
6140,763,1234,1764,2421,2770,,763,471,530,657,349,3370
6144,765,1235,1765,2421,2770,,765,470,530,656,349,3374
6347,765,1237,1766,2464,2908,,765,472,529,698,444,3439
6295,775,1230,1715,2423,2848,,775,455,485,708,425,3447
6372,777,1268,1779,2490,2922,,777,491,511,711,432,3450
6279,717,1208,1695,2408,2830,,717,491,487,713,422,3449
6345,776,1287,1775,2488,2899,,776,511,488,713,411,3446
6348,777,1264,1776,2488,2900,,777,487,512,712,412,3448
6245,775,1243,1671,2386,2796,,775,468,428,715,410,3449
6369,773,1260,1772,2486,2925,,773,487,512,714,439,3444
6230,717,1209,1696,2388,2782,,717,492,487,692,394,3448
6330,775,1287,1775,2487,2898,,775,512,488,712,411,3432
6221,763,1259,1722,2388,2763,,763,496,463,666,375,3458
6347,776,1243,1776,2490,2899,,776,467,533,714,409,3448
6346,774,1262,1775,2488,2897,,774,488,513,713,409,3449
6280,717,1209,1696,2409,2832,,717,492,487,713,423,3448
6347,775,1261,1776,2487,2897,,775,486,515,711,410,3450
6346,775,1262,1776,2488,2898,,775,487,514,712,410,3448
6303,717,1237,1721,2432,2856,,717,520,484,711,424,3447
6347,776,1263,1776,2489,2898,,776,487,513,713,409,3449
6255,716,1210,1696,2389,2806,,716,494,486,693,417,3449
6146,673,1091,1573,2275,2687,,673,418,482,702,412,3459
6021,687,1151,1579,2220,2572,,687,464,428,641,352,3449
6212,716,1211,1699,2410,2833,,716,495,488,711,423,3379
6183,777,1262,1744,2382,2750,,777,485,482,638,368,3433
6096,662,1140,1612,2340,2718,,662,478,472,728,378,3378
6148,764,1236,1765,2420,2769,,764,472,529,655,349,3379
6202,762,1234,1763,2420,2769,,762,472,529,657,349,3433
6104,706,1178,1650,2332,2732,,706,472,472,682,400,3372
6113,764,1236,1763,2419,2745,,764,472,527,656,326,3368
6146,765,1237,1764,2421,2770,,765,472,527,657,349,3376
6146,763,1234,1764,2419,2771,,763,471,530,655,352,3375
6320,763,1215,1774,2488,2868,,763,452,559,714,380,3452
6344,775,1261,1775,2487,2898,,775,486,514,712,411,3446
6347,776,1262,1777,2490,2897,,776,486,515,713,407,3450
6280,718,1211,1699,2408,2832,,718,493,488,709,424,3448
6346,775,1261,1777,2487,2898,,775,486,516,710,411,3448
6347,776,1263,1776,2487,2897,,776,487,513,711,410,3450
6346,779,1263,1776,2488,2899,,779,484,513,712,411,3447
6347,777,1263,1776,2489,2898,,777,486,513,713,409,3449
6347,777,1291,1774,2487,2896,,777,514,483,713,409,3451
6373,776,1262,1774,2487,2899,,776,486,512,713,412,3474
6321,775,1263,1761,2471,2870,,775,488,498,710,399,3451
6350,776,1264,1775,2488,2898,,776,488,511,713,410,3452
6372,776,1263,1805,2516,2924,,776,487,542,711,408,3448
6346,774,1262,1774,2487,2897,,774,488,512,713,410,3449
6347,775,1262,1775,2488,2901,,775,487,513,713,413,3446
6372,775,1262,1776,2488,2928,,775,487,514,712,440,3444
6293,774,1261,1775,2487,2877,,774,487,514,712,390,3416
6347,776,1264,1775,2488,2899,,776,488,511,713,411,3448
6232,724,1209,1697,2407,2791,,724,485,488,710,384,3441
6244,762,1235,1761,2460,2858,,762,473,526,699,398,3386
6222,764,1194,1630,2351,2773,,764,430,436,721,422,3449
6309,770,1256,1768,2482,2917,,770,486,512,714,435,3392
6194,764,1235,1763,2461,2817,,764,471,528,698,356,3377
6098,704,1176,1606,2312,2726,,704,472,430,706,414,3372
6148,765,1236,1764,2422,2769,,765,471,528,658,347,3379
6117,764,1237,1763,2421,2747,,764,473,526,658,326,3370
6067,721,1201,1672,2330,2697,,721,480,471,658,367,3370
6067,689,1163,1635,2299,2696,,689,474,472,664,397,3371
6148,765,1239,1764,2423,2771,,765,474,525,659,348,3377
6141,765,1239,1763,2420,2771,,765,474,524,657,351,3370
6196,764,1196,1630,2318,2758,,764,432,434,688,440,3438
6297,777,1263,1777,2489,2845,,777,486,514,712,356,3452
6347,776,1263,1776,2488,2899,,776,487,513,712,411,3448
6280,717,1208,1696,2409,2831,,717,491,488,713,422,3449
6347,775,1263,1775,2489,2899,,775,488,512,714,410,3448
6370,775,1262,1774,2517,2923,,775,487,512,743,406,3447
6375,736,1245,1779,2488,2899,,736,509,534,709,411,3476
6397,776,1262,1775,2488,2928,,776,486,513,713,440,3469
6258,718,1211,1699,2411,2813,,718,493,488,712,402,3445
6345,775,1261,1774,2488,2897,,775,486,513,714,409,3448
6346,775,1262,1774,2488,2897,,775,487,512,714,409,3449
6262,775,1263,1775,2488,2898,,775,488,512,713,410,3364
6347,777,1262,1756,2468,2899,,777,485,494,712,431,3448
6374,746,1243,1777,2518,2924,,746,497,534,741,406,3450
6375,775,1262,1774,2487,2897,,775,487,512,713,410,3478
6496,804,1316,1828,2565,3036,,804,512,512,737,471,3460
6246,724,1129,1623,2373,2796,,724,405,494,750,423,3450
6321,776,1263,1777,2488,2878,,776,487,514,711,390,3443
6347,775,1261,1776,2486,2897,,775,486,515,710,411,3450
6372,775,1264,1775,2489,2923,,775,489,511,714,434,3449
6371,775,1263,1805,2477,2926,,775,488,542,672,449,3445
6377,777,1265,1776,2487,2898,,777,488,511,711,411,3479
6346,777,1263,1775,2487,2898,,777,486,512,712,411,3448
6345,775,1261,1774,2486,2896,,775,486,513,712,410,3449
6346,776,1262,1775,2487,2897,,776,486,513,712,410,3449
6398,777,1263,1806,2515,2950,,777,486,543,709,435,3448
6258,776,1209,1700,2411,2825,,776,433,491,711,414,3433
6231,775,1262,1754,2439,2823,,775,487,492,685,384,3408
6120,713,1188,1660,2363,2741,,713,475,472,703,378,3379
6117,763,1234,1764,2420,2746,,763,471,530,656,326,3371
6190,704,1176,1648,2329,2758,,704,472,472,681,429,3432
6346,777,1263,1776,2489,2899,,777,486,513,713,410,3447
6396,775,1262,1774,2517,2948,,775,487,512,743,431,3448
6345,773,1261,1773,2486,2896,,773,488,512,713,410,3449
6345,778,1263,1776,2489,2899,,778,485,513,713,410,3446
6345,774,1261,1773,2487,2896,,774,487,512,714,409,3449
6371,775,1244,1751,2492,2922,,775,469,507,741,430,3449
6230,776,1263,1755,2440,2826,,776,487,492,685,386,3404
6130,705,1177,1648,2371,2749,,705,472,471,723,378,3381
6119,765,1263,1764,2421,2746,,765,498,501,657,325,3373
6286,716,1229,1714,2423,2838,,716,513,485,709,415,3448
6323,807,1292,1756,2467,2873,,807,485,464,711,406,3450
6373,776,1265,1776,2488,2927,,776,489,511,712,439,3446
6372,777,1294,1801,2513,2924,,777,517,507,712,411,3448
6372,807,1293,1776,2488,2924,,807,486,483,712,436,3448
6349,776,1263,1776,2488,2899,,776,487,513,712,411,3450
6348,776,1241,1761,2469,2899,,776,465,520,708,430,3449
6230,775,1262,1755,2438,2824,,775,487,493,683,386,3406
6132,706,1179,1652,2373,2752,,706,473,473,721,379,3380
6153,763,1234,1764,2420,2769,,763,471,530,656,349,3384
6268,723,1207,1696,2405,2821,,723,484,489,709,416,3447
6322,776,1263,1753,2465,2874,,776,487,490,712,409,3448
6349,778,1290,1777,2489,2900,,778,512,487,712,411,3449
6359,787,1275,1787,2501,2910,,787,488,512,714,409,3449
6369,775,1263,1775,2516,2923,,775,488,512,741,407,3446
6346,774,1261,1773,2486,2896,,774,487,512,713,410,3450
6375,775,1262,1775,2518,2948,,775,487,513,743,430,3427
6230,776,1262,1755,2437,2823,,776,486,493,682,386,3407
6198,763,1235,1761,2457,2817,,763,472,526,696,360,3381
6143,765,1261,1766,2423,2771,,765,496,505,657,348,3372
6154,764,1234,1765,2426,2770,,764,470,531,661,344,3384
6149,763,1235,1764,2422,2769,,763,472,529,658,347,3380
6160,766,1240,1765,2423,2789,,766,474,525,658,366,3371
6141,768,1240,1766,2423,2772,,768,472,526,657,349,3369
6146,765,1262,1765,2420,2771,,765,497,503,655,351,3375
6144,767,1239,1768,2422,2771,,767,472,529,654,349,3373
6158,656,1149,1566,2287,2697,,656,493,417,721,410,3461
6347,775,1261,1774,2486,2898,,775,486,513,712,412,3449
6346,777,1262,1775,2488,2899,,777,485,513,713,411,3447
6372,776,1263,1776,2488,2924,,776,487,513,712,436,3448
6347,746,1237,1778,2488,2899,,746,491,541,710,411,3448
6346,775,1264,1776,2488,2901,,775,489,512,712,413,3445
6347,776,1263,1776,2489,2899,,776,487,513,713,410,3448
6347,776,1263,1776,2490,2899,,776,487,513,714,409,3448
6345,776,1263,1775,2487,2898,,776,487,512,712,411,3447
6398,778,1263,1777,2489,2954,,778,485,514,712,465,3444
6298,776,1263,1722,2439,2849,,776,487,459,717,410,3449
6373,776,1264,1776,2490,2924,,776,488,512,714,434,3449
6268,724,1208,1695,2404,2821,,724,484,487,709,417,3447
6346,776,1263,1776,2488,2897,,776,487,513,712,409,3449
6349,778,1265,1778,2490,2900,,778,487,513,712,410,3449
6272,724,1213,1701,2411,2824,,724,489,488,710,413,3448
6344,776,1262,1774,2487,2897,,776,486,512,713,410,3447
6282,717,1209,1698,2410,2833,,717,492,489,712,423,3449
6341,778,1264,1779,2490,2900,,778,486,515,711,410,3441
6372,776,1263,1777,2488,2924,,776,487,514,711,436,3448
6282,777,1263,1777,2488,2878,,777,486,514,711,390,3404
6346,806,1290,1776,2489,2899,,806,484,486,713,410,3447
6307,716,1208,1697,2409,2831,,716,492,489,712,422,3476
6350,777,1262,1775,2488,2898,,777,485,513,713,410,3452
6399,777,1258,1775,2488,2924,,777,481,517,713,436,3475
6345,775,1263,1775,2487,2899,,775,488,512,712,412,3446
6401,776,1262,1776,2488,2924,,776,486,514,712,436,3477
6282,716,1211,1699,2411,2834,,716,495,488,712,423,3448
6351,779,1264,1776,2489,2899,,779,485,512,713,410,3452
6348,778,1264,1776,2489,2899,,778,486,512,713,410,3449
6304,785,1284,1784,2497,2887,,785,499,500,713,390,3417
6348,778,1264,1778,2490,2900,,778,486,514,712,410,3448
6142,711,1187,1661,2386,2764,,711,476,474,725,378,3378
5858,648,1085,1502,2160,2507,,648,437,417,658,347,3351
6271,766,1195,1687,2402,2825,,766,429,492,715,423,3446
6372,775,1232,1775,2487,2925,,775,457,543,712,438,3447
6348,777,1262,1780,2489,2900,,777,485,518,709,411,3448
6345,774,1261,1774,2486,2897,,774,487,513,712,411,3448
6348,777,1263,1777,2489,2898,,777,486,514,712,409,3450
6348,776,1264,1776,2488,2899,,776,488,512,712,411,3449
6347,777,1264,1776,2489,2899,,777,487,512,713,410,3448
6297,777,1265,1779,2473,2877,,777,488,514,694,404,3420
6348,777,1264,1778,2489,2900,,777,487,514,711,411,3448
6247,701,1187,1675,2384,2800,,701,486,488,709,416,3447
6346,775,1263,1777,2488,2900,,775,488,514,711,412,3446
6372,776,1263,1776,2490,2926,,776,487,513,714,436,3446
6373,778,1263,1777,2488,2927,,778,485,514,711,439,3446
6351,776,1268,1806,2515,2925,,776,492,538,709,410,3426
6371,775,1262,1775,2488,2925,,775,487,513,713,437,3446
6340,776,1264,1776,2490,2900,,776,488,512,714,410,3440
6163,778,1209,1627,2295,2702,,778,431,418,668,407,3461
6344,773,1261,1773,2487,2898,,773,488,512,714,411,3446
6293,775,1263,1775,2488,2900,,775,488,512,713,412,3393
6191,763,1238,1762,2459,2816,,763,475,524,697,357,3375
6218,763,1195,1629,2350,2771,,763,432,434,721,421,3447
6351,777,1264,1757,2468,2899,,777,487,493,711,431,3452
6348,777,1263,1777,2489,2901,,777,486,514,712,412,3447
6348,778,1264,1776,2490,2899,,778,486,512,714,409,3449
6348,776,1263,1776,2488,2899,,776,487,513,712,411,3449
6346,775,1288,1775,2488,2898,,775,513,487,713,410,3448
6323,806,1290,1757,2457,2875,,806,484,467,700,418,3448
6327,779,1265,1778,2491,2901,,779,486,513,713,410,3426
6349,778,1265,1778,2490,2900,,778,487,513,712,410,3449
6372,779,1264,1777,2489,2925,,779,485,513,712,436,3447
6348,779,1264,1778,2491,2881,,779,485,514,713,390,3467
6278,716,1207,1695,2407,2829,,716,491,488,712,422,3449
6349,778,1264,1777,2490,2901,,778,486,513,713,411,3448
6381,777,1264,1777,2489,2900,,777,487,513,712,411,3481
6399,776,1262,1779,2490,2926,,776,486,517,711,436,3473
6403,777,1264,1777,2489,2926,,777,487,513,712,437,3477
6034,749,1154,1551,2196,2589,,749,405,397,645,393,3445
6194,765,1237,1765,2463,2818,,765,472,528,698,355,3376
6127,705,1174,1645,2364,2756,,705,469,471,719,392,3371
6131,755,1228,1755,2412,2762,,755,473,527,657,350,3369
6176,764,1237,1722,2426,2793,,764,473,485,704,367,3383
6164,708,1182,1655,2297,2704,,708,474,473,642,407,3460
6347,777,1288,1776,2488,2900,,777,511,488,712,412,3447
6345,776,1262,1774,2488,2898,,776,486,512,714,410,3447
6348,776,1263,1777,2489,2899,,776,487,514,712,410,3449
6345,774,1263,1775,2487,2897,,774,489,512,712,410,3448
6210,775,1261,1775,2436,2781,,775,486,514,661,345,3429
6196,765,1237,1766,2463,2821,,765,472,529,697,358,3375
6145,766,1237,1766,2422,2774,,766,471,529,656,352,3371
6118,767,1239,1765,2423,2748,,767,472,526,658,325,3370
6124,700,1175,1605,2317,2753,,700,475,430,712,436,3371
6272,766,1262,1711,2419,2825,,766,496,449,708,406,3447
6348,781,1266,1778,2488,2900,,781,485,512,710,412,3448
6380,776,1263,1775,2488,2899,,776,487,512,713,411,3481
6402,777,1263,1778,2519,2926,,777,486,515,741,407,3476
6347,777,1263,1775,2487,2899,,777,486,512,712,412,3448
6176,722,1192,1664,2371,2768,,722,470,472,707,397,3408
6142,766,1237,1765,2421,2772,,766,471,528,656,351,3370
6142,765,1262,1764,2422,2771,,765,497,502,658,349,3371
6121,768,1267,1765,2423,2748,,768,499,498,658,325,3373
6133,764,1236,1764,2421,2772,,764,472,528,657,351,3361
6144,766,1237,1766,2423,2771,,766,471,529,657,348,3373
6146,766,1238,1767,2424,2774,,766,472,529,657,350,3372
6115,764,1223,1765,2421,2743,,764,459,542,656,322,3372
6141,767,1239,1765,2422,2772,,767,472,526,657,350,3369
6131,768,1198,1676,2333,2697,,768,430,478,657,364,3434
6348,757,1236,1780,2489,2885,,757,479,544,709,396,3463
6372,777,1265,1776,2488,2924,,777,488,511,712,436,3448
6306,718,1212,1727,2436,2858,,718,494,515,709,422,3448
6347,776,1264,1776,2490,2900,,776,488,512,714,410,3447
6163,716,1184,1652,2344,2743,,716,468,468,692,399,3420
6242,767,1239,1766,2464,2861,,767,472,527,698,397,3381
6118,765,1241,1766,2421,2747,,765,476,525,655,326,3371
6144,766,1243,1765,2422,2773,,766,477,522,657,351,3371
6144,767,1265,1766,2423,2773,,767,498,501,657,350,3371
6141,765,1263,1765,2424,2771,,765,498,502,659,347,3370
6277,727,1197,1680,2392,2803,,727,470,483,712,411,3474
6323,770,1266,1777,2489,2881,,770,496,511,712,392,3442
6282,717,1212,1701,2412,2835,,717,495,489,711,423,3447
6378,779,1265,1777,2490,2901,,779,486,512,713,411,3477
6287,717,1209,1697,2439,2857,,717,492,488,742,418,3430
6146,730,1202,1673,2370,2784,,730,472,471,697,414,3362
6143,765,1262,1764,2421,2769,,765,497,502,657,348,3374
6103,705,1178,1650,2338,2734,,705,473,472,688,396,3369
6117,765,1237,1765,2422,2746,,765,472,528,657,324,3371
6093,701,1173,1603,2308,2722,,701,472,430,705,414,3371
6195,701,1155,1649,2376,2778,,701,454,494,727,402,3417
6346,777,1263,1777,2489,2900,,777,486,514,712,411,3446
6346,777,1262,1776,2487,2897,,777,485,514,711,410,3449
6349,777,1294,1777,2489,2900,,777,517,483,712,411,3449
6268,716,1211,1701,2411,2834,,716,495,490,710,423,3434
6195,763,1237,1767,2465,2820,,763,474,530,698,355,3375
6140,766,1238,1766,2421,2770,,766,472,528,655,349,3370
6143,765,1236,1765,2422,2773,,765,471,529,657,351,3370
6145,767,1238,1768,2424,2774,,767,471,530,656,350,3371
6142,767,1238,1767,2424,2771,,767,471,529,657,347,3371
6122,768,1201,1678,2374,2749,,768,433,477,696,375,3373
6141,766,1238,1765,2420,2772,,766,472,527,655,352,3369
6143,767,1239,1769,2424,2773,,767,472,530,655,349,3370
6120,766,1238,1766,2421,2748,,766,472,528,655,327,3372
6204,707,1178,1649,2333,2772,,707,471,471,684,439,3432
6210,716,1138,1615,2375,2797,,716,422,477,760,422,3413
6170,767,1239,1767,2423,2793,,767,472,528,656,370,3377
6119,765,1237,1765,2421,2748,,765,472,528,656,327,3371
6143,766,1237,1766,2422,2772,,766,471,529,656,350,3371
6141,763,1234,1764,2421,2771,,763,471,530,657,350,3370
6195,765,1249,1765,2463,2820,,765,484,516,698,357,3375
6140,764,1236,1764,2420,2770,,764,472,528,656,350,3370
6120,766,1239,1765,2422,2748,,766,473,526,657,326,3372
6144,765,1239,1764,2421,2771,,765,474,525,657,350,3373
6126,764,1236,1764,2418,2743,,764,472,528,654,325,3383
6078,767,1212,1685,2351,2697,,767,445,473,666,346,3381
6150,766,1237,1766,2423,2770,,766,471,529,657,347,3380
6090,700,1130,1609,2326,2721,,700,430,479,717,395,3369
6043,702,1174,1628,2300,2633,,702,472,454,672,333,3410
6184,762,1233,1763,2416,2745,,762,471,530,653,329,3439
6250,766,1193,1597,2382,2800,,766,427,404,785,418,3450
6351,776,1263,1776,2488,2899,,776,487,513,712,411,3452
6320,778,1264,1778,2490,2885,,778,486,514,712,395,3435
6347,777,1266,1777,2490,2901,,777,489,511,713,411,3446
6352,768,1249,1756,2464,2874,,768,481,507,708,410,3478
6118,646,1144,1574,2274,2668,,646,498,430,700,394,3450
6193,764,1235,1765,2462,2819,,764,471,530,697,357,3374
6099,704,1174,1646,2331,2728,,704,470,472,685,397,3371
6142,767,1240,1765,2422,2774,,767,473,525,657,352,3368
6143,765,1239,1766,2424,2772,,765,474,527,658,348,3371
6324,764,1237,1723,2469,2899,,764,473,486,746,430,3425
6347,777,1263,1776,2490,2899,,777,486,513,714,409,3448
6272,727,1211,1699,2410,2824,,727,484,488,711,414,3448
6397,778,1264,1777,2521,2949,,778,486,513,744,428,3448
6348,777,1263,1781,2490,2901,,777,486,518,709,411,3447
6283,647,1170,1640,2412,2835,,647,523,470,772,423,3448
6271,726,1211,1699,2408,2823,,726,485,488,709,415,3448
6366,770,1257,1770,2482,2919,,770,487,513,712,437,3447
6349,777,1264,1777,2490,2900,,777,487,513,713,410,3449
6299,777,1265,1757,2439,2850,,777,488,492,682,411,3449
6310,778,1265,1748,2452,2867,,778,487,483,704,415,3443
6194,766,1238,1765,2463,2818,,766,472,527,698,355,3376
6261,769,1241,1769,2466,2821,,769,472,528,697,355,3440
6119,769,1241,1765,2399,2745,,769,472,524,634,346,3374
6080,740,1214,1686,2351,2695,,740,474,472,665,344,3385
6099,706,1182,1662,2327,2731,,706,476,480,665,404,3368
6139,763,1234,1764,2420,2769,,763,471,530,656,349,3370
6141,766,1238,1766,2422,2772,,766,472,528,656,350,3369
6141,766,1238,1766,2424,2772,,766,472,528,658,348,3369
6092,713,1189,1660,2322,2720,,713,476,471,662,398,3372
6096,766,1198,1675,2342,2721,,766,432,477,667,379,3375
6142,766,1241,1767,2423,2772,,766,475,526,656,349,3370
6139,766,1264,1766,2422,2769,,766,498,502,656,347,3370
6049,703,1176,1604,2307,2641,,703,473,428,703,334,3408
6155,765,1237,1763,2419,2771,,765,472,526,656,352,3384
6136,766,1236,1770,2427,2768,,766,470,534,657,341,3368
6147,767,1266,1766,2422,2772,,767,499,500,656,350,3375
6145,766,1262,1767,2422,2774,,766,496,505,655,352,3371
6145,766,1238,1766,2422,2773,,766,472,528,656,351,3372
6145,768,1240,1767,2422,2774,,768,472,527,655,352,3371
6098,764,1193,1672,2367,2719,,764,429,479,695,352,3379
6144,768,1240,1766,2422,2773,,768,472,526,656,351,3371
6144,733,1204,1767,2423,2773,,733,471,563,656,350,3371
6099,705,1176,1647,2331,2726,,705,471,471,684,395,3373
6205,767,1219,1767,2462,2822,,767,452,548,695,360,3383
6127,766,1238,1765,2421,2746,,766,472,527,656,325,3381
6151,766,1238,1768,2424,2771,,766,472,530,656,347,3380
6118,767,1197,1678,2374,2746,,767,430,481,696,372,3372
6117,766,1239,1764,2420,2745,,766,473,525,656,325,3372
6141,763,1235,1765,2419,2772,,763,472,530,654,353,3369
6224,768,1198,1632,2314,2777,,768,430,434,682,463,3447
6374,778,1266,1777,2489,2926,,778,488,511,712,437,3448
6399,778,1264,1778,2491,2955,,778,486,514,713,464,3444
6373,778,1264,1778,2490,2926,,778,486,514,712,436,3447
6236,777,1207,1689,2392,2787,,777,430,482,703,395,3449
6195,754,1228,1766,2462,2824,,754,474,538,696,362,3371
6142,765,1237,1765,2423,2772,,765,472,528,658,349,3370
6128,704,1178,1652,2362,2757,,704,474,474,710,395,3371
6143,765,1236,1764,2420,2771,,765,471,528,656,351,3372
6100,705,1201,1674,2333,2729,,705,496,473,659,396,3371
6234,768,1241,1724,2403,2811,,768,473,483,679,408,3423
6250,703,1188,1675,2385,2800,,703,485,487,710,415,3450
6272,729,1214,1702,2411,2824,,729,485,488,709,413,3448
6290,719,1234,1718,2428,2841,,719,515,484,710,413,3449
6347,777,1244,1779,2489,2900,,777,467,535,710,411,3447
6245,751,1227,1765,2430,2839,,751,476,538,665,409,3406
6146,767,1239,1768,2422,2767,,767,472,529,654,345,3379
6196,766,1238,1766,2463,2822,,766,472,528,697,359,3374
6144,767,1240,1766,2425,2771,,767,473,526,659,346,3373
6027,702,1181,1622,2318,2646,,702,479,441,696,328,3381
5979,699,1160,1582,2194,2560,,699,461,422,612,366,3419
6371,777,1263,1804,2541,2925,,777,486,541,737,384,3446
6350,779,1266,1778,2491,2901,,779,487,512,713,410,3449
6295,718,1203,1691,2401,2815,,718,485,488,710,414,3480
6323,779,1266,1754,2466,2876,,779,487,488,712,410,3447
6235,764,1191,1673,2370,2787,,764,427,482,697,417,3448
6194,765,1262,1765,2463,2818,,765,497,503,698,355,3376
6142,765,1237,1764,2419,2770,,765,472,527,655,351,3372
6142,763,1236,1767,2425,2770,,763,473,531,658,345,3372
6100,704,1175,1647,2332,2729,,704,471,472,685,397,3371
6111,765,1236,1719,2360,2713,,765,471,483,641,353,3398
6349,778,1265,1777,2490,2900,,778,487,512,713,410,3449
6373,776,1264,1776,2489,2926,,776,488,512,713,437,3447
6320,726,1211,1728,2439,2872,,726,485,517,711,433,3448
6259,777,1288,1724,2426,2839,,777,511,436,702,413,3420
6080,695,1144,1567,2264,2687,,695,449,423,697,423,3393
6143,766,1241,1766,2421,2770,,766,475,525,655,349,3373
6066,725,1203,1677,2332,2696,,725,478,474,655,364,3370
6141,767,1240,1766,2421,2773,,767,473,526,655,352,3368
6128,704,1176,1675,2362,2756,,704,472,499,687,394,3372
6197,763,1260,1762,2417,2766,,763,497,502,655,349,3431
6378,778,1265,1777,2490,2902,,778,487,512,713,412,3476
6347,779,1266,1775,2489,2899,,779,487,509,714,410,3448
6320,724,1210,1727,2438,2872,,724,486,517,711,434,3448
6216,779,1243,1718,2416,2839,,779,464,475,698,423,3377
6064,710,1132,1548,2248,2600,,710,422,416,700,352,3464
5949,704,1176,1645,2292,2611,,704,472,469,647,319,3338
6061,765,1236,1738,2367,2693,,765,471,502,629,326,3368
6021,767,1196,1612,2274,2607,,767,429,416,662,333,3414
6018,765,1191,1607,2272,2595,,765,426,416,665,323,3423
6196,764,1213,1641,2341,2740,,764,449,428,700,399,3456
6348,778,1264,1777,2490,2901,,778,486,513,713,411,3447
6346,775,1262,1776,2488,2898,,775,487,514,712,410,3448
6270,725,1212,1698,2408,2822,,725,487,486,710,414,3448
6243,777,1265,1744,2439,2802,,777,488,479,695,363,3441
6134,707,1179,1650,2375,2755,,707,472,471,725,380,3379
5888,714,1144,1557,2194,2527,,714,430,413,637,333,3361
5995,767,1199,1612,2274,2607,,767,432,413,662,333,3388
6018,765,1194,1607,2272,2611,,765,429,413,665,339,3407
6018,765,1195,1609,2274,2607,,765,430,414,665,333,3411
6071,765,1193,1609,2278,2693,,765,428,416,669,415,3378
5942,765,1195,1609,2248,2580,,765,430,414,639,332,3362
6018,728,1160,1576,2273,2608,,728,432,416,697,335,3410
5885,718,1135,1557,2193,2512,,718,417,422,636,319,3373
5995,767,1196,1611,2278,2608,,767,429,415,667,330,3387
5795,652,1123,1522,2131,2450,,652,471,399,609,319,3345
5992,767,1198,1612,2276,2609,,767,431,414,664,333,3383
5992,767,1197,1612,2274,2608,,767,430,415,662,334,3384
6019,766,1195,1609,2274,2608,,766,429,414,665,334,3411
6018,766,1198,1610,2274,2607,,766,432,412,664,333,3411
5994,764,1195,1608,2267,2596,,764,431,413,659,329,3398
5994,764,1193,1610,2273,2605,,764,429,417,663,332,3389
6015,763,1192,1607,2271,2605,,763,429,415,664,334,3410
5992,730,1160,1576,2275,2608,,730,430,416,699,333,3384
6067,766,1197,1610,2278,2700,,766,431,413,668,422,3367
6070,672,1081,1551,2221,2617,,672,409,470,670,396,3453
6373,778,1265,1778,2491,2900,,778,487,513,713,409,3473
6374,744,1242,1778,2490,2926,,744,498,536,712,436,3448
6349,777,1265,1778,2490,2901,,777,488,513,712,411,3448
6372,750,1240,1779,2489,2926,,750,490,539,710,437,3446
6276,779,1264,1758,2445,2850,,779,485,494,687,405,3426
6350,779,1295,1779,2491,2902,,779,516,484,712,411,3448
6349,780,1266,1777,2491,2900,,780,486,511,714,409,3449
6351,778,1264,1777,2489,2900,,778,486,513,712,411,3451
6259,717,1200,1668,2413,2816,,717,483,468,745,403,3443
6144,713,1184,1655,2381,2745,,713,471,471,726,364,3399
6067,766,1262,1722,2362,2696,,766,496,460,640,334,3371
5993,766,1200,1632,2273,2609,,766,434,432,641,336,3384
6017,767,1196,1609,2273,2607,,767,429,413,664,334,3410
5986,777,1200,1598,2269,2588,,777,423,398,671,319,3398
5945,766,1195,1609,2247,2579,,766,429,414,638,332,3366
5991,765,1194,1608,2273,2608,,765,429,414,665,335,3383
6068,764,1235,1722,2361,2697,,764,471,487,639,336,3371
6189,716,1213,1680,2375,2781,,716,497,467,695,406,3408
6323,777,1265,1777,2470,2875,,777,488,512,693,405,3448
6105,615,1101,1573,2275,2695,,615,486,472,702,420,3410
6229,715,1209,1698,2409,2811,,715,494,489,711,402,3418
6243,778,1264,1725,2429,2840,,778,486,461,704,411,3403
6069,768,1240,1726,2363,2694,,768,472,486,637,331,3375
6130,767,1223,1702,2336,2696,,767,456,479,634,360,3434
5891,713,1148,1560,2198,2531,,713,435,412,638,333,3360
5996,766,1196,1609,2275,2608,,766,430,413,666,333,3388
5991,767,1197,1610,2276,2608,,767,430,413,666,332,3383
6094,750,1229,1725,2387,2726,,750,479,496,662,339,3368
6022,764,1196,1609,2272,2604,,764,432,413,663,332,3418
6095,728,1175,1645,2342,2720,,728,447,470,697,378,3375
6019,766,1196,1609,2274,2608,,766,430,413,665,334,3411
6022,767,1197,1610,2274,2608,,767,430,413,664,334,3414
5995,766,1197,1611,2275,2607,,766,431,414,664,332,3388
5993,727,1148,1577,2276,2608,,727,421,429,699,332,3385
6073,766,1237,1723,2363,2696,,766,471,486,640,333,3377
5995,767,1197,1612,2275,2608,,767,430,415,663,333,3387
5992,767,1197,1610,2274,2609,,767,430,413,664,335,3383
6011,768,1190,1607,2270,2614,,768,422,417,663,344,3397
6025,768,1197,1611,2276,2609,,768,429,414,665,333,3416
5933,713,1147,1574,2235,2576,,713,434,427,661,341,3357
5837,710,1130,1529,2145,2464,,710,420,399,616,319,3373
6021,729,1162,1578,2277,2609,,729,433,416,699,332,3412
6019,767,1198,1610,2274,2609,,767,431,412,664,335,3410
5984,726,1159,1574,2268,2586,,726,433,415,694,318,3398
6013,767,1193,1608,2271,2590,,767,426,415,663,319,3423
5994,767,1197,1610,2276,2609,,767,430,413,666,333,3385
5910,742,1165,1563,2194,2538,,742,423,398,631,344,3372
6157,748,1177,1664,2358,2751,,748,429,487,694,393,3406
6314,779,1292,1781,2492,2873,,779,513,489,711,381,3441
6223,728,1148,1599,2352,2776,,728,420,451,753,424,3447
6257,703,1186,1673,2386,2809,,703,483,487,713,423,3448
6374,730,1217,1779,2491,2927,,730,487,562,712,436,3447
6349,778,1266,1778,2490,2901,,778,488,512,712,411,3448
6247,763,1174,1661,2378,2800,,763,411,487,717,422,3447
6225,711,1115,1606,2355,2777,,711,404,491,749,422,3448
6349,778,1265,1779,2490,2901,,778,487,514,711,411,3448
6350,766,1274,1779,2491,2902,,766,508,505,712,411,3448
6295,763,1246,1776,2469,2874,,763,483,530,693,405,3421
6221,765,1249,1778,2413,2801,,765,484,529,635,388,3420
6277,780,1193,1688,2406,2828,,780,413,495,718,422,3449
6343,776,1287,1774,2486,2897,,776,511,487,712,411,3446
6350,779,1267,1778,2491,2902,,779,488,511,713,411,3448
6350,779,1267,1779,2491,2902,,779,488,512,712,411,3448
6298,779,1244,1754,2465,2881,,779,465,510,711,416,3417
6250,765,1173,1658,2379,2801,,765,408,485,721,422,3449
6351,775,1267,1779,2492,2903,,775,492,512,713,411,3448
6276,780,1212,1703,2413,2826,,780,432,491,710,413,3450
6354,779,1265,1780,2489,2928,,779,486,515,709,439,3426
6327,767,1251,1779,2471,2878,,767,484,528,692,407,3449
6187,733,1207,1625,2343,2766,,733,474,418,718,423,3421
6286,657,1195,1680,2414,2838,,657,538,485,734,424,3448
6350,808,1294,1779,2491,2902,,808,486,485,712,411,3448
6378,780,1265,1778,2490,2901,,780,485,513,712,411,3477
6297,777,1294,1736,2440,2850,,777,517,442,704,410,3447
6275,779,1265,1735,2442,2830,,779,486,470,707,388,3445
6349,779,1267,1779,2491,2903,,779,488,512,712,412,3446
6298,779,1265,1777,2491,2880,,779,486,512,714,389,3418
6209,779,1246,1723,2416,2803,,779,467,477,693,387,3406
6101,768,1238,1726,2387,2722,,768,470,488,661,335,3379
6011,739,1185,1603,2270,2614,,739,446,418,667,344,3397
5872,664,1104,1539,2178,2515,,664,440,435,639,337,3357
6017,763,1193,1607,2271,2604,,763,430,414,664,333,3413
5988,761,1191,1604,2268,2591,,761,430,413,664,323,3397
6248,764,1213,1661,2377,2800,,764,449,448,716,423,3448
6322,777,1264,1757,2464,2875,,777,487,493,707,411,3447
6349,778,1265,1779,2491,2901,,778,487,514,712,410,3448
6348,765,1249,1777,2489,2900,,765,484,528,712,411,3448
6249,765,1184,1666,2378,2802,,765,419,482,712,424,3447
6324,779,1266,1779,2490,2879,,779,487,513,711,389,3445
6209,767,1169,1596,2341,2764,,767,402,427,745,423,3445
6170,767,1240,1768,2422,2796,,767,473,528,654,374,3374
6224,717,1190,1637,2352,2774,,717,473,447,715,422,3450
6347,775,1264,1774,2487,2896,,775,489,510,713,409,3451
6348,779,1265,1778,2490,2902,,779,486,513,712,412,3446
6350,779,1266,1757,2466,2903,,779,487,491,709,437,3447
6379,778,1244,1779,2490,2902,,778,466,535,711,412,3477
6379,767,1232,1779,2492,2902,,767,465,547,713,410,3477
6145,764,1193,1632,2342,2764,,764,429,439,710,422,3381
6071,764,1236,1723,2361,2694,,764,472,487,638,333,3377
5936,766,1197,1611,2263,2582,,766,431,414,652,319,3354
6327,748,1234,1777,2491,2901,,748,486,543,714,410,3426
6349,778,1265,1778,2490,2901,,778,487,513,712,411,3448
6374,778,1266,1778,2520,2926,,778,488,512,742,406,3448
6375,780,1266,1779,2496,2927,,780,486,513,717,431,3448
6237,777,1265,1757,2389,2791,,777,488,492,632,402,3446
6070,767,1263,1725,2363,2696,,767,496,462,638,333,3374
6019,768,1202,1611,2274,2608,,768,434,409,663,334,3411
6068,766,1221,1703,2345,2697,,766,455,482,642,352,3371
6026,767,1196,1611,2275,2610,,767,429,415,664,335,3416
6222,766,1211,1662,2322,2776,,766,445,451,660,454,3446
6312,779,1243,1780,2460,2866,,779,464,537,680,406,3446
6061,766,1228,1713,2338,2691,,766,462,485,625,353,3370
6020,768,1197,1611,2276,2609,,768,429,414,665,333,3411
6064,766,1220,1699,2335,2703,,766,454,479,636,368,3361
5997,773,1211,1627,2276,2609,,773,438,416,649,333,3388
6018,765,1195,1609,2276,2609,,765,430,414,667,333,3409
6062,767,1221,1701,2332,2692,,767,454,480,631,360,3370
6157,767,1197,1656,2345,2754,,767,430,459,689,409,3403
6349,780,1252,1778,2490,2904,,780,472,526,712,414,3445
6240,717,1194,1627,2333,2797,,717,477,433,706,464,3443
6006,655,1094,1553,2230,2599,,655,439,459,677,369,3407
6052,684,1125,1564,2237,2599,,684,441,439,673,362,3453
6276,729,1214,1702,2410,2827,,729,485,488,708,417,3449
6373,778,1264,1779,2490,2908,,778,486,515,711,418,3465
6330,779,1265,1774,2516,2911,,779,486,509,742,395,3419
6252,767,1237,1768,2464,2861,,767,470,531,696,397,3391
6198,768,1266,1768,2467,2822,,768,498,502,699,355,3376
6194,767,1239,1725,2387,2790,,767,472,486,662,403,3404
6202,767,1264,1769,2466,2821,,767,497,505,697,355,3381
6135,656,1172,1647,2342,2765,,656,516,475,695,423,3370
6250,739,1166,1661,2380,2802,,739,427,495,719,422,3448
6375,778,1265,1778,2491,2927,,778,487,513,713,436,3448
6349,780,1265,1778,2490,2901,,780,485,513,712,411,3448
6300,778,1265,1779,2491,2849,,778,487,514,712,358,3451
6347,780,1290,1778,2490,2900,,780,510,488,712,410,3447
6348,779,1266,1780,2491,2902,,779,487,514,711,411,3446
6349,779,1265,1778,2491,2902,,779,486,513,713,411,3447
6272,778,1266,1761,2467,2851,,778,488,495,706,384,3421
6350,780,1267,1779,2492,2902,,780,487,512,713,410,3448
6184,779,1238,1767,2415,2761,,779,459,529,648,346,3423
6275,768,1213,1696,2409,2828,,768,445,483,713,419,3447
6123,715,1189,1661,2366,2762,,715,474,472,705,396,3361
6169,768,1239,1767,2423,2780,,768,471,528,656,357,3389
6100,702,1172,1602,2309,2722,,702,470,430,707,413,3378
6175,648,1092,1575,2279,2690,,648,444,483,704,411,3485
6397,777,1264,1776,2518,2953,,777,487,512,742,435,3444
6349,785,1271,1778,2490,2901,,785,486,507,712,411,3448
6275,778,1265,1762,2458,2822,,778,487,497,696,364,3453
6349,778,1265,1777,2470,2901,,778,487,512,693,431,3448
6272,778,1240,1777,2490,2822,,778,462,537,713,332,3450
6349,778,1265,1778,2490,2901,,778,487,513,712,411,3448
6350,778,1265,1778,2489,2900,,778,487,513,711,411,3450
6352,779,1267,1778,2492,2902,,779,488,511,714,410,3450
6326,776,1264,1777,2488,2898,,776,488,513,711,410,3428
6348,778,1265,1779,2490,2902,,778,487,514,711,412,3446
6349,779,1294,1779,2490,2901,,779,515,485,711,411,3448
6345,775,1246,1775,2486,2897,,775,471,529,711,411,3448
6249,809,1293,1725,2428,2796,,809,484,432,703,368,3453
6350,779,1266,1779,2490,2901,,779,487,513,711,411,3449
6086,694,1154,1549,2180,2598,,694,460,395,631,418,3488
6172,697,1126,1562,2277,2713,,697,429,436,715,436,3459
6348,778,1238,1777,2489,2901,,778,460,539,712,412,3447
6350,778,1266,1779,2492,2901,,778,488,513,713,409,3449
6327,778,1266,1778,2490,2901,,778,488,512,712,411,3426
6297,779,1266,1726,2441,2851,,779,487,460,715,410,3446
6350,780,1266,1780,2492,2903,,780,486,514,712,411,3447
6301,777,1264,1776,2468,2874,,777,487,512,692,406,3427
6224,779,1246,1719,2416,2791,,779,467,473,697,375,3433
6347,778,1264,1777,2490,2901,,778,486,513,713,411,3446
6224,729,1183,1590,2289,2777,,729,454,407,699,488,3447
6224,766,1194,1638,2353,2775,,766,428,444,715,422,3449
6325,779,1265,1778,2463,2876,,779,486,513,685,413,3449
6350,780,1265,1778,2491,2902,,780,485,513,713,411,3448
6298,779,1266,1779,2470,2851,,779,487,513,691,381,3447
6320,778,1267,1778,2492,2901,,778,489,511,714,409,3419
6351,779,1266,1779,2491,2902,,779,487,513,712,411,3449
6324,755,1240,1781,2470,2877,,755,485,541,689,407,3447
6210,779,1244,1718,2414,2772,,779,465,474,696,358,3438
6146,766,1236,1767,2421,2774,,766,470,531,654,353,3372
5997,650,1068,1523,2186,2543,,650,418,455,663,357,3454
6211,778,1212,1652,2347,2764,,778,434,440,695,417,3447
6011,731,1201,1590,2257,2575,,731,470,389,667,318,3436
6195,766,1235,1766,2465,2820,,766,469,531,699,355,3375
6245,765,1236,1766,2427,2814,,765,471,530,661,387,3431
6353,779,1265,1778,2491,2901,,779,486,513,713,410,3452
6276,712,1206,1693,2405,2828,,712,494,487,712,423,3448
6350,765,1248,1780,2493,2901,,765,483,532,713,408,3449
6286,779,1244,1738,2433,2840,,779,465,494,695,407,3446
6142,764,1260,1763,2420,2769,,764,496,503,657,349,3373
6046,648,1090,1552,2249,2601,,648,442,462,697,352,3445
6299,805,1229,1716,2423,2851,,805,424,487,707,428,3448
6350,738,1246,1778,2491,2902,,738,508,532,713,411,3448
6349,779,1266,1779,2490,2901,,779,487,513,711,411,3448
6377,780,1267,1779,2491,2928,,780,487,512,712,437,3449
6300,779,1266,1780,2440,2852,,779,487,514,660,412,3448
6281,717,1211,1700,2412,2835,,717,494,489,712,423,3446
6324,780,1247,1780,2470,2877,,780,467,533,690,407,3447
6328,779,1269,1753,2466,2902,,779,490,484,713,436,3426
6350,780,1267,1780,2492,2903,,780,487,513,712,411,3447
6251,779,1267,1779,2467,2803,,779,488,512,688,336,3448
6301,804,1251,1703,2417,2853,,804,447,452,714,436,3448
6225,709,1120,1604,2354,2777,,709,411,484,750,423,3448
6350,779,1266,1779,2491,2902,,779,487,513,712,411,3448
6350,779,1266,1780,2490,2903,,779,487,514,710,413,3447
6351,780,1266,1780,2492,2889,,780,486,514,712,397,3462
6352,781,1267,1780,2493,2906,,781,486,513,713,413,3446
6375,779,1272,1779,2492,2931,,779,493,507,713,439,3444
6180,780,1189,1654,2340,2754,,780,409,465,686,414,3426
6088,710,1173,1631,2352,2728,,710,463,458,721,376,3360
6186,768,1196,1632,2320,2741,,768,428,436,688,421,3445
6110,726,1138,1549,2243,2659,,726,412,411,694,416,3451
6274,767,1194,1688,2402,2825,,767,427,494,714,423,3449
6346,775,1262,1775,2488,2897,,775,487,513,713,409,3449
6350,778,1265,1777,2490,2901,,778,487,512,713,411,3449
6374,727,1218,1779,2491,2901,,727,491,561,712,410,3473
6272,727,1211,1701,2411,2825,,727,484,490,710,414,3447
6323,779,1291,1780,2472,2877,,779,512,489,692,405,3446
6352,780,1246,1779,2507,2928,,780,466,533,728,421,3424
6305,780,1266,1780,2491,2928,,780,486,514,711,437,3377
6200,779,1241,1736,2369,2755,,779,462,495,633,386,3445
6321,800,1223,1731,2416,2849,,800,423,508,685,433,3472
6373,778,1265,1778,2491,2925,,778,487,513,713,434,3448
6352,778,1265,1778,2490,2926,,778,487,513,712,436,3426
6352,780,1296,1781,2492,2903,,780,516,485,711,411,3449
6374,779,1266,1779,2492,2926,,779,487,513,713,434,3448
6283,717,1212,1699,2413,2835,,717,495,487,714,422,3448
6325,782,1268,1779,2470,2876,,782,486,511,691,406,3449
6326,778,1265,1777,2472,2875,,778,487,512,695,403,3451
6355,780,1265,1779,2491,2902,,780,485,514,712,411,3453
6250,779,1241,1737,2408,2800,,779,462,496,671,392,3450
6325,804,1254,1738,2445,2876,,804,450,484,707,431,3449
6349,779,1266,1778,2491,2901,,779,487,512,713,410,3448
6398,778,1264,1778,2519,2951,,778,486,514,741,432,3447
6351,780,1266,1778,2492,2927,,780,486,512,714,435,3424
6349,778,1235,1778,2490,2901,,778,457,543,712,411,3448
6259,716,1200,1688,2397,2810,,716,484,488,709,413,3449
6323,777,1271,1778,2469,2876,,777,494,507,691,407,3447
6240,779,1265,1743,2388,2791,,779,486,478,645,403,3449
6136,768,1241,1723,2364,2697,,768,473,482,641,333,3439
6180,768,1198,1674,2311,2706,,768,430,476,637,395,3474
6325,780,1247,1739,2426,2878,,780,467,492,687,452,3447
6350,779,1227,1778,2491,2901,,779,448,551,713,410,3449
6352,779,1265,1779,2491,2901,,779,486,514,712,410,3451
6376,782,1266,1781,2491,2927,,782,484,515,710,436,3449
6379,779,1266,1778,2491,2902,,779,487,512,713,411,3477
6281,717,1239,1724,2437,2835,,717,522,485,713,398,3446
6326,778,1266,1778,2469,2880,,778,488,512,691,411,3446
6312,778,1265,1748,2454,2866,,778,487,483,706,412,3446
6069,768,1241,1724,2367,2698,,768,473,483,643,331,3371
6172,767,1171,1588,2315,2723,,767,404,417,727,408,3449
6288,779,1231,1753,2431,2842,,779,452,522,678,411,3446
5989,767,1197,1588,2255,2551,,767,430,391,667,296,3438
6198,767,1238,1768,2465,2821,,767,471,530,697,356,3377
6149,764,1236,1766,2421,2772,,764,472,530,655,351,3377
6228,699,1171,1599,2376,2799,,699,472,428,777,423,3429
6286,716,1200,1689,2415,2837,,716,484,489,726,422,3449
6350,779,1267,1779,2491,2902,,779,488,512,712,411,3448
6325,779,1267,1760,2467,2877,,779,488,493,707,410,3448
6349,779,1266,1778,2491,2902,,779,487,512,713,411,3447
6174,779,1291,1741,2408,2738,,779,512,450,667,330,3436
6300,779,1243,1735,2421,2843,,779,464,492,686,422,3457
6300,780,1291,1724,2441,2852,,780,511,433,717,411,3448
6349,780,1265,1780,2491,2902,,780,485,515,711,411,3447
6349,778,1264,1778,2490,2900,,778,486,514,712,410,3449
6350,779,1267,1780,2491,2901,,779,488,513,711,410,3449
6299,778,1264,1706,2415,2851,,778,486,442,709,436,3448
6273,779,1267,1781,2471,2854,,779,488,514,690,383,3419
6275,781,1296,1759,2467,2858,,781,515,463,708,391,3417
6297,779,1266,1779,2492,2882,,779,487,513,713,390,3415
6248,778,1267,1754,2426,2787,,778,489,487,672,361,3461
6212,777,1240,1735,2377,2775,,777,463,495,642,398,3437
6272,768,1240,1769,2467,2892,,768,472,529,698,425,3380
6042,701,1173,1606,2299,2633,,701,472,433,693,334,3409
6107,714,1189,1659,2298,2630,,714,475,470,639,332,3477
5984,768,1198,1596,2247,2540,,768,430,398,651,293,3444
6171,769,1240,1767,2423,2793,,769,471,527,656,370,3378
6093,701,1188,1661,2325,2722,,701,487,473,664,397,3371
6106,701,1172,1602,2308,2721,,701,471,430,706,413,3385
5917,700,1171,1578,2222,2559,,700,471,407,644,337,3358
6096,768,1173,1585,2261,2586,,768,405,412,676,325,3510
5912,726,1139,1551,2175,2480,,726,413,412,624,305,3432
6311,768,1259,1766,2463,2865,,768,491,507,697,402,3446
6222,765,1238,1766,2464,2861,,765,473,528,698,397,3361
6149,766,1239,1767,2422,2773,,766,473,528,655,351,3376
6234,701,1175,1622,2335,2785,,701,474,447,713,450,3449
6350,779,1268,1782,2491,2903,,779,489,514,709,412,3447
6350,779,1237,1777,2490,2901,,779,458,540,713,411,3449
6261,780,1267,1779,2459,2822,,780,487,512,680,363,3439
6069,768,1242,1725,2364,2696,,768,474,483,639,332,3373
5961,766,1170,1579,2199,2531,,766,404,409,620,332,3430
5939,725,1140,1549,2175,2510,,725,415,409,626,335,3429
6276,769,1197,1691,2405,2827,,769,428,494,714,422,3449
6350,780,1265,1779,2490,2902,,780,485,514,711,412,3448
6348,778,1266,1778,2491,2901,,778,488,512,713,410,3447
6350,779,1291,1778,2492,2901,,779,512,487,714,409,3449
6350,779,1265,1778,2491,2902,,779,486,513,713,411,3448
6233,779,1267,1760,2442,2827,,779,488,493,682,385,3406
6128,768,1240,1768,2424,2748,,768,472,528,656,324,3380
6120,700,1173,1647,2366,2746,,700,473,474,719,380,3374
5957,701,1110,1523,2160,2522,,701,409,413,637,362,3435
6249,804,1253,1736,2404,2800,,804,449,483,668,396,3449
6348,777,1265,1777,2489,2900,,777,488,512,712,411,3448
6350,780,1266,1778,2492,2902,,780,486,512,714,410,3448
6348,779,1267,1779,2492,2902,,779,488,512,713,410,3446
6375,780,1266,1783,2493,2919,,780,486,517,710,426,3456
6351,723,1218,1779,2491,2901,,723,495,561,712,410,3450
6273,780,1260,1763,2446,2849,,780,480,503,683,403,3424
6261,781,1268,1780,2471,2840,,781,487,512,691,369,3421
6074,768,1238,1725,2364,2697,,768,470,487,639,333,3377
5960,766,1170,1581,2201,2535,,766,404,411,620,334,3425
5962,726,1138,1550,2200,2534,,726,412,412,650,334,3428
6276,768,1241,1711,2420,2827,,768,473,470,709,407,3449
6349,780,1295,1778,2492,2902,,780,515,483,714,410,3447
6347,778,1267,1778,2491,2901,,778,489,511,713,410,3446
6350,767,1252,1779,2491,2902,,767,485,527,712,411,3448
6349,778,1266,1778,2492,2902,,778,488,512,714,410,3447
6280,775,1263,1780,2473,2873,,775,488,517,693,400,3407
6152,769,1240,1767,2426,2773,,769,471,527,659,347,3379
6044,703,1199,1627,2302,2635,,703,496,428,675,333,3409
6061,766,1174,1583,2273,2620,,766,408,409,690,347,3441
5938,727,1138,1551,2176,2509,,727,411,413,625,333,3429
6275,767,1263,1767,2463,2815,,767,496,504,696,352,3460
6350,780,1267,1780,2492,2903,,780,487,513,712,411,3447
6303,780,1292,1780,2492,2903,,780,512,488,712,411,3400
6125,753,1201,1672,2371,2767,,753,448,471,699,396,3358
6124,706,1179,1652,2368,2748,,706,473,473,716,380,3376
6248,655,1138,1624,2377,2800,,655,483,486,753,423,3448
6324,780,1266,1778,2491,2881,,780,486,512,713,390,3443
6350,780,1267,1780,2492,2904,,780,487,513,712,412,3446
6176,767,1184,1650,2322,2741,,767,417,466,672,419,3435
6226,782,1243,1740,2429,2777,,782,461,497,689,348,3449
6350,779,1232,1778,2492,2902,,779,453,546,714,410,3448
6375,780,1266,1779,2492,2927,,780,486,513,713,435,3448
6376,780,1267,1780,2493,2927,,780,487,513,713,434,3449
6349,780,1267,1779,2492,2902,,780,487,512,713,410,3447
6329,779,1292,1780,2492,2903,,779,513,488,712,411,3426
6259,781,1266,1761,2445,2828,,781,485,495,684,383,3431
6145,767,1239,1770,2428,2773,,767,472,531,658,345,3372
6041,702,1174,1602,2301,2631,,702,472,428,699,330,3410
6196,765,1214,1723,2393,2758,,765,449,509,670,365,3438
6201,780,1241,1736,2399,2762,,780,461,495,663,363,3439
6350,778,1265,1779,2490,2901,,778,487,514,711,411,3449
6348,777,1263,1776,2488,2900,,777,486,513,712,412,3448
6350,779,1267,1779,2491,2902,,779,488,512,712,411,3448
6405,781,1267,1782,2493,2929,,781,486,515,711,436,3476
6325,778,1269,1779,2491,2878,,778,491,510,712,387,3447
6233,779,1265,1758,2442,2827,,779,486,493,684,385,3406
6198,769,1266,1768,2466,2804,,769,497,502,698,338,3394
6182,709,1195,1681,2371,2776,,709,486,486,690,405,3406
6279,782,1267,1766,2455,2838,,782,485,499,689,383,3441
6225,779,1292,1741,2406,2763,,779,513,449,665,357,3462
6325,779,1266,1748,2467,2877,,779,487,482,719,410,3448
6377,780,1268,1809,2519,2928,,780,488,541,710,409,3449
6352,780,1291,1779,2492,2902,,780,511,488,713,410,3450
6351,780,1268,1780,2492,2903,,780,488,512,712,411,3448
6329,780,1267,1779,2492,2902,,780,487,512,713,410,3427
6238,782,1268,1761,2444,2830,,782,486,493,683,386,3408
6149,769,1241,1769,2425,2778,,769,472,528,656,353,3371
6021,702,1172,1600,2302,2636,,702,470,428,702,334,3385
6110,714,1190,1595,2304,2632,,714,476,405,709,328,3478
5947,703,1134,1548,2186,2517,,703,431,414,638,331,3430
6211,769,1200,1636,2340,2764,,769,431,436,704,424,3447
6196,766,1263,1767,2464,2820,,766,497,504,697,356,3376
6118,768,1238,1768,2422,2749,,768,470,530,654,327,3369
6121,701,1171,1642,2329,2746,,701,470,471,687,417,3375
6238,704,1177,1649,2387,2810,,704,473,472,738,423,3428
6351,781,1268,1781,2494,2903,,781,487,513,713,409,3448
6312,779,1267,1779,2492,2871,,779,488,512,713,379,3441
6070,768,1241,1725,2365,2698,,768,473,484,640,333,3372
6197,767,1196,1610,2304,2739,,767,429,414,694,435,3458
6190,700,1153,1599,2326,2749,,700,453,446,727,423,3441
6352,778,1265,1778,2490,2901,,778,487,513,712,411,3451
6352,779,1267,1779,2492,2902,,779,488,512,713,410,3450
6375,778,1265,1779,2491,2926,,778,487,514,712,435,3449
6301,780,1266,1779,2439,2852,,780,486,513,660,413,3449
6376,780,1266,1772,2492,2927,,780,486,506,720,435,3449
6335,780,1271,1780,2491,2888,,780,491,509,711,397,3447
6312,779,1267,1781,2492,2868,,779,488,514,711,376,3444
6069,769,1241,1726,2364,2697,,769,472,485,638,333,3372
6062,767,1195,1610,2277,2616,,767,428,415,667,339,3446
6087,767,1195,1612,2274,2595,,767,428,417,662,321,3492
6377,768,1220,1779,2492,2929,,768,452,559,713,437,3448
6349,779,1266,1778,2491,2901,,779,487,512,713,410,3448
6351,780,1267,1779,2492,2903,,780,487,512,713,411,3448
6373,778,1264,1779,2519,2925,,778,486,515,740,406,3448
6351,779,1267,1779,2492,2903,,779,488,512,713,411,3448
6234,780,1266,1759,2443,2828,,780,486,493,684,385,3406
6124,768,1265,1767,2423,2749,,768,497,502,656,326,3375
5946,702,1174,1580,2206,2566,,702,472,406,626,360,3380
5910,703,1131,1547,2181,2516,,703,428,416,634,335,3394
6227,780,1266,1756,2425,2785,,780,486,490,669,360,3442
6350,778,1266,1772,2490,2902,,778,488,506,718,412,3448
6350,780,1268,1779,2492,2902,,780,488,511,713,410,3448
6376,781,1267,1780,2493,2928,,781,486,513,713,435,3448
6376,781,1268,1780,2494,2906,,781,487,512,714,412,3470
6290,719,1228,1716,2426,2844,,719,509,488,710,418,3446
6210,781,1267,1734,2420,2802,,781,486,467,686,382,3408
6150,768,1239,1769,2424,2774,,768,471,530,655,350,3376
6046,703,1174,1603,2303,2638,,703,471,429,700,335,3408
5969,704,1174,1579,2207,2530,,704,470,405,628,323,3439
6138,767,1220,1703,2338,2697,,767,453,483,635,359,3441
6327,769,1242,1727,2445,2879,,769,473,485,718,434,3448
6377,781,1268,1781,2518,2929,,781,487,513,737,411,3448
6350,780,1268,1781,2492,2903,,780,488,513,711,411,3447
6351,780,1266,1779,2493,2901,,780,486,513,714,408,3450
6348,779,1265,1778,2490,2900,,779,486,513,712,410,3448
6234,781,1266,1759,2443,2828,,781,485,493,684,385,3406
6147,768,1265,1770,2425,2774,,768,497,505,655,349,3373
5903,651,1145,1575,2203,2535,,651,494,430,628,332,3368
5946,704,1135,1550,2185,2517,,704,431,415,635,332,3429
5938,695,1123,1538,2176,2510,,695,428,415,638,334,3428
6146,704,1134,1614,2303,2724,,704,430,480,689,421,3422
6200,768,1241,1769,2465,2821,,768,473,528,696,356,3379
6145,768,1240,1767,2423,2774,,768,472,527,656,351,3371
6121,702,1173,1644,2327,2748,,702,471,471,683,421,3373
6205,766,1194,1654,2344,2777,,766,428,460,690,433,3428
6352,782,1268,1782,2493,2904,,782,486,514,711,411,3448
6377,779,1267,1780,2492,2928,,779,488,513,712,436,3449
6381,780,1267,1780,2492,2904,,780,487,513,712,412,3477
6260,790,1277,1765,2434,2796,,790,487,488,669,362,3464
6251,805,1292,1755,2423,2810,,805,487,463,668,387,3441
6350,779,1267,1779,2491,2904,,779,488,512,712,413,3446
6335,779,1266,1778,2493,2901,,779,487,512,715,408,3434
6351,779,1266,1779,2492,2903,,779,487,513,713,411,3448
6277,781,1212,1704,2413,2829,,781,431,492,709,416,3448
6352,781,1266,1780,2494,2902,,781,485,514,714,408,3450
6330,779,1265,1779,2491,2903,,779,486,514,712,412,3427
6350,780,1268,1781,2491,2902,,780,488,513,710,411,3448
6347,776,1263,1775,2488,2899,,776,487,512,713,411,3448
6251,780,1268,1756,2426,2809,,780,488,488,670,383,3442
6300,780,1297,1805,2479,2859,,780,517,508,674,380,3441
6326,780,1268,1749,2467,2878,,780,488,481,718,411,3448
6351,780,1268,1783,2493,2902,,780,488,515,710,409,3449
6352,780,1267,1780,2492,2902,,780,487,513,712,410,3450
6351,781,1267,1780,2493,2904,,781,486,513,713,411,3447
6306,782,1269,1781,2493,2881,,782,487,512,712,388,3425
6212,782,1268,1737,2420,2804,,782,486,469,683,384,3408
6125,769,1242,1768,2424,2751,,769,473,526,656,327,3374
6020,703,1176,1603,2303,2634,,703,473,427,700,331,3386
6276,753,1243,1789,2475,2835,,753,490,546,686,360,3441
6199,780,1212,1704,2390,2760,,780,432,492,686,370,3439
6352,780,1267,1780,2494,2904,,780,487,513,714,410,3448
6380,779,1266,1779,2491,2902,,779,487,513,712,411,3478
6376,779,1266,1779,2492,2927,,779,487,513,713,435,3449
6325,779,1267,1744,2466,2877,,779,488,477,722,411,3448
6308,748,1241,1780,2491,2869,,748,493,539,711,378,3439
6234,781,1267,1760,2443,2828,,781,486,493,683,385,3406
6148,771,1241,1770,2425,2774,,771,470,529,655,349,3374
5967,701,1173,1600,2275,2608,,701,472,427,675,333,3359
6063,729,1203,1631,2285,2610,,729,474,428,654,325,3453
6227,690,1166,1633,2346,2770,,690,476,467,713,424,3457
6354,780,1268,1781,2492,2902,,780,488,513,711,410,3452
6351,781,1268,1781,2492,2902,,781,487,513,711,410,3449
6351,780,1267,1780,2493,2903,,780,487,513,713,410,3448
6376,780,1267,1780,2492,2928,,780,487,513,712,436,3448
6351,781,1267,1782,2492,2903,,781,486,515,710,411,3448
6234,779,1268,1759,2442,2827,,779,489,491,683,385,3407
6123,768,1240,1767,2425,2749,,768,472,527,658,324,3374
6021,702,1174,1602,2303,2637,,702,472,428,701,334,3384
6226,741,1210,1678,2386,2780,,741,469,468,708,394,3446
6299,781,1267,1779,2473,2867,,781,486,512,694,394,3432
6330,780,1267,1780,2440,2852,,780,487,513,660,412,3478
6352,781,1267,1780,2493,2905,,781,486,513,713,412,3447
6353,780,1266,1780,2491,2903,,780,486,514,711,412,3450
6353,780,1266,1783,2493,2905,,780,486,517,710,412,3448
6328,779,1266,1779,2491,2904,,779,487,513,712,413,3424
6235,782,1268,1760,2445,2830,,782,486,492,685,385,3405
6123,771,1243,1769,2424,2752,,771,472,526,655,328,3371
5918,702,1174,1600,2227,2559,,702,472,426,627,332,3359
6174,766,1191,1632,2305,2736,,766,425,441,673,431,3438
6215,726,1176,1620,2349,2763,,726,450,444,729,414,3452
6349,780,1289,1778,2490,2901,,780,509,489,712,411,3448
6406,780,1268,1781,2494,2929,,780,488,513,713,435,3477
6377,780,1296,1808,2517,2927,,780,516,512,709,410,3450
6352,782,1268,1781,2479,2904,,782,486,513,698,425,3448
6350,779,1239,1778,2492,2903,,779,460,539,714,411,3447
6328,779,1267,1766,2477,2901,,779,488,499,711,424,3427
6274,780,1267,1780,2472,2856,,780,487,513,692,384,3418
6351,781,1268,1781,2494,2905,,781,487,513,713,411,3446
6376,781,1283,1780,2493,2930,,781,502,497,713,437,3446
6210,680,1163,1652,2372,2776,,680,483,489,720,404,3434
6350,781,1269,1780,2493,2903,,781,488,511,713,410,3447
6351,779,1294,1779,2492,2901,,779,515,485,713,409,3450
6354,810,1294,1779,2492,2903,,810,484,485,713,411,3451
6325,782,1268,1780,2492,2884,,782,486,512,712,392,3441
6330,781,1267,1779,2493,2905,,781,486,512,714,412,3425
6235,781,1268,1761,2445,2829,,781,487,493,684,384,3406
6149,768,1240,1769,2423,2775,,768,472,529,654,352,3374
6047,702,1174,1604,2302,2636,,702,472,430,698,334,3411
6226,729,1162,1683,2392,2779,,729,433,521,709,387,3447
6277,717,1203,1691,2428,2813,,717,486,488,737,385,3464
6401,781,1267,1780,2522,2954,,781,486,513,742,432,3447
6351,781,1268,1780,2492,2903,,781,487,512,712,411,3448
6352,781,1268,1781,2493,2903,,781,487,513,712,410,3449
6401,781,1266,1781,2493,2931,,781,485,515,712,438,3470
6329,780,1268,1781,2493,2904,,780,488,513,712,411,3425
6236,782,1268,1760,2444,2830,,782,486,492,684,386,3406
6126,770,1241,1770,2426,2754,,770,471,529,656,328,3372
6022,705,1203,1639,2279,2613,,705,498,436,640,334,3409
6251,730,1163,1655,2364,2804,,730,433,492,709,440,3447
6188,715,1164,1635,2357,2753,,715,449,471,722,396,3435
6252,769,1239,1725,2378,2803,,769,470,486,653,425,3449
6353,783,1267,1782,2492,2903,,783,484,515,710,411,3450
6350,810,1294,1782,2491,2902,,810,484,488,709,411,3448
6382,781,1267,1779,2493,2903,,781,486,512,714,410,3479
6300,780,1267,1737,2446,2853,,780,487,470,709,407,3447
6260,779,1267,1779,2468,2854,,779,488,512,689,386,3406
6149,768,1242,1770,2426,2776,,768,474,528,656,350,3373
5901,615,1143,1576,2203,2536,,615,528,433,627,333,3365
6100,728,1164,1566,2246,2597,,728,436,402,680,351,3503
6179,769,1184,1650,2317,2743,,769,415,466,667,426,3436
6352,780,1256,1780,2493,2904,,780,476,524,713,411,3448
6401,780,1268,1779,2523,2953,,780,488,511,744,430,3448
6352,781,1270,1780,2492,2905,,781,489,510,712,413,3447
6350,780,1269,1779,2492,2902,,780,489,510,713,410,3448
6328,778,1266,1777,2490,2901,,778,488,511,713,411,3427
6212,782,1270,1762,2445,2798,,782,488,492,683,353,3414
6121,770,1266,1769,2424,2750,,770,496,503,655,326,3371
6030,704,1179,1608,2312,2645,,704,475,429,704,333,3385
6274,752,1240,1703,2419,2829,,752,488,463,716,410,3445
6250,780,1297,1759,2441,2811,,780,517,462,682,370,3439
6351,781,1267,1779,2492,2901,,781,486,512,713,409,3450
6351,782,1267,1781,2492,2904,,782,485,514,711,412,3447
6376,782,1271,1784,2494,2929,,782,489,513,710,435,3447
6290,719,1228,1716,2425,2841,,719,509,488,709,416,3449
6351,780,1267,1780,2492,2903,,780,487,513,712,411,3448
6358,782,1294,1782,2494,2930,,782,512,488,712,436,3428
6376,782,1297,1780,2493,2929,,782,515,483,713,436,3447
6382,782,1273,1785,2495,2904,,782,491,512,710,409,3478
6300,781,1269,1726,2442,2854,,781,488,457,716,412,3446
6273,717,1202,1693,2431,2826,,717,485,491,738,395,3447
6375,783,1268,1781,2493,2929,,783,485,513,712,436,3446
6376,780,1267,1781,2524,2927,,780,487,514,743,403,3449
6376,780,1266,1780,2493,2927,,780,486,514,713,434,3449
6351,780,1266,1779,2493,2903,,780,486,513,714,410,3448
6353,779,1266,1779,2491,2926,,779,487,513,712,435,3427
6266,781,1268,1761,2445,2850,,781,487,493,684,405,3416
6147,769,1240,1769,2424,2777,,769,471,529,655,353,3370
6055,703,1177,1604,2311,2644,,703,474,427,707,333,3411
6251,771,1241,1711,2419,2805,,771,470,470,708,386,3446
6275,781,1265,1778,2474,2827,,781,484,513,696,353,3448
6378,782,1269,1781,2491,2903,,782,487,512,710,412,3475
6352,782,1268,1781,2493,2904,,782,486,513,712,411,3448
6352,781,1269,1781,2494,2903,,781,488,512,713,409,3449
6329,781,1269,1785,2497,2904,,781,488,516,712,407,3425
6324,808,1292,1779,2487,2875,,808,484,487,708,388,3449
6209,780,1267,1759,2418,2803,,780,487,492,659,385,3406
6199,770,1241,1768,2465,2821,,770,471,527,697,356,3378
5933,705,1182,1612,2242,2574,,705,477,430,630,332,3359
6249,768,1216,1682,2390,2803,,768,448,466,708,413,3446
6251,779,1245,1754,2438,2809,,779,466,509,684,371,3442
6352,780,1267,1781,2494,2905,,780,487,514,713,411,3447
6277,722,1218,1705,2417,2829,,722,496,487,712,412,3448
6352,783,1269,1783,2494,2904,,783,486,514,711,410,3448
6353,780,1266,1779,2492,2903,,780,486,513,713,411,3450
6330,780,1267,1779,2495,2904,,780,487,512,716,409,3426
6236,781,1269,1760,2445,2829,,781,488,491,685,384,3407
6146,767,1238,1767,2422,2773,,767,471,529,655,351,3373
5889,662,1140,1570,2196,2530,,662,478,430,626,334,3359
6174,769,1198,1678,2322,2741,,769,429,480,644,419,3433
6208,717,1214,1700,2355,2768,,717,497,486,655,413,3440
6328,780,1268,1780,2492,2878,,780,488,512,712,386,3450
6351,781,1268,1780,2493,2904,,781,487,512,713,411,3447
6352,782,1267,1780,2492,2903,,782,485,513,712,411,3449
6226,726,1217,1706,2364,2779,,726,491,489,658,415,3447
6354,784,1293,1782,2495,2904,,784,509,489,713,409,3450
6265,782,1269,1781,2473,2852,,782,487,512,692,379,3413
6145,769,1241,1769,2427,2776,,769,472,528,658,349,3369
6017,701,1173,1602,2300,2633,,701,472,429,698,333,3384
6186,770,1268,1730,2396,2758,,770,498,462,666,362,3428
5970,705,1134,1584,2205,2526,,705,429,450,621,321,3444
6212,768,1239,1767,2466,2771,,768,471,528,699,305,3441
6260,767,1239,1769,2466,2822,,767,472,530,697,356,3438
6110,703,1178,1675,2337,2733,,703,475,497,662,396,3377
6123,702,1199,1671,2326,2752,,702,497,472,655,426,3371
6188,771,1243,1727,2393,2749,,771,472,484,666,356,3439
6350,779,1266,1779,2493,2901,,779,487,513,714,408,3449
6349,780,1266,1780,2492,2903,,780,486,514,712,411,3446
6349,780,1266,1779,2491,2902,,780,486,513,712,411,3447
6223,791,1260,1757,2408,2786,,791,469,497,651,378,3437
6126,706,1136,1618,2314,2682,,706,430,482,696,368,3444
6351,779,1266,1780,2492,2903,,779,487,514,712,411,3448
6353,782,1268,1781,2493,2904,,782,486,513,712,411,3449
6376,781,1269,1780,2493,2929,,781,488,511,713,436,3447
6289,780,1266,1779,2492,2849,,780,486,513,713,357,3440
6302,771,1244,1770,2469,2851,,771,473,526,699,382,3451
6328,781,1269,1781,2473,2879,,781,488,512,692,406,3449
6351,781,1268,1784,2494,2903,,781,487,516,710,409,3448
6350,780,1268,1780,2492,2903,,780,488,512,712,411,3447
6173,810,1320,1767,2434,2764,,810,510,447,667,330,3409
6276,782,1268,1772,2466,2840,,782,486,504,694,374,3436
6252,782,1268,1760,2393,2805,,782,486,492,633,412,3447
6378,781,1267,1784,2494,2929,,781,486,517,710,435,3449
6353,782,1268,1782,2496,2905,,782,486,514,714,409,3448
6203,783,1219,1784,2416,2745,,783,436,565,632,329,3458
6351,781,1267,1781,2494,2904,,781,486,514,713,410,3447
6404,782,1269,1782,2496,2961,,782,487,513,714,465,3443
6360,781,1268,1781,2494,2905,,781,487,513,713,411,3455
6240,725,1208,1771,2427,2800,,725,483,563,656,373,3440
6085,767,1194,1609,2276,2611,,767,427,415,667,335,3474
6329,784,1272,1786,2476,2880,,784,488,514,690,404,3449
6353,781,1269,1781,2493,2905,,781,488,512,712,412,3448
6376,780,1267,1780,2492,2928,,780,487,513,712,436,3448
6353,782,1269,1782,2494,2904,,782,487,513,712,410,3449
6328,782,1268,1781,2494,2885,,782,486,513,713,391,3443
6350,781,1268,1782,2493,2904,,781,487,514,711,411,3446
6327,781,1267,1780,2493,2880,,781,486,513,713,387,3447
6373,781,1268,1780,2494,2929,,781,487,512,714,435,3444
6355,717,1225,1783,2495,2906,,717,508,558,712,411,3449
6231,782,1270,1757,2426,2785,,782,488,487,669,359,3446
6352,783,1269,1783,2494,2905,,783,486,514,711,411,3447
6358,784,1270,1782,2495,2907,,784,486,512,713,412,3451
6355,783,1271,1781,2494,2904,,783,488,510,713,410,3451
6353,782,1268,1782,2493,2903,,782,486,514,711,410,3450
6227,710,1116,1594,2358,2779,,710,406,478,764,421,3448
6376,783,1270,1783,2495,2932,,783,487,513,712,437,3444
6353,781,1269,1780,2494,2905,,781,488,511,714,411,3448
6353,784,1269,1783,2495,2906,,784,485,514,712,411,3447
6409,783,1271,1783,2497,2931,,783,488,512,714,434,3478
5995,664,1077,1533,2214,2588,,664,413,456,681,374,3407
6167,708,1169,1611,2339,2758,,708,461,442,728,419,3409
5984,681,1120,1558,2215,2577,,681,439,438,657,362,3407
6355,783,1271,1784,2497,2906,,783,488,513,713,409,3449
6351,782,1268,1782,2494,2905,,782,486,514,712,411,3446
6252,768,1178,1666,2381,2804,,768,410,488,715,423,3448
6352,782,1269,1783,2495,2905,,782,487,514,712,410,3447
6329,781,1267,1780,2492,2904,,781,486,513,712,412,3425
6302,782,1270,1783,2474,2880,,782,488,513,691,406,3422
6228,713,1124,1607,2358,2781,,713,411,483,751,423,3447
6062,704,1170,1604,2280,2626,,704,466,434,676,346,3436
6262,773,1245,1770,2425,2829,,773,472,525,655,404,3433
6290,770,1242,1768,2431,2842,,770,472,526,663,411,3448
6246,771,1242,1771,2468,2865,,771,471,529,697,397,3381
6173,770,1242,1771,2427,2797,,770,472,529,656,370,3376
6129,722,1128,1562,2261,2655,,722,406,434,699,394,3474
6212,770,1243,1771,2426,2795,,770,473,528,655,369,3417
6352,810,1320,1805,2482,2903,,810,510,485,677,421,3449
6352,781,1268,1781,2493,2905,,781,487,513,712,412,3447
6330,781,1268,1781,2493,2904,,781,487,513,712,411,3426
6253,810,1297,1708,2389,2775,,810,487,411,681,386,3478
6151,726,1145,1631,2357,2705,,726,419,486,726,348,3446
6379,783,1270,1783,2496,2931,,783,487,513,713,435,3448
6378,783,1270,1782,2495,2931,,783,487,512,713,436,3447
6407,782,1268,1781,2494,2932,,782,486,513,713,438,3475
6347,777,1264,1776,2489,2900,,777,487,512,713,411,3447
6326,782,1269,1782,2493,2905,,782,487,513,711,412,3421
6328,782,1270,1782,2494,2887,,782,488,512,712,393,3441
6353,781,1268,1780,2494,2904,,781,487,512,714,410,3449
6354,782,1269,1782,2495,2906,,782,487,513,713,411,3448
6304,782,1269,1782,2469,2837,,782,487,513,687,368,3467
6277,782,1191,1699,2409,2830,,782,409,508,710,421,3447
6354,783,1270,1783,2495,2898,,783,487,513,712,403,3456
6352,782,1268,1782,2493,2905,,782,486,514,711,412,3447
6353,783,1270,1783,2496,2905,,783,487,513,713,409,3448
6355,782,1270,1783,2496,2915,,782,488,513,713,419,3440
6380,782,1271,1781,2494,2929,,782,489,510,713,435,3451
6354,781,1268,1785,2494,2905,,781,487,517,709,411,3449
6354,783,1270,1783,2495,2906,,783,487,513,712,411,3448
6303,783,1270,1731,2445,2855,,783,487,461,714,410,3448
6379,782,1268,1781,2523,2890,,782,486,513,742,367,3489
6214,772,1184,1607,2346,2770,,772,412,423,739,424,3444
6265,771,1243,1770,2467,2823,,771,472,527,697,356,3442
6273,770,1243,1770,2468,2868,,770,473,527,698,400,3405
6147,769,1243,1769,2425,2770,,769,474,526,656,345,3377
6328,771,1245,1747,2461,2878,,771,474,502,714,417,3450
6352,781,1268,1781,2494,2904,,781,487,513,713,410,3448
6403,782,1268,1781,2523,2955,,782,486,513,742,432,3448
6353,782,1268,1781,2494,2904,,782,486,513,713,410,3449
6378,783,1295,1783,2496,2930,,783,512,488,713,434,3448
6327,780,1267,1758,2491,2864,,780,487,491,733,373,3463
6294,781,1270,1731,2431,2842,,781,489,461,700,411,3452
6085,770,1243,1770,2389,2693,,770,473,527,619,304,3392
6073,771,1244,1731,2368,2701,,771,473,487,637,333,3372
6213,767,1238,1768,2420,2775,,767,471,530,652,355,3438
6116,770,1243,1727,2390,2745,,770,473,484,663,355,3371
6105,704,1176,1648,2333,2733,,704,472,472,685,400,3372
6305,774,1248,1752,2433,2856,,774,474,504,681,423,3449
6382,781,1267,1780,2493,2904,,781,486,513,713,411,3478
6406,780,1267,1810,2520,2929,,780,487,543,710,409,3477
6202,810,1229,1717,2358,2716,,810,419,488,641,358,3486
6262,781,1269,1742,2439,2802,,781,488,473,697,363,3460
6214,770,1188,1603,2346,2767,,770,418,415,743,421,3447
6200,771,1244,1770,2466,2825,,771,473,526,696,359,3375
6146,771,1244,1771,2427,2778,,771,473,527,656,351,3368
6163,771,1241,1730,2391,2755,,771,470,489,661,364,3408
6402,781,1268,1780,2492,2933,,781,487,512,712,441,3469
6352,782,1267,1781,2493,2881,,782,485,514,712,388,3471
6350,779,1266,1779,2492,2903,,779,487,513,713,411,3447
6376,781,1267,1784,2497,2929,,781,486,517,713,432,3447
6250,780,1267,1760,2440,2810,,780,487,493,680,370,3440
6329,781,1269,1763,2460,2879,,781,488,494,697,419,3450
6327,780,1269,1780,2493,2876,,780,489,511,713,383,3451
6353,781,1268,1781,2495,2904,,781,487,513,714,409,3449
6353,781,1269,1780,2494,2904,,781,488,511,714,410,3449
6202,782,1268,1763,2446,2791,,782,486,495,683,345,3411
6402,780,1266,1779,2492,2926,,780,486,513,713,434,3476
6353,783,1268,1782,2494,2907,,783,485,514,712,413,3446
6351,780,1267,1779,2493,2903,,780,487,512,714,410,3448
6379,783,1270,1783,2499,2931,,783,487,513,716,432,3448
6327,781,1267,1780,2492,2878,,781,486,513,712,386,3449
6250,782,1272,1732,2385,2805,,782,490,460,653,420,3445
6358,786,1273,1786,2498,2910,,786,487,513,712,412,3448
6378,781,1268,1781,2495,2934,,781,487,513,714,439,3444
6351,782,1269,1781,2494,2905,,782,487,512,713,411,3446
6179,783,1270,1782,2416,2747,,783,487,512,634,331,3432
6352,782,1269,1782,2496,2905,,782,487,513,714,409,3447
6352,782,1269,1782,2494,2904,,782,487,513,712,410,3448
6355,781,1267,1781,2492,2903,,781,486,514,711,411,3452
6326,782,1268,1780,2492,2885,,782,486,512,712,393,3441
6327,780,1297,1780,2493,2880,,780,517,483,713,387,3447
6274,783,1269,1761,2445,2830,,783,486,492,684,385,3444
6353,784,1269,1782,2495,2905,,784,485,513,713,410,3448
6378,782,1271,1783,2494,2932,,782,489,512,711,438,3446
6353,783,1268,1782,2494,2905,,783,485,514,712,411,3448
6301,782,1269,1781,2473,2880,,782,487,512,692,407,3421
6352,783,1268,1782,2494,2905,,783,485,514,712,411,3447
6353,782,1270,1781,2494,2905,,782,488,511,713,411,3448
6352,783,1268,1781,2493,2905,,783,485,513,712,412,3447
6353,782,1268,1780,2494,2894,,782,486,512,714,400,3459
6331,782,1269,1782,2493,2881,,782,487,513,711,388,3450
6121,781,1268,1785,2424,2750,,781,487,517,639,326,3371
6276,783,1269,1782,2473,2859,,783,486,513,691,386,3417
6239,784,1269,1763,2446,2832,,784,485,494,683,386,3407
6203,772,1244,1772,2469,2827,,772,472,528,697,358,3376
6183,701,1197,1625,2360,2763,,701,496,428,735,403,3420
6280,708,1182,1665,2385,2807,,708,474,483,720,422,3473
6289,780,1268,1780,2441,2843,,780,488,512,661,402,3446
6197,767,1238,1768,2468,2820,,767,471,530,700,352,3377
6030,700,1173,1600,2306,2638,,700,473,427,706,332,3392
6198,771,1242,1729,2421,2787,,771,471,487,692,366,3411
6256,781,1268,1780,2472,2819,,781,487,512,692,347,3437
6274,771,1243,1770,2467,2867,,771,472,527,697,400,3407
6173,768,1239,1767,2422,2795,,768,471,528,655,373,3378
6095,769,1240,1726,2389,2726,,769,471,486,663,337,3369
6229,701,1173,1620,2370,2804,,701,472,447,750,434,3425
6377,783,1270,1782,2495,2906,,783,487,512,713,411,3471
6326,780,1268,1781,2473,2875,,780,488,513,692,402,3451
6354,782,1269,1781,2494,2905,,782,487,512,713,411,3449
6352,783,1269,1783,2495,2905,,783,486,514,712,410,3447
6297,783,1270,1782,2494,2879,,783,487,512,712,385,3418
6299,783,1269,1782,2485,2871,,783,486,513,703,386,3428
5998,738,1210,1680,2297,2590,,738,472,470,617,293,3408
6202,773,1244,1771,2468,2826,,773,471,527,697,358,3376
6146,771,1267,1770,2426,2776,,771,496,503,656,350,3370
6096,700,1171,1600,2307,2720,,700,471,429,707,413,3376
6053,701,1176,1649,2375,2702,,701,475,473,726,327,3351
6144,772,1244,1692,2386,2701,,772,472,448,694,315,3443
6120,770,1242,1769,2424,2751,,770,472,527,655,327,3369
6057,701,1173,1602,2306,2640,,701,472,429,704,334,3417
6170,771,1242,1771,2429,2776,,771,471,529,658,347,3394
6142,770,1244,1726,2390,2768,,770,474,482,664,378,3374
6317,775,1269,1782,2495,2872,,775,494,513,713,377,3445
6225,771,1244,1773,2471,2849,,771,473,529,698,378,3376
6120,770,1241,1771,2426,2753,,770,471,530,655,327,3367
6193,700,1174,1602,2333,2770,,700,474,428,731,437,3423
6300,711,1196,1687,2407,2830,,711,485,491,720,423,3470
6330,782,1269,1782,2495,2885,,782,487,513,713,390,3445
6380,783,1270,1782,2495,2931,,783,487,512,713,436,3449
6353,782,1269,1782,2494,2905,,782,487,513,712,411,3448
6321,780,1268,1780,2479,2902,,780,488,512,699,423,3419
6327,784,1271,1782,2496,2898,,784,487,511,714,402,3429
6353,781,1294,1785,2494,2903,,781,513,491,709,409,3450
6355,783,1270,1782,2494,2905,,783,487,512,712,411,3450
6333,783,1270,1783,2494,2905,,783,487,513,711,411,3428
6380,784,1270,1783,2495,2930,,784,486,513,712,435,3450
6349,782,1268,1782,2493,2904,,782,486,514,711,411,3445
6353,782,1267,1781,2493,2905,,782,485,514,712,412,3448
6353,782,1268,1780,2493,2905,,782,486,512,713,412,3448
6402,781,1268,1781,2494,2961,,781,487,513,713,467,3441
6351,782,1270,1782,2495,2889,,782,488,512,713,394,3462
6298,781,1299,1783,2474,2855,,781,518,484,691,381,3443
6357,782,1238,1782,2494,2905,,782,456,544,712,411,3452
6377,782,1268,1780,2523,2929,,782,486,512,743,406,3448
6226,724,1218,1706,2395,2780,,724,494,488,689,385,3446
6298,778,1265,1778,2490,2857,,778,487,513,712,367,3441
6350,780,1268,1776,2494,2904,,780,488,508,718,410,3446
6352,782,1268,1781,2493,2888,,782,486,513,712,395,3464
6372,781,1268,1783,2494,2928,,781,487,515,711,434,3444
6352,781,1267,1781,2493,2904,,781,486,514,712,411,3448
6132,781,1268,1760,2390,2739,,781,487,492,630,349,3393
6081,771,1268,1769,2385,2714,,771,497,501,616,329,3367
6280,772,1200,1693,2408,2832,,772,428,493,715,424,3448
6352,783,1269,1782,2495,2904,,783,486,513,713,409,3448
6326,782,1268,1781,2494,2909,,782,486,513,713,415,3417
6379,782,1273,1786,2495,2930,,782,491,513,709,435,3449
6347,782,1268,1781,2493,2904,,782,486,513,712,411,3443
6352,780,1267,1779,2493,2904,,780,487,512,714,411,3448
6380,782,1324,1807,2519,2930,,782,542,483,712,411,3450
6352,781,1267,1780,2492,2904,,781,486,513,712,412,3448
6232,782,1268,1760,2445,2829,,782,486,492,685,384,3403
6093,772,1243,1771,2385,2713,,772,471,528,614,328,3380
6277,768,1198,1691,2405,2828,,768,430,493,714,423,3449
6381,781,1268,1781,2493,2904,,781,487,513,712,411,3477
6300,780,1266,1779,2493,2881,,780,486,513,714,388,3419
6351,781,1267,1780,2495,2902,,781,486,513,715,407,3449
6380,782,1268,1782,2495,2929,,782,486,514,713,434,3451
6351,780,1266,1780,2491,2902,,780,486,514,711,411,3449
6351,781,1267,1780,2492,2903,,781,486,513,712,411,3448
6402,781,1268,1781,2547,2954,,781,487,513,766,407,3448
6177,780,1268,1759,2443,2829,,780,488,491,684,386,3348
6348,781,1268,1781,2494,2904,,781,487,513,713,410,3444
6277,782,1269,1782,2474,2856,,782,487,513,692,382,3421
6354,784,1271,1782,2495,2906,,784,487,511,713,411,3448
6357,783,1270,1784,2493,2906,,783,487,514,709,413,3451
6353,783,1295,1782,2494,2910,,783,512,487,712,416,3443
6376,782,1269,1813,2523,2930,,782,487,544,710,407,3446
6354,784,1271,1785,2495,2907,,784,487,514,710,412,3447
6354,783,1270,1781,2494,2905,,783,487,511,713,411,3449
6353,784,1271,1782,2494,2905,,784,487,511,712,411,3448
6306,784,1269,1782,2496,2905,,784,485,513,714,409,3401
6332,784,1270,1782,2496,2885,,784,486,512,714,389,3447
6354,783,1270,1771,2481,2906,,783,487,501,710,425,3448
6353,782,1270,1783,2494,2906,,782,488,513,711,412,3447
6352,782,1269,1782,2494,2904,,782,487,513,712,410,3448
6381,784,1272,1785,2498,2932,,784,488,513,713,434,3449
6379,782,1270,1782,2495,2906,,782,488,512,713,411,3473
6379,783,1269,1786,2494,2931,,783,486,517,708,437,3448
6354,782,1270,1784,2496,2905,,782,488,514,712,409,3449
6354,782,1268,1779,2492,2928,,782,486,511,713,436,3426
6187,784,1271,1706,2396,2781,,784,487,435,690,385,3406
6133,704,1176,1648,2369,2791,,704,472,472,721,422,3342
6304,770,1269,1728,2446,2855,,770,499,459,718,409,3449
6326,781,1268,1781,2492,2887,,781,487,513,711,395,3439
6352,783,1267,1780,2493,2903,,783,484,513,713,410,3449
6353,782,1269,1784,2495,2905,,782,487,515,711,410,3448
6378,782,1247,1783,2493,2904,,782,465,536,710,411,3474
6378,783,1268,1782,2494,2907,,783,485,514,712,413,3471
6353,782,1269,1781,2495,2904,,782,487,512,714,409,3449
6353,782,1271,1783,2495,2905,,782,489,512,712,410,3448
6314,783,1300,1809,2499,2906,,783,517,509,690,407,3408
6087,771,1243,1772,2386,2713,,771,472,529,614,327,3374
6328,771,1266,1746,2456,2881,,771,495,480,710,425,3447
6328,782,1269,1781,2494,2884,,782,487,512,713,390,3444
6302,782,1268,1782,2495,2886,,782,486,514,713,391,3416
6353,783,1269,1782,2494,2905,,783,486,513,712,411,3448
6356,782,1268,1782,2494,2904,,782,486,514,712,410,3452
6354,785,1295,1781,2497,2906,,785,510,486,716,409,3448
6353,783,1269,1781,2495,2905,,783,486,512,714,410,3448
6351,783,1268,1782,2494,2903,,783,485,514,712,409,3448
6298,783,1294,1782,2473,2881,,783,511,488,691,408,3417
6377,782,1269,1782,2496,2906,,782,487,513,714,410,3471
6378,782,1268,1782,2495,2928,,782,486,514,713,433,3450
6377,783,1269,1782,2495,2931,,783,486,513,713,436,3446
6277,781,1268,1783,2473,2855,,781,487,515,690,382,3422
6376,782,1269,1782,2497,2929,,782,487,513,715,432,3447
6351,782,1294,1781,2495,2905,,782,512,487,714,410,3446
6355,782,1271,1782,2495,2906,,782,489,511,713,411,3449
6353,781,1269,1783,2493,2905,,781,488,514,710,412,3448
6275,782,1273,1786,2475,2855,,782,491,513,689,380,3420
6379,784,1270,1784,2495,2930,,784,486,514,711,435,3449
6376,813,1297,1782,2493,2904,,813,484,485,711,411,3472
6378,781,1269,1811,2518,2930,,781,488,542,707,412,3448
6353,781,1269,1782,2495,2907,,781,488,513,713,412,3446
6328,782,1269,1813,2503,2907,,782,487,544,690,404,3421
6378,783,1270,1782,2495,2930,,783,487,512,713,435,3448
6350,780,1268,1780,2492,2903,,780,488,512,712,411,3447
6354,781,1268,1780,2494,2905,,781,487,512,714,411,3449
6377,782,1268,1781,2495,2934,,782,486,513,714,439,3443
6377,782,1271,1783,2494,2934,,782,489,512,711,440,3443
6213,782,1248,1756,2445,2797,,782,466,508,689,352,3416
6084,772,1268,1772,2387,2715,,772,496,504,615,328,3369
6289,770,1243,1769,2425,2845,,770,473,526,656,420,3444
6272,770,1241,1771,2470,2865,,770,471,530,699,395,3407
6148,772,1245,1772,2428,2777,,772,473,527,656,349,3371
6189,770,1267,1729,2391,2750,,770,497,462,662,359,3439
6378,782,1268,1781,2493,2905,,782,486,513,712,412,3473
6355,782,1269,1782,2495,2906,,782,487,513,713,411,3449
6357,782,1269,1781,2493,2904,,782,487,512,712,411,3453
6353,784,1270,1783,2496,2906,,784,486,513,713,410,3447
6278,784,1270,1786,2476,2857,,784,486,516,690,381,3421
6325,780,1273,1783,2496,2890,,780,493,510,713,394,3435
6383,781,1269,1781,2493,2900,,781,488,512,712,407,3483
6407,784,1272,1784,2495,2931,,784,488,512,711,436,3476
6374,781,1242,1808,2546,2957,,781,461,566,738,411,3417
6352,784,1272,1784,2496,2907,,784,488,512,712,411,3445
6238,782,1268,1761,2469,2799,,782,486,493,708,330,3439
6267,772,1245,1773,2470,2826,,772,473,528,697,356,3441
6199,771,1243,1772,2469,2823,,771,472,529,697,354,3376
6057,706,1179,1635,2313,2643,,706,473,456,678,330,3414
6376,780,1267,1781,2493,2905,,780,487,514,712,412,3471
6349,781,1271,1784,2492,2903,,781,490,513,708,411,3446
6327,782,1267,1781,2493,2879,,782,485,514,712,386,3448
6353,782,1268,1782,2495,2905,,782,486,514,713,410,3448
6354,784,1271,1784,2495,2906,,784,487,513,711,411,3448
6353,783,1269,1783,2494,2905,,783,486,514,711,411,3448
6380,783,1269,1783,2495,2905,,783,486,514,712,410,3475
6268,723,1209,1694,2403,2820,,723,486,485,709,417,3448
6351,780,1266,1780,2492,2903,,780,486,514,712,411,3448
6322,782,1269,1781,2495,2905,,782,487,512,714,410,3417
6273,784,1270,1786,2476,2856,,784,486,516,690,380,3417
6354,784,1271,1784,2496,2907,,784,487,513,712,411,3447
6354,783,1269,1782,2494,2905,,783,486,513,712,411,3449
6354,784,1271,1784,2495,2906,,784,487,513,711,411,3448
6379,784,1296,1784,2495,2931,,784,512,488,711,436,3448
6348,784,1270,1813,2523,2957,,784,486,543,710,434,3391
6314,772,1244,1772,2468,2868,,772,472,528,696,400,3446
6268,771,1244,1773,2470,2827,,771,473,529,697,357,3441
6201,772,1269,1771,2467,2826,,772,497,502,696,359,3375
6057,705,1180,1635,2321,2646,,705,475,455,686,325,3411
6256,701,1174,1671,2373,2773,,701,473,497,702,400,3483
6358,783,1269,1781,2454,2882,,783,486,512,673,428,3476
6354,783,1270,1782,2496,2906,,783,487,512,714,410,3448
6354,783,1269,1782,2495,2906,,783,486,513,713,411,3448
6277,782,1269,1781,2475,2856,,782,487,512,694,381,3421
6385,780,1268,1780,2523,2928,,780,488,512,743,405,3457
6352,782,1270,1782,2494,2905,,782,488,512,712,411,3447
6379,783,1270,1783,2495,2930,,783,487,513,712,435,3449
6326,781,1269,1780,2494,2884,,781,488,511,714,390,3442
6352,782,1273,1782,2495,2905,,782,491,509,713,410,3447
6354,784,1271,1783,2496,2907,,784,487,512,713,411,3447
6376,782,1269,1781,2495,2930,,782,487,512,714,435,3446
6379,783,1270,1784,2496,2930,,783,487,514,712,434,3449
6353,781,1273,1785,2494,2905,,781,492,512,709,411,3448
6353,783,1272,1781,2494,2905,,783,489,509,713,411,3448
6376,781,1268,1784,2496,2928,,781,487,516,712,432,3448
6378,783,1300,1783,2496,2930,,783,517,483,713,434,3448
6332,782,1269,1782,2494,2906,,782,487,513,712,412,3426
6237,783,1270,1762,2445,2832,,783,487,492,683,387,3405
6136,708,1183,1655,2340,2759,,708,475,472,685,419,3377
6215,700,1172,1645,2374,2798,,700,472,473,729,424,3417
6206,703,1178,1650,2334,2756,,703,475,472,684,422,3450
6276,713,1205,1694,2406,2829,,713,492,489,712,423,3447
6353,782,1269,1781,2494,2906,,782,487,512,713,412,3447
6352,783,1263,1781,2495,2904,,783,480,518,714,409,3448
6353,782,1269,1782,2496,2905,,782,487,513,714,409,3448
6328,782,1269,1782,2494,2884,,782,487,513,712,390,3444
6377,770,1254,1781,2493,2929,,770,484,527,712,436,3448
6378,783,1270,1783,2494,2930,,783,487,513,711,436,3448
6333,783,1269,1783,2494,2906,,783,486,514,711,412,3427
6278,783,1270,1783,2495,2827,,783,487,513,712,332,3451
6376,781,1269,1781,2494,2904,,781,488,512,713,410,3472
6289,716,1199,1687,2396,2811,,716,483,488,709,415,3478
6353,784,1270,1782,2494,2905,,784,486,512,712,411,3448
6301,782,1270,1782,2475,2880,,782,488,512,693,405,3421
6377,783,1270,1783,2507,2931,,783,487,513,724,424,3446
6354,783,1269,1784,2494,2904,,783,486,515,710,410,3450
6354,786,1272,1781,2496,2905,,786,486,509,715,409,3449
6355,787,1272,1784,2496,2908,,787,485,512,712,412,3447
6245,722,1207,1693,2404,2820,,722,485,486,711,416,3425
6229,785,1272,1785,2427,2806,,785,487,513,642,379,3423
6390,784,1272,1784,2497,2908,,784,488,512,713,411,3482
6354,782,1269,1780,2495,2905,,782,487,511,715,410,3449
6354,783,1271,1784,2497,2906,,783,488,513,713,409,3448
6354,783,1270,1785,2495,2906,,783,487,515,710,411,3448
6380,785,1276,1786,2499,2932,,785,491,510,713,433,3448
6378,782,1269,1783,2496,2932,,782,487,514,713,436,3446
6354,783,1271,1783,2495,2906,,783,488,512,712,411,3448
6352,781,1269,1781,2494,2905,,781,488,512,713,411,3447
6326,778,1266,1778,2491,2902,,778,488,512,713,411,3424
6302,784,1270,1783,2479,2881,,784,486,513,696,402,3421
6358,785,1271,1784,2496,2907,,785,486,513,712,411,3451
6326,781,1267,1781,2472,2879,,781,486,514,691,407,3447
6353,783,1296,1782,2496,2906,,783,513,486,714,410,3447
6379,784,1272,1782,2496,2931,,784,488,510,714,435,3448
6354,784,1270,1784,2495,2903,,784,486,514,711,408,3451
6354,785,1271,1785,2496,2908,,785,486,514,711,412,3446
6354,786,1247,1783,2495,2906,,786,461,536,712,411,3448
6380,785,1273,1785,2496,2932,,785,488,512,711,436,3448
6333,784,1300,1784,2496,2907,,784,516,484,712,411,3426
6253,784,1272,1784,2475,2833,,784,488,512,691,358,3420
6381,786,1272,1785,2497,2909,,786,486,513,712,412,3472
6240,690,1172,1661,2395,2796,,690,482,489,734,401,3444
6354,783,1270,1783,2497,2907,,783,487,513,714,410,3447
6357,784,1271,1784,2496,2906,,784,487,513,712,410,3451
6357,786,1271,1785,2498,2908,,786,485,514,713,410,3449
6354,785,1296,1783,2496,2907,,785,511,487,713,411,3447
6230,714,1119,1610,2360,2783,,714,405,491,750,423,3447
6377,782,1269,1782,2499,2929,,782,487,513,717,430,3448
6332,783,1270,1783,2495,2908,,783,487,513,712,413,3424
6279,786,1272,1784,2476,2857,,786,486,512,692,381,3422
6301,717,1206,1696,2406,2827,,717,489,490,710,421,3474
6238,723,1162,1657,2393,2795,,723,439,495,736,402,3443
6355,786,1271,1786,2497,2907,,786,485,515,711,410,3448
6353,784,1271,1783,2496,2906,,784,487,512,713,410,3447
6355,783,1269,1784,2496,2906,,783,486,515,712,410,3449
6358,784,1271,1784,2475,2882,,784,487,513,691,407,3476
6232,718,1121,1612,2359,2782,,718,403,491,747,423,3450
6333,784,1297,1784,2495,2907,,784,513,487,711,412,3426
6240,784,1297,1763,2446,2833,,784,513,466,683,387,3407
6240,774,1248,1773,2471,2801,,774,474,525,698,330,3439
6123,699,1170,1641,2396,2751,,699,471,471,755,355,3372
6268,711,1186,1658,2411,2810,,711,475,472,753,399,3458
6384,783,1270,1773,2480,2907,,783,487,503,707,427,3477
6352,781,1267,1780,2492,2904,,781,486,513,712,412,3448
6354,783,1270,1783,2496,2907,,783,487,513,713,411,3447
6408,783,1270,1784,2496,2932,,783,487,514,712,436,3476
6242,782,1216,1694,2396,2819,,782,434,478,702,423,3423
6274,770,1242,1771,2469,2865,,770,472,529,698,396,3409
6149,772,1244,1773,2429,2778,,772,472,529,656,349,3371
6235,700,1175,1647,2332,2772,,700,475,472,685,440,3463
6275,717,1206,1693,2405,2828,,717,489,487,712,423,3447
6140,692,1119,1601,2293,2702,,692,427,482,692,409,3438
6354,783,1271,1782,2495,2907,,783,488,511,713,412,3447
6355,783,1296,1783,2497,2906,,783,513,487,714,409,3449
6379,783,1271,1783,2496,2932,,783,488,512,713,436,3447
6357,812,1297,1781,2494,2905,,812,485,484,713,411,3452
6317,785,1233,1772,2468,2871,,785,448,539,696,403,3446
6249,772,1246,1771,2468,2866,,772,474,525,697,398,3383
6124,774,1272,1773,2408,2751,,774,498,501,635,343,3373
6192,700,1172,1644,2375,2752,,700,472,472,731,377,3440
5998,705,1177,1649,2297,2629,,705,472,472,648,332,3369
6311,670,1159,1647,2410,2831,,670,489,488,763,421,3480
6361,785,1272,1784,2496,2908,,785,487,512,712,412,3453
6356,786,1270,1783,2495,2906,,786,484,513,712,411,3450
6354,784,1270,1782,2496,2907,,784,486,512,714,411,3447
6402,783,1324,1807,2520,2956,,783,541,483,713,436,3446
6265,783,1233,1719,2416,2818,,783,450,486,697,402,3447
6275,772,1244,1772,2468,2868,,772,472,528,696,400,3407
6055,652,1093,1543,2247,2600,,652,441,450,704,353,3455
6231,699,1173,1645,2373,2773,,699,474,472,728,400,3458
6329,716,1209,1698,2409,2834,,716,493,489,711,425,3495
6249,686,1176,1664,2378,2800,,686,490,488,714,422,3449
6380,784,1271,1783,2495,2931,,784,487,512,712,436,3449
6356,784,1272,1784,2497,2908,,784,488,512,713,411,3448
6353,783,1270,1787,2498,2906,,783,487,517,711,408,3447
6351,780,1267,1779,2491,2902,,780,487,512,712,411,3449
6210,724,1194,1625,2364,2786,,724,470,431,739,422,3424
6251,771,1241,1772,2469,2866,,771,470,531,697,397,3385
6150,781,1260,1772,2426,2779,,781,479,512,654,353,3371
6142,701,1131,1612,2298,2719,,701,430,481,686,421,3423
6199,769,1252,1769,2465,2822,,769,483,517,696,357,3377
6262,683,1167,1655,2392,2817,,683,484,488,737,425,3445
6356,784,1271,1784,2496,2907,,784,487,513,712,411,3449
6153,783,1166,1575,2285,2695,,783,383,409,710,410,3458
6355,782,1269,1782,2495,2906,,782,487,513,713,411,3449
6354,783,1270,1782,2494,2909,,783,487,512,712,415,3445
6147,777,1185,1592,2352,2695,,777,408,407,760,343,3452
6333,785,1296,1785,2496,2912,,785,511,489,711,416,3421
6165,713,1196,1665,2348,2757,,713,483,469,683,409,3408
6240,772,1202,1682,2379,2796,,772,430,480,697,417,3444
6143,772,1244,1773,2469,2775,,772,472,529,696,306,3368
6099,674,1109,1524,2229,2620,,674,435,415,705,391,3479
6274,772,1243,1773,2470,2867,,772,471,530,697,397,3407
6148,773,1245,1770,2426,2778,,773,472,525,656,352,3370
6097,768,1241,1726,2391,2724,,768,473,485,665,333,3373
6218,700,1173,1646,2373,2795,,700,473,473,727,422,3423
6318,772,1245,1773,2471,2867,,772,473,528,698,396,3451
6176,773,1247,1774,2430,2799,,773,474,527,656,369,3377
5998,772,1205,1639,2284,2617,,772,433,434,645,333,3381
6242,702,1173,1602,2337,2793,,702,471,429,735,456,3449
6050,676,1095,1566,2274,2669,,676,419,471,708,395,3381
6126,662,1137,1597,2285,2680,,662,475,460,688,395,3446
6250,773,1270,1773,2470,2868,,773,497,503,697,398,3382
6175,773,1244,1773,2429,2777,,773,471,529,656,348,3398
6031,706,1179,1609,2313,2649,,706,473,430,704,336,3382
6241,772,1245,1772,2469,2803,,772,473,527,697,334,3438
6345,773,1247,1775,2474,2895,,773,474,528,699,421,3450
6146,768,1240,1769,2424,2774,,768,472,529,655,350,3372
6074,773,1270,1730,2370,2703,,773,497,460,640,333,3371
6149,702,1198,1671,2331,2746,,702,496,473,660,415,3403
6125,649,1147,1619,2373,2752,,649,498,472,754,379,3373
6267,649,1179,1661,2381,2816,,649,530,482,720,435,3451
6249,774,1247,1773,2470,2867,,774,473,526,697,397,3382
6150,773,1270,1773,2430,2778,,773,497,503,657,348,3372
6077,771,1269,1728,2367,2711,,771,498,459,639,344,3366
6218,700,1174,1649,2374,2794,,700,474,475,725,420,3424
6268,774,1247,1773,2443,2843,,774,473,526,670,400,3425
6178,773,1249,1775,2430,2799,,773,476,526,655,369,3379
5990,773,1215,1635,2283,2609,,773,442,420,648,326,3381
6145,700,1174,1646,2332,2754,,700,474,472,686,422,3391
6176,659,1149,1621,2374,2797,,659,490,472,753,423,3379
6254,709,1185,1658,2411,2830,,709,476,473,753,419,3424
6202,772,1244,1772,2470,2827,,772,472,528,698,357,3375
6150,772,1270,1773,2428,2779,,772,498,503,655,351,3371
6078,783,1260,1733,2371,2702,,783,477,473,638,331,3376
6218,701,1173,1646,2372,2794,,701,472,473,726,422,3424
6217,773,1246,1773,2470,2776,,773,473,527,697,306,3441
6152,772,1243,1773,2429,2779,,772,471,530,656,350,3373
6066,771,1242,1723,2365,2699,,771,471,481,642,334,3367
6154,700,1174,1647,2333,2751,,700,474,473,686,418,3403
6150,744,1201,1679,2375,2769,,744,457,478,696,394,3381
6139,704,1131,1624,2321,2727,,704,427,493,697,406,3412
6151,774,1271,1778,2445,2780,,774,497,507,667,335,3371
6191,770,1241,1771,2417,2748,,770,471,530,646,331,3443
6204,771,1243,1771,2468,2824,,771,472,528,697,356,3380
6116,772,1244,1773,2391,2695,,772,472,529,618,304,3421
6240,632,1147,1621,2372,2795,,632,515,474,751,423,3445
6202,771,1268,1770,2468,2826,,771,497,502,698,358,3376
6148,770,1242,1772,2427,2777,,770,472,530,655,350,3371
6242,701,1174,1647,2373,2795,,701,473,473,726,422,3447
6102,699,1126,1596,2298,2714,,699,427,470,702,416,3388
6219,719,1159,1631,2350,2769,,719,440,472,719,419,3450
6205,774,1248,1774,2473,2828,,774,474,526,699,355,3377
6150,772,1245,1772,2427,2778,,772,473,527,655,351,3372
6103,775,1248,1731,2369,2702,,775,473,483,638,333,3401
6243,703,1134,1614,2374,2794,,703,431,480,760,420,3449
5975,733,1211,1684,2303,2594,,733,478,473,619,291,3381
6204,774,1246,1773,2469,2824,,774,472,527,696,355,3380
6074,774,1247,1733,2369,2704,,774,473,486,636,335,3370
6243,701,1174,1646,2373,2795,,701,473,472,727,422,3448
6029,770,1178,1655,2354,2678,,770,408,477,699,324,3351
6218,727,1157,1637,2350,2768,,727,430,480,713,418,3450
6205,774,1248,1773,2471,2826,,774,474,525,698,355,3379
6151,773,1271,1773,2429,2780,,773,498,502,656,351,3371
6078,773,1245,1732,2370,2701,,773,472,487,638,331,3377
6242,700,1172,1644,2372,2793,,700,472,472,728,421,3449
6244,732,1211,1684,2382,2794,,732,479,473,698,412,3450
6178,774,1246,1771,2426,2800,,774,472,525,655,374,3378
6102,774,1247,1733,2392,2729,,774,473,486,659,337,3373
6093,700,1174,1583,2274,2666,,700,474,409,691,392,3427
6217,714,1122,1600,2351,2768,,714,408,478,751,417,3449
6092,713,1117,1545,2256,2654,,713,404,428,711,398,3438
6202,773,1246,1774,2472,2827,,773,473,528,698,355,3375
6126,774,1246,1774,2432,2754,,774,472,528,658,322,3372
6078,775,1273,1732,2370,2702,,775,498,459,638,332,3376
6215,711,1166,1646,2373,2792,,711,455,480,727,419,3423
6218,731,1210,1682,2379,2792,,731,479,472,697,413,3426
6177,774,1247,1774,2430,2799,,774,473,527,656,369,3378
6090,774,1245,1747,2390,2724,,774,471,502,643,334,3366
6244,700,1174,1603,2376,2796,,700,474,429,773,420,3448
6120,713,1118,1549,2249,2667,,713,405,431,700,418,3453
5993,643,1082,1486,2169,2543,,643,439,404,683,374,3450
6249,773,1245,1772,2470,2866,,773,472,527,698,396,3383
6151,773,1245,1773,2428,2780,,773,472,528,655,352,3371
6100,772,1247,1732,2394,2729,,772,475,485,662,335,3371
6244,700,1175,1647,2375,2795,,700,475,472,728,420,3449
6216,712,1118,1598,2349,2767,,712,406,480,751,418,3449
6201,773,1272,1773,2472,2831,,773,499,501,699,359,3370
6144,774,1272,1785,2433,2775,,774,498,513,648,342,3369
6104,646,1151,1581,2276,2697,,646,505,430,695,421,3407
5890,636,1082,1448,2128,2489,,636,446,366,680,361,3401
5890,671,1097,1471,2144,2531,,671,426,374,673,387,3359
5752,627,1041,1437,2063,2381,,627,414,396,626,318,3371
5733,626,1037,1432,2055,2399,,626,411,395,623,344,3334
5733,626,1037,1433,2062,2387,,626,411,396,629,325,3346
5904,626,1038,1434,2137,2528,,626,412,396,703,391,3376
6094,642,1087,1554,2228,2614,,642,445,467,674,386,3480
6357,787,1273,1787,2499,2909,,787,486,514,712,410,3448
6330,784,1249,1759,2470,2881,,784,465,510,711,411,3449
6292,787,1274,1749,2449,2848,,787,487,475,700,399,3444
6093,714,1148,1556,2248,2642,,714,434,408,692,394,3451
6092,733,1145,1558,2271,2663,,733,412,413,713,392,3429
6117,773,1245,1773,2391,2697,,773,472,528,618,306,3420
6126,773,1246,1773,2427,2754,,773,473,527,654,327,3372
6101,775,1248,1733,2392,2733,,775,473,485,659,341,3368
6142,701,1173,1580,2273,2689,,701,472,407,693,416,3453
6219,712,1118,1598,2349,2768,,712,406,480,751,419,3451
6202,773,1247,1773,2471,2826,,773,474,526,698,355,3376
6100,772,1244,1732,2393,2727,,772,472,488,661,334,3373
6143,700,1198,1627,2312,2707,,700,498,429,685,395,3436
6090,712,1118,1531,2224,2640,,712,406,413,693,416,3450
6092,749,1159,1569,2272,2663,,749,410,410,703,391,3429
6203,773,1244,1772,2470,2825,,773,471,528,698,355,3378
6156,774,1245,1773,2428,2780,,774,471,528,655,352,3376
6080,775,1247,1731,2369,2703,,775,472,484,638,334,3377
6241,701,1175,1604,2374,2794,,701,474,429,770,420,3447
6216,714,1142,1584,2321,2765,,714,428,442,737,444,3451
6203,773,1245,1773,2470,2825,,773,472,528,697,355,3378
6099,774,1246,1733,2393,2729,,774,472,487,660,336,3370
6204,690,1174,1602,2316,2798,,690,484,428,714,482,3406
5944,713,1118,1527,2183,2539,,713,405,409,656,356,3405
6331,780,1234,1748,2456,2883,,780,454,514,708,427,3448
6380,785,1271,1783,2496,2932,,785,486,512,713,436,3448
6382,784,1272,1786,2497,2933,,784,488,514,711,436,3449
6257,785,1272,1785,2419,2811,,785,487,513,634,392,3446
6379,784,1296,1814,2523,2934,,784,512,518,709,411,3445
6305,785,1245,1759,2471,2863,,785,460,514,712,392,3442
6356,786,1271,1784,2497,2909,,786,485,513,713,412,3447
6331,786,1250,1760,2473,2884,,786,464,510,713,411,3447
6257,750,1245,1783,2418,2832,,750,495,538,635,414,3425
6272,771,1243,1765,2462,2864,,771,472,522,697,402,3408
6098,726,1133,1540,2190,2599,,726,407,407,650,409,3499
6356,784,1272,1785,2497,2907,,784,488,513,712,410,3449
6402,782,1268,1781,2523,2955,,782,486,513,742,432,3447
6280,785,1272,1784,2419,2833,,785,487,512,635,414,3447
6356,743,1231,1784,2497,2908,,743,488,553,713,411,3448
6280,784,1298,1723,2433,2837,,784,514,425,710,404,3443
6355,785,1272,1786,2497,2908,,785,487,514,711,411,3447
6281,784,1222,1710,2399,2833,,784,438,488,689,434,3448
6257,784,1272,1785,2418,2834,,784,488,513,633,416,3423
6178,766,1222,1703,2366,2758,,766,456,481,663,392,3420
6251,782,1244,1752,2434,2825,,782,462,508,682,391,3426
6355,785,1273,1785,2497,2907,,785,488,512,712,410,3448
6329,786,1273,1784,2496,2888,,786,487,511,712,392,3441
6355,785,1273,1783,2476,2907,,785,488,510,693,431,3448
6354,785,1272,1786,2498,2908,,785,487,514,712,410,3446
6256,810,1257,1720,2428,2812,,810,447,463,708,384,3444
6356,785,1271,1784,2497,2909,,785,486,513,713,412,3447
6253,785,1251,1760,2456,2833,,785,466,509,696,377,3420
6306,788,1315,1812,2523,2854,,788,527,497,711,331,3452
6231,786,1296,1723,2367,2782,,786,510,427,644,415,3449
6204,785,1298,1747,2392,2754,,785,513,449,645,362,3450
6380,786,1272,1786,2500,2933,,786,486,514,714,433,3447
6355,784,1271,1785,2498,2907,,784,487,514,713,409,3448
6308,785,1273,1785,2477,2859,,785,488,512,692,382,3449
6355,785,1297,1784,2496,2909,,785,512,487,712,413,3446
6331,785,1248,1744,2451,2885,,785,463,496,707,434,3446
6286,717,1228,1714,2424,2838,,717,511,486,710,414,3448
6282,786,1251,1760,2408,2833,,786,465,509,648,425,3449
6207,714,1120,1609,2360,2783,,714,406,489,751,423,3424
6179,785,1272,1706,2372,2758,,785,487,434,666,386,3421
6280,786,1274,1764,2411,2828,,786,488,490,647,417,3452
6355,783,1272,1785,2497,2907,,783,489,513,712,410,3448
6356,787,1274,1785,2499,2909,,787,487,511,714,410,3447
6282,786,1272,1786,2499,2831,,786,486,514,713,332,3451
6231,715,1125,1611,2360,2784,,715,410,486,749,424,3447
6331,786,1252,1748,2455,2885,,786,466,496,707,430,3446
6356,814,1299,1784,2497,2908,,814,485,485,713,411,3448
6307,786,1252,1761,2447,2858,,786,466,509,686,411,3449
6231,771,1179,1668,2385,2807,,771,408,489,717,422,3424
6205,786,1195,1602,2333,2780,,786,409,407,731,447,3425
6180,724,1150,1656,2327,2719,,724,426,506,671,392,3461
6355,785,1271,1785,2497,2907,,785,486,514,712,410,3448
6357,784,1297,1784,2498,2908,,784,513,487,714,410,3449
6331,785,1272,1784,2497,2887,,785,487,512,713,390,3444
6379,785,1272,1785,2496,2934,,785,487,513,711,438,3445
6331,785,1272,1759,2460,2887,,785,487,487,701,427,3444
6330,785,1272,1785,2498,2887,,785,487,513,713,389,3443
6177,786,1194,1639,2336,2752,,786,408,445,697,416,3425
6179,786,1195,1664,2373,2762,,786,409,469,709,389,3417
6153,784,1250,1756,2404,2743,,784,466,506,648,339,3410
6272,728,1218,1705,2416,2852,,728,490,487,711,436,3420
6383,785,1272,1785,2497,2933,,785,487,513,712,436,3450
6356,786,1271,1785,2497,2908,,786,485,514,712,411,3448
6332,786,1251,1762,2473,2885,,786,465,511,711,412,3447
6355,785,1272,1785,2497,2906,,785,487,513,712,409,3449
6280,786,1299,1746,2427,2834,,786,513,447,681,407,3446
6381,785,1272,1785,2498,2933,,785,487,513,713,435,3448
6281,786,1272,1708,2422,2814,,786,486,436,714,392,3467
6257,771,1240,1713,2422,2834,,771,469,473,709,412,3423
6179,809,1327,1731,2421,2768,,809,518,404,690,347,3411
6291,745,1212,1695,2411,2834,,745,467,483,716,423,3457
6357,786,1272,1785,2497,2909,,786,486,513,712,412,3448
6279,784,1250,1759,2402,2831,,784,466,509,643,429,3448
6267,784,1271,1784,2420,2820,,784,487,513,636,400,3447
6142,775,1246,1717,2368,2705,,775,471,471,651,337,3437
6117,773,1200,1617,2280,2684,,773,427,417,663,404,3433
6201,772,1242,1772,2470,2826,,772,470,530,698,356,3375
6077,774,1246,1729,2370,2702,,774,472,483,641,332,3375
6100,700,1175,1604,2312,2732,,700,475,429,708,420,3368
6052,772,1200,1616,2283,2616,,772,428,416,667,333,3436
6131,715,1137,1608,2349,2727,,715,422,471,741,378,3404
6302,775,1248,1778,2475,2894,,775,473,530,697,419,3408
6151,774,1245,1774,2430,2778,,774,471,529,656,348,3373
6094,774,1245,1732,2392,2727,,774,471,487,660,335,3367
6161,702,1133,1587,2275,2667,,702,431,454,688,392,3494
6231,784,1298,1746,2392,2784,,784,514,448,646,392,3447
6355,784,1271,1783,2495,2906,,784,487,512,712,411,3449
6333,787,1273,1816,2524,2871,,787,486,543,708,347,3462
6154,787,1197,1661,2344,2729,,787,410,464,683,385,3425
6254,787,1252,1757,2430,2818,,787,465,505,673,388,3436
6359,812,1233,1786,2499,2910,,812,421,553,713,411,3449
6355,784,1271,1784,2496,2908,,784,487,513,712,412,3447
6356,786,1272,1785,2498,2908,,786,486,513,713,410,3448
6277,784,1271,1763,2450,2858,,784,487,492,687,408,3419
6379,786,1272,1785,2499,2935,,786,486,513,714,436,3444
6280,784,1271,1763,2432,2817,,784,487,492,669,385,3463
6357,787,1273,1786,2500,2909,,787,486,513,714,409,3448
6355,783,1272,1785,2486,2907,,783,489,513,701,421,3448
6176,783,1192,1683,2370,2756,,783,409,491,687,386,3420
6113,786,1252,1762,2388,2744,,786,466,510,626,356,3369
5885,631,1077,1491,2145,2509,,631,446,414,654,364,3376
6251,776,1248,1776,2473,2869,,776,472,528,697,396,3382
6128,774,1246,1774,2429,2756,,774,472,528,655,327,3372
6155,775,1247,1775,2432,2780,,775,472,528,657,348,3375
6027,700,1178,1606,2313,2641,,700,478,428,707,328,3386
6141,774,1204,1617,2281,2703,,774,430,413,664,422,3438
6063,774,1246,1693,2302,2684,,774,472,447,609,382,3379
6285,776,1250,1776,2448,2821,,776,474,526,672,373,3464
6317,785,1272,1784,2491,2874,,785,487,512,707,383,3443
6142,773,1270,1708,2343,2705,,773,497,438,635,362,3437
6102,713,1117,1526,2235,2649,,713,404,409,709,414,3453
6356,786,1272,1784,2498,2908,,786,486,512,714,410,3448
6357,785,1272,1784,2498,2908,,785,487,512,714,410,3449
6332,785,1277,1789,2498,2889,,785,492,512,709,391,3443
6334,785,1272,1785,2489,2908,,785,487,513,704,419,3426
6235,786,1273,1760,2430,2769,,786,487,487,670,339,3466
6357,785,1272,1784,2497,2907,,785,487,512,713,410,3450
6356,784,1272,1784,2497,2908,,784,488,512,713,411,3448
6172,716,1200,1667,2332,2748,,716,484,467,665,416,3424
6070,774,1197,1614,2278,2628,,774,423,417,664,350,3442
6094,733,1143,1555,2249,2664,,733,410,412,694,415,3430
6205,775,1247,1774,2472,2826,,775,472,527,698,354,3379
6191,771,1241,1772,2424,2756,,771,470,531,652,332,3435
6205,773,1271,1773,2471,2828,,773,498,502,698,357,3377
6077,776,1273,1733,2370,2716,,776,497,460,637,346,3361
6086,773,1227,1707,2343,2703,,773,454,480,636,360,3383
6038,772,1269,1770,2384,2673,,772,497,501,614,289,3365
6134,776,1249,1777,2431,2755,,776,473,528,654,324,3379
6070,773,1246,1734,2371,2705,,773,473,488,637,334,3365
6053,773,1203,1618,2281,2615,,773,430,415,663,334,3438
6069,732,1145,1555,2249,2626,,732,413,410,694,377,3443
6145,776,1248,1777,2393,2699,,776,472,529,616,306,3446
6179,775,1247,1773,2429,2802,,775,472,526,656,373,3377
6106,774,1246,1732,2392,2731,,774,472,486,660,339,3375
6097,700,1175,1603,2309,2671,,700,475,428,706,362,3426
6233,785,1272,1760,2430,2790,,785,487,488,670,360,3443
6356,785,1272,1784,2498,2908,,785,487,512,714,410,3448
6355,785,1272,1785,2496,2911,,785,487,513,711,415,3444
6256,785,1272,1784,2481,2812,,785,487,512,697,331,3444
6218,783,1271,1764,2444,2773,,783,488,493,680,329,3445
6191,770,1176,1587,2347,2766,,770,406,411,760,419,3425
5944,705,1177,1650,2295,2589,,705,472,473,645,294,3355
6201,772,1243,1771,2468,2825,,772,471,528,697,357,3376
6129,772,1245,1772,2425,2753,,772,473,527,653,328,3376
6059,700,1174,1606,2306,2638,,700,474,432,700,332,3421
6142,773,1244,1707,2345,2702,,773,471,463,638,357,3440
6118,774,1245,1773,2390,2696,,774,471,528,617,306,3422
6158,775,1246,1773,2428,2779,,775,471,527,655,351,3379
5925,700,1173,1645,2301,2595,,700,473,472,656,294,3330
5906,674,1150,1555,2183,2517,,674,476,405,628,334,3389
6066,733,1149,1558,2210,2607,,733,416,409,652,397,3459
6145,774,1271,1775,2392,2697,,774,497,504,617,305,3448
6153,775,1248,1774,2429,2778,,775,473,526,655,349,3375
6105,774,1246,1731,2392,2731,,774,472,485,661,339,3374
6031,700,1174,1601,2308,2640,,700,474,427,707,332,3391
6142,773,1227,1708,2343,2703,,773,454,481,635,360,3439
6065,774,1245,1772,2389,2699,,774,471,527,617,310,3366
6202,777,1248,1775,2422,2793,,777,471,527,647,371,3409
6343,787,1272,1786,2498,2898,,787,485,514,712,400,3445
6069,775,1204,1619,2282,2615,,775,429,415,663,333,3454
6154,735,1144,1579,2294,2701,,735,409,435,715,407,3453
6380,785,1271,1783,2496,2936,,785,486,512,713,440,3444
6356,784,1271,1783,2497,2908,,784,487,512,714,411,3448
6244,785,1270,1763,2395,2795,,785,485,493,632,400,3449
6133,775,1247,1775,2428,2753,,775,472,528,653,325,3380
6064,775,1203,1618,2282,2615,,775,428,415,664,333,3449
6144,775,1248,1774,2391,2697,,775,473,526,617,306,3447
6268,775,1246,1773,2429,2822,,775,471,527,656,393,3446
6192,784,1272,1765,2413,2767,,784,488,493,648,354,3425
6091,774,1208,1613,2284,2612,,774,434,405,671,328,3479
6040,733,1145,1557,2206,2604,,733,412,412,649,398,3436
6119,774,1247,1776,2393,2698,,774,473,529,617,305,3421
6205,773,1246,1774,2471,2830,,773,473,528,697,359,3375
6103,776,1248,1732,2393,2735,,776,472,484,661,342,3368
6058,701,1174,1602,2309,2641,,701,473,428,707,332,3417
6143,775,1228,1709,2343,2702,,775,453,481,634,359,3441
6064,773,1243,1774,2392,2697,,773,470,531,618,305,3367
6157,773,1245,1777,2431,2782,,773,472,532,654,351,3375
6081,774,1247,1733,2370,2707,,774,473,486,637,337,3374
6055,775,1203,1619,2282,2615,,775,428,416,663,333,3440
6044,771,1175,1577,2291,2634,,771,404,402,714,343,3410
6355,784,1270,1784,2499,2907,,784,486,514,715,408,3448
6380,783,1272,1784,2497,2937,,783,489,512,713,440,3443
6368,784,1270,1783,2497,2922,,784,486,513,714,425,3446
6158,773,1247,1774,2429,2779,,773,474,527,655,350,3379
6069,773,1203,1616,2282,2614,,773,430,413,666,332,3455
6142,773,1245,1772,2390,2695,,773,472,527,618,305,3447
6132,774,1245,1774,2428,2756,,774,471,529,654,328,3376
6082,775,1247,1732,2372,2704,,775,472,485,640,332,3378
6155,775,1247,1775,2406,2756,,775,472,528,631,350,3399
6143,773,1177,1589,2305,2740,,773,404,412,716,435,3403
6219,750,1222,1694,2375,2773,,750,472,472,681,398,3446
6155,774,1247,1773,2428,2776,,774,473,526,655,348,3379
6079,776,1250,1733,2372,2704,,776,474,483,639,332,3375
6140,775,1249,1730,2370,2704,,775,474,481,640,334,3436
6143,774,1245,1708,2345,2704,,774,471,463,637,359,3439
6063,774,1247,1774,2390,2697,,774,473,527,616,307,3366
6133,774,1246,1774,2429,2756,,774,472,528,655,327,3377
6082,773,1246,1733,2372,2704,,773,473,487,639,332,3378
6166,773,1243,1774,2404,2728,,773,470,531,630,324,3438
6062,774,1180,1591,2281,2618,,774,406,411,690,337,3444
6380,789,1275,1784,2496,2933,,789,486,509,712,437,3447
6355,785,1272,1785,2499,2906,,785,487,513,714,407,3449
6356,785,1270,1783,2496,2908,,785,485,513,713,412,3448
6385,786,1297,1785,2497,2907,,786,511,488,712,410,3478
6277,784,1272,1784,2471,2840,,784,488,512,687,369,3437
6355,783,1271,1783,2497,2907,,783,488,512,714,410,3448
6357,785,1272,1785,2497,2931,,785,487,513,712,434,3426
6358,787,1273,1786,2499,2909,,787,486,513,713,410,3449
6377,783,1270,1787,2477,2933,,783,487,517,690,456,3444
6110,784,1300,1753,2390,2715,,784,516,453,637,325,3395
6145,775,1247,1774,2390,2697,,775,472,527,616,307,3448
6204,774,1272,1775,2471,2829,,774,498,503,696,358,3375
6131,774,1246,1774,2428,2754,,774,472,528,654,326,3377
6058,701,1174,1607,2308,2641,,701,473,433,701,333,3417
6193,773,1244,1773,2403,2753,,773,471,529,630,350,3440
6276,774,1246,1774,2472,2868,,774,472,528,698,396,3408
6131,774,1247,1773,2428,2756,,774,473,526,655,328,3375
6082,776,1248,1733,2372,2704,,776,472,485,639,332,3378
6162,774,1257,1774,2434,2779,,774,483,517,660,345,3383
6037,772,1187,1588,2283,2615,,772,415,401,695,332,3422
6219,774,1203,1684,2380,2772,,774,429,481,696,392,3447
6201,775,1244,1774,2471,2829,,775,469,530,697,358,3372
6132,773,1244,1774,2431,2755,,773,471,530,657,324,3377
6058,701,1175,1604,2309,2641,,701,474,429,705,332,3417
6145,774,1245,1711,2344,2704,,774,471,466,633,360,3441
6052,776,1252,1775,2392,2697,,776,476,523,617,305,3355
6156,773,1246,1774,2429,2777,,773,473,528,655,348,3379
6080,773,1245,1731,2371,2703,,773,472,486,640,332,3377
6150,773,1245,1773,2404,2751,,773,472,528,631,347,3399
6037,773,1201,1615,2284,2615,,773,428,414,669,331,3422
6121,774,1246,1775,2392,2698,,774,472,529,617,306,3423
6179,775,1272,1775,2431,2804,,775,497,503,656,373,3375
6156,774,1247,1774,2429,2779,,774,473,527,655,350,3377
6031,700,1177,1606,2307,2641,,700,477,429,701,334,3390
6145,774,1271,1708,2345,2703,,774,497,437,637,358,3442
6252,776,1247,1773,2469,2869,,776,471,526,696,400,3383
6156,774,1247,1775,2429,2780,,774,473,528,654,351,3376
6081,776,1250,1733,2372,2704,,776,474,483,639,332,3377
6177,774,1244,1775,2430,2781,,774,470,531,655,351,3396
6107,774,1201,1616,2282,2615,,774,427,415,666,333,3492
6257,717,1210,1676,2387,2808,,717,493,466,711,421,3449
6357,786,1272,1784,2498,2907,,786,486,512,714,409,3450
6357,784,1271,1783,2497,2907,,784,487,512,714,410,3450
6385,786,1272,1786,2498,2908,,786,486,514,712,410,3477
6304,784,1271,1784,2472,2839,,784,487,513,688,367,3465
6356,784,1271,1784,2497,2907,,784,487,513,713,410,3449
6406,784,1272,1785,2526,2958,,784,488,513,741,432,3448
6327,778,1265,1780,2491,2902,,778,487,515,711,411,3425
6317,786,1273,1785,2499,2876,,786,487,512,714,377,3441
6143,773,1244,1709,2343,2703,,773,471,465,634,360,3440
6293,774,1246,1752,2460,2871,,774,472,506,708,411,3422
6205,774,1246,1773,2471,2828,,774,472,527,698,357,3377
6133,775,1245,1774,2429,2756,,775,470,529,655,327,3377
6107,701,1176,1607,2316,2729,,701,475,431,709,413,3378
6109,772,1266,1732,2371,2704,,772,494,466,639,333,3405
6278,774,1245,1774,2473,2871,,774,471,529,699,398,3407
6118,714,1187,1658,2350,2743,,714,473,471,692,393,3375
6086,776,1276,1733,2371,2707,,776,500,457,638,336,3379
6201,776,1248,1776,2432,2783,,776,472,528,656,351,3418
6156,773,1242,1709,2342,2705,,773,469,467,633,363,3451
5851,705,1136,1571,2195,2513,,705,431,435,624,318,3338
6178,776,1249,1777,2431,2803,,776,473,528,654,372,3375
6145,774,1246,1774,2433,2781,,774,472,528,659,348,3364
6034,701,1180,1607,2311,2643,,701,479,427,704,332,3391
6094,772,1205,1615,2281,2615,,772,433,410,666,334,3479
6179,775,1248,1774,2472,2828,,775,473,526,698,356,3351
6154,773,1270,1775,2432,2781,,773,497,505,657,349,3373
6088,776,1272,1733,2373,2700,,776,496,461,640,327,3388
6095,701,1176,1625,2381,2729,,701,475,449,756,348,3366
6103,773,1245,1707,2344,2704,,773,472,462,637,360,3399
6226,672,1161,1632,2382,2805,,672,489,471,750,423,3421
6266,774,1248,1773,2470,2827,,774,474,525,697,357,3439
6107,775,1247,1733,2393,2731,,775,472,486,660,338,3376
6107,699,1174,1604,2317,2730,,699,475,430,713,413,3377
6192,774,1246,1774,2405,2753,,774,472,528,631,348,3439
6064,775,1246,1775,2392,2697,,775,471,529,617,305,3367
6158,776,1247,1776,2431,2780,,776,471,529,655,349,3378
6086,774,1247,1732,2370,2702,,774,473,485,638,332,3384
6101,702,1174,1646,2332,2729,,702,472,472,686,397,3372
6143,773,1246,1708,2341,2702,,773,473,462,633,361,3441
6120,776,1248,1775,2377,2672,,776,472,527,602,295,3448
6179,775,1247,1775,2431,2801,,775,472,528,656,370,3378
6156,773,1245,1775,2432,2781,,773,472,530,657,349,3375
6055,700,1175,1603,2308,2641,,700,475,428,705,333,3414
6192,777,1250,1775,2407,2755,,777,473,525,632,348,3437
6180,775,1247,1775,2473,2829,,775,472,528,698,356,3351
6159,777,1248,1778,2433,2782,,777,471,530,655,349,3377
6065,778,1250,1735,2372,2704,,778,472,485,637,332,3361
6102,701,1174,1645,2333,2731,,701,473,471,688,398,3371
6143,775,1248,1707,2343,2703,,775,473,459,636,360,3440
6269,772,1229,1773,2443,2845,,772,457,544,670,402,3424
6177,773,1269,1774,2430,2800,,773,496,505,656,370,3377
6079,775,1247,1731,2370,2702,,775,472,484,639,332,3377
6192,775,1247,1775,2407,2754,,775,472,528,632,347,3438
6192,775,1247,1775,2408,2753,,775,472,528,633,345,3439
6181,775,1247,1775,2472,2827,,775,472,528,697,355,3354
6159,777,1249,1777,2433,2782,,777,472,528,656,349,3377
6086,777,1249,1734,2372,2705,,777,472,485,638,333,3381
6101,704,1201,1676,2332,2730,,704,497,475,656,398,3371
6107,774,1246,1731,2371,2704,,774,472,485,640,333,3403
6220,701,1176,1647,2376,2796,,701,475,471,729,420,3424
6128,775,1248,1775,2430,2757,,775,473,527,655,327,3371
6107,701,1174,1603,2331,2731,,701,473,429,728,400,3376
6106,701,1175,1605,2318,2730,,701,474,430,713,412,3376
6179,777,1250,1779,2434,2780,,777,473,529,655,346,3399
6166,775,1247,1776,2473,2779,,775,472,529,697,306,3387
6132,773,1245,1775,2427,2757,,773,472,530,652,330,3375
6085,775,1246,1732,2373,2703,,775,471,486,641,330,3382
6103,702,1176,1648,2334,2731,,702,474,472,686,397,3372
6145,774,1245,1733,2371,2704,,774,471,488,638,333,3441
6229,683,1160,1634,2384,2790,,683,477,474,750,406,3439
6199,773,1245,1773,2471,2827,,773,472,528,698,356,3372
6156,774,1245,1774,2429,2781,,774,471,529,655,352,3375
6031,701,1177,1632,2318,2644,,701,476,455,686,326,3387
6217,775,1247,1774,2431,2779,,775,472,527,657,348,3438
6028,775,1247,1775,2393,2697,,775,472,528,618,304,3331
6156,773,1244,1772,2428,2781,,773,471,528,656,353,3375
6088,776,1248,1733,2372,2705,,776,472,485,639,333,3383
6135,702,1176,1662,2376,2757,,702,474,486,714,381,3378
6145,774,1244,1731,2369,2703,,774,470,487,638,334,3442
6209,763,1263,1776,2474,2840,,763,500,513,698,366,3369
6193,771,1242,1771,2401,2752,,771,471,529,630,351,3441
6181,775,1273,1774,2431,2803,,775,498,501,657,372,3378
6079,774,1270,1733,2371,2703,,774,496,463,638,332,3376
6193,774,1246,1773,2427,2753,,774,472,527,654,326,3440
6180,775,1248,1776,2472,2827,,775,473,528,696,355,3353
6155,776,1246,1775,2435,2781,,776,470,529,660,346,3374
6085,777,1249,1733,2372,2706,,777,472,484,639,334,3379
6102,701,1177,1650,2379,2730,,701,476,473,729,351,3372
6167,775,1270,1774,2405,2729,,775,495,504,631,324,3438
6238,704,1175,1672,2372,2790,,704,471,497,700,418,3448
6205,774,1246,1774,2472,2827,,774,472,528,698,355,3378
6154,774,1245,1775,2434,2781,,774,471,530,659,347,3373
6081,774,1246,1733,2372,2704,,774,472,487,639,332,3377
6172,776,1248,1775,2428,2756,,776,472,527,653,328,3416
6288,717,1227,1715,2424,2840,,717,510,488,709,416,3448
6355,785,1271,1789,2500,2908,,785,486,518,711,408,3447
6356,786,1271,1784,2496,2907,,786,485,513,712,411,3449
6380,785,1272,1785,2497,2907,,785,487,513,712,410,3473
6331,785,1272,1785,2497,2888,,785,487,513,712,391,3443
6243,774,1248,1734,2391,2797,,774,474,486,657,406,3446
6089,775,1246,1776,2392,2698,,775,471,530,616,306,3391
6023,707,1180,1659,2328,2650,,707,473,479,669,322,3373
6052,701,1177,1607,2317,2644,,701,476,430,710,327,3408
6011,700,1175,1647,2302,2622,,700,475,472,655,320,3389
6281,776,1247,1777,2473,2872,,776,471,530,696,399,3409
6207,776,1248,1775,2472,2829,,776,472,527,697,357,3378
6106,777,1247,1733,2372,2729,,777,470,486,639,357,3377
6134,705,1180,1654,2381,2757,,705,475,474,727,376,3377
6180,777,1250,1777,2431,2785,,777,473,527,654,354,3395
6279,710,1186,1676,2410,2829,,710,476,490,734,419,3450
6229,775,1247,1775,2498,2854,,775,472,528,723,356,3375
6155,774,1246,1775,2430,2779,,774,472,529,655,349,3376
6077,777,1252,1734,2371,2706,,777,475,482,637,335,3371
6101,701,1176,1648,2334,2732,,701,475,472,686,398,3369
6094,775,1247,1734,2356,2690,,775,472,487,622,334,3404
6332,784,1271,1784,2496,2906,,784,487,513,712,410,3426
6334,785,1273,1786,2529,2935,,785,488,513,743,406,3399
6382,786,1273,1786,2499,2910,,786,487,513,713,411,3472
6357,794,1279,1783,2496,2930,,794,485,504,713,434,3427
6202,717,1205,1626,2383,2758,,717,488,421,757,375,3444
6359,788,1275,1788,2500,2910,,788,487,513,712,410,3449
6357,787,1274,1787,2499,2906,,787,487,513,712,407,3451
6361,787,1274,1787,2499,2909,,787,487,513,712,410,3452
6359,787,1274,1787,2499,2909,,787,487,513,712,410,3450
6361,790,1276,1790,2502,2913,,790,486,514,712,411,3448
6384,788,1275,1787,2500,2911,,788,487,512,713,411,3473
6334,789,1276,1787,2500,2883,,789,487,511,713,383,3451
6105,773,1257,1708,2342,2699,,773,484,451,634,357,3406
6241,788,1253,1763,2450,2837,,788,465,510,687,387,3404
6332,773,1246,1729,2447,2888,,773,473,483,718,441,3444
6382,786,1274,1786,2499,2935,,786,488,512,713,436,3447
6356,786,1273,1786,2498,2910,,786,487,513,712,412,3446
6387,786,1273,1786,2500,2908,,786,487,513,714,408,3479
6381,787,1273,1786,2498,2910,,787,486,513,712,412,3471
6385,787,1274,1787,2530,2936,,787,487,513,743,406,3449
6356,785,1272,1786,2499,2908,,785,487,514,713,409,3448
6357,787,1273,1786,2499,2909,,787,486,513,713,410,3448
6380,785,1250,1784,2497,2907,,785,465,534,713,410,3473
6331,786,1273,1786,2497,2889,,786,487,513,711,392,3442
6283,788,1274,1788,2499,2833,,788,486,514,711,334,3450
6358,788,1274,1787,2499,2910,,788,486,513,712,411,3448
6305,785,1301,1785,2498,2887,,785,516,484,713,389,3418
6358,788,1277,1787,2499,2909,,788,489,510,712,410,3449
6357,787,1274,1787,2499,2910,,787,487,513,712,411,3447
6359,787,1274,1787,2499,2911,,787,487,513,712,412,3448
6331,786,1273,1786,2499,2909,,786,487,513,713,410,3422
6362,790,1275,1787,2500,2910,,790,485,512,713,410,3452
6354,786,1273,1785,2498,2909,,786,487,512,713,411,3445
6356,786,1273,1786,2498,2909,,786,487,513,712,411,3447
6284,781,1274,1788,2499,2833,,781,493,514,711,334,3451
6359,790,1274,1788,2500,2912,,790,484,514,712,412,3447
6303,785,1273,1785,2497,2887,,785,488,512,712,390,3416
6436,816,1325,1841,2548,2988,,816,509,516,707,440,3448
6356,786,1273,1786,2498,2910,,786,487,513,712,412,3446
6413,786,1273,1787,2499,2934,,786,487,514,712,435,3479
6356,785,1272,1785,2498,2908,,785,487,513,713,410,3448
6383,786,1275,1787,2502,2935,,786,489,512,715,433,3448
6380,787,1274,1787,2499,2934,,787,487,513,712,435,3446
6371,784,1272,1783,2496,2933,,784,488,511,713,437,3438
6281,784,1273,1789,2481,2832,,784,489,516,692,351,3449
6383,786,1274,1786,2500,2934,,786,488,512,714,434,3449
6335,786,1299,1785,2498,2908,,786,513,486,713,410,3427
6347,785,1274,1785,2499,2908,,785,489,511,714,409,3439
6364,787,1274,1786,2499,2909,,787,487,512,713,410,3455
6359,788,1276,1788,2500,2911,,788,488,512,712,411,3448
6349,788,1275,1787,2500,2935,,788,487,512,713,435,3414
6359,788,1275,1788,2501,2911,,788,487,513,713,410,3448
6333,789,1277,1788,2500,2911,,789,488,511,712,411,3422
6245,789,1275,1767,2451,2836,,789,486,492,684,385,3409
6284,775,1206,1695,2413,2834,,775,431,489,718,421,3450
6382,786,1303,1816,2525,2934,,786,517,513,709,409,3448
6335,788,1300,1786,2500,2909,,788,512,486,714,409,3426
6358,789,1274,1786,2499,2911,,789,485,512,713,412,3447
6358,788,1274,1788,2499,2910,,788,486,514,711,411,3448
6358,749,1236,1787,2500,2910,,749,487,551,713,410,3448
6359,789,1275,1787,2500,2911,,789,486,512,713,411,3448
6385,788,1275,1789,2501,2936,,788,487,514,712,435,3449
6178,788,1195,1687,2321,2760,,788,407,492,634,439,3418
6244,788,1275,1766,2450,2836,,788,487,491,684,386,3408
6158,706,1135,1559,2261,2696,,706,429,424,702,435,3462
6355,785,1272,1784,2498,2907,,785,487,512,714,409,3448
6382,788,1274,1786,2528,2934,,788,486,512,742,406,3448
6357,786,1273,1786,2498,2909,,786,487,513,712,411,3448
6218,774,1173,1647,2351,2774,,774,399,474,704,423,3444
6207,777,1248,1777,2475,2827,,777,471,529,698,352,3380
6151,775,1247,1776,2432,2781,,775,472,529,656,349,3370
6034,703,1176,1611,2317,2644,,703,473,435,706,327,3390
6106,705,1181,1651,2378,2706,,705,476,470,727,328,3400
6114,777,1249,1696,2391,2704,,777,472,447,695,313,3410
6213,710,1185,1639,2378,2793,,710,475,454,739,415,3420
6359,788,1277,1790,2499,2912,,788,489,513,709,413,3447
6357,787,1274,1790,2500,2910,,787,487,516,710,410,3447
6384,786,1274,1787,2499,2935,,786,488,513,712,436,3449
6386,786,1273,1786,2498,2909,,786,487,513,712,411,3477
6384,816,1317,1812,2524,2935,,816,501,495,712,411,3449
6356,785,1272,1785,2498,2908,,785,487,513,713,410,3448
6356,784,1272,1785,2497,2908,,784,488,513,712,411,3448
6382,787,1275,1787,2500,2935,,787,488,512,713,435,3447
6353,786,1273,1786,2500,2909,,786,487,513,714,409,3444
6358,789,1274,1787,2499,2910,,789,485,513,712,411,3448
6357,787,1273,1786,2499,2909,,787,486,513,713,410,3448
6359,787,1302,1786,2499,2938,,787,515,484,713,439,3421
6358,788,1273,1786,2500,2909,,788,485,513,714,409,3449
6323,786,1273,1785,2499,2909,,786,487,512,714,410,3414
6285,772,1206,1695,2411,2833,,772,434,489,716,422,3452
6357,787,1275,1786,2500,2910,,787,488,511,714,410,3447
6358,788,1275,1788,2500,2912,,788,487,513,712,412,3446
6332,788,1277,1788,2500,2911,,788,489,511,712,411,3421
6245,788,1276,1768,2451,2836,,788,488,492,683,385,3409
6281,712,1188,1660,2369,2834,,712,476,472,709,465,3447
6178,777,1276,1776,2434,2804,,777,499,500,658,370,3374
6160,778,1251,1776,2431,2784,,778,473,525,655,353,3376
6151,774,1246,1774,2431,2781,,774,472,528,657,350,3370
6128,776,1249,1775,2436,2757,,776,473,526,661,321,3371
6154,776,1249,1776,2432,2782,,776,473,527,656,350,3372
6233,704,1174,1622,2388,2807,,704,470,448,766,419,3426
6358,789,1274,1786,2499,2910,,789,485,512,713,411,3448
6326,787,1298,1786,2499,2909,,787,511,488,713,410,3417
6384,790,1276,1786,2500,2936,,790,486,510,714,436,3448
6320,755,1250,1738,2456,2872,,755,495,488,718,416,3448
6413,788,1274,1788,2500,2939,,788,486,514,712,439,3474
6358,787,1274,1787,2500,2913,,787,487,513,713,413,3445
6359,787,1274,1787,2500,2911,,787,487,513,713,411,3448
6358,788,1298,1790,2501,2910,,788,510,492,711,409,3448
6358,784,1259,1786,2499,2910,,784,475,527,713,411,3448
6355,786,1272,1785,2498,2908,,786,486,513,713,410,3447
6386,787,1274,1787,2499,2910,,787,487,513,712,411,3476
6258,786,1195,1687,2320,2783,,786,409,492,633,463,3475
5985,675,1122,1561,2219,2582,,675,447,439,658,363,3403
5992,677,1122,1561,2223,2585,,677,445,439,662,362,3407
6015,673,1121,1559,2221,2607,,673,448,438,662,386,3408
6285,713,1222,1716,2426,2836,,713,509,494,710,410,3449
6357,786,1274,1786,2499,2909,,786,488,512,713,410,3448
6294,787,1273,1729,2437,2848,,787,486,456,708,411,3446
6182,775,1247,1747,2444,2805,,775,472,500,697,361,3377
6153,778,1251,1777,2433,2781,,778,473,526,656,348,3372
6059,701,1178,1607,2319,2644,,701,477,429,712,325,3415
6028,701,1177,1650,2379,2704,,701,476,473,729,325,3324
6032,705,1201,1674,2374,2695,,705,496,473,700,321,3337
6264,777,1250,1735,2440,2793,,777,473,485,705,353,3471
6360,790,1274,1788,2500,2913,,790,484,514,712,413,3447
6357,787,1273,1786,2498,2910,,787,486,513,712,412,3447
6362,788,1274,1787,2501,2910,,788,486,513,714,409,3452
6381,788,1274,1787,2501,2935,,788,486,513,714,434,3446
6296,788,1274,1735,2438,2849,,788,486,461,703,411,3447
6152,776,1251,1775,2429,2780,,776,475,524,654,351,3372
6058,701,1180,1609,2316,2644,,701,479,429,707,328,3414
6052,701,1174,1645,2374,2699,,701,473,471,729,325,3353
6157,697,1189,1580,2289,2710,,697,492,391,709,421,3447
6213,777,1248,1775,2472,2828,,777,471,527,697,356,3385
6028,702,1175,1630,2317,2644,,702,473,455,687,327,3384
6058,702,1176,1605,2310,2641,,702,474,429,705,331,3417
6145,777,1248,1733,2372,2706,,777,471,485,639,334,3439
6230,777,1252,1776,2474,2872,,777,475,524,698,398,3358
6123,778,1249,1777,2426,2771,,778,471,528,649,345,3352
6102,778,1251,1735,2396,2732,,778,473,484,661,336,3370
6061,702,1177,1607,2318,2644,,702,475,430,711,326,3417
6055,703,1177,1651,2379,2704,,703,474,474,728,325,3351
6131,698,1154,1553,2262,2678,,698,456,399,709,416,3453
6211,778,1250,1776,2474,2829,,778,472,526,698,355,3382
6152,776,1248,1775,2432,2781,,776,472,527,657,349,3371
6160,777,1248,1776,2430,2781,,777,471,528,654,351,3379
6128,777,1249,1776,2432,2758,,777,472,527,656,326,3370
6154,777,1248,1777,2434,2783,,777,471,529,657,349,3371
6129,777,1248,1775,2432,2758,,777,471,527,657,326,3371
6025,777,1207,1642,2284,2617,,777,430,435,642,333,3408
6059,702,1177,1606,2292,2619,,702,475,429,686,327,3440
6054,702,1177,1650,2376,2701,,702,475,473,726,325,3353
6002,698,1129,1609,2313,2636,,698,431,480,704,323,3366
6284,725,1209,1698,2413,2838,,725,484,489,715,425,3446
6357,788,1274,1788,2501,2910,,788,486,514,713,409,3447
6359,788,1274,1789,2499,2910,,788,486,515,710,411,3449
6383,787,1275,1788,2499,2935,,787,488,513,711,436,3448
6357,786,1274,1786,2499,2909,,786,488,512,713,410,3448
6265,718,1202,1721,2410,2817,,718,484,519,689,407,3448
6357,788,1275,1787,2499,2910,,788,487,512,712,411,3447
6357,786,1274,1786,2498,2909,,786,488,512,712,411,3448
6232,787,1196,1687,2317,2784,,787,409,491,630,467,3448
6356,787,1276,1787,2500,2910,,787,489,511,713,410,3446
6291,788,1274,1786,2499,2876,,788,486,512,713,377,3415
6170,775,1270,1774,2403,2730,,775,495,504,629,327,3440
6221,776,1248,1774,2471,2780,,776,472,526,697,309,3441
6206,777,1249,1777,2474,2828,,777,472,528,697,354,3378
6146,778,1250,1777,2451,2798,,778,472,527,674,347,3348
6156,779,1275,1777,2418,2784,,779,496,502,641,366,3372
6155,777,1249,1777,2431,2757,,777,472,528,654,326,3398
6061,708,1181,1609,2314,2647,,708,473,428,705,333,3414
6031,701,1177,1649,2378,2703,,701,476,472,729,325,3328
6251,648,1175,1663,2399,2822,,648,527,488,736,423,3429
6285,774,1246,1775,2473,2872,,774,472,529,698,399,3413
6355,786,1297,1785,2498,2908,,786,511,488,713,410,3447
6357,785,1272,1785,2500,2908,,785,487,513,715,408,3449
6357,787,1274,1786,2499,2909,,787,487,512,713,410,3448
6299,721,1206,1694,2406,2842,,721,485,488,712,436,3457
6318,785,1273,1754,2462,2871,,785,488,481,708,409,3447
6180,774,1246,1775,2431,2801,,774,472,529,656,370,3379
6061,703,1178,1607,2319,2645,,703,475,429,712,326,3416
6056,703,1203,1675,2378,2703,,703,500,472,703,325,3353
6259,631,1164,1635,2389,2808,,631,533,471,754,419,3451
6232,762,1208,1691,2401,2792,,762,446,483,710,391,3440
6359,787,1274,1787,2499,2909,,787,487,513,712,410,3450
6383,787,1273,1786,2498,2933,,787,486,513,712,435,3450
6358,785,1272,1785,2498,2908,,785,487,513,713,410,3450
6266,720,1204,1693,2404,2817,,720,484,489,711,413,3449
6157,716,1210,1682,2389,2725,,716,494,472,707,336,3432
6357,787,1272,1785,2497,2909,,787,485,513,712,412,3448
6390,787,1273,1786,2498,2909,,787,486,513,712,411,3481
6262,717,1201,1693,2403,2814,,717,484,492,710,411,3448
6383,785,1272,1785,2499,2934,,785,487,513,714,435,3449
6252,786,1274,1763,2449,2833,,786,488,489,686,384,3419
6384,788,1275,1788,2500,2911,,788,487,513,712,411,3473
6382,788,1275,1788,2500,2936,,788,487,513,712,436,3446
6358,790,1275,1788,2500,2910,,790,485,513,712,410,3448
6277,717,1207,1695,2407,2830,,717,490,488,712,423,3447
6159,788,1275,1709,2341,2701,,788,487,434,632,360,3458
6357,786,1272,1788,2498,2909,,786,486,516,710,411,3448
6359,789,1274,1787,2500,2910,,789,485,513,713,410,3449
6301,717,1229,1717,2428,2851,,717,512,488,711,423,3450
6359,814,1300,1788,2500,2912,,814,486,488,712,412,3447
6306,788,1280,1792,2502,2889,,788,492,512,710,387,3417
6360,789,1276,1789,2501,2911,,789,487,513,712,410,3449
6356,785,1272,1784,2496,2909,,785,487,512,712,413,3447
6359,789,1299,1788,2499,2910,,789,510,489,711,411,3449
6381,784,1271,1785,2497,2933,,784,487,514,712,436,3448
6133,787,1274,1710,2341,2701,,787,487,436,631,360,3432
6358,786,1273,1787,2498,2909,,786,487,514,711,411,3449
6332,785,1272,1786,2496,2874,,785,487,514,710,378,3458
6333,785,1272,1784,2447,2858,,785,487,512,663,411,3475
6249,751,1164,1652,2378,2799,,751,413,488,726,421,3450
6275,717,1227,1704,2418,2840,,717,510,477,714,422,3435
6356,787,1273,1786,2499,2909,,787,486,513,713,410,3447
6360,789,1275,1787,2502,2911,,789,486,512,715,409,3449
6409,787,1275,1788,2530,2961,,787,488,513,742,431,3448
6271,787,1275,1788,2465,2831,,787,488,513,677,366,3440
6199,704,1177,1649,2370,2789,,704,473,472,721,419,3410
6152,776,1248,1778,2457,2782,,776,472,530,679,325,3370
6112,701,1177,1607,2318,2731,,701,476,430,711,413,3381
6119,650,1149,1578,2273,2670,,650,499,429,695,397,3449
6224,717,1122,1602,2353,2772,,717,405,480,751,419,3452
6056,623,1040,1500,2215,2624,,623,417,460,715,409,3432
6383,787,1275,1787,2500,2935,,787,488,512,713,435,3448
6357,787,1273,1786,2499,2909,,787,486,513,713,410,3448
6383,788,1275,1817,2525,2935,,788,487,542,708,410,3448
6360,787,1275,1788,2500,2911,,787,488,513,712,411,3449
6297,786,1272,1764,2434,2848,,786,486,492,670,414,3449
6128,777,1275,1777,2433,2757,,777,498,502,656,324,3371
6061,701,1202,1630,2319,2645,,701,501,428,689,326,3416
6028,656,1104,1502,2208,2600,,656,448,398,706,392,3428
6222,717,1121,1618,2351,2771,,717,404,497,733,420,3451
6109,777,1207,1645,2352,2734,,777,430,438,707,382,3375
5979,701,1176,1605,2292,2619,,701,475,429,687,327,3360
6034,701,1174,1603,2308,2640,,701,473,429,705,332,3394
6194,774,1245,1775,2407,2753,,774,471,530,632,346,3441
6070,774,1246,1693,2303,2596,,774,472,447,610,293,3474
6181,773,1246,1775,2429,2800,,773,473,529,654,371,3381
6102,702,1173,1605,2329,2729,,702,471,432,724,400,3373
6109,701,1200,1630,2317,2730,,701,499,430,687,413,3379
6142,651,1149,1578,2275,2696,,651,498,429,697,421,3446
6070,716,1122,1540,2227,2648,,716,406,418,687,421,3422
5905,705,1176,1670,2276,2577,,705,471,494,606,301,3328
6079,776,1247,1734,2374,2707,,776,471,487,640,333,3372
6034,774,1204,1619,2282,2619,,774,430,415,663,337,3415
6025,775,1206,1619,2284,2616,,775,431,413,665,332,3409
5921,748,1168,1566,2204,2547,,748,420,398,638,343,3374
6007,777,1207,1621,2284,2619,,777,430,414,663,335,3388
6027,778,1208,1621,2284,2618,,778,430,413,663,334,3409
6038,776,1206,1620,2286,2616,,776,430,414,666,330,3422
6207,724,1194,1663,2358,2768,,724,470,469,695,410,3439
6288,789,1274,1721,2432,2863,,789,485,447,711,431,3425
6355,786,1274,1787,2501,2909,,786,488,513,714,408,3446
6365,789,1276,1789,2501,2913,,789,487,513,712,412,3452
6359,789,1275,1787,2501,2911,,789,486,512,714,410,3448
6359,789,1275,1789,2500,2911,,789,486,514,711,411,3448
6360,747,1230,1788,2501,2910,,747,483,558,713,409,3450
6209,788,1274,1788,2421,2753,,788,486,514,633,332,3456
6359,788,1274,1788,2500,2912,,788,486,514,712,412,3447
6357,787,1273,1787,2499,2908,,787,486,514,712,409,3449
6382,789,1275,1788,2500,2928,,789,486,513,712,428,3454
6359,788,1275,1788,2500,2912,,788,487,513,712,412,3447
6329,788,1276,1788,2502,2936,,788,488,512,714,434,3393
6357,789,1275,1786,2500,2911,,789,486,511,714,411,3446
6384,788,1275,1788,2502,2936,,788,487,513,714,434,3448
6382,788,1275,1786,2499,2935,,788,487,511,713,436,3447
6281,774,1273,1791,2478,2860,,774,499,518,687,382,3421
6308,782,1276,1787,2480,2887,,782,494,511,693,407,3421
6336,786,1298,1787,2498,2909,,786,512,489,711,411,3427
6244,789,1307,1768,2452,2838,,789,518,461,684,386,3406
6184,776,1231,1776,2432,2807,,776,455,545,656,375,3377
6104,776,1247,1732,2380,2729,,776,471,485,648,349,3375
6073,774,1203,1618,2282,2644,,774,429,415,664,362,3429
6338,788,1275,1787,2500,2911,,788,487,512,713,411,3427
6360,788,1300,1789,2502,2911,,788,512,489,713,409,3449
6387,787,1273,1786,2498,2909,,787,486,513,712,411,3478
6179,775,1195,1668,2364,2774,,775,420,473,696,410,3405
6280,790,1300,1785,2477,2860,,790,510,485,692,383,3420
6359,789,1275,1789,2500,2911,,789,486,514,711,411,3448
6259,714,1197,1687,2396,2812,,714,483,490,709,416,3447
6357,787,1275,1789,2499,2909,,787,488,514,710,410,3448
6359,789,1275,1787,2498,2910,,789,486,512,711,412,3449
6311,789,1276,1790,2501,2858,,789,487,514,711,357,3453
6358,788,1274,1787,2499,2910,,788,486,513,712,411,3448
6382,788,1275,1788,2529,2936,,788,487,513,741,407,3446
6361,788,1275,1788,2500,2911,,788,487,513,712,411,3450
6180,747,1178,1658,2354,2775,,747,431,480,696,421,3405
6156,777,1273,1778,2434,2783,,777,496,505,656,349,3373
6002,778,1209,1621,2284,2619,,778,431,412,663,335,3383
6008,776,1205,1620,2286,2617,,776,429,415,666,331,3391
6005,776,1207,1645,2286,2620,,776,431,438,641,334,3385
6031,777,1207,1620,2284,2628,,777,430,413,664,344,3403
5848,749,1153,1549,2179,2496,,749,404,396,630,317,3352
6030,737,1172,1586,2286,2618,,737,435,414,700,332,3412
6007,776,1206,1618,2284,2619,,776,430,412,666,335,3388
6003,776,1206,1619,2284,2616,,776,430,413,665,332,3387
6028,775,1206,1622,2284,2620,,775,431,416,662,336,3408
6104,775,1248,1732,2373,2731,,775,473,484,641,358,3373
6148,671,1171,1662,2370,2759,,671,500,491,708,389,3389
6362,789,1276,1789,2501,2937,,789,487,513,712,436,3425
6356,786,1272,1786,2499,2909,,786,486,514,713,410,3447
6383,787,1247,1788,2500,2922,,787,460,541,712,422,3461
6356,745,1254,1786,2498,2909,,745,509,532,712,411,3447
6255,710,1194,1683,2392,2807,,710,484,489,709,415,3448
6359,788,1276,1787,2501,2910,,788,488,511,714,409,3449
6359,788,1275,1789,2500,2910,,788,487,514,711,410,3449
6312,788,1255,1764,2475,2885,,788,467,509,711,410,3427
6346,788,1223,1788,2501,2912,,788,435,565,713,411,3434
6359,788,1274,1787,2500,2912,,788,486,513,713,412,3447
6295,713,1227,1712,2424,2846,,713,514,485,712,422,3449
6302,788,1274,1789,2499,2866,,788,486,515,710,367,3436
6309,790,1276,1789,2501,2867,,790,486,513,712,366,3442
6111,716,1142,1612,2307,2701,,716,426,470,695,394,3410
6140,775,1248,1734,2371,2704,,775,473,486,637,333,3436
6035,736,1170,1585,2282,2605,,736,434,415,697,323,3430
6004,736,1174,1585,2285,2618,,736,438,411,700,333,3386
6034,776,1206,1622,2291,2617,,776,430,416,669,326,3417
6234,734,1169,1646,2391,2809,,734,435,477,745,418,3425
6358,790,1275,1790,2501,2912,,790,485,515,711,411,3446
6322,722,1205,1695,2433,2844,,722,483,490,738,411,3478
6360,788,1275,1788,2500,2910,,788,487,513,712,410,3450
6386,789,1276,1789,2501,2938,,789,487,513,712,437,3448
6257,774,1194,1679,2388,2809,,774,420,485,709,421,3448
6383,789,1274,1787,2501,2936,,789,485,513,714,435,3447
6360,789,1275,1788,2502,2911,,789,486,513,714,409,3449
6361,790,1277,1790,2501,2912,,790,487,513,711,411,3449
6235,789,1198,1665,2373,2788,,789,409,467,708,415,3447
6359,788,1275,1788,2500,2915,,788,487,513,712,415,3444
6359,789,1276,1789,2501,2911,,789,487,513,712,410,3448
6360,789,1276,1789,2501,2912,,789,487,513,712,411,3448
6359,790,1277,1793,2503,2912,,790,487,516,710,409,3447
6385,789,1276,1789,2501,2936,,789,487,513,712,435,3449
6357,786,1274,1786,2497,2909,,786,488,512,711,412,3448
6359,790,1276,1789,2501,2911,,790,486,513,712,410,3448
6384,788,1276,1789,2500,2912,,788,488,513,711,412,3472
6334,791,1277,1790,2502,2886,,791,486,513,712,384,3448
6334,789,1255,1763,2476,2890,,789,466,508,713,414,3444
6360,789,1276,1787,2501,2914,,789,487,511,714,413,3446
6359,789,1274,1788,2502,2912,,789,485,514,714,410,3447
6386,789,1277,1819,2529,2939,,789,488,542,710,410,3447
6358,788,1274,1787,2488,2911,,788,486,513,701,423,3447
6358,788,1276,1788,2501,2912,,788,488,512,713,411,3446
6385,789,1276,1796,2506,2937,,789,487,520,710,431,3448
6384,789,1275,1789,2503,2936,,789,486,514,714,433,3448
6383,789,1275,1788,2501,2936,,789,486,513,713,435,3447
6356,785,1273,1786,2498,2907,,785,488,513,712,409,3449
6257,788,1254,1762,2449,2836,,788,466,508,687,387,3421
6356,786,1273,1789,2499,2909,,786,487,516,710,410,3447
6358,788,1275,1788,2500,2910,,788,487,513,712,410,3448
6363,789,1276,1789,2501,2912,,789,487,513,712,411,3451
6359,789,1276,1787,2506,2912,,789,487,511,719,406,3447
6359,789,1277,1789,2500,2911,,789,488,512,711,411,3448
6385,789,1277,1794,2506,2936,,789,488,517,712,430,3449
6362,790,1302,1789,2502,2913,,790,512,487,713,411,3449
6360,789,1275,1790,2502,2911,,789,486,515,712,409,3449
6359,790,1302,1789,2501,2911,,790,512,487,712,410,3448
6337,789,1256,1762,2450,2886,,789,467,506,688,436,3451
6383,789,1278,1818,2529,2937,,789,489,540,711,408,3446
6362,789,1276,1789,2501,2911,,789,487,513,712,410,3451
6362,789,1277,1789,2503,2914,,789,488,512,714,411,3448
6310,790,1276,1790,2503,2858,,790,486,514,713,355,3452
6385,788,1275,1790,2501,2913,,788,487,515,711,412,3472
6364,791,1281,1736,2453,2887,,791,490,455,717,434,3477
6407,787,1302,1815,2553,2959,,787,515,513,738,406,3448
6356,786,1272,1786,2498,2909,,786,486,514,712,411,3447
6359,790,1275,1788,2500,2911,,790,485,513,712,411,3448
6258,789,1275,1710,2425,2815,,789,486,435,715,390,3443
6358,789,1276,1790,2501,2911,,789,487,514,711,410,3447
6337,790,1277,1789,2502,2912,,790,487,512,713,410,3425
6243,789,1276,1769,2452,2837,,789,487,493,683,385,3406
6188,778,1250,1737,2398,2755,,778,472,487,661,357,3433
6383,789,1275,1789,2501,2940,,789,486,514,712,439,3443
6359,789,1276,1790,2502,2912,,789,487,514,712,410,3447
6278,710,1202,1691,2429,2850,,710,492,489,738,421,3428
6359,790,1277,1789,2501,2913,,790,487,512,712,412,3446
6287,788,1276,1788,2479,2865,,788,488,512,691,386,3422
6310,790,1277,1788,2501,2892,,790,487,511,713,391,3418
6359,789,1276,1789,2501,2911,,789,487,513,712,410,3448
6358,789,1275,1786,2499,2910,,789,486,511,713,411,3448
6266,724,1207,1694,2405,2820,,724,483,487,711,415,3446
6360,788,1275,1787,2500,2911,,788,487,512,713,411,3449
6384,789,1329,1815,2526,2939,,789,540,486,711,413,3445
6334,790,1276,1788,2476,2887,,790,486,512,688,411,3447
6359,789,1276,1788,2500,2911,,789,487,512,712,411,3448
6359,789,1277,1792,2502,2913,,789,488,515,710,411,3446
6258,788,1275,1767,2451,2836,,788,487,492,684,385,3422
6320,788,1274,1787,2500,2873,,788,486,513,713,373,3447
6358,789,1275,1788,2483,2912,,789,486,513,695,429,3446
6359,789,1276,1788,2501,2913,,789,487,512,713,412,3446
6357,787,1275,1787,2499,2910,,787,488,512,712,411,3447
6359,789,1276,1788,2501,2912,,789,487,512,713,411,3447
6359,789,1276,1788,2501,2911,,789,487,512,713,410,3448
6383,787,1274,1787,2503,2934,,787,487,513,716,431,3449
6267,721,1204,1692,2402,2819,,721,483,488,710,417,3448
6357,787,1279,1792,2501,2910,,787,492,513,709,409,3447
6359,787,1300,1787,2501,2911,,787,513,487,714,410,3448
6357,786,1272,1786,2497,2909,,786,486,514,711,412,3448
6359,790,1276,1788,2501,2912,,790,486,512,713,411,3447
6360,793,1305,1788,2501,2913,,793,512,483,713,412,3447
6357,788,1275,1787,2501,2911,,788,487,512,714,410,3446
6359,788,1276,1789,2501,2911,,788,488,513,712,410,3448
6360,789,1276,1789,2501,2912,,789,487,513,712,411,3448
6361,789,1276,1789,2501,2903,,789,487,513,712,402,3458
6262,717,1201,1689,2397,2814,,717,484,488,708,417,3448
6384,789,1276,1787,2501,2938,,789,487,511,714,437,3446
6385,789,1276,1788,2501,2912,,789,487,512,713,411,3473
6388,788,1299,1787,2500,2911,,788,511,488,713,411,3477
6357,789,1276,1788,2501,2904,,789,487,512,713,403,3453
6358,788,1274,1789,2499,2911,,788,486,515,710,412,3447
6279,717,1206,1695,2407,2829,,717,489,489,712,422,3450
6368,789,1275,1789,2502,2911,,789,486,514,713,409,3457
6260,725,1212,1701,2413,2835,,725,487,489,712,422,3425
6218,790,1276,1767,2451,2813,,790,486,491,684,362,3405
6209,689,1132,1614,2385,2797,,689,443,482,771,412,3412
6320,788,1275,1789,2499,2915,,788,487,514,710,416,3405
6283,789,1277,1789,2481,2863,,789,488,512,692,382,3420
6385,789,1275,1789,2500,2911,,789,486,514,711,411,3474
6316,788,1276,1788,2499,2911,,788,488,512,711,412,3405
6360,789,1277,1790,2501,2913,,789,488,513,711,412,3447
6306,789,1275,1786,2479,2884,,789,486,511,693,405,3422
6345,789,1277,1790,2502,2914,,789,488,513,712,412,3431
6277,717,1207,1694,2407,2829,,717,490,487,713,422,3448
6259,715,1199,1686,2396,2813,,715,484,487,710,417,3446
6280,723,1206,1694,2423,2846,,723,483,488,729,423,3434
6358,788,1274,1789,2502,2911,,788,486,515,713,409,3447
6360,789,1276,1788,2502,2914,,789,487,512,714,412,3446
6307,788,1274,1792,2480,2888,,788,486,518,688,408,3419
6358,788,1275,1787,2500,2912,,788,487,512,713,412,3446
6356,787,1273,1785,2498,2909,,787,486,512,713,411,3447
6359,789,1274,1789,2501,2912,,789,485,515,712,411,3447
6384,789,1276,1789,2501,2941,,789,487,513,712,440,3443
6350,779,1268,1779,2493,2902,,779,489,511,714,409,3448
6284,714,1224,1711,2420,2837,,714,510,487,709,417,3447
6249,718,1183,1677,2397,2838,,718,465,494,720,441,3411
6333,788,1274,1788,2501,2915,,788,486,514,713,414,3418
6357,788,1276,1787,2501,2911,,788,488,511,714,410,3446
6359,788,1275,1788,2501,2911,,788,487,513,713,410,3448
6359,788,1301,1789,2501,2911,,788,513,488,712,410,3448
6359,789,1276,1788,2500,2912,,789,487,512,712,412,3447
6360,788,1275,1788,2501,2911,,788,487,513,713,410,3449
6385,789,1276,1790,2502,2937,,789,487,514,712,435,3448
6358,788,1275,1787,2499,2910,,788,487,512,712,411,3448
6267,710,1198,1685,2398,2822,,710,488,487,713,424,3445
6360,775,1235,1789,2502,2912,,775,460,554,713,410,3448
6385,787,1275,1788,2500,2936,,787,488,513,712,436,3449
6362,788,1275,1787,2500,2910,,788,487,512,713,410,3452
6364,790,1305,1789,2500,2912,,790,515,484,711,412,3452
6337,790,1276,1788,2501,2912,,790,486,512,713,411,3425
6359,778,1261,1788,2501,2912,,778,483,527,713,411,3447
6360,789,1275,1789,2501,2912,,789,486,514,712,411,3448
6337,787,1275,1787,2501,2910,,787,488,512,714,409,3427
6358,791,1276,1789,2501,2912,,791,485,513,712,411,3446
6264,719,1203,1692,2401,2817,,719,484,489,709,416,3447
6259,729,1214,1675,2387,2810,,729,485,461,712,423,3449
6359,788,1275,1789,2501,2912,,788,487,514,712,411,3447
6339,789,1277,1789,2486,2911,,789,488,512,697,425,3428
6408,789,1276,1788,2531,2962,,789,487,512,743,431,3446
6337,789,1274,1789,2500,2912,,789,485,515,711,412,3425
6385,748,1231,1794,2502,2912,,748,483,563,708,410,3473
6360,789,1275,1788,2501,2911,,789,486,513,713,410,3449
6383,786,1273,1786,2497,2934,,786,487,513,711,437,3449
6383,788,1276,1788,2501,2938,,788,488,512,713,437,3445
6312,789,1256,1789,2501,2893,,789,467,533,712,392,3419
6232,718,1200,1615,2364,2786,,718,482,415,749,422,3446
6386,792,1302,1788,2503,2937,,792,510,486,715,434,3449
6344,789,1274,1790,2487,2896,,789,485,516,697,409,3448
6384,789,1302,1788,2501,2938,,789,513,486,713,437,3446
6360,790,1275,1789,2501,2912,,790,485,514,712,411,3448
6390,790,1275,1789,2501,2912,,790,485,514,712,411,3478
6335,790,1303,1790,2502,2914,,790,513,487,712,412,3421
6416,789,1278,1789,2502,2937,,789,489,511,713,435,3479
6357,787,1274,1788,2502,2911,,787,487,514,714,409,3446
6334,789,1276,1789,2502,2912,,789,487,513,713,410,3422
6284,786,1280,1709,2426,2836,,786,494,429,717,410,3448
6383,791,1277,1788,2501,2937,,791,486,511,713,436,3446
6356,786,1273,1787,2497,2910,,786,487,514,710,413,3446
6354,784,1271,1784,2497,2907,,784,487,513,713,410,3447
6363,789,1275,1789,2501,2911,,789,486,514,712,410,3452
6361,790,1277,1789,2502,2912,,790,487,512,713,410,3449
6358,788,1276,1788,2500,2911,,788,488,512,712,411,3447
6335,789,1277,1789,2501,2892,,789,488,512,712,391,3443
6350,788,1277,1789,2502,2912,,788,489,512,713,410,3438
6361,790,1278,1790,2502,2911,,790,488,512,712,409,3450
6182,790,1219,1702,2403,2802,,790,429,483,701,399,3380
6084,779,1250,1735,2373,2708,,779,471,485,638,335,3376
6028,776,1210,1621,2285,2619,,776,434,411,664,334,3409
6034,777,1208,1621,2284,2617,,777,431,413,663,333,3417
6034,779,1208,1621,2286,2620,,779,429,413,665,334,3414
6030,777,1209,1622,2285,2609,,777,432,413,663,324,3421
6084,756,1239,1735,2375,2708,,756,483,496,640,333,3376
6034,778,1208,1622,2286,2619,,778,430,414,664,333,3415
6316,789,1273,1772,2465,2870,,789,484,499,693,405,3446
6246,723,1207,1696,2406,2820,,723,484,489,710,414,3426
6182,762,1165,1636,2310,2776,,762,403,471,674,466,3406
6083,779,1250,1736,2378,2706,,779,471,486,642,328,3377
6028,778,1209,1622,2284,2617,,778,431,413,662,333,3411
6037,777,1207,1620,2288,2619,,777,430,413,668,331,3418
6033,736,1171,1587,2284,2617,,736,435,416,697,333,3416
5884,662,1135,1552,2190,2534,,662,473,417,638,344,3350
5998,785,1214,1612,2282,2601,,785,429,398,670,319,3397
6035,779,1209,1621,2287,2621,,779,430,412,666,334,3414
6213,736,1192,1663,2370,2786,,736,456,471,707,416,3427
6271,725,1209,1699,2408,2821,,725,484,490,709,413,3450
6309,748,1217,1732,2444,2864,,748,469,515,712,420,3445
6359,788,1274,1788,2499,2911,,788,486,514,711,412,3448
6361,789,1277,1788,2500,2911,,789,488,511,712,411,3450
6358,788,1276,1788,2500,2912,,788,488,512,712,412,3446
6359,788,1275,1789,2500,2911,,788,487,514,711,411,3448
6360,790,1276,1789,2501,2911,,790,486,513,712,410,3449
6338,791,1276,1791,2501,2911,,791,485,515,710,410,3427
6360,792,1276,1789,2501,2912,,792,484,513,712,411,3448
6360,790,1275,1788,2500,2911,,790,485,513,712,411,3449
6293,721,1205,1691,2402,2849,,721,484,486,711,447,3444
6237,673,1168,1619,2327,2756,,673,495,451,708,429,3481
6386,791,1277,1789,2503,2943,,791,486,512,714,440,3443
6359,790,1275,1788,2502,2912,,790,485,513,714,410,3447
6384,789,1277,1790,2502,2942,,789,488,513,712,440,3442
6385,789,1277,1789,2502,2937,,789,488,512,713,435,3448
6385,787,1275,1787,2500,2966,,787,488,512,713,466,3419
6283,790,1278,1789,2481,2862,,790,488,511,692,381,3421
6354,785,1273,1785,2499,2908,,785,488,512,714,409,3446
6385,790,1277,1790,2501,2938,,790,487,513,711,437,3447
6384,788,1275,1791,2501,2937,,788,487,516,710,436,3447
6163,790,1252,1730,2357,2704,,790,462,478,627,347,3459
6382,785,1273,1786,2498,2933,,785,488,513,712,435,3449
6361,790,1277,1789,2502,2912,,790,487,512,713,410,3449
6360,789,1277,1790,2502,2912,,789,488,513,712,410,3448
6385,790,1276,1790,2501,2937,,790,486,514,711,436,3448
6360,790,1278,1789,2502,2913,,790,488,511,713,411,3447
6360,789,1278,1789,2503,2914,,789,489,511,714,411,3446
6357,790,1277,1789,2500,2912,,790,487,512,711,412,3445
6360,790,1254,1790,2502,2913,,790,464,536,712,411,3447
6275,717,1204,1693,2405,2828,,717,487,489,712,423,3447
6162,790,1277,1710,2344,2703,,790,487,433,634,359,3459
6361,791,1307,1791,2503,2914,,791,516,484,712,411,3447
6384,789,1276,1788,2501,2940,,789,487,512,713,439,3444
6358,789,1276,1789,2501,2912,,789,487,513,712,411,3446
6359,790,1276,1789,2502,2912,,790,486,513,713,410,3447
6359,788,1275,1787,2500,2910,,788,487,512,713,410,3449
6359,775,1233,1789,2503,2911,,775,458,556,714,408,3448
6358,789,1277,1790,2501,2912,,789,488,513,711,411,3446
6236,720,1150,1640,2365,2787,,720,430,490,725,422,3449
6297,727,1211,1700,2409,2825,,727,484,489,709,416,3472
6083,791,1199,1665,2284,2665,,791,408,466,619,381,3418
6263,717,1200,1687,2397,2814,,717,483,487,710,417,3449
6360,789,1277,1790,2503,2913,,789,488,513,713,410,3447
6358,790,1275,1789,2502,2912,,790,485,514,713,410,3446
6361,791,1277,1790,2503,2912,,791,486,513,713,409,3449
6361,790,1277,1790,2502,2913,,790,487,513,712,411,3448
6236,720,1133,1616,2365,2788,,720,413,483,749,423,3448
6371,790,1302,1790,2502,2913,,790,512,488,712,411,3458
6235,718,1123,1615,2363,2786,,718,405,492,748,423,3449
6385,792,1277,1789,2502,2938,,792,485,512,713,436,3447
6236,791,1256,1764,2444,2785,,791,465,508,680,341,3451
6416,791,1302,1793,2503,2939,,791,511,491,710,436,3477
6360,790,1278,1790,2502,2912,,790,488,512,712,410,3448
6384,786,1274,1786,2498,2909,,786,488,512,712,411,3475
6339,790,1277,1790,2502,2913,,790,487,513,712,411,3426
6387,791,1277,1790,2502,2943,,791,486,513,712,441,3444
6333,789,1278,1789,2503,2918,,789,489,511,714,415,3415
6369,789,1277,1789,2502,2912,,789,488,512,713,410,3457
6235,718,1127,1614,2365,2790,,718,409,487,751,425,3445
6357,787,1273,1787,2498,2911,,787,486,514,711,413,3446
6168,813,1276,1759,2375,2730,,813,463,483,616,355,3438
6296,778,1248,1777,2474,2873,,778,470,529,697,399,3423
6323,778,1248,1777,2474,2872,,778,470,529,697,398,3451
6323,778,1251,1780,2478,2874,,778,473,529,698,396,3449
6358,788,1276,1787,2501,2910,,788,488,511,714,409,3448
6360,789,1275,1790,2502,2912,,789,486,515,712,410,3448
6359,789,1276,1789,2501,2912,,789,487,513,712,411,3447
6360,789,1277,1791,2502,2913,,789,488,514,711,411,3447
6251,793,1227,1704,2405,2803,,793,434,477,701,398,3448
6281,777,1275,1777,2475,2871,,777,498,502,698,396,3410
6175,779,1249,1737,2399,2764,,779,470,488,662,365,3411
6186,779,1278,1779,2436,2807,,779,499,501,657,371,3379
6157,778,1249,1779,2436,2786,,778,471,530,657,350,3371
6156,779,1251,1778,2438,2785,,779,472,527,660,347,3371
6156,777,1274,1777,2434,2783,,777,497,503,657,349,3373
6022,777,1223,1643,2298,2619,,777,446,420,655,321,3403
6136,779,1209,1689,2389,2759,,779,430,480,700,370,3377
6155,779,1251,1777,2435,2784,,779,472,526,658,349,3371
6157,778,1250,1779,2436,2785,,778,472,529,657,349,3372
6163,776,1246,1776,2431,2782,,776,470,530,655,351,3381
6147,778,1250,1736,2397,2775,,778,472,486,661,378,3372
6086,705,1180,1651,2314,2710,,705,475,471,663,396,3376
6156,780,1276,1778,2434,2784,,780,496,502,656,350,3372
6156,778,1252,1781,2438,2786,,778,474,529,657,348,3370
6156,777,1249,1777,2435,2785,,777,472,528,658,350,3371
6156,778,1250,1778,2437,2783,,778,472,528,659,346,3373
6137,779,1210,1691,2388,2758,,779,431,481,697,370,3379
6157,777,1249,1779,2435,2786,,777,472,530,656,351,3371
6156,778,1252,1779,2437,2787,,778,474,527,658,350,3369
6154,779,1251,1778,2434,2784,,779,472,527,656,350,3370
6118,698,1170,1639,2307,2651,,698,472,469,668,344,3467
6358,791,1277,1791,2501,2913,,791,486,514,710,412,3445
6359,788,1275,1791,2500,2911,,788,487,516,709,411,3448
6360,790,1307,1788,2502,2913,,790,517,481,714,411,3447
6359,792,1276,1789,2501,2912,,792,484,513,712,411,3447
6280,718,1212,1697,2410,2834,,718,494,485,713,424,3446
6219,790,1276,1768,2451,2835,,790,486,492,683,384,3384
6239,717,1200,1689,2397,2814,,717,483,489,708,417,3425
6261,790,1277,1688,2403,2814,,790,487,411,715,411,3447
6366,759,1252,1789,2503,2912,,759,493,537,714,409,3454
6286,790,1277,1789,2470,2834,,790,487,512,681,364,3452
6386,790,1276,1789,2501,2937,,790,486,513,712,436,3449
6362,788,1275,1787,2499,2910,,788,487,512,712,411,3452
6361,789,1300,1788,2500,2911,,789,511,488,712,411,3450
6358,789,1275,1789,2500,2911,,789,486,514,711,411,3447
6360,790,1277,1789,2502,2911,,790,487,512,713,409,3449
6249,789,1276,1731,2425,2824,,789,487,455,694,399,3425
6384,788,1276,1788,2501,2936,,788,488,512,713,435,3448
6113,677,1091,1518,2218,2626,,677,414,427,700,408,3487
6206,667,1162,1649,2386,2789,,667,495,487,737,403,3417
6360,791,1277,1789,2502,2913,,791,486,512,713,411,3447
6362,790,1277,1789,2502,2920,,790,487,512,713,418,3442
6384,790,1278,1788,2501,2936,,790,488,510,713,435,3448
6360,791,1280,1789,2503,2912,,791,489,509,714,409,3448
6331,787,1274,1788,2500,2912,,787,487,514,712,412,3419
6361,789,1275,1792,2502,2910,,789,486,517,710,408,3451
6265,751,1212,1698,2417,2837,,751,461,486,719,420,3428
6363,791,1278,1791,2502,2915,,791,487,513,711,413,3448
6296,789,1276,1736,2440,2850,,789,487,460,704,410,3446
6205,737,1216,1688,2385,2801,,737,479,472,697,416,3404
6166,778,1248,1778,2432,2779,,778,470,530,654,347,3387
6167,778,1249,1777,2432,2780,,778,471,528,655,348,3387
6164,778,1249,1779,2435,2780,,778,471,530,656,345,3384
6208,779,1250,1779,2474,2832,,779,471,529,695,358,3376
6159,777,1247,1778,2432,2779,,777,470,531,654,347,3380
6170,714,1189,1661,2377,2791,,714,475,472,716,414,3379
6116,704,1136,1618,2354,2736,,704,432,482,736,382,3380
6108,704,1178,1650,2313,2731,,704,474,472,663,418,3377
6124,778,1273,1777,2426,2754,,778,495,504,649,328,3370
6154,779,1250,1778,2434,2785,,779,471,528,656,351,3369
6143,779,1250,1777,2433,2759,,779,471,527,656,326,3384
6061,705,1178,1605,2313,2644,,705,473,427,708,331,3417
6220,777,1248,1778,2431,2784,,777,471,530,653,353,3436
6297,776,1248,1777,2473,2872,,776,472,529,696,399,3425
6135,704,1177,1648,2330,2773,,704,473,471,682,443,3362
6273,703,1177,1649,2403,2826,,703,474,472,754,423,3447
6246,779,1208,1688,2384,2802,,779,429,480,696,418,3444
6323,778,1249,1778,2474,2874,,778,471,529,696,400,3449
6323,778,1249,1778,2473,2873,,778,471,529,695,400,3450
6296,777,1232,1777,2473,2873,,777,455,545,696,400,3423
6257,712,1186,1657,2385,2807,,712,474,471,728,422,3450
6199,704,1178,1647,2353,2774,,704,474,469,706,421,3425
6321,777,1248,1776,2473,2872,,777,471,528,697,399,3449
6323,778,1248,1777,2476,2874,,778,470,529,699,398,3449
6299,778,1249,1779,2477,2873,,778,471,530,698,396,3426
6321,777,1248,1777,2476,2873,,777,471,529,699,397,3448
6221,775,1206,1685,2381,2773,,775,431,479,696,392,3448
6322,778,1275,1781,2478,2872,,778,497,506,697,394,3450
6198,704,1177,1648,2368,2773,,704,473,471,720,405,3425
6224,705,1182,1655,2355,2775,,705,477,473,700,420,3449
6243,711,1186,1657,2388,2787,,711,475,471,731,399,3456
6360,790,1277,1789,2503,2912,,790,487,512,714,409,3448
6359,787,1275,1787,2500,2910,,787,488,512,713,410,3449
6360,789,1276,1788,2501,2911,,789,487,512,713,410,3449
6359,789,1275,1788,2501,2911,,789,486,513,713,410,3448
6359,790,1276,1790,2501,2912,,790,486,514,711,411,3447
6358,790,1276,1790,2502,2913,,790,486,514,712,411,3445
6358,789,1278,1788,2502,2911,,789,489,510,714,409,3447
6359,788,1275,1788,2492,2912,,788,487,513,704,420,3447
6244,702,1131,1612,2375,2798,,702,429,481,763,423,3446
5930,712,1188,1659,2314,2608,,712,476,471,655,294,3322
6199,706,1180,1652,2355,2773,,706,474,472,703,418,3426
6197,705,1178,1649,2354,2774,,705,473,471,705,420,3423
6297,779,1250,1777,2473,2871,,779,471,527,696,398,3426
6297,779,1254,1779,2475,2873,,779,475,525,696,398,3424
6322,778,1249,1778,2478,2873,,778,471,529,700,395,3449
6321,777,1249,1778,2476,2877,,777,472,529,698,401,3444
6298,778,1249,1779,2476,2872,,778,471,530,697,396,3426
6298,779,1250,1778,2432,2851,,779,471,528,654,419,3447
6322,778,1249,1777,2474,2872,,778,471,528,697,398,3450
6284,717,1201,1691,2415,2839,,717,484,490,724,424,3445
6360,790,1277,1789,2502,2913,,790,487,512,713,411,3447
6360,790,1276,1788,2500,2912,,790,486,512,712,412,3448
6384,789,1275,1789,2500,2937,,789,486,514,711,437,3447
6360,789,1276,1790,2501,2911,,789,487,514,711,410,3449
6360,766,1252,1790,2502,2913,,766,486,538,712,411,3447
6336,790,1279,1791,2467,2888,,790,489,512,676,421,3448
6387,791,1277,1790,2502,2913,,791,486,513,712,411,3474
6261,714,1198,1666,2391,2813,,714,484,468,725,422,3448
6296,724,1207,1675,2425,2847,,724,483,468,750,422,3449
6360,792,1277,1789,2501,2913,,792,485,512,712,412,3447
6355,786,1272,1785,2497,2908,,786,486,513,712,411,3447
6362,791,1277,1789,2502,2913,,791,486,512,713,411,3449
6359,788,1275,1788,2501,2913,,788,487,513,713,412,3446
6360,788,1276,1788,2502,2912,,788,488,512,714,410,3448
6298,786,1255,1750,2445,2849,,786,469,495,695,404,3449
6276,779,1252,1779,2440,2849,,779,473,527,661,409,3427
6359,789,1276,1788,2501,2911,,789,487,512,713,410,3448
6288,714,1199,1665,2389,2829,,714,485,466,724,440,3459
6237,706,1178,1615,2368,2790,,706,472,437,753,422,3447
6228,778,1274,1777,2471,2831,,778,496,503,694,360,3397
6156,702,1180,1652,2353,2773,,702,478,472,701,420,3383
6157,704,1179,1653,2355,2774,,704,475,474,702,419,3383
6182,706,1180,1652,2356,2775,,706,474,472,704,419,3407
6177,703,1174,1650,2376,2795,,703,471,476,726,419,3382
6136,660,1081,1564,2267,2678,,660,421,483,703,411,3458
6384,789,1276,1787,2509,2938,,789,487,511,722,429,3446
6360,789,1276,1790,2501,2912,,789,487,514,711,411,3448
6269,698,1198,1665,2423,2825,,698,500,467,758,402,3444
6262,790,1278,1685,2400,2812,,790,488,407,715,412,3450
6353,788,1274,1788,2500,2935,,788,486,514,712,435,3418
6273,791,1280,1769,2453,2864,,791,489,489,684,411,3409
6263,719,1204,1692,2403,2815,,719,485,488,711,412,3448
6413,791,1279,1790,2503,2941,,791,488,511,713,438,3472
6391,792,1277,1790,2503,2915,,792,485,513,713,412,3476
6361,790,1257,1790,2503,2912,,790,467,533,713,409,3449
6386,791,1278,1790,2505,2925,,791,487,512,715,420,3461
6385,791,1278,1790,2503,2939,,791,487,512,713,436,3446
6104,715,1178,1636,2341,2719,,715,463,458,705,378,3385
6235,716,1227,1635,2366,2790,,716,511,408,731,424,3445
6185,711,1196,1683,2393,2814,,711,485,487,710,421,3371
6264,718,1202,1690,2400,2820,,718,484,488,710,420,3444
6361,791,1279,1790,2503,2913,,791,488,511,713,410,3448
6386,790,1276,1790,2531,2938,,790,486,514,741,407,3448
6361,791,1277,1790,2504,2914,,791,486,513,714,410,3447
6116,647,1064,1555,2267,2702,,647,417,491,712,435,3414
6161,717,1201,1690,2379,2740,,717,484,489,689,361,3421
6264,717,1202,1690,2399,2815,,717,485,488,709,416,3449
6282,713,1187,1659,2415,2837,,713,474,472,756,422,3445
6107,748,1179,1615,2315,2733,,748,431,436,700,418,3374
6151,704,1178,1650,2376,2762,,704,474,472,726,386,3389
6134,703,1179,1649,2355,2733,,703,476,470,706,378,3401
6108,703,1180,1651,2314,2732,,703,477,471,663,418,3376
6223,703,1179,1651,2354,2773,,703,476,472,703,419,3450
6281,779,1251,1778,2475,2875,,779,472,527,697,400,3406
6209,779,1251,1779,2476,2834,,779,472,528,697,358,3375
6209,779,1250,1778,2432,2793,,779,471,528,654,361,3416
6361,789,1277,1789,2502,2913,,789,488,512,713,411,3448
6206,722,1205,1693,2371,2758,,722,483,488,678,387,3448
6181,736,1175,1611,2353,2776,,736,439,436,742,423,3405
6041,709,1138,1607,2269,2628,,709,429,469,662,359,3413
6038,704,1179,1608,2295,2623,,704,475,429,687,328,3415
6171,775,1247,1775,2406,2730,,775,472,528,631,324,3441
6148,777,1249,1778,2395,2702,,777,472,529,617,307,3446
6132,703,1176,1649,2378,2756,,703,473,473,729,378,3376
6209,780,1275,1780,2476,2834,,780,495,505,696,358,3375
6117,705,1179,1651,2354,2732,,705,474,472,703,378,3385
6110,707,1203,1678,2379,2731,,707,496,475,701,352,3379
6111,705,1181,1652,2357,2732,,705,476,471,705,375,3379
6141,712,1188,1659,2387,2764,,712,476,471,728,377,3377
6243,761,1204,1689,2399,2814,,761,443,485,710,415,3429
6284,780,1277,1780,2477,2875,,780,497,503,697,398,3409
6110,706,1180,1651,2314,2732,,706,474,471,663,418,3378
6111,704,1180,1655,2355,2733,,704,476,475,700,378,3378
6140,713,1188,1659,2388,2765,,713,475,471,729,377,3375
6208,779,1250,1756,2455,2833,,779,471,506,699,378,3375
6189,778,1252,1778,2433,2805,,778,474,526,655,372,3384
6185,779,1250,1780,2436,2807,,779,471,530,656,371,3378
6112,705,1180,1652,2316,2733,,705,475,472,664,417,3379
6110,704,1150,1623,2325,2734,,704,446,473,702,409,3376
6262,687,1180,1688,2428,2835,,687,493,508,740,407,3427
6362,791,1278,1792,2503,2914,,791,487,514,711,411,3448
6361,791,1277,1790,2505,2913,,791,486,513,715,408,3448
6360,789,1277,1789,2502,2912,,789,488,512,713,410,3448
6360,791,1277,1790,2502,2914,,791,486,513,712,412,3446
6310,776,1260,1710,2427,2862,,776,484,450,717,435,3448
6288,791,1277,1770,2454,2838,,791,486,493,684,384,3450
6359,790,1277,1790,2503,2913,,790,487,513,713,410,3446
6236,717,1228,1694,2391,2815,,717,511,466,697,424,3421
6191,791,1198,1691,2346,2776,,791,407,493,655,430,3415
6071,709,1183,1628,2326,2653,,709,474,445,698,327,3418
6259,777,1249,1780,2475,2873,,777,472,531,695,398,3386
6155,779,1252,1780,2434,2787,,779,473,528,654,353,3368
6133,706,1180,1652,2379,2758,,706,474,472,727,379,3375
6228,709,1185,1658,2385,2806,,709,476,473,727,421,3422
6135,706,1180,1653,2381,2759,,706,474,473,728,378,3376
6162,781,1252,1779,2433,2786,,781,471,527,654,353,3376
6005,703,1178,1608,2298,2623,,703,475,430,690,325,3382
5932,667,1155,1624,2296,2591,,667,488,469,672,295,3341
6200,704,1181,1628,2357,2775,,704,477,447,729,418,3425
6268,712,1186,1617,2397,2820,,712,474,431,780,423,3448
6311,716,1201,1688,2428,2868,,716,485,487,740,440,3443
6261,716,1200,1688,2397,2813,,716,484,488,709,416,3448
6261,715,1199,1688,2398,2813,,715,484,489,710,415,3448
6295,725,1208,1697,2425,2847,,725,483,489,728,422,3448
6236,714,1179,1661,2370,2788,,714,465,482,709,418,3448
6309,787,1305,1788,2481,2861,,787,518,483,693,380,3448
6285,789,1278,1789,2424,2837,,789,489,511,635,413,3448
6298,790,1276,1789,2466,2877,,790,486,513,677,411,3421
6273,778,1251,1766,2414,2827,,778,473,515,648,413,3446
6194,717,1189,1617,2326,2736,,717,472,428,709,410,3458
6285,719,1228,1718,2427,2838,,719,509,490,709,411,3447
6263,718,1204,1690,2400,2814,,718,486,486,710,414,3449
6385,790,1277,1791,2503,2938,,790,487,514,712,435,3447
6210,715,1191,1664,2365,2786,,715,476,473,701,421,3424
6216,713,1187,1658,2344,2811,,713,474,471,686,467,3405
6089,706,1180,1677,2337,2711,,706,474,497,660,374,3378
6225,705,1181,1654,2381,2799,,705,476,473,727,418,3426
6032,706,1180,1652,2356,2680,,706,474,472,704,324,3352
6134,707,1179,1651,2324,2792,,707,472,472,673,468,3342
6285,718,1202,1691,2420,2841,,718,484,489,729,421,3444
6259,717,1201,1689,2401,2813,,717,484,488,712,412,3446
6362,790,1276,1790,2502,2913,,790,486,514,712,411,3449
6291,717,1202,1690,2399,2813,,717,485,488,709,414,3478
6364,790,1302,1790,2502,2912,,790,512,488,712,410,3452
6160,725,1190,1674,2369,2707,,725,465,484,695,338,3453
6310,791,1279,1791,2483,2864,,791,488,512,692,381,3446
6360,791,1278,1790,2503,2913,,791,487,512,713,410,3447
6236,780,1263,1711,2404,2788,,780,483,448,693,384,3448
6198,717,1123,1614,2315,2750,,717,406,491,701,435,3448
6140,781,1253,1734,2348,2686,,781,472,481,614,338,3454
6237,715,1200,1688,2396,2792,,715,485,488,708,396,3445
6263,716,1200,1688,2398,2814,,716,484,488,710,416,3449
6262,717,1202,1692,2400,2814,,717,485,490,708,414,3448
6293,716,1200,1690,2400,2814,,716,484,490,710,414,3479
6237,716,1200,1669,2376,2789,,716,484,469,707,413,3448
6299,789,1277,1789,2481,2848,,789,488,512,692,367,3451
6146,703,1179,1650,2311,2711,,703,476,471,661,400,3435
6122,788,1195,1591,2277,2693,,788,407,396,686,416,3429
6097,706,1180,1652,2261,2616,,706,474,472,609,355,3481
6108,705,1179,1650,2309,2734,,705,474,471,659,425,3374
6123,778,1251,1697,2306,2687,,778,473,446,609,381,3436
6081,706,1182,1655,2315,2713,,706,476,473,660,398,3368
6133,705,1181,1652,2381,2760,,705,476,471,729,379,3373
6276,698,1206,1694,2405,2830,,698,508,488,711,425,3446
6386,790,1277,1789,2502,2938,,790,487,512,713,436,3448
6237,715,1199,1688,2397,2793,,715,484,489,709,396,3444
6263,716,1201,1688,2398,2813,,716,485,487,710,415,3450
6323,790,1238,1791,2504,2878,,790,448,553,713,374,3445
6176,705,1205,1677,2384,2737,,705,500,472,707,353,3439
6247,778,1249,1779,2398,2802,,778,471,530,619,404,3445
6057,704,1202,1632,2317,2644,,704,498,430,685,327,3413
6083,781,1277,1738,2376,2709,,781,496,461,638,333,3374
5956,707,1182,1654,2309,2604,,707,475,472,655,295,3352
6200,677,1158,1630,2356,2775,,677,481,472,726,419,3425
6167,714,1214,1684,2388,2766,,714,500,470,704,378,3401
6139,778,1250,1777,2433,2759,,778,472,527,656,326,3380
6081,779,1275,1740,2376,2707,,779,496,465,636,331,3374
6108,706,1167,1644,2383,2707,,706,461,477,739,324,3401
6026,705,1138,1575,2255,2581,,705,433,437,680,326,3445
6199,673,1155,1585,2356,2778,,673,482,430,771,422,3421
6084,780,1212,1646,2314,2711,,780,432,434,668,397,3373
6032,705,1177,1607,2295,2623,,705,472,430,688,328,3409
6032,706,1180,1652,2309,2628,,706,474,472,657,319,3404
6225,704,1180,1655,2355,2774,,704,476,475,700,419,3451
6173,715,1191,1664,2421,2794,,715,476,473,757,373,3379
6086,705,1181,1653,2314,2711,,705,476,472,661,397,3375
6031,704,1179,1610,2297,2625,,704,475,431,687,328,3406
5856,705,1180,1604,2218,2514,,705,475,424,614,296,3342
6224,704,1180,1649,2357,2782,,704,476,469,708,425,3442
6094,705,1180,1612,2353,2725,,705,475,432,741,372,3369
6086,703,1179,1653,2313,2709,,703,476,474,660,396,3377
6033,707,1181,1611,2324,2652,,707,474,430,713,328,3381
6032,705,1181,1654,2307,2626,,705,476,473,653,319,3406
6224,704,1144,1618,2356,2774,,704,440,474,738,418,3450
6273,727,1211,1704,2426,2828,,727,484,493,722,402,3445
6239,715,1200,1688,2398,2796,,715,485,488,710,398,3443
6361,792,1277,1790,2502,2914,,792,485,513,712,412,3447
6291,717,1206,1677,2391,2814,,717,489,471,714,423,3477
6150,717,1201,1688,2366,2726,,717,484,487,678,360,3424
6088,706,1159,1576,2251,2593,,706,453,417,675,342,3495
6258,716,1200,1687,2396,2811,,716,484,487,709,415,3447
6291,717,1227,1713,2422,2841,,717,510,486,709,419,3450
6411,746,1240,1820,2529,2963,,746,494,580,709,434,3448
6225,686,1138,1620,2355,2777,,686,452,482,735,422,3448
6209,778,1252,1776,2474,2833,,778,474,524,698,359,3376
6008,706,1179,1611,2272,2599,,706,473,432,661,327,3409
6146,702,1178,1649,2311,2710,,702,476,471,662,399,3436
6113,706,1115,1525,2175,2608,,706,409,410,650,433,3505
6297,791,1278,1789,2483,2848,,791,487,511,694,365,3449
6188,704,1182,1655,2332,2733,,704,478,473,677,401,3455
6259,715,1198,1688,2398,2811,,715,483,490,710,413,3448
6259,715,1201,1688,2399,2811,,715,486,487,711,412,3448
6361,789,1277,1789,2502,2912,,789,488,512,713,410,3449
6149,658,1106,1577,2280,2701,,658,448,471,703,421,3448
5907,705,1180,1652,2275,2569,,705,475,472,623,294,3338
6161,780,1252,1779,2434,2787,,780,472,527,655,353,3374
6083,778,1250,1738,2377,2708,,778,472,488,639,331,3375
6248,706,1182,1653,2380,2802,,706,476,471,727,422,3446
6176,706,1207,1637,2313,2733,,706,501,430,676,420,3443
6212,706,1180,1652,2313,2754,,706,474,472,661,441,3458
6269,723,1207,1697,2407,2822,,723,484,490,710,415,3447
6264,716,1200,1693,2403,2814,,716,484,493,710,411,3450
6359,790,1277,1789,2502,2912,,790,487,512,713,410,3447
6199,717,1170,1637,2355,2779,,717,453,467,718,424,3420
6183,781,1252,1781,2478,2783,,781,471,529,697,305,3400
6083,704,1179,1651,2312,2710,,704,475,472,661,398,3373
6082,705,1181,1613,2299,2709,,705,476,432,686,410,3373
6180,705,1180,1610,2341,2759,,705,475,430,731,418,3421
6288,717,1202,1690,2429,2819,,717,485,488,739,390,3469
6100,717,1168,1588,2280,2632,,717,451,420,692,352,3468
6165,714,1192,1666,2416,2794,,714,478,474,750,378,3371
6073,780,1253,1728,2352,2703,,780,473,475,624,351,3370
5933,707,1182,1655,2309,2604,,707,475,473,654,295,3329
6225,705,1180,1648,2356,2777,,705,475,468,708,421,3448
6235,780,1251,1780,2478,2858,,780,471,529,698,380,3377
6158,780,1252,1781,2436,2784,,780,472,529,655,348,3374
6031,705,1180,1612,2321,2648,,705,475,432,709,327,3383
5972,709,1143,1578,2198,2569,,709,434,435,620,371,3403
6239,716,1200,1689,2397,2795,,716,484,489,708,398,3444
6287,791,1257,1716,2430,2840,,791,466,459,714,410,3447
6265,718,1204,1692,2403,2815,,718,486,488,711,412,3450
6361,791,1278,1791,2502,2911,,791,487,513,711,409,3450
6289,719,1228,1716,2426,2840,,719,509,488,710,414,3449
6237,717,1180,1639,2367,2789,,717,463,459,728,422,3448
6112,652,1127,1543,2265,2655,,652,475,416,722,390,3457
6286,718,1228,1716,2426,2841,,718,510,488,710,415,3445
6289,717,1226,1713,2422,2839,,717,509,487,709,417,3450
6238,717,1182,1640,2344,2789,,717,465,458,704,445,3449
6187,717,1201,1689,2398,2736,,717,484,488,709,338,3451
6262,716,1200,1688,2399,2813,,716,484,488,711,414,3449
6293,723,1233,1721,2432,2844,,723,510,488,711,412,3449
6288,717,1227,1714,2426,2840,,717,510,487,712,414,3448
6263,717,1203,1690,2400,2814,,717,486,487,710,414,3449
6235,790,1199,1665,2375,2788,,790,409,466,710,413,3447
6287,782,1278,1791,2503,2835,,782,496,513,712,332,3452
6262,717,1228,1715,2426,2819,,717,511,487,711,393,3443
6384,791,1278,1790,2504,2938,,791,487,512,714,434,3446
6237,717,1227,1654,2365,2778,,717,510,427,711,413,3459
6287,791,1278,1791,2503,2839,,791,487,513,712,336,3448
6197,718,1203,1691,2402,2798,,718,485,488,711,396,3399
6264,709,1194,1682,2393,2816,,709,485,488,711,423,3448
6363,718,1235,1792,2504,2915,,718,517,557,712,411,3448
6263,718,1205,1692,2402,2816,,718,487,487,710,414,3447
6266,719,1158,1617,2345,2791,,719,439,459,728,446,3475
6313,749,1244,1793,2505,2894,,749,495,549,712,389,3419
6187,718,1203,1692,2381,2766,,718,485,489,689,385,3421
6200,704,1177,1645,2333,2756,,704,473,468,688,423,3444
6196,705,1178,1650,2354,2765,,705,473,472,704,411,3431
6200,706,1181,1652,2358,2774,,706,475,471,706,416,3426
6212,705,1180,1652,2377,2769,,705,475,472,725,392,3443
6260,706,1190,1677,2388,2811,,706,484,487,711,423,3449
6386,791,1277,1789,2502,2944,,791,486,512,713,442,3442
6386,717,1227,1791,2504,2919,,717,510,564,713,415,3467
6239,718,1203,1670,2312,2791,,718,485,467,642,479,3448
6361,790,1257,1790,2504,2913,,790,467,533,714,409,3448
6261,716,1201,1690,2399,2814,,716,485,489,709,415,3447
6288,715,1225,1714,2426,2839,,715,510,489,712,413,3449
6213,717,1202,1668,2351,2765,,717,485,466,683,414,3448
6263,718,1204,1691,2426,2819,,718,486,487,735,393,3444
6263,718,1202,1690,2401,2817,,718,484,488,711,416,3446
6255,684,1140,1626,2406,2831,,684,456,486,780,425,3424
6261,716,1200,1689,2397,2814,,716,484,489,708,417,3447
6263,716,1203,1690,2400,2815,,716,487,487,710,415,3448
6237,717,1202,1615,2366,2790,,717,485,413,751,424,3447
6240,650,1126,1609,2367,2789,,650,476,483,758,422,3451
6288,718,1203,1694,2405,2840,,718,485,491,711,435,3448
6361,792,1278,1791,2503,2914,,792,486,513,712,411,3447
6239,719,1204,1717,2348,2792,,719,485,513,631,444,3447
6238,717,1202,1691,2401,2797,,717,485,489,710,396,3441
6238,718,1202,1690,2402,2796,,718,484,488,712,394,3442
6260,716,1200,1689,2400,2813,,716,484,489,711,413,3447
6263,717,1202,1690,2401,2815,,717,485,488,711,414,3448
6263,717,1203,1690,2401,2816,,717,486,487,711,415,3447
6237,717,1202,1691,2401,2797,,717,485,489,710,396,3440
6236,703,1119,1604,2367,2788,,703,416,485,763,421,3448
6261,717,1201,1689,2399,2816,,717,484,488,710,417,3445
6288,717,1229,1715,2424,2840,,717,512,486,709,416,3448
6290,717,1228,1792,2425,2840,,717,511,564,633,415,3450
6269,708,1202,1688,2400,2822,,708,494,486,712,422,3447
6263,717,1202,1690,2399,2817,,717,485,488,709,418,3446
6073,717,1124,1510,2206,2626,,717,407,386,696,420,3447
6082,705,1180,1652,2313,2713,,705,475,472,661,400,3369
6223,703,1179,1651,2378,2797,,703,476,472,727,419,3426
6187,707,1182,1655,2314,2737,,707,475,473,659,423,3450
6271,708,1180,1640,2401,2823,,708,472,460,761,422,3448
6261,718,1203,1690,2401,2814,,718,485,487,711,413,3447
6200,717,1232,1716,2424,2814,,717,515,484,708,390,3386
6290,747,1268,1753,2397,2814,,747,521,485,644,417,3476
6266,690,1175,1662,2372,2790,,690,485,487,710,418,3476
6310,715,1227,1740,2476,2887,,715,512,513,736,411,3423
6146,679,1116,1553,2267,2703,,679,437,437,714,436,3443
6264,717,1201,1690,2400,2815,,717,484,489,710,415,3449
6262,717,1201,1690,2400,2814,,717,484,489,710,414,3448
6185,772,1193,1613,2337,2734,,772,421,420,724,397,3451
6336,793,1282,1767,2478,2889,,793,489,485,711,411,3447
6265,717,1201,1688,2398,2813,,717,484,487,710,415,3452
6243,717,1201,1689,2399,2814,,717,484,488,710,415,3429
6223,717,1201,1689,2399,2779,,717,484,488,710,380,3444
6199,705,1180,1652,2354,2774,,705,475,472,702,420,3425
6213,705,1180,1652,2317,2755,,705,475,472,665,438,3458
6245,718,1175,1589,2357,2779,,718,457,414,768,422,3466
6362,792,1278,1790,2503,2914,,792,486,512,713,411,3448
6286,716,1200,1688,2400,2838,,716,484,488,712,438,3448
6263,718,1202,1690,2399,2815,,718,484,488,709,416,3448
6226,717,1203,1636,2356,2778,,717,486,433,720,422,3448
6110,706,1181,1654,2356,2733,,706,475,473,702,377,3377
6056,705,1181,1609,2322,2647,,705,476,428,713,325,3409
6227,711,1186,1657,2385,2805,,711,475,471,728,420,3422
6200,706,1180,1653,2356,2776,,706,474,473,703,420,3424
6116,704,1179,1650,2313,2732,,704,475,471,663,419,3384
6024,653,1125,1546,2200,2596,,653,472,421,654,396,3428
6082,706,1181,1637,2298,2712,,706,475,456,661,414,3370
5954,702,1176,1645,2296,2614,,702,474,469,651,318,3340
6143,706,1180,1652,2314,2775,,706,474,472,662,461,3368
6082,706,1180,1653,2315,2710,,706,474,473,662,395,3372
6107,702,1178,1608,2335,2735,,702,476,430,727,400,3372
6105,705,1178,1610,2321,2735,,705,473,432,711,414,3370
6139,711,1185,1614,2345,2726,,711,474,429,731,381,3413
6262,718,1203,1690,2400,2816,,718,485,487,710,416,3446
6288,717,1202,1690,2399,2839,,717,485,488,709,440,3449
6135,717,1129,1576,2251,2656,,717,412,447,675,405,3479
6362,792,1278,1791,2504,2913,,792,486,513,713,409,3449
6385,790,1306,1790,2531,2938,,790,516,484,741,407,3447
6263,717,1201,1691,2401,2814,,717,484,490,710,413,3449
5975,653,1080,1498,2155,2548,,653,427,418,657,393,3427
6158,780,1251,1779,2434,2786,,780,471,528,655,352,3372
6106,705,1181,1611,2322,2736,,705,476,430,711,414,3370
6116,709,1185,1657,2359,2756,,709,476,472,702,397,3360
6200,707,1184,1656,2356,2776,,707,477,472,700,420,3424
6200,705,1181,1653,2313,2755,,705,476,472,660,442,3445
6260,716,1200,1654,2362,2811,,716,484,454,708,449,3449
6289,718,1228,1716,2426,2841,,718,510,488,710,415,3448
6291,716,1200,1688,2398,2814,,716,484,488,710,416,3477
6263,717,1201,1689,2398,2815,,717,484,488,709,417,3448
6263,717,1201,1691,2395,2816,,717,484,490,704,421,3447
6287,719,1228,1716,2425,2839,,719,509,488,709,414,3448
6225,717,1201,1690,2398,2815,,717,484,489,708,417,3410
6210,716,1199,1688,2423,2787,,716,483,489,735,364,3423
6198,663,1135,1607,2355,2775,,663,472,472,748,420,3423
6172,705,1180,1653,2355,2753,,705,475,473,702,398,3419
6272,725,1210,1677,2342,2818,,725,485,467,665,476,3454
6263,718,1203,1691,2403,2816,,718,485,488,712,413,3447
6362,790,1278,1791,2503,2913,,790,488,513,712,410,3449
6239,718,1202,1691,2358,2790,,718,484,489,667,432,3449
6223,718,1202,1691,2358,2779,,718,484,489,667,421,3444
6111,705,1178,1651,2313,2732,,705,473,473,662,419,3379
6105,703,1179,1610,2320,2733,,703,476,431,710,413,3372
5962,710,1188,1658,2306,2625,,710,478,470,648,319,3337
6208,706,1182,1654,2356,2776,,706,476,472,702,420,3432
6135,707,1181,1653,2356,2734,,707,474,472,703,378,3401
6163,708,1181,1610,2367,2745,,708,473,429,757,378,3418
6363,746,1230,1793,2505,2915,,746,484,563,712,410,3448
6262,717,1202,1689,2399,2815,,717,485,487,710,416,3447
6288,746,1230,1717,2426,2841,,746,484,487,709,415,3447
6237,718,1201,1689,2377,2790,,718,483,488,688,413,3447
6261,717,1202,1689,2399,2815,,717,485,487,710,416,3446
6242,717,1201,1690,2400,2816,,717,484,489,710,416,3426
6356,792,1276,1790,2502,2913,,792,484,514,712,411,3443
6261,718,1202,1692,2402,2817,,718,484,490,710,415,3444
6261,717,1203,1692,2404,2816,,717,486,489,712,412,3445
6158,718,1183,1641,2342,2721,,718,465,458,701,379,3437
6263,719,1203,1691,2400,2816,,719,484,488,709,416,3447
6388,792,1277,1791,2505,2939,,792,485,514,714,434,3449
6288,718,1227,1716,2426,2840,,718,509,489,710,414,3448
6236,719,1204,1692,2402,2789,,719,485,488,710,387,3447
6237,718,1201,1691,2401,2815,,718,483,490,710,414,3422
6265,719,1205,1692,2402,2816,,719,486,487,710,414,3449
6235,718,1228,1716,2427,2819,,718,510,488,711,392,3416
6263,718,1203,1693,2402,2815,,718,485,490,709,413,3448
6264,718,1203,1692,2401,2815,,718,485,489,709,414,3449
6268,723,1207,1675,2397,2817,,723,484,468,722,420,3451
6264,719,1206,1692,2402,2815,,719,487,486,710,413,3449
6263,718,1205,1690,2400,2815,,718,487,485,710,415,3448
6264,718,1204,1691,2401,2816,,718,486,487,710,415,3448
6264,719,1204,1691,2401,2818,,719,485,487,710,417,3446
6250,726,1211,1702,2426,2848,,726,485,491,724,422,3402
6264,718,1202,1691,2401,2815,,718,484,489,710,414,3449
6241,719,1203,1692,2402,2816,,719,484,489,710,414,3425
6276,719,1208,1695,2408,2829,,719,489,487,713,421,3447
6245,720,1205,1694,2404,2816,,720,485,489,710,412,3429
6211,718,1203,1668,2344,2762,,718,485,465,676,418,3449
6260,715,1199,1688,2398,2813,,715,484,489,710,415,3447
6264,719,1205,1692,2402,2816,,719,486,487,710,414,3448
6263,717,1201,1690,2400,2815,,717,484,489,710,415,3448
6262,717,1203,1690,2401,2815,,717,486,487,711,414,3447
6263,716,1200,1689,2399,2814,,716,484,489,710,415,3449
6242,719,1231,1722,2443,2841,,719,512,491,721,398,3401
6137,717,1201,1716,2387,2726,,717,484,515,671,339,3411
6262,717,1203,1691,2402,2817,,717,486,488,711,415,3445
6286,717,1202,1691,2400,2815,,717,485,489,709,415,3471
6186,719,1205,1694,2325,2791,,719,486,489,631,466,3395
6110,708,1180,1652,2355,2735,,708,472,472,703,380,3375
5953,702,1177,1648,2298,2617,,702,475,471,650,319,3336
6189,707,1183,1656,2315,2737,,707,476,473,659,422,3452
6363,748,1243,1792,2504,2916,,748,495,549,712,412,3447
6267,717,1202,1692,2401,2814,,717,485,490,709,413,3453
6288,717,1226,1713,2422,2839,,717,509,487,709,417,3449
6247,717,1201,1690,2399,2816,,717,484,489,709,417,3431
6198,706,1182,1653,2381,2778,,706,476,471,728,397,3420
6119,704,1180,1653,2355,2734,,704,476,473,702,379,3385
6084,705,1180,1651,2313,2718,,705,475,471,662,405,3366
6036,708,1182,1611,2325,2652,,708,474,429,714,327,3384
5962,710,1185,1656,2305,2624,,710,475,471,649,319,3338
6226,707,1182,1654,2357,2777,,707,475,472,703,420,3449
6113,705,1181,1651,2314,2731,,705,476,470,663,417,3382
6107,705,1179,1609,2337,2735,,705,474,430,728,398,3372
6058,704,1180,1610,2314,2645,,704,476,430,704,331,3413
5960,710,1186,1656,2304,2624,,710,476,470,648,320,3336
6198,706,1182,1654,2357,2775,,706,476,472,703,418,3423
6217,780,1250,1780,2477,2832,,780,470,530,697,355,3385
6212,689,1162,1632,2356,2758,,689,473,470,724,402,3454
6264,719,1204,1692,2402,2816,,719,485,488,710,414,3448
6293,717,1201,1690,2400,2814,,717,484,489,710,414,3479
6263,720,1205,1693,2403,2815,,720,485,488,710,412,3448
6263,719,1204,1691,2401,2815,,719,485,487,710,414,3448
6264,718,1203,1690,2400,2814,,718,485,487,710,414,3450
6264,716,1199,1691,2400,2814,,716,483,492,709,414,3450
6290,717,1201,1688,2398,2815,,717,484,487,710,417,3475
6288,718,1232,1716,2426,2840,,718,514,484,710,414,3448
6262,718,1203,1690,2400,2816,,718,485,487,710,416,3446
6238,718,1205,1692,2402,2796,,718,487,487,710,394,3442
6261,716,1200,1689,2398,2813,,716,484,489,709,415,3448
6262,717,1202,1690,2400,2814,,717,485,488,710,414,3448
6262,718,1203,1690,2399,2818,,718,485,487,709,419,3444
6239,715,1202,1668,2375,2791,,715,487,466,707,416,3448
6288,717,1226,1715,2426,2840,,717,509,489,711,414,3448
6240,718,1202,1689,2397,2814,,718,484,487,708,417,3426
6251,716,1200,1610,2368,2788,,716,484,410,758,420,3463
6275,717,1205,1693,2405,2828,,717,488,488,712,423,3447
6285,717,1226,1714,2424,2839,,717,509,488,710,415,3446
6239,718,1202,1690,2399,2795,,718,484,488,709,396,3444
6264,717,1202,1691,2401,2816,,717,485,489,710,415,3448
6263,717,1201,1688,2398,2814,,717,484,487,710,416,3449
6237,717,1200,1689,2399,2815,,717,483,489,710,416,3422
6263,720,1206,1692,2401,2815,,720,486,486,709,414,3448
6239,718,1202,1692,2401,2801,,718,484,490,709,400,3438
6243,718,1201,1689,2399,2815,,718,483,488,710,416,3428
6262,746,1260,1817,2490,2851,,746,514,557,673,361,3411
6112,646,1064,1544,2230,2622,,646,418,480,686,392,3490
6278,747,1230,1794,2503,2883,,747,483,564,709,380,3395
6226,705,1135,1606,2356,2777,,705,430,471,750,421,3449
6084,707,1206,1678,2316,2711,,707,499,472,638,395,3373
6064,701,1173,1565,2262,2678,,701,472,392,697,416,3386
6212,708,1181,1652,2356,2757,,708,473,471,704,401,3455
6265,717,1201,1689,2399,2814,,717,484,488,710,415,3451
6263,717,1204,1690,2400,2815,,717,487,486,710,415,3448
6264,717,1201,1690,2400,2815,,717,484,489,710,415,3449
6287,719,1229,1716,2426,2840,,719,510,487,710,414,3447
6249,718,1226,1715,2424,2839,,718,508,489,709,415,3410
6288,717,1228,1714,2425,2841,,717,511,486,711,416,3447
6265,719,1206,1691,2405,2817,,719,487,485,714,412,3448
6289,717,1227,1716,2425,2841,,717,510,489,709,416,3448
6360,789,1278,1789,2502,2912,,789,489,511,713,410,3448
6362,791,1279,1791,2502,2914,,791,488,512,711,412,3448
6264,718,1203,1690,2400,2816,,718,485,487,710,416,3448
6263,718,1202,1691,2399,2815,,718,484,489,708,416,3448
6264,720,1206,1692,2401,2814,,720,486,486,709,413,3450
6288,722,1217,1707,2419,2841,,722,495,490,712,422,3447
6267,718,1205,1690,2401,2816,,718,487,485,711,415,3451
6284,719,1230,1717,2427,2840,,719,511,487,710,413,3444
6263,719,1204,1692,2402,2817,,719,485,488,710,415,3446
6287,718,1230,1715,2425,2841,,718,512,485,710,416,3446
6265,718,1202,1690,2400,2816,,718,484,488,710,416,3449
6229,716,1225,1712,2422,2837,,716,509,487,710,415,3392
6293,719,1203,1690,2401,2817,,719,484,487,711,416,3476
6261,717,1202,1690,2399,2814,,717,485,488,709,415,3447
6263,718,1202,1689,2400,2815,,718,484,487,711,415,3448
6293,718,1203,1692,2404,2816,,718,485,489,712,412,3477
6268,723,1207,1695,2406,2820,,723,484,488,711,414,3448
6266,717,1201,1690,2400,2815,,717,484,489,710,415,3451
6263,720,1204,1698,2407,2817,,720,484,494,709,410,3446
6264,719,1204,1692,2402,2816,,719,485,488,710,414,3448
6264,718,1203,1690,2400,2816,,718,485,487,710,416,3448
6240,717,1201,1689,2398,2816,,717,484,488,709,418,3424
6265,719,1203,1693,2402,2816,,719,484,490,709,414,3449
6312,719,1228,1718,2431,2866,,719,509,490,713,435,3446
6267,718,1202,1691,2400,2815,,718,484,489,709,415,3452
6228,717,1226,1716,2426,2840,,717,509,490,710,414,3388
6264,718,1203,1691,2399,2816,,718,485,488,708,417,3448
6265,717,1202,1692,2402,2816,,717,485,490,710,414,3449
6263,718,1202,1691,2401,2816,,718,484,489,710,415,3447
6364,748,1242,1793,2505,2915,,748,494,551,712,410,3449
6261,718,1202,1689,2403,2815,,718,484,487,714,412,3446
6342,748,1243,1791,2505,2916,,748,495,548,714,411,3426
6366,748,1243,1794,2505,2918,,748,495,551,711,413,3448
6385,790,1276,1790,2502,2937,,790,486,514,712,435,3448
6244,717,1202,1690,2400,2815,,717,485,488,710,415,3429
6239,717,1229,1714,2399,2773,,717,512,485,685,374,3466
6268,743,1167,1650,2369,2791,,743,424,483,719,422,3477
6310,741,1203,1686,2424,2837,,741,462,483,738,413,3473
6263,718,1203,1693,2402,2816,,718,485,490,709,414,3447
6264,718,1202,1690,2400,2815,,718,484,488,710,415,3449
6265,719,1203,1692,2401,2817,,719,484,489,709,416,3448
6242,719,1204,1691,2401,2816,,719,485,487,710,415,3426
6264,718,1201,1691,2401,2815,,718,483,490,710,414,3449
6336,790,1276,1789,2502,2912,,790,486,513,713,410,3424
6264,718,1203,1691,2402,2816,,718,485,488,711,414,3448
6263,718,1232,1718,2427,2841,,718,514,486,709,414,3422
6264,719,1203,1691,2402,2817,,719,484,488,711,415,3447
6274,712,1203,1691,2403,2825,,712,491,488,712,422,3449
6267,719,1203,1691,2403,2815,,719,484,488,712,412,3452
6262,718,1202,1689,2399,2814,,718,484,487,710,415,3448
6263,719,1203,1691,2399,2816,,719,484,488,708,417,3447
6260,717,1211,1698,2411,2832,,717,494,487,713,421,3428
6319,719,1230,1716,2427,2842,,719,511,486,711,415,3477
6265,718,1201,1690,2401,2816,,718,483,489,711,415,3449
6291,716,1199,1688,2396,2814,,716,483,489,708,418,3477
6265,720,1204,1693,2403,2817,,720,484,489,710,414,3448
6260,718,1202,1691,2401,2813,,718,484,489,710,412,3447
6271,700,1186,1673,2400,2823,,700,486,487,727,423,3448
6225,717,1202,1690,2403,2815,,717,485,488,713,412,3410
6084,708,1181,1654,2315,2712,,708,473,473,661,397,3372
6248,705,1180,1650,2380,2800,,705,475,470,730,420,3448
6229,700,1195,1670,2385,2804,,700,495,475,715,419,3425
6115,704,1179,1651,2354,2732,,704,475,472,703,378,3383
6109,706,1180,1651,2337,2738,,706,474,471,686,401,3371
6060,707,1180,1609,2323,2650,,707,473,429,714,327,3410
5964,699,1171,1641,2307,2627,,699,472,470,666,320,3337
6233,694,1167,1640,2390,2809,,694,473,473,750,419,3424
6082,705,1180,1651,2315,2712,,705,475,471,664,397,3370
6208,706,1182,1614,2356,2799,,706,476,432,742,443,3409
6264,717,1202,1693,2404,2815,,717,485,491,711,411,3449
6288,717,1228,1715,2425,2840,,717,511,487,710,415,3448
6264,718,1202,1690,2399,2816,,718,484,488,709,417,3448
6211,719,1126,1616,2367,2769,,719,407,490,751,402,3442
6287,717,1225,1714,2423,2839,,717,508,489,709,416,3448
6264,719,1203,1690,2399,2816,,719,484,487,709,417,3448
6238,718,1202,1613,2367,2793,,718,484,411,754,426,3445
6265,718,1203,1691,2399,2817,,718,485,488,708,418,3448
6271,725,1208,1696,2406,2823,,725,483,488,710,417,3448
6287,718,1228,1715,2425,2844,,718,510,487,710,419,3443
6264,717,1201,1688,2398,2815,,717,484,487,710,417,3449
6263,718,1203,1690,2400,2816,,718,485,487,710,416,3447
6187,695,1179,1668,2377,2771,,695,484,489,709,394,3416
6262,719,1203,1691,2401,2816,,719,484,488,710,415,3446
6272,726,1211,1698,2408,2824,,726,485,487,710,416,3448
6252,718,1202,1691,2401,2816,,718,484,489,710,415,3436
6366,746,1255,1821,2508,2888,,746,509,566,687,380,3478
6236,740,1187,1645,2366,2789,,740,447,458,721,423,3447
6187,690,1153,1581,2291,2701,,690,463,428,710,410,3486
6266,721,1205,1693,2403,2806,,721,484,488,710,403,3460
6264,718,1204,1692,2402,2816,,718,486,488,710,414,3448
6265,719,1204,1692,2400,2817,,719,485,488,708,417,3448
6267,721,1206,1694,2403,2818,,721,485,488,709,415,3449
6186,722,1209,1695,2385,2768,,722,487,486,690,383,3418
6270,720,1208,1691,2403,2817,,720,488,483,712,414,3453
6267,721,1207,1694,2406,2818,,721,486,487,712,412,3449
6293,719,1204,1692,2402,2817,,719,485,488,710,415,3476
6284,717,1203,1689,2401,2837,,717,486,486,712,436,3447
6239,718,1202,1690,2400,2815,,718,484,488,710,415,3424
6266,721,1207,1696,2406,2819,,721,486,489,710,413,3447
6266,720,1205,1693,2403,2817,,720,485,488,710,414,3449
6265,720,1203,1691,2403,2817,,720,483,488,712,414,3448
6270,722,1206,1701,2413,2819,,722,484,495,712,406,3451
6171,716,1200,1690,2381,2766,,716,484,490,691,385,3405
6112,708,1182,1653,2356,2736,,708,474,471,703,380,3376
6058,705,1180,1610,2323,2650,,705,475,430,713,327,3408
6228,709,1185,1656,2384,2804,,709,476,471,728,420,3424
6100,704,1179,1570,2255,2645,,704,475,391,685,390,3455
6126,706,1178,1650,2332,2727,,706,472,472,682,395,3399
5898,698,1168,1574,2199,2531,,698,470,406,625,332,3367
6148,704,1179,1610,2299,2711,,704,475,431,689,412,3437
5933,705,1182,1655,2275,2594,,705,477,473,620,319,3339
6259,697,1169,1640,2389,2809,,697,472,471,749,420,3450
6111,705,1182,1653,2356,2733,,705,477,471,703,377,3378
6110,707,1180,1651,2339,2738,,707,473,471,688,399,3372
6106,704,1177,1607,2320,2735,,704,473,430,713,415,3371
5955,702,1177,1650,2298,2618,,702,475,473,648,320,3337
6237,695,1166,1638,2392,2811,,695,471,472,754,419,3426
6111,707,1181,1652,2357,2734,,707,474,471,705,377,3377
6125,701,1174,1644,2350,2749,,701,473,470,706,399,3376
6059,706,1182,1612,2324,2650,,706,476,430,712,326,3409
5932,704,1181,1649,2299,2594,,704,477,468,650,295,3338
6233,694,1167,1641,2389,2809,,694,473,474,748,420,3424
6119,705,1180,1654,2316,2732,,705,475,474,662,416,3387
6270,726,1210,1698,2409,2824,,726,484,488,711,415,3446
6289,719,1229,1716,2426,2841,,719,510,487,710,415,3448
6263,718,1202,1691,2400,2816,,718,484,489,709,416,3447
6289,698,1194,1682,2423,2841,,698,496,488,741,418,3448
6264,718,1202,1691,2402,2816,,718,484,489,711,414,3448
6209,719,1204,1691,2401,2817,,719,485,487,710,416,3392
6262,716,1201,1688,2397,2813,,716,485,487,709,416,3449
6265,718,1202,1690,2399,2815,,718,484,488,709,416,3450
6364,767,1251,1793,2506,2916,,767,484,542,713,410,3448
6268,718,1203,1691,2401,2816,,718,485,488,710,415,3452
6218,729,1218,1703,2413,2824,,729,489,485,710,411,3394
6082,708,1182,1678,2382,2712,,708,474,496,704,330,3370
6224,706,1182,1654,2357,2776,,706,476,472,703,419,3448
6035,708,1209,1680,2301,2693,,708,501,471,621,392,3342
6078,708,1182,1610,2314,2712,,708,474,428,704,398,3366
5895,714,1147,1561,2197,2531,,714,433,414,636,334,3364
5909,705,1138,1554,2188,2535,,705,433,416,634,347,3374
5883,706,1139,1552,2188,2512,,706,433,413,636,324,3371
6034,776,1207,1621,2284,2618,,776,431,414,663,334,3416
5905,706,1136,1549,2186,2520,,706,430,413,637,334,3385
5858,666,1113,1529,2164,2498,,666,447,416,635,334,3360
5835,667,1094,1510,2141,2473,,667,427,416,631,332,3362
5833,667,1094,1509,2142,2472,,667,427,415,633,330,3361
5883,709,1140,1553,2190,2523,,709,431,413,637,333,3360
6007,674,1156,1586,2290,2626,,674,482,430,704,336,3381
5911,705,1152,1566,2201,2533,,705,447,414,635,332,3378
5806,665,1070,1481,2113,2436,,665,405,411,632,323,3370
5833,668,1095,1511,2140,2473,,668,427,416,629,333,3360
5859,671,1098,1514,2140,2476,,671,427,416,626,336,3383
5867,674,1123,1537,2172,2505,,674,449,414,635,333,3362
5832,667,1095,1509,2139,2473,,667,428,414,630,334,3359
5860,667,1120,1534,2165,2498,,667,453,414,631,333,3362
5884,707,1145,1554,2191,2524,,707,438,409,637,333,3360
5884,707,1141,1553,2190,2524,,707,434,412,637,334,3360
5825,706,1132,1530,2160,2479,,706,426,398,630,319,3346
5895,712,1144,1559,2196,2528,,712,432,415,637,332,3367
5885,707,1141,1554,2191,2524,,707,434,413,637,333,3361
5884,706,1142,1553,2190,2524,,706,436,411,637,334,3360
6030,792,1224,1637,2287,2620,,792,432,413,650,333,3410
5888,712,1148,1561,2195,2528,,712,436,413,634,333,3360
5884,707,1138,1553,2190,2525,,707,431,415,637,335,3359
5884,706,1141,1554,2191,2523,,706,435,413,637,332,3361
5886,707,1141,1554,2191,2522,,707,434,413,637,331,3364
5899,755,1176,1575,2207,2551,,755,421,399,632,344,3348
5852,668,1114,1520,2160,2503,,668,446,406,640,343,3349
5889,707,1139,1554,2192,2523,,707,432,415,638,331,3366
5890,712,1146,1559,2195,2528,,712,434,413,636,333,3362
5882,708,1141,1551,2189,2521,,708,433,410,638,332,3361
5884,707,1143,1554,2189,2523,,707,436,411,635,334,3361
6012,778,1211,1621,2290,2622,,778,433,410,669,332,3390
5884,708,1140,1555,2192,2523,,708,432,415,637,331,3361
5835,669,1099,1512,2141,2474,,669,430,413,629,333,3361
5838,667,1095,1512,2140,2474,,667,428,417,628,334,3364
5876,665,1126,1545,2161,2504,,665,461,419,616,343,3372
6034,709,1141,1582,2294,2626,,709,432,441,712,332,3408
5887,705,1136,1550,2186,2519,,705,431,414,636,333,3368
5884,706,1144,1554,2190,2524,,706,438,410,636,334,3360
5883,708,1139,1554,2189,2523,,708,431,415,635,334,3360
5825,708,1142,1549,2159,2478,,708,434,407,610,319,3347
5856,665,1112,1527,2163,2496,,665,447,415,636,333,3360
5838,669,1095,1512,2140,2475,,669,426,417,628,335,3363
5834,666,1094,1508,2140,2474,,666,428,414,632,334,3360
5839,668,1097,1512,2141,2476,,668,429,415,629,335,3363
5838,667,1093,1510,2143,2475,,667,426,417,633,332,3363
5899,667,1094,1514,2144,2475,,667,427,420,630,331,3424
5847,671,1106,1511,2144,2468,,671,435,405,633,324,3379
5861,666,1093,1497,2139,2476,,666,427,404,642,337,3385
5809,668,1071,1484,2114,2448,,668,403,413,630,334,3361
5840,669,1096,1510,2140,2475,,669,427,414,630,335,3365
5863,673,1120,1534,2171,2504,,673,447,414,637,333,3359
5908,723,1154,1569,2215,2547,,723,431,415,646,332,3361
5883,707,1139,1554,2189,2524,,707,432,415,635,335,3359
5884,707,1141,1554,2192,2527,,707,434,413,638,335,3357
5882,709,1141,1556,2190,2523,,709,432,415,634,333,3359
5883,708,1140,1552,2195,2525,,708,432,412,643,330,3358
5858,716,1139,1539,2166,2486,,716,423,400,627,320,3372
5909,708,1141,1554,2190,2526,,708,433,413,636,336,3383
6084,708,1181,1652,2315,2712,,708,473,471,663,397,3372
6083,683,1155,1626,2313,2711,,683,472,471,687,398,3372
6116,714,1187,1659,2346,2743,,714,473,472,687,397,3373
6086,706,1181,1651,2315,2713,,706,475,470,664,398,3373
6085,707,1183,1657,2317,2714,,707,476,474,660,397,3371
6104,705,1179,1652,2338,2737,,705,474,473,686,399,3367
6139,662,1162,1633,2388,2767,,662,500,471,755,379,3372
6110,706,1181,1609,2328,2739,,706,475,428,719,411,3371
5951,702,1194,1621,2253,2585,,702,492,427,632,332,3366
6100,707,1181,1609,2291,2625,,707,474,428,682,334,3475
6162,708,1182,1655,2358,2776,,708,474,473,703,418,3386
6109,707,1182,1653,2315,2734,,707,475,471,662,419,3375
5894,704,1150,1562,2199,2533,,704,446,412,637,334,3361
5884,705,1139,1556,2189,2522,,705,434,417,633,333,3362
5884,707,1140,1552,2190,2523,,707,433,412,638,333,3361
6031,779,1209,1624,2287,2619,,779,430,415,663,332,3412
5884,708,1145,1554,2190,2525,,708,437,409,636,335,3359
5884,704,1137,1552,2192,2522,,704,433,415,640,330,3362
6153,728,1190,1646,2335,2758,,728,462,456,689,423,3395
6203,724,1209,1698,2386,2794,,724,485,489,688,408,3409
6265,720,1204,1692,2403,2818,,720,484,488,711,415,3447
6264,718,1184,1668,2377,2816,,718,466,484,709,439,3448
6356,786,1274,1786,2499,2908,,786,488,512,713,409,3448
6271,706,1127,1609,2370,2792,,706,421,482,761,422,3479
6266,720,1205,1693,2404,2820,,720,485,488,711,416,3446
6262,716,1201,1689,2398,2816,,716,485,488,709,418,3446
6166,655,1069,1558,2271,2704,,655,414,489,713,433,3462
6218,721,1184,1644,2345,2792,,721,463,460,701,447,3426
6138,652,1066,1560,2271,2682,,652,414,494,711,411,3456
6295,728,1239,1725,2435,2846,,728,511,486,710,411,3449
6265,719,1203,1690,2401,2817,,719,484,487,711,416,3448
6265,719,1204,1692,2403,2817,,719,485,488,711,414,3448
6214,719,1203,1690,2401,2796,,719,484,487,711,395,3418
6263,721,1205,1694,2405,2818,,721,484,489,711,413,3445
6273,715,1201,1690,2402,2825,,715,486,489,712,423,3448
6282,716,1211,1699,2411,2833,,716,495,488,712,422,3449
6284,711,1203,1691,2416,2836,,711,492,488,725,420,3448
6273,744,1280,1819,2494,2850,,744,536,539,675,356,3423
6204,706,1181,1653,2356,2775,,706,475,472,703,419,3429
6135,705,1179,1651,2380,2760,,705,474,472,729,380,3375
5934,708,1141,1575,2218,2554,,708,433,434,643,336,3380
5882,708,1142,1555,2191,2523,,708,434,413,636,332,3359
5884,707,1138,1554,2189,2522,,707,431,416,635,333,3362
5810,669,1095,1502,2115,2449,,669,426,407,613,334,3361
5835,668,1096,1511,2142,2474,,668,428,415,631,332,3361
5831,668,1095,1511,2138,2471,,668,427,416,627,333,3360
5816,673,1098,1496,2124,2468,,673,425,398,628,344,3348
5893,675,1123,1538,2173,2511,,675,448,415,635,338,3382
5913,719,1148,1572,2215,2549,,719,429,424,643,334,3364
5884,706,1140,1553,2190,2523,,706,434,413,637,333,3361
5884,707,1141,1554,2191,2523,,707,434,413,637,332,3361
6230,683,1175,1662,2384,2807,,683,492,487,722,423,3423
6264,709,1195,1682,2394,2817,,709,486,487,712,423,3447
6240,719,1203,1664,2373,2792,,719,484,461,709,419,3448
6298,727,1212,1699,2436,2850,,727,485,487,737,414,3448
6289,718,1228,1716,2426,2841,,718,510,488,710,415,3448
6363,801,1291,1793,2504,2916,,801,490,502,711,412,3447
6210,715,1224,1692,2399,2794,,715,509,468,707,395,3416
6139,723,1220,1711,2410,2766,,723,497,491,699,356,3373
6106,660,1153,1626,2336,2734,,660,493,473,710,398,3372
5884,708,1142,1557,2190,2514,,708,434,415,633,324,3370
5910,707,1145,1577,2216,2551,,707,438,432,639,335,3359
5884,666,1105,1537,2166,2501,,666,439,432,629,335,3383
6143,709,1142,1598,2307,2714,,709,433,456,709,407,3429
6281,716,1206,1694,2433,2853,,716,490,488,739,420,3428
6266,720,1207,1694,2404,2818,,720,487,487,710,414,3448
6239,708,1180,1662,2371,2792,,708,472,482,709,421,3447
6178,719,1202,1690,2379,2734,,719,483,488,689,355,3444
6086,708,1182,1653,2319,2715,,708,474,471,666,396,3371
5828,708,1137,1536,2160,2479,,708,429,399,624,319,3349
5883,709,1142,1554,2191,2525,,709,433,412,637,334,3358
6114,690,1184,1635,2357,2739,,690,494,451,722,382,3375
5876,708,1147,1553,2186,2506,,708,439,406,633,320,3370
5908,706,1136,1553,2192,2522,,706,430,417,639,330,3386
5885,709,1140,1556,2192,2525,,709,431,416,636,333,3360
5889,708,1141,1553,2191,2525,,708,433,412,638,334,3364
6179,708,1143,1603,2332,2756,,708,435,460,729,424,3423
6204,719,1204,1692,2401,2766,,719,485,488,709,365,3438
6115,708,1135,1604,2358,2738,,708,427,469,754,380,3377
5936,703,1163,1587,2220,2566,,703,460,424,633,346,3370
6129,698,1127,1542,2235,2652,,698,429,415,693,417,3477
6034,647,1074,1546,2257,2649,,647,427,472,711,392,3385
6111,709,1144,1621,2358,2738,,709,435,477,737,380,3373
6064,708,1187,1627,2319,2649,,708,479,440,692,330,3415
6141,636,1162,1659,2387,2767,,636,526,497,728,380,3374
6203,707,1182,1653,2348,2762,,707,475,471,695,414,3441
6103,666,1071,1510,2186,2602,,666,405,439,676,416,3501
6148,718,1215,1686,2390,2767,,718,497,471,704,377,3381
6264,693,1122,1614,2383,2818,,693,429,492,769,435,3446
6122,715,1147,1574,2278,2674,,715,432,427,704,396,3448
5935,709,1183,1655,2278,2597,,709,474,472,623,319,3338
6195,697,1168,1640,2394,2812,,697,471,472,754,418,3383
6083,709,1184,1657,2317,2713,,709,475,473,660,396,3370
6147,700,1172,1644,2354,2774,,700,472,472,710,420,3373
6031,704,1179,1608,2322,2647,,704,475,429,714,325,3384
5932,704,1179,1647,2300,2594,,704,475,468,653,294,3338
6163,642,1169,1614,2320,2737,,642,527,445,706,417,3426
6146,716,1190,1619,2390,2767,,716,474,429,771,377,3379
6186,679,1141,1628,2328,2733,,679,462,487,700,405,3453
6140,708,1122,1543,2246,2681,,708,414,421,703,435,3459
6289,718,1228,1715,2424,2841,,718,510,487,709,417,3448
6240,697,1181,1670,2380,2793,,697,484,489,710,413,3447
6238,717,1179,1640,2369,2790,,717,462,461,729,421,3448
6264,721,1206,1694,2404,2818,,721,485,488,710,414,3446
6265,720,1204,1691,2400,2817,,720,484,487,709,417,3448
6295,720,1204,1693,2402,2820,,720,484,489,709,418,3475
6191,694,1180,1590,2346,2769,,694,486,410,756,423,3422
6267,720,1204,1693,2402,2816,,720,484,489,709,414,3451
6386,720,1260,1793,2508,2941,,720,540,533,715,433,3445
6175,693,1165,1593,2357,2738,,693,472,428,764,381,3437
6201,708,1183,1655,2357,2777,,708,475,472,702,420,3424
6226,654,1157,1629,2381,2800,,654,503,472,752,419,3426
6080,707,1156,1560,2271,2658,,707,449,404,711,387,3422
6264,721,1206,1693,2403,2818,,721,485,487,710,415,3446
6295,719,1202,1692,2401,2817,,719,483,490,709,416,3478
6265,719,1203,1692,2401,2816,,719,484,489,709,415,3449
6244,699,1194,1683,2396,2818,,699,495,489,713,422,3426
6229,720,1204,1692,2401,2785,,720,484,488,709,384,3444
6166,709,1183,1596,2370,2740,,709,474,413,774,370,3426
6020,711,1162,1582,2259,2636,,711,451,420,677,377,3384
6225,706,1140,1620,2333,2801,,706,434,480,713,468,3424
5958,651,1125,1596,2308,2620,,651,474,471,712,312,3338
6241,709,1183,1611,2369,2792,,709,474,428,758,423,3449
6220,719,1203,1693,2402,2763,,719,484,490,709,361,3457
6265,719,1203,1691,2401,2816,,719,484,488,710,415,3449
6264,719,1203,1695,2405,2816,,719,484,492,710,411,3448
6213,743,1208,1693,2403,2797,,743,465,485,710,394,3416
6226,717,1201,1689,2399,2781,,717,484,488,710,382,3445
6177,708,1184,1656,2358,2737,,708,476,472,702,379,3440
6101,720,1170,1589,2217,2622,,720,450,419,628,405,3479
6295,719,1204,1692,2401,2817,,719,485,488,709,416,3478
6292,747,1231,1720,2429,2843,,747,484,489,709,414,3449
6245,720,1205,1692,2402,2818,,720,485,487,710,416,3427
6265,708,1195,1682,2395,2820,,708,487,487,713,425,3445
6291,721,1205,1693,2403,2819,,721,484,488,710,416,3472
6240,720,1204,1692,2401,2793,,720,484,488,709,392,3447
6173,719,1178,1639,2350,2768,,719,459,461,711,418,3405
5937,709,1183,1654,2279,2597,,709,474,471,625,318,3340
6193,708,1185,1657,2320,2737,,708,477,472,663,417,3456
6239,718,1099,1588,2384,2793,,718,381,489,796,409,3446
6293,719,1202,1689,2399,2816,,719,483,487,710,417,3477
6241,695,1180,1667,2377,2792,,695,485,487,710,415,3449
6265,718,1202,1691,2400,2817,,718,484,489,709,417,3448
6265,721,1205,1693,2403,2818,,721,484,488,710,415,3447
6241,694,1178,1667,2377,2791,,694,484,489,710,414,3450
6265,721,1206,1692,2401,2818,,721,485,486,709,417,3447
6289,736,1220,1709,2422,2840,,736,484,489,713,418,3449
6252,720,1204,1693,2403,2806,,720,484,489,710,403,3446
6216,708,1182,1654,2332,2757,,708,474,472,678,425,3459
6071,707,1141,1599,2243,2589,,707,434,458,644,346,3482
6295,720,1206,1693,2406,2817,,720,486,487,713,411,3478
6268,722,1207,1694,2404,2818,,722,485,487,710,414,3450
6270,722,1231,1720,2421,2843,,722,509,489,701,422,3427
6217,688,1174,1662,2372,2761,,688,486,488,710,389,3456
6112,703,1185,1656,2359,2741,,703,482,471,703,382,3371
6225,707,1181,1656,2382,2800,,707,474,475,726,418,3425
6241,665,1138,1621,2371,2782,,665,473,483,750,411,3459
6242,720,1204,1696,2406,2797,,720,484,492,710,391,3445
6105,720,1184,1629,2306,2645,,720,464,445,677,339,3460
6128,706,1182,1651,2355,2742,,706,476,469,704,387,3386
6229,697,1168,1639,2385,2805,,697,471,471,746,420,3424
5965,655,1111,1580,2281,2607,,655,456,469,701,326,3358
6242,709,1186,1658,2316,2793,,709,477,472,658,477,3449
6275,718,1205,1693,2405,2828,,718,487,488,712,423,3447
6266,713,1196,1684,2395,2817,,713,483,488,711,422,3449
6263,718,1201,1690,2399,2816,,718,483,489,709,417,3447
6240,745,1160,1672,2381,2795,,745,415,512,709,414,3445
6265,718,1202,1690,2397,2802,,718,484,488,707,405,3463
6228,721,1204,1659,2358,2783,,721,483,455,699,425,3445
6096,707,1182,1657,2335,2727,,707,475,475,678,392,3369
6202,710,1184,1658,2361,2779,,710,474,474,703,418,3423
6103,649,1065,1534,2232,2653,,649,416,469,698,421,3450
6139,708,1183,1637,2306,2754,,708,475,454,669,448,3385
6201,710,1183,1656,2318,2757,,710,473,473,662,439,3444
6290,720,1229,1717,2426,2841,,720,509,488,709,415,3449
6245,721,1205,1693,2382,2769,,721,484,488,689,387,3476
6241,704,1122,1608,2371,2793,,704,418,486,763,422,3448
6266,721,1207,1693,2402,2818,,721,486,486,709,416,3448
6178,721,1204,1672,2379,2729,,721,483,468,707,350,3449
6144,709,1183,1655,2342,2737,,709,474,472,687,395,3407
6225,706,1181,1611,2383,2802,,706,475,430,772,419,3423
6077,648,1065,1509,2209,2625,,648,417,444,700,416,3452
6131,708,1182,1653,2316,2724,,708,474,471,663,408,3407
6265,720,1204,1692,2402,2817,,720,484,488,710,415,3448
6292,719,1204,1692,2403,2817,,719,485,488,711,414,3475
6321,720,1203,1690,2399,2844,,720,483,487,709,445,3477
6102,707,1141,1618,2292,2658,,707,434,477,674,366,3444
6160,707,1183,1655,2358,2777,,707,476,472,703,419,3383
6177,708,1182,1654,2354,2735,,708,474,472,700,381,3442
6091,707,1183,1655,2317,2714,,707,476,472,662,397,3377
6226,707,1181,1653,2382,2801,,707,474,472,729,419,3425
6165,654,1163,1635,2347,2763,,654,509,472,712,416,3402
6191,708,1184,1656,2359,2737,,708,476,472,703,378,3454
6265,721,1205,1693,2402,2818,,721,484,488,709,416,3447
6244,720,1176,1667,2394,2818,,720,456,491,727,424,3426
6267,721,1205,1694,2404,2817,,721,484,489,710,413,3450
6242,719,1136,1619,2372,2794,,719,417,483,753,422,3448
6244,682,1171,1659,2371,2794,,682,489,488,712,423,3450
6290,720,1260,1774,2456,2843,,720,540,514,682,387,3447
6149,721,1185,1643,2331,2755,,721,464,458,688,424,3394
6269,722,1208,1695,2404,2819,,722,486,487,709,415,3450
6267,721,1205,1694,2404,2819,,721,484,489,710,415,3448
6240,722,1235,1720,2409,2819,,722,513,485,689,410,3421
6241,688,1172,1686,2361,2794,,688,484,514,675,433,3447
6267,720,1207,1694,2404,2818,,720,487,487,710,414,3449
6266,720,1206,1694,2404,2818,,720,486,488,710,414,3448
6241,720,1126,1595,2371,2792,,720,406,469,776,421,3449
6188,656,1148,1635,2350,2770,,656,492,487,715,420,3418
6241,710,1221,1710,2343,2819,,710,511,489,633,476,3422
6166,720,1183,1641,2330,2714,,720,463,458,689,384,3452
6267,720,1203,1694,2403,2818,,720,483,491,709,415,3449
6241,721,1182,1669,2378,2794,,721,461,487,709,416,3447
6175,722,1207,1695,2384,2771,,722,485,488,689,387,3404
6191,673,1182,1669,2378,2794,,673,509,487,709,416,3397
6238,708,1139,1631,2368,2792,,708,431,492,737,424,3446
6291,721,1229,1718,2427,2842,,721,508,489,709,415,3449
6141,693,1123,1581,2254,2684,,693,430,458,673,430,3457
6265,721,1206,1694,2405,2819,,721,485,488,711,414,3446
6249,723,1207,1695,2384,2792,,723,484,488,689,408,3457
6227,719,1202,1659,2358,2778,,719,483,457,699,420,3449
6086,708,1186,1616,2299,2715,,708,478,430,683,416,3371
5902,707,1141,1555,2187,2530,,707,434,414,632,343,3372
5916,708,1140,1554,2191,2539,,708,432,414,637,348,3377
5889,669,1100,1534,2169,2502,,669,431,434,635,333,3387
6224,708,1140,1619,2355,2777,,708,432,479,736,422,3447
6267,721,1205,1693,2402,2819,,721,484,488,709,417,3448
6242,707,1179,1663,2375,2793,,707,472,484,712,418,3449
6290,720,1229,1717,2427,2843,,720,509,488,710,416,3447
6177,719,1204,1691,2380,2753,,719,485,487,689,373,3424
6193,668,1163,1634,2359,2780,,668,495,471,725,421,3413
6088,709,1187,1659,2321,2716,,709,478,472,662,395,3372
6004,708,1184,1634,2306,2628,,708,476,450,672,322,3376
6116,706,1183,1655,2343,2737,,706,477,472,688,394,3379
5964,708,1119,1595,2241,2599,,708,411,476,646,358,3365
6265,709,1159,1642,2394,2817,,709,450,483,752,423,3448
6341,818,1305,1789,2505,2916,,818,487,484,716,411,3425
6193,720,1206,1673,2382,2768,,720,486,467,709,386,3425
6341,748,1230,1748,2455,2896,,748,482,518,707,441,3445
6256,722,1231,1720,2429,2808,,722,509,489,709,379,3448
5934,708,1184,1652,2277,2596,,708,476,468,625,319,3338
6087,709,1185,1615,2318,2716,,709,476,430,703,398,3371
5828,709,1138,1536,2162,2482,,709,429,398,626,320,3346
5890,709,1140,1558,2191,2525,,709,431,418,633,334,3365
6203,708,1144,1618,2357,2778,,708,436,474,739,421,3425
6264,719,1203,1684,2395,2818,,719,484,481,711,423,3446
6267,720,1203,1692,2402,2816,,720,483,489,710,414,3451
6266,720,1204,1692,2401,2817,,720,484,488,709,416,3449
6215,720,1148,1641,2370,2792,,720,428,493,729,422,3423
6231,722,1205,1694,2403,2786,,722,483,489,709,383,3445
6093,711,1186,1615,2303,2715,,711,475,429,688,412,3378
5910,707,1142,1554,2190,2523,,707,435,412,636,333,3387
5883,708,1144,1555,2190,2526,,708,436,411,635,336,3357
5891,711,1139,1554,2191,2525,,711,428,415,637,334,3366
6200,708,1141,1618,2355,2776,,708,433,477,737,421,3424
6267,721,1204,1695,2404,2819,,721,483,491,709,415,3448
6265,720,1205,1693,2403,2818,,720,485,488,710,415,3447
6243,695,1135,1585,2298,2794,,695,440,450,713,496,3449
6238,721,1207,1694,2429,2844,,721,486,487,735,415,3394
6120,708,1183,1654,2316,2736,,708,475,471,662,420,3384
5891,710,1144,1557,2191,2527,,710,434,413,634,336,3364
5886,708,1143,1555,2192,2525,,708,435,412,637,333,3361
5886,711,1142,1560,2194,2524,,711,431,418,634,330,3362
5893,712,1143,1556,2192,2514,,712,431,413,636,322,3379
6202,707,1160,1628,2354,2778,,707,453,468,726,424,3424
6270,720,1230,1717,2427,2845,,720,510,487,710,418,3425
6267,721,1205,1693,2402,2820,,721,484,488,709,418,3447
6240,720,1183,1667,2378,2792,,720,463,484,711,414,3448
6265,719,1204,1692,2403,2817,,719,485,488,711,414,3448
6240,720,1203,1692,2402,2798,,720,483,489,710,396,3442
6202,719,1203,1690,2379,2755,,719,484,487,689,376,3447
6086,709,1210,1640,2317,2714,,709,501,430,677,397,3372
5887,710,1144,1565,2191,2525,,710,434,421,626,334,3362
5907,708,1140,1558,2187,2530,,708,432,418,629,343,3377
6118,708,1160,1578,2297,2705,,708,452,418,719,408,3413
6267,721,1205,1693,2403,2819,,721,484,488,710,416,3448
6189,720,1204,1691,2381,2768,,720,484,487,690,387,3421
6086,716,1200,1600,2303,2695,,716,484,400,703,392,3391
6219,709,1140,1633,2370,2793,,709,431,493,737,423,3426
6266,721,1205,1693,2403,2818,,721,484,488,710,415,3448
6229,720,1206,1692,2401,2782,,720,486,486,709,381,3447
6086,708,1184,1613,2315,2714,,708,476,429,702,399,3372
6032,779,1208,1622,2291,2622,,779,429,414,669,331,3410
6036,707,1165,1578,2290,2628,,707,458,413,712,338,3408
6105,709,1146,1579,2281,2673,,709,437,433,702,392,3432
6291,720,1230,1717,2427,2842,,720,510,487,710,415,3449
6291,719,1227,1716,2426,2843,,719,508,489,710,417,3448
6179,721,1206,1672,2340,2737,,721,485,466,668,397,3442
6166,710,1161,1643,2357,2774,,710,451,482,714,417,3392
6035,681,1141,1605,2267,2628,,681,460,464,662,361,3407
6022,667,1132,1571,2231,2616,,667,465,439,660,385,3406
6215,665,1130,1611,2398,2799,,665,465,481,787,401,3416
6291,721,1229,1718,2428,2844,,721,508,489,710,416,3447
6275,716,1202,1689,2403,2825,,716,486,487,714,422,3450
6265,721,1204,1693,2403,2818,,721,483,489,710,415,3447
6265,719,1203,1692,2401,2817,,719,484,489,709,416,3448
6240,720,1184,1667,2376,2792,,720,464,483,709,416,3448
6211,720,1208,1693,2408,2817,,720,488,485,715,409,3394
6189,721,1205,1662,2348,2768,,721,484,457,686,420,3421
6266,722,1206,1694,2401,2818,,722,484,488,707,417,3448
6240,724,1208,1697,2406,2799,,724,484,489,709,393,3441
6267,720,1204,1694,2403,2820,,720,484,490,709,417,3447
6244,693,1111,1594,2372,2795,,693,418,483,778,423,3449
6243,723,1209,1696,2407,2820,,723,486,487,711,413,3423
6267,725,1211,1698,2407,2821,,725,486,487,709,414,3446
6270,723,1209,1698,2407,2820,,723,486,489,709,413,3450
6293,725,1221,1713,2422,2844,,725,496,492,709,422,3449
6266,724,1209,1699,2407,2820,,724,485,490,708,413,3446
6226,724,1210,1699,2394,2782,,724,486,489,695,388,3444
6375,749,1231,1749,2485,2922,,749,482,518,736,437,3453
6289,751,1247,1825,2534,2866,,751,496,578,709,332,3423
6267,723,1206,1694,2404,2821,,723,483,488,710,417,3446
6267,721,1205,1695,2404,2819,,721,484,490,709,415,3448
6190,720,1205,1694,2382,2770,,720,485,489,688,388,3420
6289,722,1206,1694,2403,2819,,722,484,488,709,416,3470
6243,722,1233,1721,2379,2795,,722,511,488,658,416,3448
6292,721,1230,1718,2429,2845,,721,509,488,711,416,3447
6215,722,1206,1669,2379,2766,,722,484,463,710,387,3449
6172,722,1197,1603,2333,2750,,722,475,406,730,417,3422
5853,655,1104,1521,2154,2492,,655,449,417,633,338,3361
5921,716,1150,1585,2226,2561,,716,434,435,641,335,3360
5884,709,1142,1555,2193,2525,,709,433,413,638,332,3359
6048,709,1142,1580,2258,2648,,709,433,438,678,390,3400
6243,721,1205,1694,2404,2818,,721,484,489,710,414,3425
6265,721,1203,1692,2400,2818,,721,482,489,708,418,3447
6266,720,1205,1692,2404,2818,,720,485,487,712,414,3448
6266,720,1205,1693,2402,2818,,720,485,488,709,416,3448
6214,721,1205,1697,2408,2763,,721,484,492,711,355,3451
6174,720,1203,1673,2357,2768,,720,483,470,684,411,3406
6038,710,1184,1614,2302,2629,,710,474,430,688,327,3409
5912,703,1151,1563,2200,2524,,703,448,412,637,324,3388
5884,710,1142,1556,2192,2525,,710,432,414,636,333,3359
6083,709,1140,1598,2283,2674,,709,431,458,685,391,3409
6264,720,1204,1693,2403,2817,,720,484,489,710,414,3447
6290,721,1230,1717,2426,2844,,721,509,487,709,418,3446
6267,722,1206,1695,2405,2818,,722,484,489,710,413,3449
6292,725,1220,1709,2422,2844,,725,495,489,713,422,3448
6260,720,1203,1692,2403,2823,,720,483,489,711,420,3437
6189,721,1208,1674,2356,2770,,721,487,466,682,414,3419
6191,717,1201,1690,2378,2787,,717,484,489,688,409,3404
6348,789,1275,1788,2501,2936,,789,486,513,713,435,3412
6093,710,1185,1657,2319,2714,,710,475,472,662,395,3379
6119,710,1126,1575,2259,2691,,710,416,449,684,432,3428
6262,719,1201,1693,2404,2817,,719,482,492,711,413,3445
6294,721,1230,1718,2427,2834,,721,509,488,709,407,3460
6267,720,1202,1694,2403,2814,,720,482,492,709,411,3453
6292,720,1228,1716,2425,2844,,720,508,488,709,419,3448
6092,651,1090,1532,2235,2607,,651,439,442,703,372,3485
6246,722,1206,1695,2404,2819,,722,484,489,709,415,3427
6291,724,1209,1696,2405,2824,,724,485,487,709,419,3467
6211,720,1204,1693,2402,2818,,720,484,489,709,416,3393
6115,710,1184,1655,2317,2736,,710,474,471,662,419,3379
5888,710,1143,1559,2192,2526,,710,433,416,633,334,3362
5889,708,1142,1556,2193,2525,,708,434,414,637,332,3364
5888,709,1141,1555,2190,2524,,709,432,414,635,334,3364
5917,709,1166,1579,2216,2550,,709,457,413,637,334,3367
5886,708,1142,1555,2190,2513,,708,434,413,635,323,3373
5890,711,1143,1560,2192,2526,,711,432,417,632,334,3364
5889,710,1143,1557,2194,2527,,710,433,414,637,333,3362
6144,663,1145,1592,2327,2749,,663,482,447,735,422,3395
6165,722,1206,1694,2383,2766,,722,484,488,689,383,3399
6264,719,1202,1690,2399,2816,,719,483,488,709,417,3448
6240,719,1182,1591,2370,2792,,719,463,409,779,422,3448
6266,723,1207,1695,2404,2818,,723,484,488,709,414,3448
6267,722,1207,1694,2403,2820,,722,485,487,709,417,3447
6293,722,1232,1720,2428,2834,,722,510,488,708,406,3459
6266,721,1205,1693,2402,2817,,721,484,488,709,415,3449
6319,723,1234,1724,2447,2869,,723,511,490,723,422,3450
6215,723,1232,1720,2408,2794,,723,509,488,688,386,3421
6270,723,1209,1696,2406,2821,,723,486,487,710,415,3449
6291,725,1212,1697,2408,2844,,725,487,485,711,436,3447
6293,721,1235,1719,2429,2843,,721,514,484,710,414,3450
6267,722,1236,1700,2409,2819,,722,514,464,709,410,3448
6153,722,1208,1731,2383,2728,,722,486,523,652,345,3425
6090,711,1183,1612,2299,2714,,711,472,429,687,415,3376
5889,708,1141,1556,2190,2523,,708,433,415,634,333,3366
5890,709,1142,1557,2192,2528,,709,433,415,635,336,3362
5891,710,1143,1557,2198,2526,,710,433,414,641,328,3365
5886,710,1142,1558,2193,2533,,710,432,416,635,340,3353
5939,709,1141,1556,2190,2515,,709,432,415,634,325,3424
6182,673,1142,1610,2339,2759,,673,469,468,729,420,3423
6246,721,1204,1693,2404,2818,,721,483,489,711,414,3428
6266,720,1203,1692,2401,2818,,720,483,489,709,417,3448
6233,719,1203,1692,2402,2845,,719,484,489,710,443,3388
6265,720,1204,1693,2403,2819,,720,484,489,710,416,3446
6266,721,1205,1693,2402,2819,,721,484,488,709,417,3447
6268,722,1205,1694,2405,2818,,722,483,489,711,413,3450
6214,721,1205,1693,2402,2798,,721,484,488,709,396,3416
6267,721,1204,1692,2407,2818,,721,483,488,715,411,3449
6264,721,1206,1694,2402,2819,,721,485,488,708,417,3445
6264,721,1207,1693,2402,2820,,721,486,486,709,418,3444
6267,722,1206,1695,2404,2819,,722,484,489,709,415,3448
6267,722,1206,1695,2404,2818,,722,484,489,709,414,3449
6191,702,1196,1684,2376,2768,,702,494,488,692,392,3423
6265,721,1204,1693,2404,2819,,721,483,489,711,415,3446
6265,722,1206,1695,2405,2819,,722,484,489,710,414,3446
6266,721,1206,1692,2403,2818,,721,485,486,711,415,3448
6243,721,1205,1640,2371,2794,,721,484,435,731,423,3449
6191,721,1205,1692,2382,2770,,721,484,487,690,388,3421
6292,722,1231,1719,2428,2845,,722,509,488,709,417,3447
6367,723,1262,1797,2508,2919,,723,539,535,711,411,3448
6290,721,1205,1692,2431,2844,,721,484,487,739,413,3446
6292,720,1206,1697,2408,2843,,720,486,491,711,435,3449
6191,721,1206,1693,2383,2768,,721,485,487,690,385,3423
6235,721,1206,1695,2405,2819,,721,485,489,710,414,3416
6293,722,1231,1720,2430,2844,,722,509,489,710,414,3449
6264,718,1204,1691,2401,2816,,718,486,487,710,415,3448
6266,719,1204,1692,2405,2817,,719,485,488,713,412,3449
6267,722,1208,1696,2407,2809,,722,486,488,711,402,3458
6268,723,1208,1695,2406,2821,,723,485,487,711,415,3447
6261,717,1197,1691,2401,2814,,717,480,494,710,413,3447
6293,724,1209,1697,2408,2844,,724,485,488,711,436,3449
6267,721,1207,1695,2405,2819,,721,486,488,710,414,3448
6292,723,1233,1721,2431,2845,,723,510,488,710,414,3447
6268,723,1208,1698,2409,2820,,723,485,490,711,411,3448
6271,722,1208,1695,2406,2821,,722,486,487,711,415,3450
6295,723,1232,1719,2428,2844,,723,509,487,709,416,3451
6246,721,1206,1694,2405,2819,,721,485,488,711,414,3427
6127,723,1232,1700,2382,2713,,723,509,468,682,331,3414
6086,710,1185,1616,2320,2715,,710,475,431,704,395,3371
5970,710,1144,1581,2218,2552,,710,434,437,637,334,3418
5812,650,1067,1480,2117,2452,,650,417,413,637,335,3360
5888,669,1120,1537,2166,2509,,669,451,417,629,343,3379
5911,709,1142,1556,2192,2525,,709,433,414,636,333,3386
5915,711,1141,1557,2193,2527,,711,430,416,636,334,3388
5914,709,1141,1555,2192,2526,,709,432,414,637,334,3388
5887,710,1143,1556,2193,2527,,710,433,413,637,334,3360
5891,708,1140,1554,2190,2515,,708,432,414,636,325,3376
5888,710,1140,1556,2191,2524,,710,430,416,635,333,3364
6119,715,1191,1664,2347,2747,,715,476,473,683,400,3372
6114,710,1185,1657,2360,2741,,710,475,472,703,381,3373
6087,709,1185,1658,2320,2716,,709,476,473,662,396,3371
6087,710,1184,1657,2319,2719,,710,474,473,662,400,3368
6109,706,1183,1656,2341,2739,,706,477,473,685,398,3370
6114,711,1185,1657,2343,2740,,711,474,472,686,397,3374
6117,709,1185,1658,2344,2740,,709,476,473,686,396,3377
6040,708,1147,1623,2295,2629,,708,439,476,672,334,3411
6042,707,1182,1610,2317,2649,,707,475,428,707,332,3393
6153,708,1182,1650,2314,2715,,708,474,468,664,401,3438
6261,704,1176,1648,2393,2814,,704,472,472,745,421,3447
6222,709,1184,1599,2372,2794,,709,475,415,773,422,3428
6259,716,1199,1686,2396,2810,,716,483,487,710,414,3449
6186,720,1209,1612,2359,2781,,720,489,403,747,422,3405
6220,708,1140,1633,2371,2794,,708,432,493,738,423,3426
6316,721,1205,1693,2402,2847,,721,484,488,709,445,3469
6267,721,1204,1692,2403,2823,,721,483,488,711,420,3444
6316,721,1205,1692,2431,2869,,721,484,487,739,438,3447
6179,720,1183,1608,2360,2741,,720,463,425,752,381,3438
6177,709,1184,1612,2301,2736,,709,475,428,689,435,3441
6268,721,1205,1693,2402,2819,,721,484,488,709,417,3449
6264,718,1202,1692,2402,2816,,718,484,490,710,414,3448
6264,718,1202,1690,2399,2816,,718,484,488,709,417,3448
6229,721,1204,1642,2359,2787,,721,483,438,717,428,3442
6037,710,1184,1614,2300,2626,,710,474,430,686,326,3411
5866,708,1142,1556,2166,2500,,708,434,414,610,334,3366
5887,708,1140,1557,2191,2523,,708,432,417,634,332,3364
5885,709,1144,1555,2192,2526,,709,435,411,637,334,3359
5891,709,1143,1556,2195,2525,,709,434,413,639,330,3366
6227,709,1184,1656,2343,2784,,709,475,472,687,441,3443
6281,719,1208,1697,2409,2831,,719,489,489,712,422,3450
6296,722,1206,1695,2405,2819,,722,484,489,710,414,3477
6272,716,1202,1688,2403,2820,,716,486,486,715,417,3452
6184,720,1168,1585,2289,2783,,720,448,417,704,494,3401
6086,709,1184,1655,2318,2717,,709,475,471,663,399,3369
6116,710,1184,1655,2342,2742,,710,474,471,687,400,3374
6041,711,1185,1615,2326,2654,,711,474,430,711,328,3387
6227,708,1182,1654,2383,2802,,708,474,472,729,419,3425
6161,646,1166,1638,2338,2729,,646,520,472,700,391,3432
6138,710,1185,1656,2359,2736,,710,475,471,703,377,3402
6083,783,1278,1739,2378,2709,,783,495,461,639,331,3374
5885,709,1141,1553,2193,2524,,709,432,412,640,331,3361
5884,708,1141,1555,2191,2525,,708,433,414,636,334,3359
5912,710,1143,1558,2193,2531,,710,433,415,635,338,3381
5893,710,1143,1557,2196,2528,,710,433,414,639,332,3365
5891,709,1142,1557,2192,2525,,709,433,415,635,333,3366
5892,710,1142,1556,2193,2526,,710,432,414,637,333,3366
5892,712,1143,1560,2192,2528,,712,431,417,632,336,3364
5916,710,1142,1555,2191,2543,,710,432,413,636,352,3373
5888,710,1144,1555,2190,2524,,710,434,411,635,334,3364
5865,713,1142,1556,2169,2501,,713,429,414,613,332,3364
5813,669,1096,1500,2123,2456,,669,427,404,623,333,3357
5883,704,1139,1551,2189,2522,,704,435,412,638,333,3361
5872,674,1122,1537,2172,2506,,674,448,415,635,334,3366
5883,708,1142,1554,2191,2523,,708,434,412,637,332,3360
5890,709,1140,1556,2191,2525,,709,431,416,635,334,3365
5892,710,1143,1557,2193,2526,,710,433,414,636,333,3366
5902,710,1144,1558,2190,2535,,710,434,414,632,345,3367
5895,711,1142,1556,2193,2527,,711,431,414,637,334,3368
5891,710,1141,1557,2193,2526,,710,431,416,636,333,3365
5882,706,1140,1553,2190,2523,,706,434,413,637,333,3359
5907,707,1141,1577,2216,2552,,707,434,436,639,336,3355
5889,714,1147,1560,2196,2530,,714,433,413,636,334,3359
5884,706,1140,1554,2193,2524,,706,434,414,639,331,3360
5909,706,1139,1554,2200,2549,,706,433,415,646,349,3360
5890,709,1143,1562,2193,2526,,709,434,419,631,333,3364
5888,708,1141,1555,2190,2522,,708,433,414,635,332,3366
5886,710,1144,1554,2192,2524,,710,434,410,638,332,3362
5895,711,1142,1558,2196,2527,,711,431,416,638,331,3368
5891,711,1144,1555,2192,2517,,711,433,411,637,325,3374
6010,672,1144,1597,2294,2627,,672,472,453,697,333,3383
5897,705,1134,1546,2180,2515,,705,429,412,634,335,3382
6119,707,1178,1651,2353,2749,,707,471,473,702,396,3370
6129,709,1185,1656,2320,2737,,709,476,471,664,417,3392
6109,708,1183,1654,2342,2739,,708,475,471,688,397,3370
6115,709,1184,1655,2344,2741,,709,475,471,689,397,3374
6093,710,1185,1657,2318,2715,,710,475,472,661,397,3378
6111,709,1183,1655,2342,2739,,709,474,472,687,397,3372
6115,708,1184,1655,2345,2740,,708,476,471,690,395,3375
6116,710,1184,1615,2326,2739,,710,474,431,711,413,3377
6060,709,1183,1612,2318,2650,,709,474,429,706,332,3410
5985,704,1176,1604,2226,2560,,704,472,428,622,334,3425
6262,669,1167,1663,2392,2815,,669,498,496,729,423,3447
6080,708,1185,1656,2342,2731,,708,477,471,686,389,3349
5912,710,1145,1579,2220,2551,,710,435,434,641,331,3361
5887,710,1143,1556,2192,2526,,710,433,413,636,334,3361
5891,710,1140,1547,2191,2513,,710,430,407,644,322,3378
5859,669,1122,1537,2167,2504,,669,453,415,630,337,3355
5867,670,1099,1514,2142,2479,,670,429,415,628,337,3388
5922,717,1149,1563,2199,2532,,717,432,414,636,333,3390
5895,710,1150,1563,2193,2515,,710,440,413,630,322,3380
5887,710,1143,1556,2192,2526,,710,433,413,636,334,3361
5865,704,1146,1546,2173,2518,,704,442,400,627,345,3347
5835,672,1100,1514,2142,2476,,672,428,414,628,334,3359
5882,707,1140,1554,2190,2523,,707,433,414,636,333,3359
5888,708,1139,1553,2190,2525,,708,431,414,637,335,3363
5890,710,1143,1557,2193,2526,,710,433,414,636,333,3364
5885,709,1142,1560,2193,2527,,709,433,418,633,334,3358
5893,710,1141,1557,2191,2525,,710,431,416,634,334,3368
5874,704,1132,1547,2173,2506,,704,428,415,626,333,3368
5854,712,1146,1557,2188,2507,,712,434,411,631,319,3347
5888,711,1143,1557,2193,2525,,711,432,414,636,332,3363
5857,708,1146,1550,2163,2481,,708,438,404,613,318,3376
5916,711,1144,1559,2193,2542,,711,433,415,634,349,3374
5885,708,1142,1555,2191,2524,,708,434,413,636,333,3361
5870,703,1130,1545,2175,2509,,703,427,415,630,334,3361
5874,705,1133,1548,2175,2509,,705,428,415,627,334,3365
5884,707,1141,1555,2190,2524,,707,434,414,635,334,3360
5887,706,1137,1551,2187,2522,,706,431,414,636,335,3365
5900,704,1151,1564,2201,2534,,704,447,413,637,333,3366
5878,706,1138,1553,2183,2517,,706,432,415,630,334,3361
5888,711,1144,1556,2195,2528,,711,433,412,639,333,3360
6005,711,1144,1581,2288,2607,,711,433,437,707,319,3398
5863,712,1145,1558,2172,2504,,712,433,413,614,332,3359
5903,707,1141,1554,2192,2530,,707,434,413,638,338,3373
5837,671,1097,1512,2145,2477,,671,426,415,633,332,3360
5875,664,1126,1541,2175,2497,,664,462,415,634,322,3378
5837,670,1098,1514,2143,2477,,670,428,416,629,334,3360
5844,670,1098,1515,2145,2477,,670,428,417,630,332,3367
5888,708,1141,1554,2190,2524,,708,433,413,636,334,3364
5888,711,1145,1563,2195,2530,,711,434,418,632,335,3358
5911,707,1140,1554,2191,2525,,707,433,414,637,334,3386
5886,678,1117,1536,2172,2502,,678,439,419,636,330,3384
5912,708,1143,1558,2192,2532,,708,435,415,634,340,3380
5885,710,1144,1557,2193,2527,,710,434,413,636,334,3358
5915,712,1144,1558,2193,2526,,712,432,414,635,333,3389
6178,724,1208,1697,2385,2768,,724,484,489,688,383,3410
6267,721,1206,1694,2404,2819,,721,485,488,710,415,3448
6231,722,1206,1673,2321,2782,,722,484,467,648,461,3449
6043,712,1187,1617,2293,2627,,712,475,430,676,334,3416
5888,712,1145,1557,2197,2527,,712,433,412,640,330,3361
5871,704,1132,1547,2175,2508,,704,428,415,628,333,3363
5869,703,1136,1546,2180,2512,,703,433,410,634,332,3357
5882,710,1143,1557,2193,2524,,710,433,414,636,331,3358
5887,709,1145,1557,2194,2527,,709,436,412,637,333,3360
5869,704,1134,1547,2179,2509,,704,430,413,632,330,3360
6209,780,1266,1760,2443,2814,,780,486,494,683,371,3395
6247,724,1208,1697,2406,2821,,724,484,489,709,415,3426
6274,723,1207,1694,2383,2786,,723,484,487,689,403,3488
6243,723,1207,1695,2383,2796,,723,484,488,688,413,3447
6112,720,1174,1602,2363,2742,,720,454,428,761,379,3370
5870,704,1132,1546,2175,2497,,704,428,414,629,322,3373
5947,704,1155,1589,2232,2563,,704,451,434,643,331,3384
5913,709,1140,1557,2191,2528,,709,431,417,634,337,3385
5889,709,1142,1556,2195,2524,,709,433,414,639,329,3365
5868,706,1135,1550,2176,2508,,706,429,415,626,332,3360
5892,709,1141,1554,2192,2526,,709,432,413,638,334,3366
5892,709,1145,1557,2193,2527,,709,436,412,636,334,3365
5889,709,1140,1554,2192,2524,,709,431,414,638,332,3365
5941,672,1145,1573,2219,2553,,672,473,428,646,334,3388
5888,711,1143,1556,2197,2528,,711,432,413,641,331,3360
6195,694,1192,1660,2380,2800,,694,498,468,720,420,3395
6126,710,1159,1644,2276,2682,,710,449,485,632,406,3444
6156,723,1207,1695,2373,2732,,723,484,488,678,359,3424
6087,711,1187,1660,2318,2716,,711,476,473,658,398,3371
5898,704,1153,1565,2203,2536,,704,449,412,638,333,3362
5816,671,1077,1488,2117,2451,,671,406,411,629,334,3365
5830,668,1096,1511,2143,2472,,668,428,415,632,329,3358
5868,671,1125,1539,2168,2503,,671,454,414,629,335,3365
5926,710,1137,1537,2165,2508,,710,427,400,628,343,3418
5854,662,1094,1502,2137,2481,,662,432,408,635,344,3373
5831,641,1083,1481,2115,2459,,641,442,398,634,344,3372
6125,695,1162,1657,2317,2737,,695,467,495,660,420,3388
6012,713,1187,1620,2308,2635,,713,474,433,688,327,3377
5897,710,1144,1557,2193,2527,,710,434,413,636,334,3370
5885,708,1142,1555,2191,2524,,708,434,413,636,333,3361
5918,711,1144,1557,2193,2540,,711,433,413,636,347,3378
5888,710,1142,1558,2194,2527,,710,432,416,636,333,3361
5917,710,1143,1557,2192,2531,,710,433,414,635,339,3386
5892,710,1147,1557,2193,2526,,710,437,410,636,333,3366
5885,708,1142,1556,2192,2529,,708,434,414,636,337,3356
5888,710,1142,1556,2192,2524,,710,432,414,636,332,3364
6217,694,1203,1703,2396,2766,,694,509,500,693,370,3451
6203,720,1204,1671,2319,2781,,720,484,467,648,462,3422
6117,711,1185,1657,2360,2740,,711,474,472,703,380,3377
6089,711,1186,1658,2319,2717,,711,475,472,661,398,3372
5912,662,1134,1562,2196,2527,,662,472,428,634,331,3385
6111,707,1183,1655,2341,2738,,707,476,472,686,397,3373
6111,708,1183,1655,2341,2743,,708,475,472,686,402,3368
5929,707,1185,1620,2236,2580,,707,478,435,616,344,3349
5965,698,1169,1596,2247,2589,,698,471,427,651,342,3376
6078,671,1166,1594,2293,2628,,671,495,428,699,335,3450
6222,675,1130,1621,2344,2778,,675,455,491,723,434,3444
6133,684,1149,1611,2299,2656,,684,465,462,688,357,3477
6088,709,1184,1655,2318,2715,,709,475,471,663,397,3373
5887,710,1143,1558,2192,2526,,710,433,415,634,334,3361
6172,726,1197,1641,2328,2752,,726,471,444,687,424,3420
6175,724,1209,1696,2386,2768,,724,485,487,690,382,3407
6141,722,1207,1694,2384,2692,,722,485,487,690,308,3449
6189,681,1119,1598,2360,2784,,681,438,479,762,424,3405
6041,712,1185,1613,2295,2626,,712,473,428,682,331,3415
5881,701,1135,1534,2162,2507,,701,434,399,628,345,3374
6218,712,1165,1633,2347,2781,,712,453,468,714,434,3437
6181,722,1205,1693,2383,2736,,722,483,488,690,353,3445
6087,709,1185,1656,2317,2715,,709,476,471,661,398,3372
6086,697,1168,1623,2301,2718,,697,471,455,678,417,3368
6042,710,1184,1616,2293,2627,,710,474,432,677,334,3415
6013,745,1180,1595,2294,2628,,745,435,415,699,334,3385
5918,710,1144,1558,2194,2527,,710,434,414,636,333,3391
6042,785,1214,1631,2293,2628,,785,429,417,662,335,3414
6091,710,1186,1659,2320,2715,,710,476,473,661,395,3376
6087,711,1185,1656,2319,2716,,711,474,471,663,397,3371
6145,710,1145,1622,2321,2741,,710,435,477,699,420,3404
6092,710,1186,1656,2319,2717,,710,476,470,663,398,3375
6087,710,1184,1657,2320,2717,,710,474,473,663,397,3370
6111,709,1182,1654,2342,2740,,709,473,472,688,398,3371
6144,713,1188,1660,2346,2767,,713,475,472,686,421,3377
6114,710,1184,1613,2332,2742,,710,474,429,719,410,3372
6064,709,1183,1614,2320,2652,,709,474,431,706,332,3412
6078,709,1185,1613,2294,2622,,709,476,428,681,328,3456
6203,708,1183,1680,2383,2778,,708,475,497,703,395,3425
6116,711,1145,1623,2362,2741,,711,434,478,739,379,3375
6095,670,1097,1578,2259,2666,,670,427,481,681,407,3429
6249,723,1208,1696,2395,2822,,723,485,488,699,427,3427
6267,724,1208,1696,2407,2820,,724,484,488,711,413,3447
6269,710,1199,1686,2398,2821,,710,489,487,712,423,3448
6240,721,1176,1671,2380,2795,,721,455,495,709,415,3445
6269,723,1206,1694,2404,2819,,723,483,488,710,415,3450
6242,723,1208,1675,2332,2795,,723,485,467,657,463,3447
6052,724,1188,1636,2308,2649,,724,464,448,672,341,3403
6017,712,1186,1618,2302,2627,,712,474,432,684,325,3390
5888,711,1144,1560,2192,2526,,711,433,416,632,334,3362
6218,711,1140,1620,2358,2778,,711,429,480,738,420,3440
6217,722,1204,1693,2404,2799,,722,482,489,711,395,3418
6293,724,1234,1723,2432,2847,,724,510,489,709,415,3446
6244,711,1183,1666,2375,2796,,711,472,483,709,421,3448
6368,752,1248,1799,2511,2921,,752,496,551,712,410,3447
6293,724,1209,1696,2406,2853,,724,485,487,710,447,3440
6170,724,1213,1673,2355,2770,,724,489,460,682,415,3400
5978,708,1179,1622,2259,2598,,708,471,443,637,339,3380
6018,711,1187,1616,2294,2627,,711,476,429,678,333,3391
5904,710,1143,1568,2214,2558,,710,433,425,646,344,3346
6208,710,1161,1618,2359,2782,,710,451,457,741,423,3426
6243,722,1207,1696,2404,2795,,722,485,489,708,391,3448
6268,722,1207,1695,2409,2819,,722,485,488,714,410,3449
6187,707,1143,1620,2358,2781,,707,436,477,738,423,3406
6188,711,1161,1645,2376,2773,,711,450,484,731,397,3415
6200,721,1206,1693,2403,2803,,721,485,487,710,400,3397
6156,724,1209,1676,2360,2769,,724,485,467,684,409,3387
6102,724,1188,1631,2309,2730,,724,464,443,678,421,3372
6092,713,1185,1617,2303,2715,,713,472,432,686,412,3377
5913,711,1144,1556,2198,2527,,711,433,412,642,329,3386
5902,712,1143,1557,2200,2529,,712,431,414,643,329,3373
5921,711,1144,1559,2193,2540,,711,433,415,634,347,3381
6006,784,1215,1628,2297,2627,,784,431,413,669,330,3379
5917,712,1144,1562,2196,2528,,712,432,418,634,332,3389
6049,709,1142,1570,2262,2656,,709,433,428,692,394,3393
6269,723,1208,1696,2405,2821,,723,485,488,709,416,3448
6269,724,1208,1695,2405,2821,,724,484,487,710,416,3448
6166,722,1232,1700,2305,2717,,722,510,468,605,412,3449
6266,723,1207,1694,2404,2801,,723,484,487,710,397,3465
6232,724,1186,1612,2363,2786,,724,462,426,751,423,3446
6342,785,1258,1740,2460,2899,,785,473,482,720,439,3443
6269,723,1207,1696,2405,2821,,723,484,489,709,416,3448
6269,724,1208,1697,2406,2820,,724,484,489,709,414,3449
6196,724,1175,1615,2362,2784,,724,451,440,747,422,3412
6145,711,1145,1580,2273,2684,,711,434,435,693,411,3461
6252,722,1207,1695,2404,2819,,722,485,488,709,415,3433
6243,722,1207,1695,2383,2794,,722,485,488,688,411,3449
6132,725,1209,1660,2309,2702,,725,484,451,649,393,3430
6092,694,1193,1664,2319,2717,,694,499,471,655,398,3375
5887,709,1141,1556,2195,2526,,709,432,415,639,331,3361
5924,710,1145,1558,2197,2551,,710,435,413,639,354,3373
5893,672,1124,1540,2168,2516,,672,452,416,628,348,3377
5896,709,1141,1556,2192,2525,,709,432,415,636,333,3371
5887,712,1142,1557,2197,2527,,712,430,415,640,330,3360
5885,712,1142,1558,2199,2530,,712,430,416,641,331,3355
5888,712,1144,1559,2195,2528,,712,432,415,636,333,3360
5874,686,1118,1532,2169,2505,,686,432,414,637,336,3369
5894,710,1143,1557,2193,2527,,710,433,414,636,334,3367
5916,709,1143,1556,2193,2527,,709,434,413,637,334,3389
5938,710,1144,1557,2211,2566,,710,434,413,654,355,3372
6143,710,1185,1684,2344,2741,,710,475,499,660,397,3402
6162,711,1186,1657,2360,2742,,711,475,471,703,382,3420
6268,723,1208,1696,2406,2821,,723,485,488,710,415,3447
6232,721,1211,1635,2361,2785,,721,490,424,726,424,3447
6245,710,1144,1598,2371,2793,,710,434,454,773,422,3452
6325,724,1234,1722,2431,2847,,724,510,488,709,416,3478
6081,728,1187,1626,2285,2606,,728,459,439,659,321,3475
6112,711,1187,1658,2361,2742,,711,476,471,703,381,3370
5943,696,1167,1595,2220,2554,,696,471,428,625,334,3389
6150,705,1181,1609,2292,2714,,705,476,428,683,422,3436
6206,710,1187,1618,2318,2761,,710,477,431,700,443,3445
6217,796,1259,1753,2418,2781,,796,463,494,665,363,3436
6294,724,1232,1720,2429,2846,,724,508,488,709,417,3448
6231,723,1206,1664,2360,2785,,723,483,458,696,425,3446
6111,710,1187,1618,2360,2741,,710,477,431,742,381,3370
6037,712,1187,1617,2322,2654,,712,475,430,705,332,3383
5957,710,1121,1530,2167,2515,,710,411,409,637,348,3442
6076,786,1283,1704,2314,2607,,786,497,421,610,293,3469
6092,710,1210,1682,2343,2715,,710,500,472,661,372,3377
6031,711,1185,1640,2328,2665,,711,474,455,688,337,3366
5993,699,1171,1598,2222,2566,,699,472,427,624,344,3427
6219,797,1260,1755,2419,2779,,797,463,495,664,360,3440
6268,723,1207,1694,2404,2821,,723,484,487,710,417,3447
6244,723,1208,1675,2360,2796,,723,485,467,685,436,3448
6266,721,1205,1694,2396,2819,,721,484,489,702,423,3447
6268,723,1208,1697,2406,2821,,723,485,489,709,415,3447
6157,722,1205,1669,2334,2750,,722,483,464,665,416,3407
6204,712,1186,1658,2362,2780,,712,474,472,704,418,3424
6117,709,1183,1656,2318,2735,,709,474,473,662,417,3382
6133,711,1186,1616,2345,2761,,711,475,430,729,416,3372
5926,697,1168,1597,2222,2556,,697,471,429,625,334,3370
5955,711,1142,1557,2194,2529,,711,431,415,637,335,3426
5912,712,1185,1656,2281,2575,,712,473,471,625,294,3337
6082,788,1260,1744,2381,2732,,788,472,484,637,351,3350
5965,697,1169,1601,2246,2609,,697,472,432,645,363,3356
6128,702,1111,1520,2191,2647,,702,409,409,671,456,3481
6269,724,1208,1696,2405,2821,,724,484,488,709,416,3448
6243,723,1208,1696,2407,2800,,723,485,488,711,393,3443
6231,718,1148,1628,2362,2786,,718,430,480,734,424,3445
6174,711,1186,1656,2320,2742,,711,475,470,664,422,3432
6367,800,1285,1797,2510,2921,,800,485,512,713,411,3446
6293,724,1232,1720,2428,2830,,724,508,488,708,402,3463
6242,723,1208,1696,2405,2802,,723,485,488,709,397,3440
6232,724,1208,1696,2353,2785,,724,484,488,657,432,3447
6016,711,1186,1615,2303,2658,,711,475,429,688,355,3358
5888,712,1144,1558,2194,2528,,712,432,414,636,334,3360
5900,713,1144,1559,2194,2527,,713,431,415,635,333,3373
5892,713,1144,1557,2197,2528,,713,431,413,640,331,3364
5865,672,1101,1516,2144,2478,,672,429,415,628,334,3387
5842,672,1099,1514,2144,2467,,672,427,415,630,323,3375
5843,672,1098,1516,2144,2482,,672,426,418,628,338,3361
5895,669,1121,1535,2168,2516,,669,452,414,633,348,3379
6014,746,1179,1600,2293,2627,,746,433,421,693,334,3387
5916,710,1170,1583,2218,2553,,710,460,413,635,335,3363
5895,712,1144,1558,2195,2527,,712,432,414,637,332,3368
5889,712,1149,1558,2194,2528,,712,437,409,636,334,3361
5893,710,1139,1544,2167,2500,,710,429,405,623,333,3393
5866,671,1100,1515,2144,2479,,671,429,415,629,335,3387
5865,672,1125,1539,2169,2502,,672,453,414,630,333,3363
5898,712,1146,1560,2194,2527,,712,434,414,634,333,3371
5868,670,1099,1513,2142,2491,,670,429,414,629,349,3377
5845,671,1100,1515,2144,2476,,671,429,415,629,332,3369
5838,672,1101,1515,2145,2477,,672,429,414,630,332,3361
5892,672,1125,1539,2168,2502,,672,453,414,629,334,3390
5890,709,1142,1557,2192,2526,,709,433,415,635,334,3364
5887,712,1144,1559,2194,2528,,712,432,415,635,334,3359
5896,711,1144,1558,2193,2527,,711,433,414,635,334,3369
5893,710,1145,1557,2194,2527,,710,435,412,637,333,3366
6091,710,1185,1657,2319,2716,,710,475,472,662,397,3375
5891,712,1145,1559,2193,2528,,712,433,414,634,335,3363
5892,711,1144,1558,2193,2516,,711,433,414,635,323,3376
5892,710,1143,1556,2193,2525,,710,433,413,637,332,3367
5917,712,1144,1557,2193,2534,,712,432,413,636,341,3383
5891,711,1144,1558,2193,2527,,711,433,414,635,334,3364
5875,705,1132,1547,2177,2500,,705,427,415,630,323,3375
5891,710,1144,1557,2192,2527,,710,434,413,635,335,3364
5869,709,1141,1546,2168,2501,,709,432,405,622,333,3368
5841,672,1102,1515,2144,2479,,672,430,413,629,335,3362
5840,672,1101,1515,2145,2479,,672,429,414,630,334,3361
5848,672,1100,1516,2145,2477,,672,428,416,629,332,3371
5842,676,1103,1519,2144,2478,,676,427,416,625,334,3364
5844,670,1098,1511,2142,2478,,670,428,413,631,336,3366
5862,672,1100,1515,2144,2481,,672,428,415,629,337,3381
5841,671,1099,1515,2144,2478,,671,428,416,629,334,3363
5876,663,1127,1541,2177,2511,,663,464,414,636,334,3365
5863,674,1102,1518,2144,2488,,674,428,416,626,344,3375
5920,711,1143,1560,2193,2540,,711,432,417,633,347,3380
5950,711,1142,1557,2194,2527,,711,431,415,637,333,3423
5839,683,1139,1549,2179,2509,,683,456,410,630,330,3330
5766,626,1024,1419,2034,2367,,626,398,395,615,333,3399
5930,698,1175,1603,2233,2565,,698,477,428,630,332,3365
6171,713,1187,1658,2363,2734,,713,474,471,705,371,3437
6291,721,1231,1718,2427,2844,,721,510,487,709,417,3447
6243,723,1206,1694,2403,2801,,723,483,488,709,398,3442
6257,716,1199,1687,2395,2811,,716,483,488,708,416,3446
6268,722,1205,1694,2403,2820,,722,483,489,709,417,3448
6328,798,1289,1801,2511,2893,,798,491,512,710,382,3435
6270,723,1207,1695,2404,2821,,723,484,488,709,417,3449
6142,725,1189,1633,2331,2755,,725,464,444,698,424,3387
6258,724,1233,1721,2429,2813,,724,509,488,708,384,3445
6121,713,1186,1657,2362,2740,,713,473,471,705,378,3381
6184,711,1188,1660,2320,2760,,711,477,472,660,440,3424
6268,723,1209,1695,2406,2820,,723,486,486,711,414,3448
6246,724,1208,1696,2385,2798,,724,484,488,689,413,3448
6360,789,1277,1790,2503,2913,,789,488,513,713,410,3447
6268,723,1207,1696,2406,2822,,723,484,489,710,416,3446
6218,723,1208,1695,2404,2801,,723,485,487,709,397,3417
6270,724,1210,1695,2405,2822,,724,486,485,710,417,3448
6262,724,1209,1695,2405,2822,,724,485,486,710,417,3440
6329,753,1237,1798,2511,2889,,753,484,561,713,378,3440
6206,713,1187,1660,2367,2781,,713,474,473,707,414,3425
5918,712,1187,1660,2280,2573,,712,475,473,620,293,3345
6118,714,1188,1660,2364,2741,,714,474,472,704,377,3377
6093,712,1187,1660,2321,2717,,712,475,473,661,396,3376
6204,713,1187,1659,2320,2762,,713,474,472,661,442,3442
6269,724,1207,1695,2406,2820,,724,483,488,711,414,3449
6295,724,1233,1721,2432,2847,,724,509,488,711,415,3448
6297,725,1210,1696,2404,2821,,725,485,486,708,417,3476
6293,724,1232,1722,2430,2847,,724,508,490,708,417,3446
6266,720,1203,1692,2431,2821,,720,483,489,739,390,3445
6290,750,1234,1721,2429,2844,,750,484,487,708,415,3446
6269,724,1208,1696,2405,2822,,724,484,488,709,417,3447
6192,723,1207,1695,2384,2771,,723,484,488,689,387,3421
6246,725,1209,1697,2406,2803,,725,484,488,709,397,3443
6269,725,1209,1698,2407,2822,,725,484,489,709,415,3447
6295,725,1233,1721,2430,2847,,725,508,488,709,417,3448
6321,755,1279,1799,2512,2903,,755,524,520,713,391,3418
6295,724,1209,1697,2405,2822,,724,485,488,708,417,3473
6268,724,1207,1695,2404,2825,,724,483,488,709,421,3443
6269,723,1177,1671,2382,2824,,723,454,494,711,442,3445
6444,723,1262,1828,2537,2977,,723,539,566,709,440,3467
6419,753,1249,1828,2537,2971,,753,496,579,709,434,3448
6317,753,1248,1798,2491,2898,,753,495,550,693,407,3419
6300,724,1208,1726,2435,2826,,724,484,518,709,391,3474
6322,722,1207,1695,2435,2845,,722,485,488,740,410,3477
6299,722,1208,1694,2403,2820,,722,486,486,709,417,3479
6192,723,1206,1694,2384,2772,,723,483,488,690,388,3420
6439,750,1260,1825,2563,3024,,750,510,565,738,461,3415
6230,721,1234,1682,2334,2783,,721,513,448,652,449,3447
6231,712,1187,1658,2364,2781,,712,475,471,706,417,3450
6143,712,1188,1659,2362,2781,,712,476,471,703,419,3362
6124,713,1189,1662,2322,2740,,713,476,473,660,418,3384
6092,713,1186,1658,2321,2720,,713,473,472,663,399,3372
6344,752,1236,1797,2510,2901,,752,484,561,713,391,3443
6244,701,1186,1673,2382,2795,,701,485,487,709,413,3449
6271,725,1209,1696,2406,2822,,725,484,487,710,416,3449
6369,724,1238,1798,2511,2921,,724,514,560,713,410,3448
6344,725,1238,1722,2462,2872,,725,513,484,740,410,3472
6270,723,1207,1695,2406,2821,,723,484,488,711,415,3449
6209,723,1210,1693,2403,2822,,723,487,483,710,419,3387
6271,724,1208,1696,2406,2821,,724,484,488,710,415,3450
6321,724,1234,1721,2430,2876,,724,510,487,709,446,3445
6215,721,1231,1718,2405,2795,,721,510,487,687,390,3420
6271,724,1208,1696,2407,2822,,724,484,488,711,415,3449
6294,723,1206,1694,2438,2845,,723,483,488,744,407,3449
6370,753,1249,1799,2511,2922,,753,496,550,712,411,3448
6269,724,1238,1723,2462,2851,,724,514,485,739,389,3418
6343,723,1232,1720,2460,2871,,723,509,488,740,411,3472
6296,723,1207,1696,2406,2850,,723,484,489,710,444,3446
6301,725,1210,1698,2407,2821,,725,485,488,709,414,3480
6268,724,1209,1696,2405,2820,,724,485,487,709,415,3448
6293,723,1231,1719,2428,2847,,723,508,488,709,419,3446
6192,724,1207,1697,2386,2771,,724,483,490,689,385,3421
6270,724,1208,1696,2405,2823,,724,484,488,709,418,3447
6323,723,1208,1724,2434,2845,,723,485,516,710,411,3478
6294,752,1236,1723,2432,2846,,752,484,487,709,414,3448
6219,723,1235,1720,2408,2797,,723,512,485,688,389,3422
6296,724,1207,1696,2405,2821,,724,483,489,709,416,3475
6372,756,1248,1829,2539,2946,,756,492,581,710,407,3426
6421,753,1236,1830,2539,2976,,753,483,594,709,437,3445
6293,696,1184,1672,2381,2827,,696,488,488,709,446,3466
6299,723,1206,1696,2404,2824,,723,483,490,708,420,3475
6149,722,1185,1645,2349,2758,,722,463,460,704,409,3391
6144,714,1188,1660,2364,2783,,714,474,472,704,419,3361
6144,647,1095,1586,2299,2708,,647,448,491,713,409,3436
6374,723,1237,1721,2460,2900,,723,514,484,739,440,3474
6218,723,1207,1696,2406,2800,,723,484,489,710,394,3418
6297,724,1210,1696,2405,2822,,724,486,486,709,417,3475
6244,752,1235,1724,2432,2875,,752,483,489,708,443,3369
6299,725,1209,1696,2405,2822,,725,484,487,709,417,3477
6318,724,1208,1726,2465,2870,,724,484,518,739,405,3448
6269,723,1209,1694,2404,2822,,723,486,485,710,418,3447
6216,721,1205,1723,2411,2795,,721,484,518,688,384,3421
6294,724,1234,1721,2429,2847,,724,510,487,708,418,3447
6292,721,1234,1719,2427,2843,,721,513,485,708,416,3449
6243,673,1157,1645,2374,2797,,673,484,488,729,423,3446
6257,724,1233,1720,2416,2806,,724,509,487,696,390,3451
6392,797,1313,1797,2511,2949,,797,516,484,714,438,3443
6182,725,1189,1699,2377,2738,,725,464,510,678,361,3444
6205,713,1188,1659,2364,2783,,713,475,471,705,419,3422
5969,712,1187,1659,2282,2599,,712,475,472,623,317,3370
6225,713,1187,1671,2381,2799,,713,474,484,710,418,3426
6351,726,1210,1697,2435,2873,,726,484,487,738,438,3478
6294,724,1237,1720,2429,2847,,724,513,483,709,418,3447
6294,724,1233,1720,2431,2847,,724,509,487,711,416,3447
6244,699,1183,1671,2381,2796,,699,484,488,710,415,3448
6218,725,1209,1698,2407,2800,,725,484,489,709,393,3418
6302,723,1207,1694,2405,2822,,723,484,487,711,417,3480
6425,754,1237,1799,2512,2953,,754,483,562,713,441,3472
6268,724,1207,1695,2405,2821,,724,483,488,710,416,3447
6255,723,1207,1696,2433,2845,,723,484,489,737,412,3410
6270,723,1207,1697,2406,2821,,723,484,490,709,415,3449
6249,724,1209,1696,2405,2822,,724,485,487,709,417,3427
6271,725,1236,1723,2434,2827,,725,511,487,711,393,3444
6271,725,1210,1685,2399,2823,,725,485,475,714,424,3448
6248,701,1185,1674,2384,2798,,701,484,489,710,414,3450
6270,726,1211,1698,2409,2822,,726,485,487,711,413,3448
6215,727,1211,1700,2388,2797,,727,484,489,688,409,3418
6325,726,1235,1723,2433,2849,,726,509,488,710,416,3476
6369,753,1249,1800,2511,2922,,753,496,551,711,411,3447
6270,724,1208,1698,2407,2821,,724,484,490,709,414,3449
6284,717,1212,1700,2412,2837,,717,495,488,712,425,3447
6192,725,1210,1698,2386,2771,,725,485,488,688,385,3421
6370,755,1250,1800,2512,2923,,755,495,550,712,411,3447
6298,725,1210,1700,2410,2824,,725,485,490,710,414,3474
6270,724,1210,1697,2409,2823,,724,486,487,712,414,3447
6291,722,1232,1719,2429,2847,,722,510,487,710,418,3444
6189,724,1208,1698,2386,2772,,724,484,490,688,386,3417
6295,725,1209,1697,2407,2851,,725,484,488,710,444,3444
6241,725,1210,1698,2408,2823,,725,485,488,710,415,3418
6119,685,1153,1616,2302,2685,,685,468,463,686,383,3434
6272,726,1211,1698,2408,2824,,726,485,487,710,416,3448
6218,725,1209,1698,2408,2802,,725,484,489,710,394,3416
6268,724,1210,1696,2407,2821,,724,486,486,711,414,3447
6270,725,1210,1697,2408,2823,,725,485,487,711,415,3447
6268,723,1208,1698,2409,2820,,723,485,490,711,411,3448
6272,726,1211,1699,2411,2824,,726,485,488,712,413,3448
6189,726,1210,1698,2387,2772,,726,484,488,689,385,3417
6272,725,1209,1698,2408,2823,,725,484,489,710,415,3449
6301,724,1233,1722,2431,2847,,724,509,489,709,416,3454
6278,716,1207,1695,2408,2830,,716,491,488,713,422,3448
6371,755,1250,1799,2511,2922,,755,495,549,712,411,3449
6220,726,1235,1723,2411,2798,,726,509,488,688,387,3422
6270,725,1214,1698,2408,2822,,725,489,484,710,414,3448
6272,725,1211,1698,2408,2823,,725,486,487,710,415,3449
6271,726,1213,1699,2410,2827,,726,487,486,711,417,3444
6272,726,1212,1698,2408,2823,,726,486,486,710,415,3449
6188,725,1212,1700,2389,2772,,725,487,488,689,383,3416
6220,726,1212,1699,2388,2773,,726,486,487,689,385,3447
6269,724,1209,1696,2406,2821,,724,485,487,710,415,3448
6279,717,1207,1696,2407,2830,,717,490,489,711,423,3449
6245,674,1185,1673,2384,2798,,674,511,488,711,414,3447
6218,725,1211,1697,2407,2800,,725,486,486,710,393,3418
6319,727,1212,1701,2440,2874,,727,485,489,739,434,3445
6323,725,1235,1722,2432,2848,,725,510,487,710,416,3475
6297,724,1210,1723,2463,2872,,724,486,513,740,409,3425
6271,725,1211,1698,2407,2823,,725,486,487,709,416,3448
6297,725,1210,1697,2408,2823,,725,485,487,711,415,3474
6266,721,1207,1695,2405,2819,,721,486,488,710,414,3447
6297,723,1209,1697,2407,2821,,723,486,488,710,414,3476
6336,718,1212,1699,2436,2858,,718,494,487,737,422,3478
6272,726,1219,1704,2414,2824,,726,493,485,710,410,3448
6154,706,1177,1649,2360,2776,,706,471,472,711,416,3378
6087,712,1187,1660,2323,2717,,712,475,473,663,394,3370
6205,714,1187,1659,2339,2783,,714,473,472,680,444,3422
6295,724,1233,1722,2432,2848,,724,509,489,710,416,3447
6394,754,1249,1803,2514,2947,,754,495,554,711,433,3447
6268,723,1207,1695,2404,2821,,723,484,488,709,417,3447
6219,725,1208,1726,2414,2799,,725,483,518,688,385,3420
6324,724,1210,1697,2437,2849,,724,486,487,740,412,3475
6325,723,1207,1695,2436,2847,,723,484,488,741,411,3478
6299,724,1154,1645,2405,2823,,724,430,491,760,418,3476
6248,725,1211,1698,2408,2822,,725,486,487,710,414,3426
6304,725,1208,1696,2434,2848,,725,483,488,738,414,3456
6269,726,1210,1697,2407,2822,,726,484,487,710,415,3447
6370,754,1251,1799,2513,2923,,754,497,548,714,410,3447
6270,724,1209,1697,2407,2822,,724,485,488,710,415,3448
6218,726,1212,1699,2410,2803,,726,486,487,711,393,3415
6296,726,1236,1723,2433,2849,,726,510,487,710,416,3447
6302,727,1237,1726,2415,2849,,727,510,489,689,434,3453
6322,726,1212,1700,2441,2872,,726,486,488,741,431,3450
6299,725,1236,1728,2442,2821,,725,511,492,714,379,3478
6233,726,1211,1700,2410,2791,,726,485,489,710,381,3442
6158,706,1178,1651,2402,2780,,706,472,473,751,378,3378
6119,713,1189,1659,2323,2745,,713,476,470,664,422,3374
6117,713,1187,1659,2346,2744,,713,474,472,687,398,3373
5945,700,1172,1599,2246,2579,,700,472,427,647,333,3366
6223,699,1172,1644,2397,2818,,699,473,472,753,421,3405
6149,781,1254,1700,2396,2706,,781,473,446,696,310,3443
6116,712,1186,1659,2362,2741,,712,474,473,703,379,3375
6086,712,1186,1658,2318,2716,,712,474,472,660,398,3370
6402,713,1190,1735,2481,2928,,713,477,545,746,447,3474
6294,724,1233,1720,2429,2847,,724,509,487,709,418,3447
6271,724,1209,1696,2406,2823,,724,485,487,710,417,3448
6448,754,1248,1798,2510,2981,,754,494,550,712,471,3467
6287,716,1226,1713,2423,2839,,716,510,487,710,416,3448
6324,724,1234,1723,2433,2847,,724,510,489,710,414,3477
6320,725,1207,1696,2434,2848,,725,482,489,738,414,3472
6246,725,1209,1690,2398,2802,,725,484,481,708,404,3444
6295,725,1237,1721,2430,2847,,725,512,484,709,417,3448
6270,724,1208,1696,2406,2822,,724,484,488,710,416,3448
6271,725,1209,1697,2406,2824,,725,484,488,709,418,3447
6425,725,1263,1799,2512,2947,,725,538,536,713,435,3478
6350,716,1234,1719,2458,2905,,716,518,485,739,447,3445
6400,726,1263,1800,2511,2924,,726,537,537,711,413,3476
6296,725,1235,1722,2431,2848,,725,510,487,709,417,3448
6295,725,1210,1697,2435,2847,,725,485,487,738,412,3448
6309,717,1229,1714,2423,2864,,717,512,485,709,441,3445
6194,724,1209,1696,2384,2771,,724,485,487,688,387,3423
6451,755,1250,1830,2539,2974,,755,495,580,709,435,3477
6300,673,1157,1646,2374,2826,,673,484,489,728,452,3474
6321,725,1239,1752,2461,2874,,725,514,513,709,413,3447
6324,725,1238,1750,2460,2872,,725,513,512,710,412,3452
6351,725,1210,1698,2438,2873,,725,485,488,740,435,3478
6349,723,1236,1751,2460,2871,,723,513,515,709,411,3478
6269,724,1207,1695,2405,2822,,724,483,488,710,417,3447
6271,725,1209,1697,2407,2823,,725,484,488,710,416,3448
6299,726,1210,1698,2407,2822,,726,484,488,709,415,3477
6192,724,1209,1696,2385,2773,,724,485,487,689,388,3419
6497,755,1268,1856,2594,3054,,755,513,588,738,460,3443
6297,721,1206,1694,2404,2820,,721,485,488,710,416,3477
6323,723,1234,1720,2394,2851,,723,511,486,674,457,3472
6271,721,1204,1722,2430,2844,,721,483,518,708,414,3427
6275,726,1211,1699,2407,2803,,726,485,488,708,396,3472
6299,725,1209,1698,2411,2823,,725,484,489,713,412,3476
6293,722,1207,1694,2404,2848,,722,485,487,710,444,3445
6270,725,1208,1696,2405,2821,,725,483,488,709,416,3449
6247,724,1208,1697,2406,2821,,724,484,489,709,415,3426
6256,756,1251,1780,2466,2849,,756,495,529,686,383,3407
5914,713,1190,1661,2284,2576,,713,477,471,623,292,3338
6118,716,1190,1662,2325,2743,,716,474,472,663,418,3375
6088,713,1189,1663,2323,2713,,713,476,474,660,390,3375
6089,714,1188,1660,2323,2719,,714,474,472,663,396,3370
6091,715,1188,1660,2326,2719,,715,473,472,666,393,3372
6096,713,1190,1661,2323,2718,,713,477,471,662,395,3378
6093,716,1190,1663,2327,2722,,716,474,473,664,395,3371
5923,702,1173,1601,2222,2556,,702,471,428,621,334,3367
6235,700,1173,1643,2393,2815,,700,473,470,750,422,3420
6148,778,1250,1698,2396,2706,,778,472,448,698,310,3442
6117,713,1188,1660,2363,2743,,713,475,472,703,380,3374
6090,714,1174,1650,2322,2719,,714,460,476,672,397,3371
6188,705,1177,1649,2337,2756,,705,472,472,688,419,3432
6345,725,1233,1721,2431,2876,,725,508,488,710,445,3469
6272,726,1209,1698,2407,2823,,726,483,489,709,416,3449
6295,726,1239,1723,2432,2847,,726,513,484,709,415,3448
6328,728,1214,1702,2411,2857,,728,486,488,709,446,3471
6347,725,1239,1722,2460,2872,,725,514,483,738,412,3475
6418,750,1260,1824,2562,2994,,750,510,564,738,432,3424
6272,728,1214,1703,2413,2823,,728,486,489,710,410,3449
6344,709,1228,1741,2450,2900,,709,519,513,709,450,3444
6273,712,1125,1641,2403,2823,,712,413,516,762,420,3450
6256,724,1240,1724,2401,2812,,724,516,484,677,411,3444
6120,715,1189,1662,2365,2743,,715,474,473,703,378,3377
6092,714,1189,1662,2323,2722,,714,475,473,661,399,3370
6093,710,1186,1682,2344,2716,,710,476,496,662,372,3377
6092,713,1188,1659,2322,2719,,713,475,471,663,397,3373
5920,702,1173,1602,2221,2554,,702,471,429,619,333,3366
6234,659,1168,1639,2392,2813,,659,509,471,753,421,3421
6258,700,1172,1644,2388,2808,,700,472,472,744,420,3450
6117,719,1192,1664,2363,2742,,719,473,472,699,379,3375
6089,714,1188,1663,2325,2720,,714,474,475,662,395,3369
6100,713,1189,1662,2323,2719,,713,476,473,661,396,3381
6092,714,1189,1660,2325,2720,,714,475,471,665,395,3372
6089,713,1187,1658,2320,2717,,713,474,471,662,397,3372
6098,713,1189,1662,2329,2719,,713,476,473,667,390,3379
5965,699,1174,1602,2249,2582,,699,475,428,647,333,3383
6047,712,1186,1616,2328,2654,,712,474,430,712,326,3393
6219,633,1169,1640,2394,2814,,633,536,471,754,420,3405
6244,701,1175,1647,2399,2819,,701,474,472,752,420,3425
6118,712,1187,1659,2362,2739,,712,475,472,703,377,3379
6106,713,1188,1668,2335,2738,,713,475,480,667,403,3368
6101,685,1166,1639,2323,2719,,685,481,473,684,396,3382
6091,714,1190,1661,2324,2718,,714,476,471,663,394,3373
6093,715,1190,1661,2324,2720,,715,475,471,663,396,3373
6096,715,1190,1662,2324,2721,,715,475,472,662,397,3375
6090,714,1188,1658,2322,2720,,714,474,470,664,398,3370
5946,700,1171,1601,2248,2580,,700,471,430,647,332,3366
6304,664,1179,1667,2405,2827,,664,515,488,738,422,3477
6296,725,1209,1697,2407,2854,,725,484,488,710,447,3442
6234,726,1153,1623,2365,2787,,726,427,470,742,422,3447
6140,712,1214,1687,2387,2766,,712,502,473,700,379,3374
6101,715,1214,1687,2349,2720,,715,499,473,662,371,3381
6084,715,1190,1662,2324,2729,,715,475,472,662,405,3355
6091,715,1189,1660,2325,2719,,715,474,471,665,394,3372
6095,714,1188,1660,2323,2720,,714,474,472,663,397,3375
6044,684,1166,1596,2305,2632,,684,482,430,709,327,3412
6121,713,1186,1617,2329,2743,,713,473,431,712,414,3378
6256,706,1187,1659,2388,2811,,706,481,472,729,423,3445
6043,715,1189,1660,2365,2691,,715,474,471,705,326,3352
6119,713,1189,1660,2364,2740,,713,476,471,704,376,3379
6090,715,1192,1665,2324,2720,,715,477,473,659,396,3370
6168,706,1143,1640,2354,2782,,706,437,497,714,428,3386
6091,715,1189,1662,2324,2721,,715,474,473,662,397,3370
6091,714,1189,1661,2323,2720,,714,475,472,662,397,3371
6095,715,1189,1660,2324,2719,,715,474,471,664,395,3376
6275,720,1144,1653,2374,2797,,720,424,509,721,423,3478
6295,726,1210,1697,2435,2849,,726,484,487,738,414,3446
6297,725,1209,1697,2406,2822,,725,484,488,709,416,3475
6443,754,1249,1823,2536,3002,,754,495,574,713,466,3441
6325,725,1194,1707,2429,2850,,725,469,513,722,421,3475
6245,724,1187,1648,2383,2796,,724,463,461,735,413,3449
6197,697,1128,1607,2364,2789,,697,431,479,757,425,3408
6119,714,1188,1660,2324,2741,,714,474,472,664,417,3378
6113,712,1186,1658,2345,2742,,712,474,472,687,397,3371
6095,713,1189,1662,2322,2719,,713,476,473,660,397,3376
6083,714,1190,1662,2314,2714,,714,476,472,652,400,3369
5924,697,1168,1596,2225,2558,,697,471,428,629,333,3366
6264,672,1169,1640,2395,2817,,672,497,471,755,422,3447
6239,705,1177,1650,2397,2815,,705,472,473,747,418,3424
6115,715,1190,1618,2364,2744,,715,475,428,746,380,3371
6149,705,1179,1651,2372,2777,,705,474,472,721,405,3372
6103,716,1191,1626,2326,2719,,716,475,435,700,393,3384
6093,716,1193,1666,2324,2722,,716,477,473,658,398,3371
6091,715,1189,1661,2324,2722,,715,474,472,663,398,3369
6096,714,1190,1663,2320,2718,,714,476,473,657,398,3378
6090,715,1188,1658,2322,2720,,715,473,470,664,398,3370
5923,700,1172,1602,2224,2554,,700,472,430,622,330,3369
6220,724,1222,1693,2394,2817,,724,498,471,701,423,3403
6151,705,1198,1670,2383,2779,,705,493,472,713,396,3372
6107,713,1188,1618,2308,2635,,713,475,430,690,327,3472
6295,706,1201,1674,2424,2848,,706,495,473,750,424,3447
6128,674,1147,1619,2365,2742,,674,473,472,746,377,3386
6091,715,1188,1661,2323,2720,,715,473,473,662,397,3371
6089,716,1213,1685,2348,2720,,716,497,472,663,372,3369
6094,712,1188,1659,2321,2717,,712,476,471,662,396,3377
6090,714,1164,1637,2322,2720,,714,450,473,685,398,3370
6047,715,1191,1619,2299,2632,,715,476,428,680,333,3415
6304,649,1157,1644,2404,2827,,649,508,487,760,423,3477
6499,722,1261,1798,2543,3001,,722,539,537,745,458,3498
6246,725,1190,1649,2374,2797,,725,465,459,725,423,3449
6329,716,1236,1750,2461,2882,,716,520,514,711,421,3447
6275,724,1191,1673,2383,2796,,724,467,482,710,413,3479
6270,724,1208,1695,2405,2822,,724,484,487,710,417,3448
6401,754,1267,1800,2512,2924,,754,513,533,712,412,3477
6321,725,1209,1697,2436,2876,,725,484,488,739,440,3445
6248,698,1115,1598,2377,2798,,698,417,483,779,421,3450
6274,726,1211,1700,2411,2824,,726,485,489,711,413,3450
6249,726,1211,1699,2409,2824,,726,485,488,710,415,3425
6353,729,1217,1732,2452,2875,,729,488,515,720,423,3478
6274,727,1211,1699,2409,2825,,727,484,488,710,416,3449
6422,802,1289,1804,2542,2975,,802,487,515,738,433,3447
6246,756,1179,1662,2377,2798,,756,423,483,715,421,3448
6250,727,1211,1699,2409,2825,,727,484,488,710,416,3425
6296,726,1211,1699,2410,2853,,726,485,488,711,443,3443
6272,726,1212,1698,2408,2823,,726,486,486,710,415,3449
6273,727,1189,1650,2376,2828,,727,462,461,726,452,3445
6298,727,1213,1725,2435,2851,,727,486,512,710,416,3447
6190,726,1212,1682,2384,2782,,726,486,470,702,398,3408
6232,713,1189,1660,2364,2787,,713,476,471,704,423,3445
6110,713,1190,1662,2339,2735,,713,477,472,677,396,3375
6093,714,1190,1661,2325,2720,,714,476,471,664,395,3373
6144,712,1191,1676,2316,2742,,712,479,485,640,426,3402
6088,713,1188,1660,2321,2717,,713,475,472,661,396,3371
6121,706,1205,1676,2353,2751,,706,499,471,677,398,3370
6098,714,1192,1664,2323,2720,,714,478,472,659,397,3378
6275,674,1124,1606,2375,2798,,674,450,482,769,423,3477
6299,725,1208,1698,2407,2822,,725,483,490,709,415,3477
6232,725,1169,1640,2364,2786,,725,444,471,724,422,3446
6210,665,1140,1612,2366,2785,,665,475,472,754,419,3425
6109,715,1188,1661,2363,2739,,715,473,473,702,376,3370
6093,715,1191,1662,2324,2720,,715,476,471,662,396,3373
6100,715,1189,1661,2326,2723,,715,474,472,665,397,3377
6093,715,1190,1662,2325,2722,,715,475,472,663,397,3371
6092,715,1190,1660,2323,2719,,715,475,470,663,396,3373
6094,714,1190,1662,2323,2723,,714,476,472,661,400,3371
6066,712,1145,1625,2271,2628,,712,433,480,646,357,3438
5945,701,1175,1606,2247,2577,,701,474,431,641,330,3368
6133,698,1127,1587,2290,2710,,698,429,460,703,420,3423
6322,669,1201,1685,2425,2844,,669,532,484,740,419,3478
6324,753,1266,1779,2462,2849,,753,513,513,683,387,3475
6274,690,1174,1662,2374,2782,,690,484,488,712,408,3492
6196,725,1209,1682,2334,2738,,725,484,473,652,404,3458
6117,714,1187,1660,2363,2739,,714,473,473,703,376,3378
6092,714,1189,1662,2324,2720,,714,475,473,662,396,3372
6111,706,1181,1654,2341,2738,,706,475,473,687,397,3373
5975,703,1159,1591,2256,2592,,703,456,432,665,336,3383
5922,702,1172,1603,2222,2555,,702,470,431,619,333,3367
6300,700,1131,1599,2330,2823,,700,431,468,731,493,3477
6375,713,1237,1721,2461,2898,,713,524,484,740,437,3477
6221,726,1212,1679,2362,2774,,726,486,467,683,412,3447
6222,714,1201,1688,2381,2774,,714,487,487,693,393,3448
6029,754,1204,1622,2311,2649,,754,450,418,689,338,3380
6105,714,1190,1661,2323,2742,,714,476,471,662,419,3363
6119,714,1190,1662,2323,2742,,714,476,472,661,419,3377
6092,713,1187,1658,2322,2719,,713,474,471,664,397,3373
6185,704,1133,1570,2286,2695,,704,429,437,716,409,3490
6298,726,1210,1698,2408,2853,,726,484,488,710,445,3445
6270,725,1208,1677,2385,2802,,725,483,469,708,417,3468
6242,720,1101,1591,2371,2792,,720,381,490,780,421,3450
6250,725,1209,1697,2329,2772,,725,484,488,632,443,3478
6402,750,1287,1835,2524,2924,,750,537,548,689,400,3478
6248,726,1210,1698,2397,2783,,726,484,488,699,386,3465
6297,726,1209,1727,2437,2848,,726,483,518,710,411,3449
6326,726,1240,1725,2435,2849,,726,514,485,710,414,3477
6267,721,1206,1694,2404,2820,,721,485,488,710,416,3447
6267,705,1196,1681,2397,2819,,705,491,485,716,422,3448
6262,725,1210,1697,2408,2823,,725,485,487,711,415,3439
6215,701,1186,1675,2386,2804,,701,485,489,711,418,3411
6274,709,1204,1692,2382,2826,,709,495,488,690,444,3448
6248,727,1213,1700,2389,2800,,727,486,487,689,411,3448
6236,752,1155,1649,2406,2792,,752,403,494,757,386,3444
6184,714,1192,1665,2345,2737,,714,478,473,680,392,3447
6118,713,1190,1661,2322,2741,,713,477,471,661,419,3377
6088,712,1187,1660,2321,2716,,712,475,473,661,395,3372
6092,715,1189,1661,2323,2721,,715,474,472,662,398,3371
6312,788,1275,1725,2437,2862,,788,487,450,712,425,3450
6297,728,1237,1726,2436,2850,,728,509,489,710,414,3447
6299,726,1211,1630,2376,2826,,726,485,419,746,450,3473
6255,721,1172,1644,2387,2808,,721,451,472,743,421,3447
6232,717,1189,1661,2363,2784,,717,472,472,702,421,3448
6275,655,1095,1590,2404,2823,,655,440,495,814,419,3452
6186,726,1212,1678,2327,2755,,726,486,466,649,428,3431
6168,716,1190,1663,2365,2785,,716,474,473,702,420,3383
6090,715,1190,1663,2324,2720,,715,475,473,661,396,3370
6118,688,1164,1636,2324,2719,,688,476,472,688,395,3399
6271,725,1209,1697,2406,2824,,725,484,488,709,418,3447
6271,724,1208,1697,2406,2823,,724,484,489,709,417,3448
6271,726,1211,1699,2408,2824,,726,485,488,709,416,3447
6190,726,1188,1594,2368,2787,,726,462,406,774,419,3403
6158,715,1187,1656,2321,2720,,715,472,469,665,399,3438
6083,653,1096,1498,2189,2606,,653,443,402,691,417,3477
6127,714,1191,1665,2365,2758,,714,477,474,700,393,3369
6091,716,1190,1665,2325,2721,,716,474,475,660,396,3370
6090,692,1190,1663,2326,2720,,692,498,473,663,394,3370
6092,721,1194,1666,2324,2720,,721,473,472,658,396,3372
6117,714,1148,1626,2327,2743,,714,434,478,701,416,3374
5922,701,1171,1600,2223,2554,,701,470,429,623,331,3368
6157,702,1132,1611,2315,2711,,702,430,479,704,396,3446
6257,700,1185,1622,2395,2814,,700,485,437,773,419,3443
6232,713,1189,1620,2365,2786,,713,476,431,745,421,3446
5944,656,1098,1511,2177,2558,,656,442,413,666,381,3386
6127,716,1190,1663,2366,2745,,716,474,473,703,379,3382
6092,714,1190,1662,2323,2720,,714,476,472,661,397,3372
6092,716,1190,1662,2323,2721,,716,474,472,661,398,3371
6093,716,1190,1663,2324,2722,,716,474,473,661,398,3371
6115,712,1146,1624,2322,2742,,712,434,478,698,420,3373
5946,703,1175,1606,2225,2557,,703,472,431,619,332,3389
6144,701,1155,1635,2387,2810,,701,454,480,752,423,3334
6073,644,1116,1531,2221,2637,,644,472,415,690,416,3436
6254,701,1172,1626,2388,2807,,701,471,454,762,419,3447
6084,655,1095,1510,2216,2632,,655,440,415,706,416,3452
6123,714,1190,1663,2365,2744,,714,476,473,702,379,3379
6094,716,1192,1665,2326,2721,,716,476,473,661,395,3373
6091,716,1191,1689,2350,2720,,716,475,498,661,370,3371
6120,715,1175,1652,2366,2744,,715,460,477,714,378,3376
6147,650,1206,1637,2341,2735,,650,556,431,704,394,3412
6017,714,1191,1622,2306,2634,,714,477,431,684,328,3383
6081,713,1187,1614,2302,2631,,713,474,427,688,329,3450
6193,658,1140,1614,2326,2788,,658,482,474,712,462,3405
6030,713,1147,1561,2198,2597,,713,434,414,637,399,3433
5968,654,1073,1485,2187,2565,,654,419,412,702,378,3403
6122,714,1188,1661,2363,2742,,714,474,473,702,379,3380
6089,714,1190,1663,2328,2720,,714,476,473,665,392,3369
6119,690,1165,1637,2365,2745,,690,475,472,728,380,3374
6093,714,1189,1660,2322,2720,,714,475,471,662,398,3373
6029,674,1145,1599,2284,2635,,674,471,454,685,351,3394
5942,700,1171,1601,2248,2580,,700,471,430,647,332,3362
6201,700,1172,1642,2329,2736,,700,472,470,687,407,3465
6326,662,1176,1693,2346,2852,,662,514,517,653,506,3474
6400,755,1239,1801,2514,2925,,755,484,562,713,411,3475
6223,750,1198,1640,2390,2799,,750,448,442,750,409,3424
6423,757,1251,1801,2543,2973,,757,494,550,742,430,3450
6273,726,1209,1697,2407,2823,,726,483,488,710,416,3450
6351,726,1210,1698,2407,2854,,726,484,488,709,447,3497
6235,756,1193,1668,2366,2787,,756,437,475,698,421,3448
6233,715,1190,1620,2342,2783,,715,475,430,722,441,3450
6272,728,1212,1701,2409,2824,,728,484,489,708,415,3448
6234,728,1213,1680,2330,2788,,728,485,467,650,458,3446
5996,654,1139,1568,2266,2658,,654,485,429,698,392,3338
6133,716,1191,1621,2308,2699,,716,475,430,687,391,3434
5961,675,1078,1489,2122,2535,,675,403,411,633,413,3426
6124,715,1215,1688,2390,2744,,715,500,473,702,354,3380
6092,715,1192,1663,2325,2722,,715,477,471,662,397,3370
6090,716,1190,1663,2324,2722,,716,474,473,661,398,3368
6120,716,1190,1622,2367,2745,,716,474,432,745,378,3375
6012,716,1158,1579,2238,2601,,716,442,421,659,363,3411
5920,698,1171,1603,2226,2557,,698,473,432,623,331,3363
6045,700,1131,1609,2271,2630,,700,431,478,662,359,3415
6152,628,1099,1570,2270,2714,,628,471,471,700,444,3438
6321,726,1238,1722,2462,2874,,726,512,484,740,412,3447
6226,751,1197,1636,2311,2742,,751,446,439,675,431,3484
6272,725,1210,1697,2407,2823,,725,485,487,710,416,3449
6299,725,1240,1779,2462,2847,,725,515,539,683,385,3452
6303,727,1211,1700,2409,2825,,727,484,489,709,416,3478
6360,754,1239,1802,2503,2913,,754,485,563,701,410,3447
6086,715,1191,1615,2311,2735,,715,476,424,696,424,3351
6098,718,1190,1622,2306,2720,,718,472,432,684,414,3378
6107,699,1128,1608,2314,2688,,699,429,480,706,374,3419
6208,633,1165,1637,2348,2769,,633,532,472,711,421,3439
6298,728,1212,1730,2438,2848,,728,484,518,708,410,3450
6174,752,1198,1638,2315,2699,,752,446,440,677,384,3475
6424,725,1237,1801,2543,2949,,725,512,564,742,406,3475
6357,726,1236,1725,2463,2875,,726,510,489,738,412,3482
6397,728,1243,1802,2542,2949,,728,515,559,740,407,3448
6208,724,1207,1666,2363,2786,,724,483,459,697,423,3422
6197,716,1172,1626,2327,2789,,716,456,454,701,462,3408
6017,715,1191,1620,2306,2633,,715,476,429,686,327,3384
6157,705,1135,1614,2315,2714,,705,430,479,701,399,3443
6148,646,1139,1609,2274,2659,,646,493,470,665,385,3489
5881,672,1110,1511,2143,2486,,672,438,401,632,343,3395
5895,668,1116,1517,2147,2458,,668,448,401,630,311,3437
6146,724,1207,1676,2344,2753,,724,483,469,668,409,3393
6275,668,1178,1695,2404,2826,,668,510,517,709,422,3449
6210,731,1169,1653,2366,2788,,731,438,484,713,422,3422
6120,716,1190,1662,2366,2742,,716,474,472,704,376,3378
6034,715,1188,1669,2315,2638,,715,473,481,646,323,3396
6047,698,1196,1625,2333,2659,,698,498,429,708,326,3388
6174,702,1133,1612,2270,2644,,702,431,479,658,374,3530
6323,752,1240,1724,2462,2875,,752,488,484,738,413,3448
6325,701,1186,1703,2412,2851,,701,485,517,709,439,3474
6034,716,1175,1586,2250,2613,,716,459,411,664,363,3421
6273,728,1213,1701,2410,2805,,728,485,488,709,395,3468
6272,727,1213,1699,2412,2825,,727,486,486,713,413,3447
6295,725,1210,1727,2416,2853,,725,485,517,689,437,3442
6273,726,1209,1700,2402,2826,,726,483,491,702,424,3447
6151,725,1209,1641,2311,2637,,725,484,432,670,326,3514
6272,726,1235,1724,2435,2829,,726,509,489,711,394,3443
6208,725,1235,1722,2410,2765,,725,510,487,688,355,3443
6248,714,1154,1638,2377,2799,,714,440,484,739,422,3449
6374,725,1239,1722,2460,2900,,725,514,483,738,440,3474
6174,715,1201,1666,2334,2735,,715,486,465,668,401,3439
6271,727,1211,1699,2409,2824,,727,484,488,710,415,3447
6274,727,1214,1701,2412,2824,,727,487,487,711,412,3450
6247,727,1212,1699,2389,2799,,727,485,487,690,410,3448
6232,725,1210,1676,2325,2789,,725,485,466,649,464,3443
6156,712,1189,1661,2357,2735,,712,477,472,696,378,3421
6272,727,1212,1700,2410,2824,,727,485,488,710,414,3448
6172,726,1211,1700,2331,2714,,726,485,489,631,383,3458
6273,752,1204,1699,2410,2825,,752,452,495,711,415,3448
6297,726,1236,1724,2434,2848,,726,510,488,710,414,3449
6227,726,1211,1725,2395,2756,,726,485,514,670,361,3471
6271,727,1237,1725,2436,2828,,727,510,488,711,392,3443
6272,729,1216,1701,2412,2825,,729,487,485,711,413,3447
6273,725,1211,1698,2407,2823,,725,486,487,709,416,3450
6222,727,1212,1621,2351,2780,,727,485,409,730,429,3442
6224,726,1133,1600,2376,2800,,726,407,467,776,424,3424
6298,729,1239,1727,2437,2851,,729,510,488,710,414,3447
6173,729,1213,1687,2333,2723,,729,484,474,646,390,3450
6146,654,1072,1563,2275,2686,,654,418,491,712,411,3460
6270,726,1211,1699,2411,2823,,726,485,488,712,412,3447
6151,727,1211,1726,2397,2784,,727,484,515,671,387,3367
6243,726,1212,1699,2414,2826,,726,486,487,715,412,3417
6273,728,1213,1702,2412,2825,,728,485,489,710,413,3448
6370,800,1285,1799,2511,2922,,800,485,514,712,411,3448
6196,726,1210,1677,2360,2734,,726,484,467,683,374,3462
6247,726,1189,1649,2362,2798,,726,463,460,713,436,3449
6272,725,1210,1699,2410,2823,,725,485,489,711,413,3449
6170,726,1211,1699,2330,2713,,726,485,488,631,383,3457
6148,655,1074,1565,2277,2693,,655,419,491,712,416,3455
6267,726,1210,1699,2409,2822,,726,484,489,710,413,3445
6233,726,1213,1699,2385,2771,,726,487,486,686,386,3462
6225,727,1211,1703,2412,2824,,727,484,492,709,412,3401
6311,748,1241,1731,2440,2863,,748,493,490,709,423,3448
6209,728,1197,1626,2365,2787,,728,469,429,739,422,3422
6122,719,1192,1663,2365,2746,,719,473,471,702,381,3376
6207,716,1189,1661,2325,2766,,716,473,472,664,441,3441
6297,727,1236,1723,2433,2849,,727,509,487,710,416,3448
6235,728,1211,1699,2407,2794,,728,483,488,708,387,3441
6130,715,1189,1671,2327,2742,,715,474,482,656,415,3388
5919,701,1172,1599,2228,2560,,701,471,427,629,332,3359
5982,715,1146,1559,2196,2546,,715,431,413,637,350,3436
6041,715,1190,1687,2390,2691,,715,475,497,703,301,3350
6119,715,1217,1689,2350,2744,,715,502,472,661,394,3375
6094,716,1191,1662,2324,2722,,716,475,471,662,398,3372
6095,716,1191,1664,2325,2721,,716,475,473,661,396,3374
6096,715,1190,1687,2347,2723,,715,475,497,660,376,3373
6095,714,1191,1663,2324,2721,,714,477,472,661,397,3374
6091,711,1185,1657,2320,2718,,711,474,472,663,398,3373
5950,701,1174,1614,2249,2581,,701,473,440,635,332,3369
6044,700,1196,1625,2326,2659,,700,496,429,701,333,3385
5963,704,1134,1543,2173,2521,,704,430,409,630,348,3442
6071,716,1216,1688,2391,2716,,716,500,472,703,325,3355
6095,705,1178,1651,2326,2721,,705,473,473,675,395,3374
6092,714,1189,1686,2349,2721,,714,475,497,663,372,3371
6093,715,1215,1687,2350,2720,,715,500,472,663,370,3373
6097,716,1191,1663,2323,2723,,716,475,472,660,400,3374
6092,716,1191,1662,2325,2723,,716,475,471,663,398,3369
6095,716,1190,1661,2324,2721,,716,474,471,663,397,3374
5925,700,1170,1599,2226,2557,,700,470,429,627,331,3368
5942,700,1173,1602,2253,2583,,700,473,429,651,330,3359
6109,715,1189,1593,2273,2608,,715,474,404,680,335,3501
6194,714,1189,1661,2366,2785,,714,475,472,705,419,3409
6222,664,1153,1639,2379,2779,,664,489,486,740,400,3443
6273,727,1212,1700,2409,2825,,727,485,488,709,416,3448
6235,726,1210,1699,2438,2812,,726,484,489,739,374,3423
6147,715,1190,1662,2364,2744,,715,475,472,702,380,3403
6121,689,1166,1637,2324,2742,,689,477,471,687,418,3379
6093,712,1189,1661,2320,2719,,712,477,472,659,399,3374
6051,725,1197,1626,2308,2659,,725,472,429,682,351,3392
5942,699,1171,1603,2249,2582,,699,472,432,646,333,3360
6084,715,1188,1593,2297,2630,,715,473,405,704,333,3454
6173,717,1191,1661,2365,2785,,717,474,470,704,420,3388
6092,715,1191,1664,2325,2722,,715,476,473,661,397,3370
6093,716,1191,1663,2326,2721,,716,475,472,663,395,3372
6097,716,1191,1664,2325,2721,,716,475,473,661,396,3376
6146,704,1188,1664,2399,2771,,704,484,476,735,372,3375
6094,703,1174,1646,2327,2723,,703,471,472,681,396,3371
6115,716,1189,1662,2325,2723,,716,473,473,663,398,3392
5929,699,1170,1599,2225,2556,,699,471,429,626,331,3373
6069,699,1196,1624,2325,2658,,699,497,428,701,333,3411
6084,716,1188,1592,2297,2632,,716,472,404,705,335,3452
6042,715,1188,1661,2364,2692,,715,473,473,703,328,3350
6248,716,1135,1618,2378,2800,,716,419,483,760,422,3448
6236,726,1213,1699,2359,2788,,726,487,486,660,429,3448
6122,716,1190,1664,2366,2743,,716,474,474,702,377,3379
6209,715,1191,1663,2325,2765,,715,476,472,662,440,3444
6270,726,1210,1699,2408,2823,,726,484,489,709,415,3447
6297,726,1234,1723,2433,2829,,726,508,489,710,396,3468
6236,727,1190,1635,2365,2788,,727,463,445,730,423,3448
6090,713,1188,1617,2305,2719,,713,475,429,688,414,3371
6109,714,1188,1617,2299,2631,,714,474,429,682,332,3478
6040,712,1188,1660,2363,2688,,712,476,472,703,325,3352
6241,671,1098,1591,2373,2795,,671,427,493,782,422,3446
6273,727,1211,1699,2409,2824,,727,484,488,710,415,3449
6297,727,1241,1724,2434,2833,,727,514,483,710,399,3464
6223,726,1210,1698,2392,2775,,726,484,488,694,383,3448
6371,758,1252,1802,2514,2925,,758,494,550,712,411,3446
6235,727,1210,1700,2411,2794,,727,483,490,711,383,3441
6098,713,1187,1658,2322,2719,,713,474,471,664,397,3379
5941,701,1174,1602,2249,2582,,701,473,428,647,333,3359
6111,716,1191,1619,2298,2632,,716,475,428,679,334,3479
6171,717,1191,1662,2366,2787,,717,474,471,704,421,3384
6276,714,1165,1598,2376,2799,,714,451,433,778,423,3477
6273,727,1212,1700,2410,2825,,727,485,488,710,415,3448
6397,726,1264,1830,2540,2949,,726,538,566,710,409,3448
6298,728,1236,1725,2433,2850,,728,508,489,708,417,3448
6296,727,1211,1700,2441,2850,,727,484,489,741,409,3446
6247,727,1210,1699,2409,2804,,727,483,489,710,395,3443
6246,728,1191,1675,2385,2799,,728,463,484,710,414,3447
6272,727,1210,1699,2410,2824,,727,483,489,711,414,3448
6296,724,1237,1750,2459,2848,,724,513,513,709,389,3448
6295,727,1237,1725,2434,2851,,727,510,488,709,417,3444
6251,727,1212,1702,2412,2825,,727,485,490,710,413,3426
6186,722,1191,1642,2340,2765,,722,469,451,698,425,3421
6124,715,1191,1663,2366,2745,,715,476,472,703,379,3379
6130,705,1179,1650,2361,2753,,705,474,471,711,392,3377
6089,716,1191,1664,2326,2721,,716,475,473,662,395,3368
6096,704,1175,1648,2325,2723,,704,471,473,677,398,3373
6050,704,1201,1632,2329,2683,,704,497,431,697,354,3367
5916,702,1174,1603,2225,2557,,702,472,429,622,332,3359
6085,714,1190,1662,2300,2633,,714,476,472,638,333,3452
6154,717,1189,1687,2392,2787,,717,472,498,705,395,3367
6032,716,1149,1588,2292,2646,,716,433,439,704,354,3386
6094,716,1216,1688,2351,2721,,716,500,472,663,370,3373
6096,716,1191,1662,2326,2722,,716,475,471,664,396,3374
5964,706,1204,1639,2264,2598,,706,498,435,625,334,3366
6068,701,1173,1631,2325,2657,,701,472,458,694,332,3411
6070,688,1163,1592,2306,2632,,688,475,429,714,326,3438
6087,690,1166,1638,2369,2736,,690,476,472,731,367,3351
6070,698,1194,1622,2329,2661,,698,496,428,707,332,3409
6087,706,1202,1630,2299,2634,,706,496,428,669,335,3453
6196,706,1178,1650,2368,2786,,706,472,472,718,418,3410
6121,716,1191,1662,2337,2747,,716,475,471,675,410,3374
6118,714,1188,1660,2323,2719,,714,474,472,663,396,3399
6098,705,1176,1649,2326,2724,,705,471,473,677,398,3374
6299,716,1204,1692,2430,2852,,716,488,488,738,422,3447
6297,727,1237,1725,2434,2850,,727,510,488,709,416,3447
6297,726,1237,1722,2431,2850,,726,511,485,709,419,3447
6233,726,1210,1679,2327,2789,,726,484,469,648,462,3444
6043,716,1192,1649,2309,2636,,716,476,457,660,327,3407
6108,717,1190,1620,2298,2632,,717,473,430,678,334,3476
6172,715,1192,1664,2364,2783,,715,477,472,700,419,3389
6227,717,1197,1637,2323,2800,,717,480,440,686,477,3427
6305,728,1212,1700,2411,2825,,728,484,488,711,414,3480
6300,728,1243,1728,2440,2850,,728,515,485,712,410,3450
6247,729,1215,1702,2412,2805,,729,486,487,710,393,3442
6272,728,1214,1701,2412,2825,,728,486,487,711,413,3447
6273,729,1213,1701,2410,2824,,729,484,488,709,414,3449
6206,715,1202,1671,2320,2790,,715,487,469,649,470,3416
6016,716,1190,1619,2307,2634,,716,474,429,688,327,3382
6108,715,1191,1620,2306,2633,,715,476,429,686,327,3475
6195,718,1218,1691,2391,2786,,718,500,473,700,395,3409
6112,715,1189,1660,2324,2742,,715,474,471,664,418,3370
6090,714,1189,1684,2347,2719,,714,475,495,663,372,3371
6018,715,1189,1644,2306,2632,,715,474,455,662,326,3386
6123,648,1165,1636,2349,2746,,648,517,471,713,397,3377
6055,701,1198,1669,2390,2718,,701,497,471,721,328,3337
6280,646,1183,1671,2409,2832,,646,537,488,738,423,3448
6236,745,1228,1697,2381,2781,,745,483,469,684,400,3455
6273,726,1211,1698,2407,2824,,726,485,487,709,417,3449
6270,726,1211,1699,2407,2824,,726,485,488,708,417,3446
6297,727,1237,1724,2436,2851,,727,510,487,712,415,3446
6199,727,1212,1699,2388,2752,,727,485,487,689,364,3447
6195,670,1145,1616,2366,2790,,670,475,471,750,424,3405
6122,718,1191,1663,2327,2744,,718,473,472,664,417,3378
6101,716,1193,1665,2325,2724,,716,477,472,660,399,3377
6096,703,1174,1645,2325,2723,,703,471,471,680,398,3373
6122,705,1177,1649,2324,2745,,705,472,472,675,421,3377
6116,700,1170,1627,2333,2746,,700,470,457,706,413,3370
5943,705,1177,1606,2249,2582,,705,472,429,643,333,3361
6160,716,1191,1663,2322,2721,,716,475,472,659,399,3439
6119,715,1191,1664,2365,2744,,715,476,473,701,379,3375
6215,715,1190,1662,2325,2764,,715,475,472,663,439,3451
6299,728,1239,1725,2435,2850,,728,511,486,710,415,3449
6270,727,1212,1700,2410,2825,,727,485,488,710,415,3445
6184,715,1203,1625,2377,2741,,715,488,422,752,364,3443
6120,706,1177,1649,2366,2746,,706,471,472,717,380,3374
6093,714,1188,1659,2324,2722,,714,474,471,665,398,3371
6046,714,1189,1620,2305,2631,,714,475,431,685,326,3415
5919,648,1167,1596,2224,2560,,648,519,429,628,336,3359
6121,706,1178,1651,2324,2723,,706,472,473,673,399,3398
6296,728,1238,1725,2434,2850,,728,510,487,709,416,3446
6273,727,1211,1699,2411,2824,,727,484,488,712,413,3449
6173,704,1189,1677,2386,2722,,704,485,488,709,336,3451
6272,717,1205,1690,2406,2828,,717,488,485,716,422,3444
6275,705,1215,1702,2411,2825,,705,510,487,709,414,3450
6296,717,1231,1716,2427,2850,,717,514,485,711,423,3446
6298,727,1240,1726,2436,2852,,727,513,486,710,416,3446
6185,728,1213,1700,2378,2736,,728,485,487,678,358,3449
6091,716,1190,1663,2323,2721,,716,474,473,660,398,3370
6091,706,1178,1648,2325,2722,,706,472,470,677,397,3369
5903,718,1191,1662,2286,2580,,718,473,471,624,294,3323
6132,704,1176,1648,2368,2743,,704,472,472,720,375,3389
6093,704,1176,1648,2327,2720,,704,472,472,679,393,3373
6095,707,1179,1651,2326,2724,,707,472,472,675,398,3371
6099,705,1178,1649,2326,2725,,705,473,471,677,399,3374
6095,714,1190,1661,2323,2721,,714,476,471,662,398,3374
5921,700,1171,1601,2225,2558,,700,471,430,624,333,3363
5918,701,1172,1601,2224,2556,,701,471,429,623,332,3362
6112,702,1173,1601,2300,2633,,702,471,428,699,333,3479
6169,705,1176,1649,2365,2786,,705,471,473,716,421,3383
6122,716,1190,1662,2327,2744,,716,474,472,665,417,3378
6103,705,1176,1649,2324,2721,,705,471,473,675,397,3382
6094,714,1191,1662,2324,2721,,714,477,471,662,397,3373
6095,706,1178,1650,2325,2722,,706,472,472,675,397,3373
6125,716,1191,1665,2366,2746,,716,475,474,701,380,3379
6095,708,1179,1651,2324,2723,,708,471,472,673,399,3372
6121,717,1190,1662,2323,2743,,717,473,472,661,420,3378
6098,705,1176,1647,2326,2723,,705,471,471,679,397,3375
6093,716,1191,1663,2325,2725,,716,475,472,662,400,3368
6095,704,1177,1649,2325,2721,,704,473,472,676,396,3374
6117,715,1189,1661,2349,2745,,715,474,472,688,396,3372
6103,715,1214,1686,2350,2721,,715,499,472,664,371,3382
6092,714,1193,1663,2325,2721,,714,479,470,662,396,3371
6091,704,1176,1648,2326,2722,,704,472,472,678,396,3369
6072,704,1115,1588,2292,2675,,704,411,473,704,383,3397
6094,704,1178,1649,2326,2723,,704,474,471,677,397,3371
6119,700,1173,1644,2351,2747,,700,473,471,707,396,3372
6098,704,1177,1649,2328,2723,,704,473,472,679,395,3375
6093,715,1192,1663,2327,2722,,715,477,471,664,395,3371
6092,703,1175,1647,2326,2721,,703,472,472,679,395,3371
6125,706,1177,1650,2362,2753,,706,471,473,712,391,3372
6104,675,1172,1644,2326,2721,,675,497,472,682,395,3383
6093,704,1201,1674,2330,2722,,704,497,473,656,392,3371
6095,704,1177,1650,2324,2721,,704,473,473,674,397,3374
6171,664,1098,1590,2303,2723,,664,434,492,713,420,3448
6299,718,1230,1716,2428,2850,,718,512,486,712,422,3449
6270,728,1213,1700,2410,2824,,728,485,487,710,414,3446
6328,728,1244,1758,2457,2851,,728,516,514,699,394,3477
6169,663,1141,1613,2367,2792,,663,478,472,754,425,3377
6132,707,1181,1652,2339,2759,,707,474,471,687,420,3373
6126,705,1177,1649,2361,2753,,705,472,472,712,392,3373
6105,704,1177,1648,2326,2721,,704,473,471,678,395,3384
6099,704,1177,1649,2326,2722,,704,473,472,677,396,3377
6043,704,1176,1647,2301,2636,,704,472,471,654,335,3407
6247,704,1132,1623,2377,2801,,704,428,491,754,424,3446
6272,729,1215,1702,2412,2825,,729,486,487,710,413,3447
6297,717,1203,1691,2432,2851,,717,486,488,741,419,3446
6248,728,1212,1700,2389,2798,,728,484,488,689,409,3450
6274,717,1202,1691,2403,2826,,717,485,489,712,423,3448
6271,726,1210,1698,2407,2824,,726,484,488,709,417,3447
6314,720,1230,1716,2455,2867,,720,510,486,739,412,3447
6232,717,1181,1664,2401,2823,,717,464,483,737,422,3409
6120,704,1176,1648,2324,2745,,704,472,472,676,421,3375
6094,705,1177,1650,2325,2722,,705,472,473,675,397,3372
6124,705,1135,1616,2366,2747,,705,430,481,750,381,3377
6091,715,1188,1660,2325,2720,,715,473,472,665,395,3371
6095,706,1180,1653,2325,2723,,706,474,473,672,398,3372
6096,704,1176,1649,2327,2723,,704,472,473,678,396,3373
6093,718,1190,1663,2325,2721,,718,472,473,662,396,3372
6094,716,1191,1664,2324,2722,,716,475,473,660,398,3372
6099,716,1190,1663,2324,2721,,716,474,473,661,397,3378
5980,666,1101,1580,2252,2586,,666,435,479,672,334,3394
6095,704,1177,1649,2325,2723,,704,473,472,676,398,3372
6090,716,1191,1662,2325,2722,,716,475,471,663,397,3368
6048,704,1160,1552,2266,2618,,704,456,392,714,352,3430
6178,704,1201,1672,2325,2766,,704,497,471,653,441,3412
6298,729,1213,1703,2412,2856,,729,484,490,709,444,3442
6236,718,1202,1690,2403,2793,,718,484,488,713,390,3443
6121,705,1177,1648,2368,2746,,705,472,471,720,378,3375
6093,704,1175,1648,2325,2721,,704,471,473,677,396,3372
6094,704,1176,1648,2327,2722,,704,472,472,679,395,3372
5959,674,1103,1530,2200,2558,,674,429,427,670,358,3401
6092,715,1188,1659,2322,2719,,715,473,471,663,397,3373
6095,705,1178,1650,2327,2723,,705,473,472,677,396,3372
6242,711,1189,1616,2373,2795,,711,478,427,757,422,3447
6273,728,1212,1699,2409,2825,,728,484,487,710,416,3448
6270,726,1210,1699,2408,2824,,726,484,489,709,416,3446
6262,729,1215,1704,2413,2818,,729,486,489,709,405,3444
6119,716,1190,1686,2391,2746,,716,474,496,705,355,3373
6121,704,1178,1649,2366,2746,,704,474,471,717,380,3375
6095,704,1175,1646,2325,2723,,704,471,471,679,398,3372
6003,663,1100,1539,2243,2595,,663,437,439,704,352,3408
6093,716,1190,1662,2324,2722,,716,474,472,662,398,3371
6093,704,1200,1673,2331,2724,,704,496,473,658,393,3369
6132,706,1136,1571,2279,2669,,706,430,435,708,390,3463
6299,727,1242,1727,2437,2849,,727,515,485,710,412,3450
6273,716,1204,1694,2404,2826,,716,488,490,710,422,3447
6186,717,1202,1690,2383,2761,,717,485,488,693,378,3425
6121,706,1181,1654,2367,2745,,706,475,473,713,378,3376
6093,704,1175,1647,2326,2723,,704,471,472,679,397,3370
6096,676,1148,1619,2328,2722,,676,472,471,709,394,3374
6102,716,1191,1663,2326,2724,,716,475,472,663,398,3378
6097,715,1191,1662,2326,2722,,715,476,471,664,396,3375
6092,715,1189,1662,2325,2723,,715,474,473,663,398,3369
6206,716,1191,1640,2377,2800,,716,475,449,737,423,3406
6272,728,1212,1701,2412,2824,,728,484,489,711,412,3448
6296,728,1212,1703,2413,2850,,728,484,491,710,437,3446
6299,728,1236,1756,2466,2861,,728,508,520,710,395,3438
6273,729,1213,1701,2410,2825,,729,484,488,709,415,3448
6297,726,1219,1705,2425,2849,,726,493,486,720,424,3448
6273,711,1204,1691,2404,2827,,711,493,487,713,423,3446
6272,715,1133,1615,2394,2825,,715,418,482,779,431,3447
6324,728,1212,1733,2452,2875,,728,484,521,719,423,3449
6273,728,1212,1699,2409,2824,,728,484,487,710,415,3449
6223,727,1212,1700,2409,2825,,727,485,488,709,416,3398
6158,746,1231,1698,2380,2776,,746,485,467,682,396,3382
6072,704,1201,1672,2371,2696,,704,497,471,699,325,3376
6097,704,1177,1649,2328,2725,,704,473,472,679,397,3372
6117,716,1189,1685,2348,2745,,716,473,496,663,397,3372
6121,705,1168,1667,2368,2749,,705,463,499,701,381,3372
6121,663,1140,1611,2367,2746,,663,477,471,756,379,3375
5932,714,1191,1660,2285,2579,,714,477,469,625,294,3353
6276,716,1203,1692,2405,2827,,716,487,489,713,422,3449
6274,727,1210,1700,2409,2824,,727,483,490,709,415,3450
6270,728,1212,1700,2406,2823,,728,484,488,706,417,3447
6283,717,1203,1690,2403,2826,,717,486,487,713,423,3457
6270,726,1212,1699,2408,2824,,726,486,487,709,416,3446
6249,716,1202,1690,2402,2805,,716,486,488,712,403,3444
6273,728,1212,1700,2409,2825,,728,484,488,709,416,3448
6224,655,1133,1617,2374,2798,,655,478,484,757,424,3426
6274,716,1197,1690,2402,2826,,716,481,493,712,424,3448
6229,715,1205,1614,2377,2816,,715,490,409,763,439,3413
6273,717,1203,1691,2403,2826,,717,486,488,712,423,3447
6297,728,1236,1726,2434,2849,,728,508,490,708,415,3448
6254,716,1204,1690,2404,2826,,716,488,486,714,422,3428
6184,716,1203,1691,2382,2778,,716,487,488,691,396,3406
6094,704,1175,1673,2329,2721,,704,471,498,656,392,3373
6096,705,1176,1650,2325,2723,,705,471,474,675,398,3373
6123,705,1201,1672,2357,2752,,705,496,471,685,395,3371
6118,705,1178,1636,2367,2747,,705,473,458,731,380,3371
6196,663,1113,1596,2330,2738,,663,450,483,734,408,3458
6199,728,1211,1649,2380,2753,,728,483,438,731,373,3446
6299,728,1236,1725,2436,2851,,728,508,489,711,415,3448
6300,716,1203,1692,2435,2851,,716,487,489,743,416,3449
6237,716,1125,1617,2328,2804,,716,409,492,711,476,3433
6196,703,1186,1677,2367,2776,,703,483,491,690,409,3420
6395,754,1266,1828,2538,2948,,754,512,562,710,410,3447
6197,728,1211,1700,2410,2747,,728,483,489,710,337,3450
6236,715,1203,1639,2368,2792,,715,488,436,729,424,3444
6169,706,1202,1677,2375,2785,,706,496,475,698,410,3384
6233,716,1147,1641,2376,2799,,716,431,494,735,423,3434
6100,716,1203,1613,2296,2616,,716,487,410,683,320,3484
6271,728,1211,1700,2409,2825,,728,483,489,709,416,3446
6274,716,1204,1691,2403,2826,,716,488,487,712,423,3448
6231,716,1204,1694,2404,2793,,716,488,490,710,389,3438
6195,717,1203,1694,2383,2777,,717,486,491,689,394,3418
6279,728,1212,1701,2410,2826,,728,484,489,709,416,3453
6124,727,1210,1683,2391,2746,,727,483,473,708,355,3378
5874,705,1134,1549,2182,2514,,705,429,415,633,332,3360
5868,705,1133,1548,2178,2509,,705,428,415,630,331,3359
5875,705,1133,1560,2185,2514,,705,428,427,625,329,3361
5892,714,1148,1561,2200,2531,,714,434,413,639,331,3361
5892,716,1150,1564,2199,2532,,716,434,414,635,333,3360
5893,716,1149,1562,2200,2532,,716,433,413,638,332,3361
5896,715,1147,1563,2197,2530,,715,432,416,634,333,3366
5892,714,1149,1562,2198,2532,,714,435,413,636,334,3360
5892,717,1151,1564,2198,2522,,717,434,413,634,324,3370
5918,714,1148,1561,2198,2531,,714,434,413,637,333,3387
5903,704,1160,1573,2209,2542,,704,456,413,636,333,3361
5861,676,1104,1522,2146,2494,,676,428,418,624,348,3367
5844,663,1098,1515,2151,2482,,663,435,417,636,331,3362
5870,677,1104,1520,2152,2489,,677,427,416,632,337,3381
5895,705,1160,1574,2199,2532,,705,455,414,625,333,3363
5891,714,1147,1561,2198,2531,,714,433,414,637,333,3360
5894,715,1146,1562,2198,2531,,715,431,416,636,333,3363
5918,705,1133,1548,2199,2547,,705,428,415,651,348,3371
5890,716,1148,1562,2198,2532,,716,432,414,636,334,3358
5872,705,1137,1548,2174,2497,,705,432,411,626,323,3375
6113,713,1186,1616,2330,2743,,713,473,430,714,413,3370
5891,704,1135,1546,2173,2513,,704,431,411,627,340,3378
6113,713,1146,1582,2286,2676,,713,433,436,704,390,3437
6224,716,1204,1691,2334,2772,,716,488,487,643,438,3452
6250,715,1178,1665,2379,2801,,715,463,487,714,422,3449
6274,715,1205,1691,2403,2826,,715,490,486,712,423,3448
6298,716,1227,1716,2430,2852,,716,511,489,714,422,3446
6276,716,1205,1692,2406,2828,,716,489,487,714,422,3448
6182,727,1237,1704,2386,2776,,727,510,467,682,390,3406
6225,792,1264,1793,2491,2848,,792,472,529,698,357,3377
6097,728,1203,1673,2330,2721,,728,475,470,657,391,3376
6110,704,1177,1650,2351,2747,,704,473,473,701,396,3363
6054,704,1178,1651,2338,2673,,704,474,473,687,335,3381
5991,701,1172,1601,2226,2587,,701,471,429,625,361,3404
6252,717,1203,1696,2405,2827,,717,486,493,709,422,3425
6374,745,1228,1744,2481,2929,,745,483,516,737,448,3445
6161,703,1112,1599,2346,2736,,703,409,487,747,390,3425
6237,704,1177,1648,2367,2786,,704,473,471,719,419,3451
6093,716,1190,1687,2348,2722,,716,474,497,661,374,3371
5895,715,1148,1562,2198,2531,,715,433,414,636,333,3364
5897,705,1140,1550,2176,2512,,705,435,410,626,336,3385
5822,669,1076,1489,2125,2458,,669,407,413,636,333,3364
5818,653,1120,1519,2152,2471,,653,467,399,633,319,3347
5846,665,1099,1511,2148,2471,,665,434,412,637,323,3375
5842,674,1102,1518,2147,2481,,674,428,416,629,334,3361
5868,665,1098,1513,2149,2497,,665,433,415,636,348,3371
5839,664,1097,1501,2148,2467,,664,433,404,647,319,3372
5870,664,1099,1514,2149,2485,,664,435,415,635,336,3385
5846,665,1101,1513,2150,2484,,665,436,412,637,334,3362
5870,664,1097,1511,2148,2496,,664,433,414,637,348,3374
5809,683,1104,1502,2121,2440,,683,421,398,619,319,3369
6122,704,1176,1607,2367,2750,,704,472,431,760,383,3372
6155,704,1203,1701,2385,2783,,704,499,498,684,398,3372
6185,705,1176,1650,2325,2746,,705,471,474,675,421,3439
6274,717,1204,1692,2404,2827,,717,487,488,712,423,3447
6273,727,1211,1699,2407,2826,,727,484,488,708,419,3447
6250,715,1203,1616,2380,2800,,715,488,413,764,420,3450
6274,716,1203,1691,2403,2826,,716,487,488,712,423,3448
6184,706,1205,1677,2393,2807,,706,499,472,716,414,3377
5944,700,1174,1602,2250,2580,,700,474,428,648,330,3364
6159,717,1191,1660,2322,2722,,717,474,469,662,400,3437
6084,704,1178,1649,2319,2657,,704,474,471,670,338,3427
6189,786,1258,1786,2439,2812,,786,472,528,653,373,3377
6211,705,1177,1648,2326,2767,,705,472,471,678,441,3444
6277,717,1203,1691,2405,2825,,717,486,488,714,420,3452
6274,717,1202,1691,2402,2825,,717,485,489,711,423,3449
6250,715,1125,1616,2379,2801,,715,410,491,763,422,3449
6275,717,1204,1691,2406,2826,,717,487,487,715,420,3449
6197,716,1204,1690,2382,2775,,716,488,486,692,393,3422
6273,716,1202,1691,2403,2826,,716,486,489,712,423,3447
6252,704,1186,1675,2386,2803,,704,482,489,711,417,3449
6223,717,1126,1617,2383,2781,,717,409,491,766,398,3442
6275,712,1204,1692,2405,2827,,712,492,488,713,422,3448
6274,716,1204,1692,2404,2827,,716,488,488,712,423,3447
6274,716,1203,1693,2403,2827,,716,487,490,710,424,3447
6274,729,1213,1703,2412,2826,,729,484,490,709,414,3448
6249,718,1126,1616,2382,2801,,718,408,490,766,419,3448
6253,716,1202,1690,2403,2826,,716,486,488,713,423,3427
6189,716,1203,1670,2357,2774,,716,487,467,687,417,3415
6095,709,1181,1653,2326,2724,,709,472,472,673,398,3371
6071,651,1136,1612,2273,2636,,651,485,476,661,363,3435
6132,702,1161,1615,2317,2662,,702,459,454,702,345,3470
6246,700,1172,1644,2394,2820,,700,472,472,750,426,3426
6146,704,1178,1650,2367,2743,,704,474,472,717,376,3403
6121,717,1218,1691,2350,2742,,717,501,473,659,392,3379
6093,705,1201,1675,2330,2723,,705,496,474,655,393,3370
6111,701,1198,1669,2351,2752,,701,497,471,682,401,3359
6095,704,1199,1671,2326,2723,,704,495,472,655,397,3372
6124,700,1169,1641,2350,2748,,700,469,472,709,398,3376
5919,701,1174,1603,2224,2556,,701,473,429,621,332,3363
5962,701,1172,1622,2246,2591,,701,471,450,624,345,3371
6056,696,1168,1638,2312,2679,,696,472,470,674,367,3377
6188,671,1177,1649,2401,2820,,671,506,472,752,419,3368
5947,705,1176,1647,2296,2591,,705,471,471,649,295,3356
6144,715,1190,1662,2389,2769,,715,475,472,727,380,3375
6094,705,1178,1649,2324,2721,,705,473,471,675,397,3373
6130,656,1157,1629,2382,2759,,656,501,472,753,377,3371
6045,706,1178,1649,2301,2634,,706,472,471,652,333,3411
6118,702,1200,1672,2350,2747,,702,498,472,678,397,3371
5944,702,1173,1606,2252,2587,,702,471,433,646,335,3357
5940,702,1174,1615,2247,2580,,702,472,441,632,333,3360
6147,700,1172,1641,2310,2682,,700,472,469,669,372,3465
6239,652,1171,1646,2393,2815,,652,519,475,747,422,3424
5947,705,1202,1671,2288,2610,,705,497,469,617,322,3337
6154,704,1176,1647,2399,2776,,704,472,471,752,377,3378
6094,705,1175,1645,2326,2723,,705,470,470,681,397,3371
6193,701,1172,1644,2348,2769,,701,471,472,704,421,3424
6276,717,1204,1692,2403,2830,,717,487,488,711,427,3446
6307,717,1204,1693,2405,2828,,717,487,489,712,423,3479
6373,717,1234,1804,2518,2926,,717,517,570,714,408,3447
6176,716,1184,1592,2308,2716,,716,468,408,716,408,3460
6250,722,1207,1695,2405,2805,,722,485,488,710,400,3445
6329,734,1216,1706,2416,2828,,734,482,490,710,412,3501
6277,716,1204,1693,2406,2829,,716,488,489,713,423,3448
6277,717,1204,1694,2408,2827,,717,487,490,714,419,3450
6276,719,1206,1693,2406,2828,,719,487,487,713,422,3448
6275,716,1204,1692,2405,2828,,716,488,488,713,423,3447
6275,717,1204,1693,2406,2828,,717,487,489,713,422,3447
6252,717,1204,1692,2404,2826,,717,487,488,712,422,3426
6274,717,1204,1693,2405,2829,,717,487,489,712,424,3445
6183,717,1205,1692,2384,2777,,717,488,487,692,393,3406
6224,705,1177,1650,2368,2769,,705,472,473,718,401,3455
6249,700,1165,1647,2390,2802,,700,465,482,743,412,3447
6273,716,1204,1692,2403,2827,,716,488,488,711,424,3446
6268,723,1207,1694,2403,2820,,723,484,487,709,417,3448
6276,717,1204,1693,2404,2827,,717,487,489,711,423,3449
6272,728,1212,1699,2409,2824,,728,484,487,710,415,3448
6278,716,1203,1693,2404,2827,,716,487,490,711,423,3451
6183,719,1203,1691,2383,2777,,719,484,488,692,394,3406
6124,704,1176,1648,2328,2747,,704,472,472,680,419,3377
5976,648,1167,1596,2253,2611,,648,519,429,657,358,3365
6177,700,1129,1607,2276,2652,,700,429,478,669,376,3525
6261,741,1234,1704,2400,2818,,741,493,470,696,418,3443
5952,705,1177,1646,2319,2613,,705,472,469,673,294,3339
6120,717,1190,1662,2325,2742,,717,473,472,663,417,3378
6096,705,1201,1674,2329,2724,,705,496,473,655,395,3372
6223,713,1144,1626,2378,2781,,713,431,482,752,403,3442
6304,732,1216,1704,2432,2855,,732,484,488,728,423,3449
6275,714,1204,1691,2404,2827,,714,490,487,713,423,3448
6249,716,1203,1691,2403,2806,,716,487,488,712,403,3443
6208,716,1198,1687,2421,2802,,716,482,489,734,381,3406
5886,642,1092,1468,2156,2509,,642,450,376,688,353,3377
5879,613,1008,1442,2149,2501,,613,395,434,707,352,3378
5814,630,1051,1446,2076,2397,,630,421,395,630,321,3417
6276,715,1206,1693,2405,2828,,715,491,487,712,423,3448
6273,717,1203,1691,2404,2826,,717,486,488,713,422,3447
6274,718,1202,1692,2403,2826,,718,484,490,711,423,3448
6275,716,1206,1692,2404,2827,,716,490,486,712,423,3448
6198,716,1203,1691,2383,2777,,716,487,488,692,394,3421
6282,716,1205,1692,2406,2827,,716,489,487,714,421,3455
6287,717,1213,1700,2416,2837,,717,496,487,716,421,3450
6248,716,1204,1646,2355,2802,,716,488,442,709,447,3446
6252,743,1191,1650,2355,2803,,743,448,459,705,448,3449
6272,716,1203,1691,2403,2827,,716,487,488,712,424,3445
6251,683,1167,1655,2355,2802,,683,484,488,700,447,3449
6273,717,1204,1691,2404,2825,,717,487,487,713,421,3448
6247,717,1183,1666,2380,2801,,717,466,483,714,421,3446
6300,717,1229,1717,2429,2852,,717,512,488,712,423,3448
6221,728,1212,1700,2392,2800,,728,484,488,692,408,3421
6277,716,1205,1693,2407,2828,,716,489,488,714,421,3449
6301,718,1205,1693,2407,2837,,718,487,488,714,430,3464
6274,717,1205,1693,2404,2828,,717,488,488,711,424,3446
6176,705,1170,1581,2279,2715,,705,465,411,698,436,3461
6275,716,1204,1689,2403,2826,,716,488,485,714,423,3449
6249,681,1167,1655,2379,2801,,681,486,488,724,422,3448
6275,717,1204,1692,2405,2827,,717,487,488,713,422,3448
6149,646,1075,1567,2279,2691,,646,429,492,712,412,3458
6289,718,1228,1715,2424,2841,,718,510,487,709,417,3448
6199,717,1205,1694,2384,2778,,717,488,489,690,394,3421
6276,717,1205,1694,2403,2828,,717,488,489,709,425,3448
6227,717,1205,1694,2405,2782,,717,488,489,711,377,3445
6250,717,1204,1693,2383,2802,,717,487,489,690,419,3448
6276,716,1228,1688,2404,2827,,716,512,460,716,423,3449
6274,717,1203,1691,2404,2828,,717,486,488,713,424,3446
6250,717,1180,1666,2379,2803,,717,463,486,713,424,3447
6277,719,1204,1692,2404,2829,,719,485,488,712,425,3448
6248,646,1140,1622,2327,2803,,646,494,482,705,476,3445
6325,715,1204,1691,2405,2857,,715,489,487,714,452,3468
6223,716,1205,1693,2404,2809,,716,489,488,711,405,3414
6275,716,1204,1692,2404,2828,,716,488,488,712,424,3447
6290,719,1203,1691,2425,2842,,719,484,488,734,417,3448
6248,717,1204,1671,2353,2802,,717,487,467,682,449,3446
6239,741,1199,1611,2319,2792,,741,458,412,708,473,3447
5945,704,1176,1646,2285,2606,,704,472,470,639,321,3339
6248,705,1122,1661,2378,2799,,705,417,539,717,421,3449
6276,716,1204,1693,2404,2826,,716,488,489,711,422,3450
6161,704,1173,1641,2354,2724,,704,469,468,713,370,3437
6094,705,1179,1610,2309,2723,,705,474,431,699,414,3371
6110,703,1173,1642,2309,2635,,703,470,469,667,326,3475
6174,703,1175,1646,2366,2787,,703,472,471,720,421,3387
6102,715,1188,1619,2305,2719,,715,473,431,686,414,3383
5971,701,1133,1544,2176,2531,,701,432,411,632,355,3440
6249,742,1191,1654,2379,2801,,742,449,463,725,422,3448
6254,716,1203,1691,2404,2825,,716,487,488,713,421,3429
6251,703,1195,1653,2379,2802,,703,492,458,726,423,3449
6276,716,1203,1691,2404,2826,,716,487,488,713,422,3450
6224,717,1203,1634,2367,2759,,717,486,431,733,392,3465
6275,717,1205,1693,2405,2827,,717,488,488,712,422,3448
6254,717,1203,1692,2404,2828,,717,486,489,712,424,3426
6275,717,1204,1693,2405,2827,,717,487,489,712,422,3448
6283,717,1212,1702,2414,2835,,717,495,490,712,421,3448
6277,718,1205,1673,2356,2805,,718,487,468,683,449,3472
6178,743,1192,1634,2302,2715,,743,449,442,668,413,3463
6250,716,1203,1672,2380,2801,,716,487,469,708,421,3449
6136,717,1182,1584,2292,2687,,717,465,402,708,395,3449
6120,704,1176,1647,2368,2747,,704,472,471,721,379,3373
6167,704,1176,1674,2373,2748,,704,472,498,699,375,3419
6276,724,1209,1697,2407,2829,,724,485,488,710,422,3447
6275,715,1203,1691,2403,2827,,715,488,488,712,424,3448
6275,717,1204,1693,2404,2826,,717,487,489,711,422,3449
6284,717,1201,1691,2412,2838,,717,484,490,721,426,3446
6250,716,1207,1693,2385,2804,,716,491,486,692,419,3446
6137,742,1192,1643,2314,2709,,742,450,451,671,395,3428
6228,704,1174,1647,2367,2788,,704,470,473,720,421,3440
6236,717,1205,1639,2368,2790,,717,488,434,729,422,3446
6122,704,1175,1647,2368,2746,,704,471,472,721,378,3376
6213,704,1175,1645,2330,2766,,704,471,470,685,436,3447
6276,716,1205,1691,2404,2829,,716,489,486,713,425,3447
6276,716,1204,1693,2404,2827,,716,488,489,711,423,3449
6275,717,1206,1692,2405,2827,,717,489,486,713,422,3448
6311,716,1215,1703,2440,2862,,716,499,488,737,422,3449
6222,715,1204,1691,2383,2777,,715,489,487,692,394,3445
6147,753,1199,1637,2313,2689,,753,446,438,676,376,3458
6251,716,1204,1693,2384,2802,,716,488,489,691,418,3449
6214,716,1185,1644,2380,2802,,716,469,459,736,422,3412
6274,717,1203,1692,2404,2827,,717,486,489,712,423,3447
6250,719,1125,1616,2380,2802,,719,406,491,764,422,3448
6274,716,1203,1691,2403,2825,,716,487,488,712,422,3449
6223,717,1204,1692,2403,2805,,717,487,488,711,402,3418
6271,726,1213,1698,2413,2823,,726,487,485,715,410,3448
6155,720,1164,1635,2336,2691,,720,444,471,701,355,3464
6148,701,1201,1629,2325,2658,,701,500,428,696,333,3490
5937,703,1109,1519,2150,2489,,703,406,410,631,339,3448
5952,705,1202,1673,2320,2615,,705,497,471,647,295,3337
6014,705,1178,1608,2320,2641,,705,473,430,712,321,3373
5895,705,1160,1573,2201,2533,,705,455,413,628,332,3362
6068,705,1132,1552,2246,2607,,705,427,420,694,361,3461
6279,716,1206,1692,2404,2828,,716,490,486,712,424,3451
6274,717,1205,1692,2405,2829,,717,488,487,713,424,3445
6251,720,1204,1692,2406,2807,,720,484,488,714,401,3444
6275,709,1206,1691,2405,2828,,709,497,485,714,423,3447
6271,717,1205,1695,2407,2828,,717,488,490,712,421,3443
6162,716,1203,1677,2387,2722,,716,487,474,710,335,3440
6095,704,1175,1604,2328,2723,,704,471,429,724,395,3372
5888,705,1134,1549,2176,2521,,705,429,415,627,345,3367
6082,704,1115,1563,2238,2624,,704,411,448,675,386,3458
6194,717,1205,1661,2367,2792,,717,488,456,706,425,3402
6228,704,1134,1626,2378,2800,,704,430,492,752,422,3428
6273,717,1203,1692,2403,2826,,717,486,489,711,423,3447
6277,717,1206,1694,2406,2828,,717,489,488,712,422,3449
6275,705,1214,1701,2411,2827,,705,509,487,710,416,3448
6198,716,1205,1672,2356,2778,,716,489,467,684,422,3420
6189,717,1205,1691,2373,2747,,717,488,486,682,374,3442
6095,704,1177,1649,2326,2723,,704,473,472,677,397,3372
5891,718,1148,1564,2198,2530,,718,430,416,634,332,3361
5870,705,1133,1547,2174,2498,,705,428,414,627,324,3372
5848,664,1098,1514,2155,2485,,664,434,416,641,330,3363
5894,664,1122,1544,2174,2507,,664,458,422,630,333,3387
5869,705,1135,1550,2177,2509,,705,430,415,627,332,3360
5842,677,1105,1518,2149,2481,,677,428,413,631,332,3361
6071,666,1079,1551,2240,2654,,666,413,472,689,414,3417
6275,718,1204,1692,2404,2827,,718,486,488,712,423,3448
6188,717,1205,1693,2386,2764,,717,488,488,693,378,3424
6095,705,1202,1674,2328,2724,,705,497,472,654,396,3371
5875,706,1136,1551,2174,2509,,706,430,415,623,335,3366
5904,705,1132,1547,2175,2508,,705,427,415,628,333,3396
5847,664,1078,1487,2124,2468,,664,414,409,637,344,3379
5877,703,1132,1551,2182,2516,,703,429,419,631,334,3361
5896,703,1157,1571,2201,2533,,703,454,414,630,332,3363
5868,705,1134,1548,2176,2509,,705,429,414,628,333,3359
6197,703,1132,1609,2348,2764,,703,429,477,739,416,3433
6302,720,1206,1692,2407,2856,,720,486,486,715,449,3446
6213,715,1229,1717,2408,2787,,715,514,488,691,379,3426
6094,717,1191,1662,2324,2721,,717,474,471,662,397,3373
5874,706,1136,1550,2176,2509,,706,430,414,626,333,3365
5867,703,1133,1547,2174,2509,,703,430,414,627,335,3358
5917,665,1099,1513,2149,2500,,665,434,414,636,351,3417
6212,718,1205,1635,2365,2787,,718,487,430,730,422,3425
6276,718,1205,1692,2404,2827,,718,487,487,712,423,3449
6277,716,1205,1694,2406,2828,,716,489,489,712,422,3449
6306,716,1205,1692,2405,2829,,716,489,487,713,424,3477
6186,717,1205,1672,2354,2781,,717,488,467,682,427,3405
6099,705,1175,1605,2327,2724,,705,470,430,722,397,3375
5868,706,1135,1550,2177,2510,,706,429,415,627,333,3358
5875,705,1134,1549,2176,2509,,705,429,415,627,333,3366
5870,705,1132,1547,2176,2508,,705,427,415,629,332,3362
5786,653,1069,1490,2117,2435,,653,416,421,627,318,3351
5879,665,1134,1548,2188,2519,,665,469,414,640,331,3360
5824,664,1099,1506,2126,2459,,664,435,407,620,333,3365
5873,665,1099,1514,2149,2497,,665,434,415,635,348,3376
5996,665,1099,1515,2197,2566,,665,434,416,682,369,3430
6298,716,1204,1691,2433,2855,,716,488,487,742,422,3443
6250,716,1203,1691,2404,2805,,716,487,488,713,401,3445
6275,716,1205,1694,2405,2827,,716,489,489,711,422,3448
6239,716,1204,1693,2405,2796,,716,488,489,712,391,3443
6096,705,1178,1651,2327,2723,,705,473,473,676,396,3373
5903,704,1159,1572,2200,2537,,704,455,413,628,337,3366
5907,706,1161,1575,2216,2546,,706,455,414,641,330,3361
6210,689,1164,1646,2363,2787,,689,475,482,717,424,3423
6280,715,1230,1717,2429,2853,,715,515,487,712,424,3427
6253,685,1181,1670,2381,2804,,685,496,489,711,423,3449
6224,718,1204,1720,2409,2802,,718,486,516,689,393,3422
6352,747,1257,1805,2517,2908,,747,510,548,712,391,3444
6275,719,1203,1692,2404,2827,,719,484,489,712,423,3448
6237,716,1204,1692,2404,2795,,716,488,488,712,391,3442
6096,705,1176,1606,2326,2724,,705,471,430,720,398,3372
5897,704,1133,1547,2176,2508,,704,429,414,629,332,3389
5891,646,1053,1465,2111,2481,,646,407,412,646,370,3410
6256,715,1205,1693,2406,2828,,715,490,488,713,422,3428
6276,715,1206,1694,2406,2828,,715,491,488,712,422,3448
6274,719,1205,1692,2404,2827,,719,486,487,712,423,3447
6184,716,1204,1673,2355,2779,,716,488,469,682,424,3405
6106,704,1177,1608,2326,2724,,704,473,431,718,398,3382
5869,704,1136,1549,2175,2510,,704,432,413,626,335,3359
5909,705,1134,1549,2183,2517,,705,429,415,634,334,3392
5891,715,1147,1562,2197,2531,,715,432,415,635,334,3360
5852,664,1099,1513,2150,2483,,664,435,414,637,333,3369
5963,665,1101,1514,2176,2554,,665,436,413,662,378,3409
6249,727,1211,1698,2407,2823,,727,484,487,709,416,3426
6278,716,1205,1694,2406,2829,,716,489,489,712,423,3449
6226,717,1185,1642,2380,2803,,717,468,457,738,423,3423
6199,717,1208,1693,2386,2779,,717,491,485,693,393,3420
6276,716,1205,1697,2405,2808,,716,489,492,708,403,3468
6308,715,1205,1692,2405,2827,,715,490,487,713,422,3481
6276,716,1204,1717,2430,2832,,716,488,513,713,402,3444
6276,716,1205,1693,2405,2827,,716,489,488,712,422,3449
6227,717,1235,1718,2430,2776,,717,518,483,712,346,3451
6301,716,1204,1692,2381,2831,,716,488,488,689,450,3470
6299,716,1204,1691,2434,2851,,716,488,487,743,417,3448
6274,716,1203,1691,2403,2826,,716,487,488,712,423,3448
6249,716,1149,1643,2381,2802,,716,433,494,738,421,3447
6185,717,1205,1673,2357,2778,,717,488,468,684,421,3407
6106,705,1178,1608,2326,2723,,705,473,430,718,397,3383
5876,704,1134,1549,2185,2518,,704,430,415,636,333,3358
5900,705,1153,1566,2200,2534,,705,448,413,634,334,3366
6016,792,1221,1636,2300,2633,,792,429,415,664,333,3383
6196,705,1160,1595,2366,2783,,705,455,435,771,417,3413
6277,717,1205,1694,2407,2829,,717,488,489,713,422,3448
6275,714,1204,1692,2405,2827,,714,490,488,713,422,3448
6275,715,1205,1693,2406,2828,,715,490,488,713,422,3447
6232,715,1200,1692,2348,2787,,715,485,492,656,439,3445
6275,716,1205,1692,2405,2829,,716,489,487,713,424,3446
6252,718,1205,1693,2405,2808,,718,487,488,712,403,3444
6277,717,1205,1696,2405,2828,,717,488,491,709,423,3449
6250,715,1204,1692,2405,2807,,715,489,488,713,402,3443
6276,716,1205,1692,2406,2829,,716,489,487,714,423,3447
6201,715,1205,1694,2406,2751,,715,490,489,712,345,3450
6220,716,1206,1693,2405,2829,,716,490,487,712,424,3391
6275,717,1205,1692,2405,2829,,717,488,487,713,424,3446
6301,716,1205,1693,2407,2831,,716,489,488,714,424,3470
6247,727,1206,1699,2409,2824,,727,479,493,710,415,3423
6190,717,1206,1674,2357,2775,,717,489,468,683,418,3415
6128,705,1175,1645,2370,2748,,705,470,470,725,378,3380
6096,704,1177,1649,2327,2724,,704,473,472,678,397,3372
6098,704,1176,1648,2326,2723,,704,472,472,678,397,3375
6170,792,1288,1792,2447,2799,,792,496,504,655,352,3371
6150,701,1199,1672,2353,2771,,701,498,473,681,418,3379
6194,701,1197,1669,2353,2772,,701,496,472,684,419,3422
6272,727,1211,1698,2408,2823,,727,484,487,710,415,3449
6306,716,1206,1694,2404,2829,,716,490,488,710,425,3477
6202,716,1204,1692,2380,2760,,716,488,488,688,380,3442
6237,716,1206,1694,2356,2790,,716,490,488,662,434,3447
6276,717,1205,1692,2405,2827,,717,488,487,713,422,3449
6275,716,1205,1693,2405,2827,,716,489,488,712,422,3448
6269,693,1178,1648,2403,2825,,693,485,470,755,422,3444
6095,795,1250,1751,2390,2722,,795,455,501,639,332,3373
6127,704,1176,1603,2329,2754,,704,472,427,726,425,3373
5899,679,1134,1569,2204,2533,,679,455,435,635,329,3366
5872,707,1136,1551,2179,2511,,707,429,415,628,332,3361
5868,703,1132,1547,2175,2509,,703,429,415,628,334,3359
6234,705,1179,1673,2388,2789,,705,474,494,715,401,3445
6275,716,1204,1692,2404,2826,,716,488,488,712,422,3449
6275,715,1205,1693,2404,2828,,715,490,488,711,424,3447
6277,717,1205,1692,2405,2828,,717,488,487,713,423,3449
6282,716,1226,1714,2423,2836,,716,510,488,709,413,3446
6276,716,1204,1692,2405,2828,,716,488,488,713,423,3448
6223,716,1204,1692,2405,2806,,716,488,488,713,401,3417
6126,712,1194,1666,2326,2749,,712,482,472,660,423,3377
5863,705,1111,1523,2159,2509,,705,406,412,636,350,3354
6121,699,1170,1644,2358,2751,,699,471,474,714,393,3370
6110,717,1149,1600,2316,2688,,717,432,451,716,372,3422
6251,717,1205,1694,2406,2812,,717,488,489,712,406,3439
6273,728,1210,1700,2410,2825,,728,482,490,710,415,3448
6279,716,1205,1693,2404,2829,,716,489,488,711,425,3450
6336,719,1193,1685,2468,2891,,719,474,492,783,423,3445
6277,716,1205,1693,2404,2828,,716,489,488,711,424,3449
6171,718,1205,1696,2328,2802,,718,487,491,632,474,3369
6149,652,1145,1616,2371,2751,,652,493,471,755,380,3398
6088,703,1197,1626,2311,2637,,703,494,429,685,326,3451
6212,705,1177,1649,2368,2788,,705,472,472,719,420,3424
6199,704,1133,1615,2329,2739,,704,429,482,714,410,3460
6276,716,1205,1694,2406,2828,,716,489,489,712,422,3448
6326,715,1204,1690,2403,2856,,715,489,486,713,453,3470
6275,715,1204,1693,2405,2827,,715,489,489,712,422,3448
6274,716,1204,1693,2406,2827,,716,488,489,713,421,3447
6323,716,1203,1691,2403,2860,,716,487,488,712,457,3463
6275,716,1205,1692,2405,2827,,716,489,487,713,422,3448
6276,716,1205,1692,2405,2827,,716,489,487,713,422,3449
6276,717,1205,1695,2406,2830,,717,488,490,711,424,3446
6275,720,1204,1692,2404,2827,,720,484,488,712,423,3448
6275,717,1205,1693,2404,2827,,717,488,488,711,423,3448
6184,716,1202,1670,2355,2777,,716,486,468,685,422,3407
6096,704,1200,1629,2327,2724,,704,496,429,698,397,3372
5872,705,1136,1548,2178,2511,,705,431,412,630,333,3361
6066,665,1101,1545,2219,2613,,665,436,444,674,394,3453
6299,717,1229,1716,2427,2850,,717,512,487,711,423,3449
6278,718,1208,1694,2407,2828,,718,490,486,713,421,3450
6277,718,1207,1696,2408,2829,,718,489,489,712,421,3448
6307,747,1233,1719,2433,2854,,747,486,486,714,421,3453
6285,716,1200,1689,2413,2837,,716,484,489,724,424,3448
6278,716,1206,1693,2406,2829,,716,490,487,713,423,3449
6277,717,1206,1693,2406,2830,,717,489,487,713,424,3447
6282,717,1213,1701,2414,2835,,717,496,488,713,421,3447
6276,717,1204,1693,2405,2828,,717,487,489,712,423,3448
6230,660,1155,1645,2382,2804,,660,495,490,737,422,3426
6200,716,1206,1693,2385,2778,,716,490,487,692,393,3422
6276,717,1207,1695,2408,2829,,717,490,488,713,421,3447
6252,717,1150,1644,2382,2803,,717,433,494,738,421,3449
6277,718,1206,1697,2409,2828,,718,488,491,712,419,3449
6278,717,1207,1695,2406,2829,,717,490,488,711,423,3449
6253,716,1206,1694,2407,2829,,716,490,488,713,422,3424
6276,717,1206,1694,2406,2829,,717,489,488,712,423,3447
6283,716,1226,1714,2424,2837,,716,510,488,710,413,3446
6278,716,1207,1696,2406,2829,,716,491,489,710,423,3449
6277,717,1207,1694,2406,2828,,717,490,487,712,422,3449
6300,806,1292,1806,2496,2879,,806,486,514,690,383,3421
6276,717,1207,1695,2407,2830,,717,490,488,712,423,3446
6278,716,1209,1696,2407,2830,,716,493,487,711,423,3448
6277,717,1207,1693,2405,2829,,717,490,486,712,424,3448
6278,715,1205,1694,2412,2829,,715,490,489,718,417,3449
6198,716,1207,1662,2382,2783,,716,491,455,720,401,3415
6302,721,1233,1719,2431,2853,,721,512,486,712,422,3449
6286,717,1215,1704,2441,2863,,717,498,489,737,422,3423
6276,717,1205,1694,2406,2830,,717,488,489,712,424,3446
6252,716,1178,1668,2387,2806,,716,462,490,719,419,3446
6186,718,1208,1673,2357,2779,,718,490,465,684,422,3407
6250,704,1176,1624,2382,2803,,704,472,448,758,421,3447
6291,720,1203,1690,2400,2848,,720,483,487,710,448,3443
6275,716,1206,1693,2407,2829,,716,490,487,714,422,3446
6279,717,1206,1693,2406,2860,,717,489,487,713,454,3419
6276,716,1206,1694,2408,2828,,716,490,488,714,420,3448
6276,717,1205,1692,2404,2827,,717,488,487,712,423,3449
6269,728,1212,1700,2410,2826,,728,484,488,710,416,3443
6276,716,1207,1693,2406,2828,,716,491,486,713,422,3448
6274,715,1202,1690,2405,2824,,715,487,488,715,419,3450
6298,727,1235,1724,2433,2850,,727,508,489,709,417,3448
6270,727,1211,1699,2410,2823,,727,484,488,711,413,3447
6279,715,1206,1694,2406,2827,,715,491,488,712,421,3452
6275,715,1204,1692,2406,2827,,715,489,488,714,421,3448
6277,717,1206,1693,2406,2828,,717,489,487,713,422,3449
6276,716,1207,1697,2405,2830,,716,491,490,708,425,3446
6251,716,1204,1692,2372,2802,,716,488,488,680,430,3449
6250,716,1204,1692,2404,2827,,716,488,488,712,423,3423
6202,717,1208,1675,2359,2780,,717,491,467,684,421,3422
6253,716,1205,1669,2382,2800,,716,489,464,713,418,3453
6279,717,1207,1694,2407,2829,,717,490,487,713,422,3450
6275,718,1204,1693,2405,2828,,718,486,489,712,423,3447
6277,717,1207,1697,2407,2830,,717,490,490,710,423,3447
6277,716,1206,1694,2406,2829,,716,490,488,712,423,3448
6276,716,1206,1694,2408,2828,,716,490,488,714,420,3448
6253,715,1205,1694,2376,2830,,715,490,489,682,454,3423
6191,717,1206,1673,2357,2775,,717,489,467,684,418,3416
6121,705,1176,1648,2370,2747,,705,471,472,722,377,3374
6239,705,1176,1648,2368,2787,,705,471,472,720,419,3452
6250,704,1176,1604,2378,2804,,704,472,428,774,426,3446
6276,716,1205,1693,2405,2827,,716,489,488,712,422,3449
6235,716,1206,1694,2406,2775,,716,490,488,712,369,3460
6277,717,1206,1682,2392,2828,,717,489,476,710,436,3449
6274,716,1204,1691,2404,2827,,716,488,487,713,423,3447
6301,716,1206,1718,2431,2854,,716,490,512,713,423,3447
6276,718,1206,1694,2406,2828,,718,488,488,712,422,3448
6200,716,1205,1693,2384,2778,,716,489,488,691,394,3422
6302,709,1193,1688,2406,2829,,709,484,495,718,423,3473
6279,719,1207,1694,2407,2830,,719,488,487,713,423,3449
6302,716,1230,1718,2430,2852,,716,514,488,712,422,3450
6302,747,1232,1723,2431,2854,,747,485,491,708,423,3448
6277,715,1206,1693,2406,2830,,715,491,487,713,424,3447
6276,718,1206,1693,2405,2830,,718,488,487,712,425,3446
6323,729,1239,1727,2439,2873,,729,510,488,712,434,3450
6279,716,1205,1693,2408,2830,,716,489,488,715,422,3449
6294,719,1203,1692,2419,2841,,719,484,489,727,422,3453
6189,716,1207,1675,2357,2780,,716,491,468,682,423,3409
6301,708,1193,1683,2421,2829,,708,485,490,738,408,3472
6276,716,1205,1694,2405,2829,,716,489,489,711,424,3447
6276,717,1205,1693,2405,2828,,717,488,488,712,423,3448
6277,715,1206,1694,2405,2828,,715,491,488,711,423,3449
6225,716,1205,1692,2385,2779,,716,489,487,693,394,3446
6377,809,1295,1807,2518,2930,,809,486,512,711,412,3447
6275,716,1206,1694,2406,2828,,716,490,488,712,422,3447
6191,716,1205,1674,2356,2776,,716,489,469,682,420,3415
6125,705,1177,1649,2325,2751,,705,472,472,676,426,3374
5877,703,1131,1545,2177,2510,,703,428,414,632,333,3367
6154,702,1180,1662,2401,2777,,702,478,482,739,376,3377
6214,706,1180,1652,2370,2789,,706,474,472,718,419,3425
6227,705,1203,1652,2347,2774,,705,498,449,695,427,3453
6251,721,1184,1645,2380,2802,,721,463,461,735,422,3449
6277,716,1204,1693,2405,2828,,716,488,489,712,423,3449
6277,717,1207,1694,2407,2828,,717,490,487,713,421,3449
6306,718,1205,1693,2406,2829,,718,487,488,713,423,3477
6276,717,1205,1693,2406,2828,,717,488,488,713,422,3448
6276,716,1204,1693,2405,2827,,716,488,489,712,422,3449
6256,716,1206,1695,2407,2829,,716,490,489,712,422,3427
6048,717,1129,1607,2294,2672,,717,412,478,687,378,3376
6242,706,1177,1650,2371,2790,,706,471,473,721,419,3452
6005,705,1175,1643,2289,2655,,705,470,468,646,366,3350
6124,705,1178,1650,2370,2750,,705,473,472,720,380,3374
6102,705,1177,1648,2327,2724,,705,472,471,679,397,3378
6152,664,1087,1570,2281,2693,,664,423,483,711,412,3459
6275,716,1204,1694,2403,2826,,716,488,490,709,423,3449
6277,715,1206,1695,2406,2828,,715,491,489,711,422,3449
6252,716,1206,1694,2407,2814,,716,490,488,713,407,3438
6280,715,1208,1695,2405,2830,,715,493,487,710,425,3450
6183,647,1140,1624,2381,2782,,647,493,484,757,401,3401
6278,716,1206,1695,2407,2830,,716,490,489,712,423,3448
6277,716,1207,1697,2406,2820,,716,491,490,709,414,3457
6278,716,1206,1693,2406,2829,,716,490,487,713,423,3449
6277,718,1206,1694,2406,2830,,718,488,488,712,424,3447
6237,716,1149,1621,2370,2792,,716,433,472,749,422,3445
6122,705,1177,1649,2326,2745,,705,472,472,677,419,3377
6097,706,1179,1651,2328,2726,,706,473,472,677,398,3371
5947,701,1172,1602,2225,2558,,701,471,430,623,333,3389
5953,703,1174,1602,2253,2586,,703,471,428,651,333,3367
5976,699,1176,1619,2281,2619,,699,477,443,662,338,3357
6170,705,1177,1648,2370,2789,,705,472,471,722,419,3381
6126,704,1201,1669,2289,2657,,704,497,468,620,368,3469
6274,716,1204,1691,2405,2827,,716,488,487,714,422,3447
6277,716,1206,1693,2406,2828,,716,490,487,713,422,3449
6252,716,1185,1669,2351,2804,,716,469,484,682,453,3448
6276,715,1206,1693,2406,2828,,715,491,487,713,422,3448
6276,715,1205,1693,2405,2828,,715,490,488,712,423,3448
6250,716,1206,1642,2381,2807,,716,490,436,739,426,3443
6277,716,1206,1694,2406,2830,,716,490,488,712,424,3447
6278,705,1188,1637,2383,2805,,705,483,449,746,422,3473
6282,718,1211,1698,2412,2834,,718,493,487,714,422,3448
6276,716,1206,1693,2406,2828,,716,490,487,713,422,3448
6275,717,1205,1693,2403,2827,,717,488,488,710,424,3448
6202,716,1205,1693,2405,2750,,716,489,488,712,345,3452
6229,703,1157,1641,2384,2805,,703,454,484,743,421,3424
6277,715,1209,1695,2407,2830,,715,494,486,712,423,3447
6275,716,1207,1694,2407,2829,,716,491,487,713,422,3446
6277,717,1206,1693,2407,2829,,717,489,487,714,422,3448
6252,716,1206,1695,2350,2806,,716,490,489,655,456,3446
6252,716,1206,1617,2381,2804,,716,490,411,764,423,3448
6280,715,1205,1694,2407,2829,,715,490,489,713,422,3451
6276,716,1207,1694,2406,2830,,716,491,487,712,424,3446
6283,715,1178,1637,2412,2835,,715,463,459,775,423,3448
6277,717,1206,1698,2408,2830,,717,489,492,710,422,3447
6255,718,1206,1679,2321,2794,,718,488,473,642,473,3461
6123,704,1174,1647,2328,2747,,704,470,473,681,419,3376
6127,701,1199,1670,2350,2747,,701,498,471,680,397,3380
6123,657,1167,1639,2350,2749,,657,510,472,711,399,3374
6057,707,1206,1636,2292,2634,,707,499,430,656,342,3423
6302,711,1206,1680,2405,2828,,711,495,474,725,423,3474
6276,716,1206,1693,2406,2828,,716,490,487,713,422,3448
6276,716,1206,1694,2407,2829,,716,490,488,713,422,3447
6285,715,1199,1687,2412,2835,,715,484,488,725,423,3450
6249,716,1205,1692,2404,2798,,716,489,487,712,394,3451
6253,717,1206,1640,2371,2793,,717,489,434,731,422,3460
6276,716,1206,1693,2405,2827,,716,490,487,712,422,3449
6278,717,1207,1695,2406,2830,,717,490,488,711,424,3448
6165,668,1145,1615,2370,2726,,668,477,470,755,356,3439
6271,726,1210,1699,2409,2825,,726,484,489,710,416,3446
6301,716,1183,1642,2392,2826,,716,467,459,750,434,3475
6306,716,1206,1693,2406,2829,,716,490,487,713,423,3477
6276,716,1205,1693,2405,2829,,716,489,488,712,424,3447
6311,715,1215,1702,2440,2863,,715,500,487,738,423,3448
6253,718,1206,1694,2388,2804,,718,488,488,694,416,3449
6240,717,1187,1630,2371,2794,,717,470,443,741,423,3446
6122,705,1178,1651,2328,2744,,705,473,473,677,416,3378
6097,705,1202,1673,2330,2727,,705,497,471,657,397,3370
5924,700,1171,1600,2227,2559,,700,471,429,627,332,3365
6128,650,1169,1639,2350,2749,,650,519,470,711,399,3379
6057,699,1175,1644,2312,2709,,699,476,469,668,397,3348
6215,705,1176,1648,2372,2790,,705,471,472,724,418,3425
5950,704,1175,1644,2290,2609,,704,471,469,646,319,3341
6122,704,1176,1672,2327,2744,,704,472,496,655,417,3378
6105,703,1175,1647,2329,2725,,703,472,472,682,396,3380
6123,705,1177,1651,2329,2755,,705,472,474,678,426,3368
6098,705,1178,1650,2328,2726,,705,473,472,678,398,3372
6120,702,1174,1646,2350,2747,,702,472,472,704,397,3373
5950,703,1175,1605,2252,2584,,703,472,430,647,332,3366
6129,651,1168,1641,2350,2752,,651,517,473,709,402,3377
6144,700,1174,1646,2399,2774,,700,474,472,753,375,3370
6171,705,1180,1651,2375,2790,,705,475,471,724,415,3381
6147,705,1203,1676,2374,2749,,705,498,473,698,375,3398
6098,704,1174,1647,2328,2726,,704,470,473,681,398,3372
5954,704,1175,1606,2227,2561,,704,471,431,621,334,3393
5929,703,1174,1605,2228,2564,,703,471,431,623,336,3365
6164,703,1173,1603,2311,2725,,703,470,430,708,414,3439
5922,706,1178,1647,2290,2584,,706,472,469,643,294,3338
6215,703,1152,1622,2332,2770,,703,449,470,710,438,3445
6303,732,1241,1729,2438,2854,,732,509,488,709,416,3449
6279,716,1206,1694,2406,2810,,716,490,488,712,404,3469
6250,716,1205,1693,2407,2806,,716,489,488,714,399,3444
6275,716,1206,1694,2405,2828,,716,490,488,711,423,3447
6228,634,1157,1645,2381,2784,,634,523,488,736,403,3444
6276,716,1207,1694,2405,2828,,716,491,487,711,423,3448
6232,718,1207,1673,2358,2744,,718,489,466,685,386,3488
6278,717,1207,1695,2407,2831,,717,490,488,712,424,3447
6277,717,1207,1695,2406,2830,,717,490,488,711,424,3447
6199,703,1166,1639,2370,2793,,703,463,473,731,423,3406
6241,656,1157,1645,2342,2789,,656,501,488,697,447,3452
6229,718,1206,1696,2407,2791,,718,488,490,711,384,3438
6305,740,1234,1722,2434,2856,,740,494,488,712,422,3449
6275,717,1207,1695,2408,2830,,717,490,488,713,422,3445
6332,710,1194,1711,2432,2855,,710,484,517,721,423,3477
6227,717,1207,1694,2386,2782,,717,490,487,692,396,3445
6251,716,1207,1694,2386,2807,,716,491,487,692,421,3444
6277,715,1206,1695,2407,2828,,715,491,489,712,421,3449
6277,717,1207,1694,2408,2830,,717,490,487,714,422,3447
6199,702,1158,1636,2371,2793,,702,456,478,735,422,3406
6104,704,1174,1604,2312,2727,,704,470,430,708,415,3377
6242,700,1173,1645,2399,2817,,700,473,472,754,418,3425
6215,705,1178,1648,2372,2790,,705,473,470,724,418,3425
6172,704,1176,1647,2371,2789,,704,472,471,724,418,3383
6049,705,1129,1600,2295,2672,,705,424,471,695,377,3377
6104,705,1178,1650,2328,2727,,705,473,472,678,399,3377
6210,704,1175,1647,2350,2772,,704,471,472,703,422,3438
6277,717,1207,1695,2407,2829,,717,490,488,712,422,3448
6278,717,1206,1694,2407,2828,,717,489,488,713,421,3450
6190,716,1152,1632,2371,2751,,716,436,480,739,380,3439
6103,703,1163,1639,2329,2727,,703,460,476,690,398,3376
5944,701,1174,1643,2312,2607,,701,473,469,669,295,3337
6241,705,1177,1649,2371,2791,,705,472,472,722,420,3450
5948,704,1176,1646,2288,2608,,704,472,470,642,320,3340
6181,665,1102,1596,2308,2719,,665,437,494,712,411,3462
6277,718,1207,1694,2406,2829,,718,489,487,712,423,3448
6215,716,1207,1695,2406,2773,,716,491,488,711,367,3442
6126,705,1176,1647,2371,2750,,705,471,471,724,379,3376
6097,707,1179,1650,2330,2726,,707,472,471,680,396,3371
6149,705,1180,1609,2317,2732,,705,475,429,708,415,3417
6203,716,1149,1620,2370,2794,,716,433,471,750,424,3409
5944,703,1175,1644,2312,2608,,703,472,469,668,296,3336
6275,731,1215,1703,2414,2827,,731,484,488,711,413,3448
6339,808,1295,1807,2521,2930,,808,487,512,714,409,3409
6251,665,1119,1598,2380,2803,,665,454,479,782,423,3448
6252,717,1207,1695,2408,2809,,717,490,488,713,401,3443
6189,717,1184,1637,2356,2742,,717,467,453,719,386,3447
6126,704,1175,1647,2327,2747,,704,471,472,680,420,3379
6098,705,1178,1650,2328,2726,,705,473,472,678,398,3372
5921,702,1173,1603,2226,2558,,702,471,430,623,332,3363
6181,701,1173,1628,2335,2741,,701,472,455,707,406,3440
6204,708,1195,1640,2361,2784,,708,487,445,721,423,3420
6272,718,1204,1691,2418,2841,,718,486,487,727,423,3431
6148,716,1208,1676,2343,2762,,716,492,468,667,419,3386
6254,667,1183,1674,2407,2810,,667,516,491,733,403,3444
6256,717,1207,1695,2409,2830,,717,490,488,714,421,3426
6242,717,1207,1696,2407,2796,,717,490,489,711,389,3446
6173,705,1177,1649,2371,2790,,705,472,472,722,419,3383
6108,704,1200,1673,2329,2726,,704,496,473,656,397,3382
6128,706,1177,1614,2334,2753,,706,471,437,720,419,3375
6124,704,1200,1608,2329,2756,,704,496,408,721,427,3368
5948,704,1176,1647,2301,2607,,704,472,471,654,306,3341
6218,704,1176,1646,2372,2792,,704,472,470,726,420,3426
6241,703,1174,1645,2332,2791,,703,471,471,687,459,3450
6178,704,1151,1599,2309,2719,,704,447,448,710,410,3459
6252,715,1206,1693,2407,2818,,715,491,487,714,411,3434
6240,716,1206,1694,2406,2797,,716,490,488,712,391,3443
6126,705,1178,1649,2371,2749,,705,473,471,722,378,3377
6099,706,1177,1608,2314,2728,,706,471,431,706,414,3371
6089,703,1173,1646,2309,2635,,703,470,473,663,326,3454
6250,705,1176,1607,2368,2802,,705,471,431,761,434,3448
6200,716,1206,1691,2406,2750,,716,490,485,715,344,3450
6313,717,1217,1704,2441,2864,,717,500,487,737,423,3449
6260,717,1207,1696,2407,2830,,717,490,489,711,423,3430
6153,705,1161,1597,2358,2793,,705,456,436,761,435,3360
6205,705,1177,1607,2348,2749,,705,472,430,741,401,3456
6254,716,1207,1694,2385,2803,,716,491,487,691,418,3451
6302,717,1206,1717,2431,2852,,717,489,511,714,421,3450
6278,716,1206,1694,2408,2830,,716,490,488,714,422,3448
6238,718,1206,1641,2370,2793,,718,488,435,729,423,3445
6191,705,1176,1649,2332,2748,,705,471,473,683,416,3443
6200,716,1205,1694,2407,2751,,716,489,489,713,344,3449
6291,705,1197,1668,2421,2841,,705,492,471,753,420,3450
5924,704,1175,1648,2300,2594,,704,471,473,652,294,3330
6328,705,1176,1624,2449,2882,,705,471,448,825,433,3446
6276,716,1206,1694,2409,2828,,716,490,488,715,419,3448
6290,719,1205,1691,2419,2842,,719,486,486,728,423,3448
6303,716,1207,1695,2407,2830,,716,491,488,712,423,3473
6277,716,1207,1695,2408,2829,,716,491,488,713,421,3448
6213,715,1205,1640,2370,2792,,715,490,435,730,422,3421
6216,704,1175,1647,2332,2769,,704,471,472,685,437,3447
6201,715,1205,1693,2405,2752,,715,490,488,712,347,3449
6265,719,1204,1691,2401,2816,,719,485,487,710,415,3449
6275,716,1206,1694,2406,2829,,716,490,488,712,423,3446
6228,717,1209,1697,2409,2811,,717,492,488,712,402,3417
6277,715,1209,1695,2408,2832,,715,494,486,713,424,3445
6240,716,1208,1632,2370,2795,,716,492,424,738,425,3445
6129,703,1173,1643,2372,2751,,703,470,470,729,379,3378
6100,705,1176,1647,2330,2728,,705,471,471,683,398,3372
6101,706,1202,1675,2331,2727,,706,496,473,656,396,3374
6056,707,1178,1607,2309,2645,,707,471,429,702,336,3411
6266,700,1172,1643,2395,2815,,700,472,471,752,420,3451
6216,703,1199,1670,2368,2791,,703,496,471,698,423,3425
5922,705,1177,1648,2300,2594,,705,472,471,652,294,3328
6144,704,1200,1630,2372,2738,,704,496,430,742,366,3406
6279,717,1208,1696,2409,2831,,717,491,488,713,422,3448
6252,716,1206,1693,2408,2808,,716,490,487,715,400,3444
6278,716,1206,1693,2406,2830,,716,490,487,713,424,3448
6276,718,1208,1696,2407,2830,,718,490,488,711,423,3446
6253,716,1188,1647,2383,2804,,716,472,459,736,421,3449
6253,716,1205,1674,2357,2805,,716,489,469,683,448,3448
6306,716,1206,1695,2406,2829,,716,490,489,711,423,3477
6281,717,1207,1695,2407,2830,,717,490,488,712,423,3451
6275,716,1204,1693,2405,2826,,716,488,489,712,421,3449
6189,717,1207,1695,2387,2764,,717,490,488,692,377,3425
5952,704,1176,1648,2299,2593,,704,472,472,651,294,3359
6217,705,1175,1647,2374,2773,,705,470,472,727,399,3444
6278,716,1207,1694,2407,2829,,716,491,487,713,422,3449
6278,717,1207,1695,2407,2831,,717,490,488,712,424,3447
6254,718,1207,1674,2381,2804,,718,489,467,707,423,3450
6231,717,1206,1694,2384,2780,,717,489,488,690,396,3451
6308,716,1208,1695,2408,2829,,716,492,487,713,421,3479
6236,665,1160,1644,2382,2804,,665,495,484,738,422,3432
6280,718,1209,1697,2408,2831,,718,491,488,711,423,3449
6215,716,1208,1695,2386,2765,,716,492,487,691,379,3450
6153,705,1202,1635,2373,2750,,705,497,433,738,377,3403
6202,646,1157,1645,2382,2784,,646,511,488,737,402,3418
6286,716,1200,1688,2393,2838,,716,484,488,705,445,3448
6279,718,1208,1695,2409,2830,,718,490,487,714,421,3449
6254,715,1206,1675,2357,2805,,715,491,469,682,448,3449
6288,715,1204,1692,2390,2843,,715,489,488,698,453,3445
6240,704,1175,1647,2372,2793,,704,471,472,725,421,3447
6216,663,1148,1620,2371,2792,,663,485,472,751,421,3424
5948,706,1177,1649,2298,2591,,706,471,472,649,293,3357
6130,706,1179,1648,2369,2748,,706,473,469,721,379,3382
6131,703,1200,1670,2329,2748,,703,497,470,659,419,3383
6129,665,1146,1618,2369,2751,,665,481,472,751,382,3378
6100,705,1177,1650,2329,2728,,705,472,473,679,399,3372
6096,706,1179,1650,2329,2728,,706,473,471,679,399,3368
5973,706,1139,1575,2241,2598,,706,433,436,666,357,3375
6190,716,1206,1694,2385,2744,,716,490,488,691,359,3446
6214,705,1176,1649,2371,2790,,705,471,473,722,419,3424
6141,665,1098,1568,2271,2689,,665,433,470,703,418,3452
5947,704,1176,1645,2299,2607,,704,472,469,654,308,3340
6130,704,1177,1608,2327,2750,,704,473,431,719,423,3380
6055,704,1175,1647,2322,2671,,704,471,472,675,349,3384
6129,663,1146,1617,2371,2750,,663,483,471,754,379,3379
6183,706,1178,1648,2354,2747,,706,472,470,706,393,3436
6125,701,1173,1645,2356,2753,,701,472,472,711,397,3372
6102,704,1176,1647,2329,2729,,704,472,471,682,400,3373
6143,677,1151,1600,2294,2698,,677,474,449,694,404,3445
6239,705,1203,1674,2372,2792,,705,498,471,698,420,3447
6180,687,1090,1583,2284,2719,,687,403,493,701,435,3461
6279,715,1207,1694,2409,2830,,715,492,487,715,421,3449
6353,806,1294,1807,2519,2908,,806,488,513,712,389,3445
6278,718,1208,1696,2408,2831,,718,490,488,712,423,3447
6254,716,1182,1669,2381,2804,,716,466,487,712,423,3450
6284,717,1201,1690,2414,2836,,717,484,489,724,422,3448
6241,717,1208,1695,2408,2830,,717,491,487,713,422,3411
6281,715,1208,1674,2360,2805,,715,493,466,686,445,3476
6253,717,1206,1693,2386,2802,,717,489,487,693,416,3451
6277,716,1208,1695,2408,2830,,716,492,487,713,422,3447
6139,689,1125,1597,2297,2718,,689,436,472,700,421,3421
5922,705,1176,1647,2299,2593,,705,471,471,652,294,3329
6131,704,1177,1651,2372,2751,,704,473,474,721,379,3380
6163,705,1175,1647,2330,2732,,705,470,472,683,402,3431
6254,716,1168,1651,2384,2806,,716,452,483,733,422,3448
6286,716,1202,1689,2415,2838,,716,486,487,726,423,3448
6279,717,1209,1696,2408,2831,,717,492,487,712,423,3448
6252,716,1207,1674,2382,2815,,716,491,467,708,433,3437
6287,716,1199,1687,2399,2840,,716,483,488,712,441,3447
6275,716,1207,1695,2407,2829,,716,491,488,712,422,3446
6254,700,1122,1608,2383,2806,,700,422,486,775,423,3448
6278,715,1208,1695,2407,2830,,715,493,487,712,423,3448
6280,711,1195,1683,2409,2830,,711,484,488,726,421,3450
6276,717,1205,1694,2406,2829,,717,488,489,712,423,3447
6279,716,1206,1695,2407,2830,,716,490,489,712,423,3449
6285,717,1202,1690,2414,2836,,717,485,488,724,422,3449
6254,716,1208,1695,2408,2810,,716,492,487,713,402,3444
6227,715,1206,1675,2383,2784,,715,491,469,708,401,3443
6249,714,1198,1685,2399,2804,,714,484,487,714,405,3445
6215,706,1178,1608,2372,2791,,706,472,430,764,419,3424
6117,646,1089,1534,2221,2616,,646,443,445,687,395,3501
6217,705,1178,1650,2372,2791,,705,473,472,722,419,3426
6131,706,1180,1654,2370,2750,,706,474,474,716,380,3381
6133,707,1204,1675,2332,2750,,707,497,471,657,418,3383
6193,708,1179,1591,2309,2721,,708,471,412,718,412,3472
6173,705,1193,1664,2382,2797,,705,488,471,718,415,3376
6099,704,1202,1674,2328,2727,,704,498,472,654,399,3372
6100,705,1176,1648,2329,2725,,705,471,472,681,396,3375
6108,704,1175,1605,2330,2727,,704,471,430,725,397,3381
6225,700,1197,1625,2397,2816,,700,497,428,772,419,3409
6016,645,1088,1492,2198,2590,,645,443,404,706,392,3426
6149,706,1178,1650,2372,2790,,706,472,472,722,418,3359
6105,705,1178,1607,2331,2730,,705,473,429,724,399,3375
6105,706,1178,1651,2329,2728,,706,472,473,678,399,3377
6159,701,1173,1601,2309,2720,,701,472,428,708,411,3439
6324,714,1233,1746,2453,2877,,714,519,513,707,424,3447
6281,716,1208,1694,2408,2831,,716,492,486,714,423,3450
6190,717,1207,1694,2375,2741,,717,490,487,681,366,3449
6252,706,1179,1651,2395,2793,,706,473,472,744,398,3459
6316,716,1208,1696,2408,2831,,716,492,488,712,423,3485
6253,740,1195,1601,2383,2805,,740,455,406,782,422,3448
6278,716,1207,1696,2407,2830,,716,491,489,711,423,3448
6290,720,1229,1716,2425,2842,,720,509,487,709,417,3448
6278,717,1206,1695,2407,2829,,717,489,489,712,422,3449
6278,716,1207,1696,2407,2829,,716,491,489,711,422,3449
6277,716,1210,1695,2407,2829,,716,494,485,712,422,3448
6228,718,1208,1696,2408,2810,,718,490,488,712,402,3418
6191,716,1207,1696,2374,2750,,716,491,489,678,376,3441
6135,704,1177,1648,2331,2748,,704,473,471,683,417,3387
6115,704,1175,1603,2284,2678,,704,471,428,681,394,3437
6016,662,1081,1491,2175,2579,,662,419,410,684,404,3437
5925,704,1177,1649,2300,2594,,704,473,472,651,294,3331
6131,705,1177,1648,2376,2753,,705,472,471,728,377,3378
6130,705,1178,1649,2330,2747,,705,473,471,681,417,3383
6128,704,1134,1613,2369,2752,,704,430,479,756,383,3376
6099,703,1175,1647,2329,2728,,703,472,472,682,399,3371
6096,705,1202,1673,2329,2727,,705,497,471,656,398,3369
6101,707,1179,1653,2329,2729,,707,472,474,676,400,3372
6106,704,1175,1647,2326,2724,,704,471,472,679,398,3382
6066,700,1170,1599,2230,2629,,700,470,429,631,399,3437
6029,664,1080,1491,2158,2568,,664,416,411,667,410,3461
6278,715,1207,1696,2410,2831,,715,492,489,714,421,3447
6274,716,1204,1693,2405,2828,,716,488,489,712,423,3446
6278,716,1206,1694,2406,2829,,716,490,488,712,423,3449
6277,716,1209,1695,2408,2830,,716,493,486,713,422,3447
6276,724,1210,1699,2410,2831,,724,486,489,711,421,3445
6253,667,1159,1646,2383,2806,,667,492,487,737,423,3447
6224,717,1208,1695,2387,2781,,717,491,487,692,394,3443
6281,716,1209,1697,2409,2831,,716,493,488,712,422,3450
6278,715,1208,1696,2407,2831,,715,493,488,711,424,3447
6278,715,1183,1595,2364,2832,,715,468,412,769,468,3446
6281,718,1209,1697,2409,2833,,718,491,488,712,424,3448
6277,716,1206,1695,2407,2830,,716,490,489,712,423,3447
6279,716,1208,1695,2409,2830,,716,492,487,714,421,3449
6277,716,1208,1696,2412,2831,,716,492,488,716,419,3446
6305,718,1208,1696,2409,2861,,718,490,488,713,452,3444
6227,716,1209,1696,2409,2811,,716,493,487,713,402,3416
6269,721,1231,1719,2408,2820,,721,510,488,689,412,3449
6254,669,1176,1664,2383,2807,,669,507,488,719,424,3447
6277,716,1209,1697,2409,2832,,716,493,488,712,423,3445
6164,693,1167,1612,2278,2644,,693,474,445,666,366,3520
6279,716,1208,1700,2409,2831,,716,492,492,709,422,3448
6199,717,1208,1695,2386,2780,,717,491,487,691,394,3419
6278,717,1208,1696,2408,2821,,717,491,488,712,413,3457
6278,716,1209,1697,2387,2822,,716,493,488,690,435,3456
6280,715,1209,1697,2409,2832,,715,494,488,712,423,3448
6277,717,1209,1696,2411,2829,,717,492,487,715,418,3448
6190,717,1211,1677,2359,2783,,717,494,466,682,424,3407
6235,711,1175,1634,2412,2815,,711,464,459,778,403,3420
6279,720,1214,1698,2409,2832,,720,494,484,711,423,3447
6255,716,1183,1627,2318,2809,,716,467,444,691,491,3446
6282,717,1234,1721,2433,2856,,717,517,487,712,423,3426
6273,716,1210,1698,2409,2833,,716,494,488,711,424,3440
6280,716,1209,1696,2409,2832,,716,493,487,713,423,3448
6187,717,1209,1697,2409,2779,,717,492,488,712,370,3408
6278,718,1184,1671,2410,2831,,718,466,487,739,421,3447
6304,717,1208,1696,2411,2861,,717,491,488,715,450,3443
6187,716,1209,1675,2383,2781,,716,493,466,708,398,3406
6218,711,1199,1685,2389,2808,,711,488,486,704,419,3410
6280,717,1210,1699,2410,2833,,717,493,489,711,423,3447
6228,716,1233,1682,2348,2780,,716,517,449,666,432,3448
6304,716,1208,1720,2433,2855,,716,492,512,713,422,3449
6269,724,1210,1697,2407,2821,,724,486,487,710,414,3448
6227,717,1208,1696,2408,2809,,717,491,488,712,401,3418
6288,717,1207,1696,2407,2831,,717,490,489,711,424,3457
6279,717,1209,1696,2410,2833,,717,492,487,714,423,3446
6280,718,1210,1697,2410,2833,,718,492,487,713,423,3447
6203,719,1209,1676,2359,2778,,719,490,467,683,419,3425
6206,717,1171,1641,2368,2793,,717,454,470,727,425,3413
6163,706,1178,1650,2328,2728,,706,472,472,678,400,3435
5880,706,1112,1522,2154,2488,,706,406,410,632,334,3392
6242,706,1204,1676,2373,2793,,706,498,472,697,420,3449
6223,689,1158,1633,2370,2793,,689,469,475,737,423,3430
5989,705,1177,1604,2228,2562,,705,472,427,624,334,3427
6268,699,1172,1626,2376,2818,,699,473,454,750,442,3450
6304,746,1232,1720,2433,2857,,746,486,488,713,424,3447
6278,716,1207,1695,2409,2831,,716,491,488,714,422,3447
6240,715,1207,1695,2407,2800,,715,492,488,712,393,3440
6253,704,1131,1625,2383,2806,,704,427,494,758,423,3447
6309,716,1208,1695,2409,2830,,716,492,487,714,421,3479
6230,714,1247,1771,2435,2792,,714,533,524,664,357,3438
6376,740,1258,1771,2509,2905,,740,518,513,738,396,3471
6089,687,1113,1596,2297,2646,,687,426,483,701,349,3443
6088,701,1193,1598,2304,2638,,701,492,405,706,334,3450
5988,700,1169,1595,2229,2563,,700,469,426,634,334,3425
6250,705,1151,1676,2386,2802,,705,446,525,710,416,3448
6305,716,1208,1695,2408,2830,,716,492,487,713,422,3475
6243,718,1209,1698,2409,2802,,718,491,489,711,393,3441
6255,705,1152,1634,2384,2806,,705,447,482,750,422,3449
6279,718,1209,1698,2409,2833,,718,491,489,711,424,3446
6206,717,1209,1673,2342,2763,,717,492,464,669,421,3443
6278,717,1209,1696,2408,2831,,717,492,487,712,423,3447
6243,689,1163,1661,2375,2795,,689,474,498,714,420,3448
6026,703,1174,1645,2299,2618,,703,471,471,654,319,3408
6118,705,1178,1650,2333,2744,,705,473,472,683,411,3374
6257,709,1163,1600,2388,2809,,709,454,437,788,421,3448
6279,716,1207,1695,2407,2829,,716,491,488,712,422,3450
6216,647,1158,1646,2365,2778,,647,511,488,719,413,3438
6189,703,1131,1616,2388,2785,,703,428,485,772,397,3404
6257,716,1209,1697,2410,2831,,716,493,488,713,421,3426
6205,715,1208,1673,2342,2764,,715,493,465,669,422,3441
6280,715,1209,1697,2409,2833,,715,494,488,712,424,3447
6224,695,1173,1647,2373,2795,,695,478,474,726,422,3429
6156,705,1177,1650,2372,2750,,705,472,473,722,378,3406
6214,704,1176,1649,2330,2769,,704,472,473,681,439,3445
6279,717,1207,1700,2410,2830,,717,490,493,710,420,3449
6256,716,1208,1695,2408,2830,,716,492,487,713,422,3426
6256,714,1208,1696,2408,2811,,714,494,488,712,403,3445
6276,716,1208,1701,2412,2831,,716,492,493,711,419,3445
6279,717,1209,1698,2411,2833,,717,492,489,713,422,3446
6206,715,1239,1698,2367,2766,,715,524,459,669,399,3440
6279,716,1208,1695,2408,2831,,716,492,487,713,423,3448
6279,708,1192,1711,2421,2831,,708,484,519,710,410,3448
6280,718,1209,1697,2409,2831,,718,491,488,712,422,3449
6305,715,1209,1728,2437,2857,,715,494,519,709,420,3448
6283,747,1234,1722,2434,2857,,747,487,488,712,423,3426
6189,716,1207,1676,2359,2782,,716,491,469,683,423,3407
6129,704,1176,1648,2374,2753,,704,472,472,726,379,3376
6203,704,1175,1623,2384,2806,,704,471,448,761,422,3397
6099,704,1176,1647,2331,2729,,704,472,471,684,398,3370
5941,703,1131,1547,2179,2501,,703,428,416,632,322,3440
6240,705,1177,1648,2371,2793,,705,472,471,723,422,3447
6178,663,1125,1593,2308,2718,,663,462,468,715,410,3460
6379,808,1295,1807,2520,2932,,808,487,512,713,412,3447
6247,715,1208,1696,2411,2831,,715,493,488,715,420,3416
6280,716,1209,1697,2409,2832,,716,493,488,712,423,3448
6190,717,1208,1677,2360,2783,,717,491,469,683,423,3407
6126,706,1178,1649,2371,2747,,706,472,471,722,376,3379
5899,703,1157,1571,2203,2532,,703,454,414,632,329,3367
5926,700,1175,1602,2232,2566,,700,475,427,630,334,3360
5942,703,1107,1519,2155,2489,,703,404,412,636,334,3453
6217,705,1178,1650,2372,2793,,705,473,472,722,421,3424
6130,688,1103,1586,2229,2647,,688,415,483,643,418,3483
6278,719,1208,1696,2408,2830,,719,489,488,712,422,3448
6283,717,1211,1697,2409,2831,,717,494,486,712,422,3452
6288,717,1202,1690,2422,2839,,717,485,488,732,417,3449
6256,717,1208,1695,2408,2830,,717,491,487,713,422,3426
6282,717,1210,1701,2417,2832,,717,493,491,716,415,3450
6259,716,1209,1696,2409,2832,,716,493,487,713,423,3427
6279,715,1209,1696,2410,2831,,715,494,487,714,421,3448
6289,694,1219,1706,2408,2823,,694,525,487,702,415,3466
6278,716,1207,1696,2407,2831,,716,491,489,711,424,3447
5996,647,1081,1497,2191,2586,,647,434,416,694,395,3410
6204,704,1200,1674,2372,2751,,704,496,474,698,379,3453
6276,717,1205,1693,2406,2828,,717,488,488,713,422,3448
6254,667,1159,1647,2384,2806,,667,492,488,737,422,3448
6279,717,1208,1696,2409,2830,,717,491,488,713,421,3449
6252,715,1205,1695,2405,2809,,715,490,490,710,404,3443
6204,716,1207,1696,2364,2753,,716,491,489,668,389,3451
6277,716,1207,1696,2407,2830,,716,491,489,711,423,3447
6204,715,1207,1672,2340,2763,,715,492,465,668,423,3441
6253,717,1209,1676,2384,2805,,717,492,467,708,421,3448
6217,716,1176,1627,2331,2796,,716,460,451,704,465,3421
6130,704,1176,1673,2292,2656,,704,472,497,619,364,3474
6279,717,1208,1696,2408,2830,,717,491,488,712,422,3449
6279,716,1207,1696,2407,2831,,716,491,489,711,424,3448
6202,716,1207,1695,2387,2781,,716,491,488,692,394,3421
6279,715,1208,1696,2408,2831,,715,493,488,712,423,3448
6252,716,1206,1694,2407,2797,,716,490,488,713,390,3455
6309,718,1210,1697,2408,2831,,718,492,487,711,423,3478
6253,716,1206,1694,2431,2816,,716,490,488,737,385,3437
6279,716,1207,1676,2384,2835,,716,491,469,708,451,3444
6116,715,1187,1611,2268,2634,,715,472,424,657,366,3482
6228,704,1176,1646,2371,2770,,704,472,470,725,399,3458
6280,716,1208,1696,2408,2830,,716,492,488,712,422,3450
6280,715,1208,1697,2410,2834,,715,493,489,713,424,3446
6200,717,1208,1697,2387,2782,,717,491,489,690,395,3418
6304,715,1208,1695,2438,2856,,715,493,487,743,418,3448
6278,717,1207,1695,2407,2820,,717,490,488,712,413,3458
6280,717,1209,1700,2409,2831,,717,492,491,709,422,3449
6351,715,1234,1805,2517,2904,,715,519,571,712,387,3447
6351,806,1293,1784,2493,2903,,806,487,491,709,410,3448
6188,717,1204,1635,2337,2738,,717,487,431,702,401,3450
6239,704,1174,1648,2396,2814,,704,470,474,748,418,3425
6131,703,1177,1650,2378,2751,,703,474,473,728,373,3380
6206,705,1177,1649,2348,2751,,705,472,472,699,403,3455
6278,717,1208,1696,2408,2829,,717,491,488,712,421,3449
6277,717,1209,1695,2407,2830,,717,492,486,712,423,3447
6279,718,1208,1696,2408,2830,,718,490,488,712,422,3449
6281,717,1209,1696,2409,2831,,717,492,487,713,422,3450
6254,716,1208,1696,2408,2807,,716,492,488,712,399,3447
6254,716,1208,1696,2388,2806,,716,492,488,692,418,3448
6189,716,1187,1631,2340,2763,,716,471,444,709,423,3426
6251,705,1201,1673,2396,2794,,705,496,472,723,398,3457
6262,716,1207,1697,2407,2831,,716,491,490,710,424,3431
6272,725,1208,1696,2407,2825,,725,483,488,711,418,3447
6202,716,1208,1694,2388,2781,,716,492,486,694,393,3421
6380,809,1295,1808,2520,2932,,809,486,513,712,412,3448
6278,716,1207,1696,2408,2830,,716,491,489,712,422,3448
6255,716,1208,1697,2407,2831,,716,492,489,710,424,3424
6287,717,1201,1689,2446,2841,,717,484,488,757,395,3446
6254,718,1208,1677,2360,2805,,718,490,469,683,445,3449
6167,716,1185,1644,2344,2741,,716,469,459,700,397,3426
6165,708,1179,1653,2367,2781,,708,471,474,714,414,3384
6102,705,1177,1608,2313,2727,,705,472,431,705,414,3375
6115,703,1173,1643,2327,2653,,703,470,470,684,326,3462
5949,705,1176,1649,2302,2608,,705,471,473,653,306,3341
6130,704,1176,1648,2373,2752,,704,472,472,725,379,3378
6112,703,1175,1647,2331,2728,,703,472,472,684,397,3384
5950,701,1172,1600,2233,2566,,701,471,428,633,333,3384
6251,719,1205,1692,2431,2815,,719,486,487,739,384,3436
6279,715,1208,1698,2408,2831,,715,493,490,710,423,3448
6230,716,1209,1697,2394,2783,,716,493,488,697,389,3447
6280,716,1210,1696,2409,2832,,716,494,486,713,423,3448
6278,717,1210,1697,2408,2832,,717,493,487,711,424,3446
6279,717,1207,1696,2408,2831,,717,490,489,712,423,3448
6189,716,1208,1697,2393,2781,,716,492,489,696,388,3408
6130,706,1178,1649,2374,2750,,706,472,471,725,376,3380
6108,705,1177,1650,2331,2729,,705,472,473,681,398,3379
5946,701,1174,1604,2253,2587,,701,473,430,649,334,3359
6117,703,1173,1602,2306,2638,,703,470,429,704,332,3479
6216,704,1175,1648,2372,2791,,704,471,473,724,419,3425
6202,705,1177,1650,2373,2794,,705,472,473,723,421,3408
6279,718,1208,1696,2409,2831,,718,490,488,713,422,3448
6278,716,1209,1696,2408,2830,,716,493,487,712,422,3448
6277,718,1206,1693,2406,2829,,718,488,487,713,423,3448
6227,718,1209,1697,2409,2811,,718,491,488,712,402,3416
6405,808,1295,1809,2521,2956,,808,487,514,712,435,3449
6278,716,1208,1697,2408,2831,,716,492,489,711,423,3447
6277,718,1207,1696,2407,2830,,718,489,489,711,423,3447
6271,716,1208,1696,2408,2807,,716,492,488,712,399,3464
6228,716,1209,1674,2358,2779,,716,493,465,684,421,3449
6217,718,1208,1696,2388,2768,,718,490,488,692,380,3449
6028,704,1176,1647,2302,2621,,704,472,471,655,319,3407
6128,704,1175,1647,2371,2751,,704,471,472,724,380,3377
6232,713,1187,1663,2345,2789,,713,474,476,682,444,3443
6279,718,1210,1698,2410,2832,,718,492,488,712,422,3447
6309,717,1209,1697,2409,2831,,717,492,488,712,422,3478
6278,717,1208,1696,2408,2831,,717,491,488,712,423,3447
6308,717,1208,1696,2410,2830,,717,491,488,714,420,3478
6276,718,1202,1691,2429,2839,,718,484,489,738,410,3437
6229,716,1208,1697,2388,2781,,716,492,489,691,393,3448
6218,715,1208,1697,2407,2779,,715,493,489,710,372,3439
6179,672,1146,1617,2372,2790,,672,474,471,755,418,3389
6131,705,1177,1650,2331,2749,,705,472,473,681,418,3382
6152,704,1202,1674,2353,2771,,704,498,472,679,418,3381
6102,704,1176,1648,2331,2729,,704,472,472,683,398,3373
6154,703,1133,1589,2308,2719,,703,430,456,719,411,3435
6279,716,1209,1697,2409,2831,,716,493,488,712,422,3448
6278,716,1207,1696,2408,2830,,716,491,489,712,422,3448
6278,717,1210,1697,2409,2832,,717,493,487,712,423,3446
6280,719,1209,1697,2411,2832,,719,490,488,714,421,3448
6204,716,1210,1699,2390,2783,,716,494,489,691,393,3421
6165,723,1209,1699,2331,2724,,723,486,490,632,393,3441
6054,705,1177,1649,2373,2699,,705,472,472,724,326,3355
6150,705,1166,1639,2374,2754,,705,461,473,735,380,3396
6100,705,1201,1673,2333,2729,,705,496,472,660,396,3371
6125,702,1174,1647,2356,2755,,702,472,473,709,399,3370
5929,700,1173,1604,2232,2563,,700,473,431,628,331,3366
5952,699,1175,1605,2234,2568,,699,476,430,629,334,3384
6124,705,1178,1675,2374,2729,,705,473,497,699,355,3395
6242,705,1176,1648,2371,2791,,705,471,472,723,420,3451
6128,706,1177,1650,2371,2752,,706,471,473,721,381,3376
6029,704,1128,1599,2297,2651,,704,424,471,698,354,3378
6100,703,1175,1648,2331,2728,,703,472,473,683,397,3372
6160,704,1178,1649,2368,2782,,704,474,471,719,414,3378
6098,705,1176,1649,2328,2727,,705,471,473,679,399,3371
6133,706,1180,1651,2364,2762,,706,474,471,713,398,3371
5931,703,1175,1607,2231,2563,,703,472,432,624,332,3368
5919,703,1175,1605,2228,2562,,703,472,430,623,334,3357
5956,703,1105,1575,2237,2575,,703,402,470,662,338,3381
6217,705,1178,1649,2373,2792,,705,473,471,724,419,3425
6129,704,1200,1672,2373,2749,,704,496,472,701,376,3380
6157,688,1104,1586,2309,2699,,688,416,482,723,390,3458
6280,716,1208,1696,2408,2831,,716,492,488,712,423,3449
6287,717,1202,1690,2414,2837,,717,485,488,724,423,3450
6280,717,1210,1697,2409,2832,,717,493,487,712,423,3448
6254,716,1209,1697,2409,2807,,716,493,488,712,398,3447
6256,716,1209,1696,2409,2812,,716,493,487,713,403,3444
6280,715,1208,1696,2408,2832,,715,493,488,712,424,3448
6232,723,1209,1695,2405,2821,,723,486,486,710,416,3411
6257,716,1208,1697,2408,2832,,716,492,489,711,424,3425
6254,714,1208,1698,2409,2812,,714,494,490,711,403,3442
6116,719,1153,1588,2297,2692,,719,434,435,709,395,3424
6126,705,1176,1648,2373,2751,,705,471,472,725,378,3375
6277,649,1180,1668,2405,2827,,649,531,488,737,422,3450
6280,717,1209,1698,2409,2832,,717,492,489,711,423,3448
6276,716,1207,1696,2407,2830,,716,491,489,711,423,3446
6256,715,1208,1696,2409,2816,,715,493,488,713,407,3440
6278,715,1206,1694,2406,2828,,715,491,488,712,422,3450
6268,717,1209,1697,2409,2832,,717,492,488,712,423,3436
6205,716,1210,1698,2390,2784,,716,494,488,692,394,3421
6281,715,1209,1697,2409,2833,,715,494,488,712,424,3448
6143,717,1189,1592,2299,2695,,717,472,403,707,396,3448
6125,704,1175,1645,2372,2752,,704,471,470,727,380,3373
6169,699,1187,1657,2411,2790,,699,488,470,754,379,3379
6100,705,1177,1648,2332,2727,,705,472,471,684,395,3373
6125,704,1203,1676,2354,2753,,704,499,473,678,399,3372
5931,704,1175,1605,2231,2564,,704,471,430,626,333,3367
5926,702,1174,1602,2231,2566,,702,472,428,629,335,3360
6236,676,1187,1650,2411,2834,,676,511,463,761,423,3402
6281,717,1209,1698,2410,2834,,717,492,489,712,424,3447
6281,716,1209,1696,2410,2832,,716,493,487,714,422,3449
6240,716,1208,1646,2374,2796,,716,492,438,728,422,3444
6283,716,1209,1697,2409,2833,,716,493,488,712,424,3450
6278,715,1211,1697,2409,2831,,715,496,486,712,422,3447
6280,716,1209,1696,2409,2831,,716,493,487,713,422,3449
6278,717,1210,1701,2411,2831,,717,493,491,710,420,3447
6278,715,1208,1696,2407,2829,,715,493,488,711,422,3449
6279,716,1207,1695,2408,2830,,716,491,488,713,422,3449
6233,716,1209,1699,2409,2832,,716,493,490,710,423,3401
6206,716,1210,1698,2390,2785,,716,494,488,692,395,3421
6279,716,1211,1698,2413,2833,,716,495,487,715,420,3446
6256,715,1209,1676,2383,2807,,715,494,467,707,424,3449
6279,717,1209,1696,2408,2831,,717,492,487,712,423,3448
6275,717,1203,1691,2403,2827,,717,486,488,712,424,3448
6279,718,1209,1696,2408,2835,,718,491,487,712,427,3444
6272,717,1212,1698,2410,2833,,717,495,486,712,423,3439
6281,717,1209,1697,2408,2831,,717,492,488,711,423,3450
6290,717,1202,1691,2418,2840,,717,485,489,727,422,3450
6307,717,1210,1698,2410,2833,,717,493,488,712,423,3474
6280,717,1209,1698,2410,2833,,717,492,489,712,423,3447
6258,716,1185,1671,2386,2783,,716,469,486,715,397,3475
6306,715,1238,1722,2434,2857,,715,523,484,712,423,3449
6280,717,1209,1697,2410,2832,,717,492,488,713,422,3448
6293,723,1232,1721,2433,2845,,723,509,489,712,412,3448
6279,715,1210,1696,2409,2832,,715,495,486,713,423,3447
6279,717,1209,1698,2410,2832,,717,492,489,712,422,3447
6282,716,1211,1698,2409,2833,,716,495,487,711,424,3449
6282,717,1210,1699,2410,2834,,717,493,489,711,424,3448
6303,717,1207,1696,2408,2829,,717,490,489,712,421,3474
6304,716,1208,1698,2438,2857,,716,492,490,740,419,3447
6255,717,1211,1699,2412,2812,,717,494,488,713,400,3443
6256,718,1212,1620,2331,2809,,718,494,408,711,478,3447
6282,717,1210,1699,2410,2833,,717,493,489,711,423,3449
6281,724,1211,1699,2411,2834,,724,487,488,712,423,3447
6283,716,1209,1698,2410,2832,,716,493,489,712,422,3451
6282,718,1213,1698,2412,2834,,718,495,485,714,422,3448
6281,717,1211,1699,2410,2834,,717,494,488,711,424,3447
6281,717,1210,1701,2411,2833,,717,493,491,710,422,3448
6281,719,1209,1697,2358,2807,,719,490,488,661,449,3474
6283,717,1210,1700,2411,2834,,717,493,490,711,423,3449
6254,717,1210,1698,2410,2812,,717,493,488,712,402,3442
6231,746,1234,1644,2384,2787,,746,488,410,740,403,3444
6282,716,1211,1700,2411,2836,,716,495,489,711,425,3446
6255,684,1170,1660,2387,2808,,684,486,490,727,421,3447
6281,716,1209,1698,2410,2832,,716,493,489,712,422,3449
6280,716,1210,1618,2335,2831,,716,494,408,717,496,3449
6280,717,1210,1698,2410,2832,,717,493,488,712,422,3448
6306,721,1210,1699,2437,2858,,721,489,489,738,421,3448
6282,689,1184,1674,2386,2808,,689,495,490,712,422,3474
6281,717,1212,1699,2411,2834,,717,495,487,712,423,3447
6316,743,1237,1724,2436,2859,,743,494,487,712,423,3457
6203,717,1209,1676,2359,2748,,717,492,467,683,389,3455
6283,717,1211,1699,2411,2834,,717,494,488,712,423,3449
6279,717,1209,1711,2422,2833,,717,492,502,711,411,3446
6281,718,1210,1698,2411,2833,,718,492,488,713,422,3448
6281,716,1209,1698,2410,2833,,716,493,489,712,423,3448
6256,717,1211,1699,2332,2809,,717,494,488,633,477,3447
6280,717,1212,1698,2412,2833,,717,495,486,714,421,3447
6034,712,1178,1625,2285,2651,,712,466,447,660,366,3383
6165,711,1196,1685,2391,2809,,711,485,489,706,418,3356
6035,671,1142,1606,2268,2629,,671,471,464,662,361,3406
6059,640,1144,1583,2269,2607,,640,504,439,686,338,3452
6282,716,1211,1698,2411,2833,,716,495,487,713,422,3449
6274,716,1205,1691,2405,2826,,716,489,486,714,421,3448
6283,717,1211,1700,2412,2836,,717,494,489,712,424,3447
6282,718,1210,1700,2411,2833,,718,492,490,711,422,3449
6230,716,1211,1698,2389,2784,,716,495,487,691,395,3446
6281,717,1210,1699,2412,2833,,717,493,489,713,421,3448
6287,719,1227,1716,2426,2842,,719,508,489,710,416,3445
6280,717,1210,1702,2412,2833,,717,493,492,710,421,3447
6204,716,1209,1698,2410,2833,,716,493,489,712,423,3371
6232,716,1211,1699,2389,2784,,716,495,488,690,395,3448
6281,717,1210,1698,2409,2833,,717,493,488,711,424,3448
6176,716,1180,1660,2375,2795,,716,464,480,715,420,3381
6101,706,1178,1609,2315,2728,,706,472,431,706,413,3373
6166,705,1177,1648,2330,2729,,705,472,471,682,399,3437
6204,705,1178,1651,2374,2795,,705,473,473,723,421,3409
6101,710,1182,1611,2330,2732,,710,472,429,719,402,3369
6156,649,1174,1605,2276,2707,,649,525,431,671,431,3449
6281,716,1209,1697,2409,2832,,716,493,488,712,423,3449
6261,716,1210,1701,2411,2833,,716,494,491,710,422,3428
6281,717,1210,1699,2410,2833,,717,493,489,711,423,3448
6281,716,1210,1698,2411,2832,,716,494,488,713,421,3449
6185,705,1158,1639,2375,2796,,705,453,481,736,421,3389
6102,706,1178,1651,2375,2751,,706,472,473,724,376,3351
6101,705,1175,1647,2335,2730,,705,470,472,688,395,3371
6108,705,1176,1648,2335,2730,,705,471,472,687,395,3378
5925,687,1173,1601,2232,2566,,687,486,428,631,334,3359
6286,653,1178,1651,2382,2838,,653,525,473,731,456,3448
6281,716,1210,1698,2410,2833,,716,494,488,712,423,3448
6261,717,1210,1697,2410,2832,,717,493,487,713,422,3429
6256,716,1210,1698,2411,2812,,716,494,488,713,401,3444
6277,717,1207,1695,2407,2830,,717,490,488,712,423,3447
6143,663,1126,1599,2300,2719,,663,463,473,701,419,3424
6099,704,1176,1649,2331,2727,,704,472,473,682,396,3372
6121,700,1172,1644,2355,2751,,700,472,472,711,396,3370
5929,701,1173,1608,2233,2565,,701,472,435,625,332,3364
5924,700,1175,1607,2233,2564,,700,475,432,626,331,3360
6270,652,1178,1650,2403,2822,,652,526,472,753,419,3448
6243,705,1176,1648,2374,2793,,705,471,472,726,419,3450
6127,705,1179,1651,2332,2749,,705,474,472,681,417,3378
5927,701,1173,1603,2232,2566,,701,472,430,629,334,3361
5916,699,1142,1557,2195,2527,,699,443,415,638,332,3389
6204,702,1171,1667,2356,2764,,702,469,496,689,408,3440
6281,716,1212,1698,2410,2834,,716,496,486,712,424,3447
6282,717,1210,1698,2410,2835,,717,493,488,712,425,3447
6277,717,1209,1696,2412,2830,,717,492,487,716,418,3447
6310,716,1205,1696,2410,2833,,716,489,491,714,423,3477
6279,716,1209,1698,2409,2832,,716,493,489,711,423,3447
6280,720,1209,1697,2410,2833,,720,489,488,713,423,3447
6272,717,1211,1699,2411,2833,,717,494,488,712,422,3439
6274,715,1203,1691,2433,2836,,715,488,488,742,403,3438
6281,717,1210,1699,2410,2832,,717,493,489,711,422,3449
6279,720,1203,1638,2410,2833,,720,483,435,772,423,3446
6100,704,1176,1648,2330,2729,,704,472,472,682,399,3371
6138,701,1131,1553,2257,2694,,701,430,422,704,437,3444
6280,717,1209,1698,2409,2832,,717,492,489,711,423,3448
6255,688,1105,1589,2310,2809,,688,417,484,721,499,3446
6281,718,1209,1699,2411,2832,,718,491,490,712,421,3449
6282,717,1211,1698,2410,2833,,717,494,487,712,423,3449
6281,717,1209,1698,2409,2832,,717,492,489,711,423,3449
6257,716,1211,1698,2411,2811,,716,495,487,713,400,3446
6281,717,1210,1699,2409,2833,,717,493,489,710,424,3448
6256,708,1191,1601,2384,2807,,708,483,410,783,423,3449
6279,718,1207,1695,2407,2830,,718,489,488,712,423,3449
6281,717,1210,1698,2410,2833,,717,493,488,712,423,3448
6280,717,1211,1698,2411,2832,,717,494,487,713,421,3448
6281,719,1213,1699,2410,2834,,719,494,486,711,424,3447
6280,717,1210,1697,2410,2834,,717,493,487,713,424,3446
6282,717,1211,1698,2411,2835,,717,494,487,713,424,3447
6283,716,1210,1699,2412,2833,,716,494,489,713,421,3450
6255,718,1208,1697,2410,2811,,718,490,489,713,401,3444
6281,717,1210,1698,2410,2832,,717,493,488,712,422,3449
6256,705,1190,1601,2385,2807,,705,485,411,784,422,3449
6281,717,1210,1698,2411,2833,,717,493,488,713,422,3448
6281,718,1211,1699,2411,2833,,718,493,488,712,422,3448
6282,716,1211,1698,2411,2833,,716,495,487,713,422,3449
6280,717,1210,1694,2410,2833,,717,493,484,716,423,3447
6310,720,1210,1698,2410,2834,,720,490,488,712,424,3476
6281,716,1210,1698,2410,2833,,716,494,488,712,423,3448
6280,715,1210,1697,2409,2831,,715,495,487,712,422,3449
6255,720,1209,1697,2410,2811,,720,489,488,713,401,3444
6281,716,1210,1698,2411,2832,,716,494,488,713,421,3449
6180,716,1131,1598,2310,2720,,716,415,467,712,410,3460
6279,717,1209,1695,2409,2832,,717,492,486,714,423,3447
6257,688,1187,1674,2387,2811,,688,499,487,713,424,3446
6281,717,1211,1698,2412,2833,,717,494,487,714,421,3448
6283,717,1211,1701,2412,2833,,717,494,490,711,421,3450
6257,717,1159,1649,2387,2810,,717,442,490,738,423,3447
6281,717,1210,1699,2410,2834,,717,493,489,711,424,3447
6282,717,1211,1698,2411,2833,,717,494,487,713,422,3449
6258,718,1211,1700,2411,2835,,718,493,489,711,424,3423
6190,716,1212,1677,2362,2784,,716,496,465,685,422,3406
6112,707,1183,1613,2310,2719,,707,476,430,697,409,3393
6099,705,1176,1648,2333,2728,,705,471,472,685,395,3371
6125,700,1173,1644,2356,2755,,700,473,471,712,399,3370
6067,624,1099,1598,2257,2636,,624,475,499,659,379,3431
6291,716,1209,1698,2439,2858,,716,493,489,741,419,3433
6279,717,1209,1698,2409,2832,,717,492,489,711,423,3447
6287,716,1200,1718,2427,2838,,716,484,518,709,411,3449
6282,718,1210,1698,2410,2833,,718,492,488,712,423,3449
6280,716,1211,1699,2410,2833,,716,495,488,711,423,3447
6282,715,1209,1697,2409,2833,,715,494,488,712,424,3449
6153,719,1183,1627,2279,2699,,719,464,444,652,420,3454
6148,703,1198,1673,2382,2778,,703,495,475,709,396,3370
6151,701,1173,1644,2359,2775,,701,472,471,715,416,3376
6280,654,1184,1673,2411,2833,,654,530,489,738,422,3447
6282,717,1210,1699,2409,2834,,717,493,489,710,425,3448
6333,715,1210,1726,2436,2857,,715,495,516,710,421,3476
6295,723,1206,1695,2423,2846,,723,483,489,728,423,3449
6260,715,1210,1699,2411,2834,,715,495,489,712,423,3426
6312,717,1210,1698,2411,2834,,717,493,488,713,423,3478
6281,716,1209,1698,2410,2835,,716,493,489,712,425,3446
6262,686,1219,1677,2409,2858,,686,533,458,732,449,3404
6024,706,1177,1604,2308,2640,,706,471,427,704,332,3384
6165,703,1172,1643,2329,2727,,703,469,471,686,398,3438
6256,666,1160,1648,2385,2807,,666,494,488,737,422,3449
6253,716,1208,1696,2376,2806,,716,492,488,680,430,3447
6285,712,1196,1685,2395,2808,,712,484,489,710,413,3477
6282,717,1210,1698,2411,2832,,717,493,488,713,421,3450
6260,716,1210,1698,2410,2834,,716,494,488,712,424,3426
6281,717,1212,1700,2411,2834,,717,495,488,711,423,3447
6280,715,1210,1698,2410,2834,,715,495,488,712,424,3446
6215,662,1158,1612,2373,2764,,662,496,454,761,391,3451
6130,706,1186,1666,2332,2751,,706,480,480,666,419,3379
6124,702,1174,1645,2355,2754,,702,472,471,710,399,3370
6133,649,1174,1646,2363,2757,,649,525,472,717,394,3376
5953,702,1173,1603,2233,2577,,702,471,430,630,344,3376
6266,701,1171,1642,2398,2816,,701,470,471,756,418,3450
6252,705,1180,1653,2405,2825,,705,475,473,752,420,3427
6101,705,1177,1648,2331,2730,,705,472,471,683,399,3371
5961,700,1174,1604,2235,2568,,700,474,430,631,333,3393
5959,709,1207,1677,2325,2619,,709,498,470,648,294,3340
6177,695,1157,1629,2333,2725,,695,462,472,704,392,3452
6128,706,1205,1676,2374,2752,,706,499,471,698,378,3376
6101,705,1176,1647,2331,2729,,705,471,471,684,398,3372
6133,701,1174,1647,2363,2757,,701,473,473,716,394,3376
6022,701,1175,1604,2234,2595,,701,474,429,630,361,3427
6166,711,1142,1620,2325,2721,,711,431,478,705,396,3445
6265,659,1172,1645,2373,2816,,659,513,473,728,443,3449
6098,704,1200,1671,2332,2728,,704,496,471,661,396,3370
5930,701,1173,1601,2230,2564,,701,472,428,629,334,3366
5959,706,1183,1654,2325,2620,,706,477,471,671,295,3339
6251,695,1181,1651,2406,2825,,695,486,470,755,419,3426
6147,703,1176,1647,2373,2752,,703,473,471,726,379,3395
5923,700,1172,1603,2230,2564,,700,472,431,627,334,3359
6130,700,1174,1648,2361,2754,,700,474,474,713,393,3376
6087,703,1200,1630,2340,2667,,703,497,430,710,327,3420
5977,700,1174,1648,2316,2636,,700,474,474,668,320,3341
6127,645,1109,1581,2283,2673,,645,464,472,702,390,3454
6100,704,1176,1649,2331,2729,,704,472,473,682,398,3371
5994,709,1144,1622,2296,2630,,709,435,478,674,334,3364
5977,703,1174,1644,2318,2637,,703,471,470,674,319,3340
6126,638,1107,1579,2283,2699,,638,469,472,704,416,3427
6128,704,1176,1648,2373,2752,,704,472,472,725,379,3376
6076,704,1202,1672,2330,2720,,704,498,470,658,390,3356
5986,701,1143,1614,2284,2619,,701,442,471,670,335,3367
6086,701,1175,1630,2342,2669,,701,474,455,712,327,3417
6264,702,1173,1647,2398,2816,,702,471,474,751,418,3448
6275,655,1182,1655,2406,2826,,655,527,473,751,420,3449
6097,706,1202,1675,2329,2726,,706,496,473,654,397,3371
5946,709,1185,1615,2244,2576,,709,476,430,629,332,3370
5985,708,1184,1652,2329,2649,,708,476,468,677,320,3336
6153,635,1108,1579,2282,2699,,635,473,471,703,417,3454
6128,704,1176,1649,2374,2753,,704,472,473,725,379,3375
6025,704,1177,1606,2316,2643,,704,473,429,710,327,3382
6227,649,1157,1648,2411,2813,,649,508,491,763,402,3414
6282,715,1210,1698,2411,2833,,715,495,488,713,422,3449
6242,653,1151,1626,2376,2799,,653,498,475,750,423,3443
6258,700,1189,1662,2415,2833,,700,489,473,753,418,3425
6128,706,1204,1675,2376,2751,,706,498,471,701,375,3377
5993,700,1214,1645,2271,2606,,700,514,431,626,335,3387
5951,702,1174,1645,2319,2613,,702,472,471,674,294,3338
6254,671,1183,1656,2410,2828,,671,512,473,754,418,3426
6128,705,1175,1646,2377,2753,,705,470,471,731,376,3375
6100,704,1200,1672,2333,2729,,704,496,472,661,396,3371
6179,702,1129,1622,2336,2745,,702,427,493,714,409,3434
6306,716,1241,1724,2435,2857,,716,525,483,711,422,3449
6255,717,1210,1698,2410,2837,,717,493,488,712,427,3418
6278,742,1213,1694,2408,2829,,742,471,481,714,421,3449
6281,716,1212,1699,2412,2833,,716,496,487,713,421,3448
6280,717,1211,1698,2410,2833,,717,494,487,712,423,3447
6281,715,1211,1698,2411,2833,,715,496,487,713,422,3448
6319,811,1298,1810,2524,2900,,811,487,512,714,376,3419
5926,705,1178,1648,2294,2590,,705,473,470,646,296,3336
6235,664,1180,1653,2364,2783,,664,516,473,711,419,3452
6308,717,1213,1724,2437,2859,,717,496,511,713,422,3449
6280,716,1210,1697,2410,2833,,716,494,487,713,423,3447
6283,715,1204,1696,2408,2832,,715,489,492,712,424,3451
6282,743,1204,1699,2411,2834,,743,461,495,712,423,3448
6282,716,1211,1699,2411,2836,,716,495,488,712,425,3446
6283,717,1210,1700,2410,2834,,717,493,490,710,424,3449
6280,717,1208,1696,2408,2830,,717,491,488,712,422,3450
6182,723,1156,1649,2392,2731,,723,433,493,743,339,3451
6283,716,1212,1700,2412,2834,,716,496,488,712,422,3449
6284,717,1212,1699,2412,2835,,717,495,487,713,423,3449
6282,718,1211,1700,2410,2835,,718,493,489,710,425,3447
6283,717,1212,1700,2411,2837,,717,495,488,711,426,3446
6261,718,1213,1700,2412,2835,,718,495,487,712,423,3426
6218,648,1145,1647,2372,2794,,648,497,502,725,422,3424
6257,675,1146,1614,2386,2809,,675,471,468,772,423,3448
6257,704,1191,1629,2387,2808,,704,487,438,758,421,3449
6230,716,1211,1698,2411,2813,,716,495,487,713,402,3417
6158,665,1108,1599,2312,2703,,665,443,491,713,391,3455
6281,716,1211,1699,2411,2833,,716,495,488,712,422,3448
6280,717,1210,1697,2410,2833,,717,493,487,713,423,3447
6282,717,1211,1698,2411,2834,,717,494,487,713,423,3448
6260,716,1210,1698,2411,2833,,716,494,488,713,422,3427
6258,718,1190,1651,2387,2810,,718,472,461,736,423,3448
6154,691,1182,1569,2283,2694,,691,491,387,714,411,3460
6282,717,1211,1698,2411,2833,,717,494,487,713,422,3449
6282,716,1210,1698,2411,2833,,716,494,488,713,422,3449
6192,717,1212,1682,2366,2785,,717,495,470,684,419,3407
6257,663,1134,1634,2386,2809,,663,471,500,752,423,3448
6282,718,1212,1698,2411,2833,,718,494,486,713,422,3449
6279,716,1212,1698,2410,2834,,716,496,486,712,424,3445
6307,717,1213,1727,2437,2859,,717,496,514,710,422,3448
6241,716,1200,1687,2396,2812,,716,484,487,709,416,3429
6257,716,1197,1667,2385,2809,,716,481,470,718,424,3448
6244,717,1210,1646,2375,2799,,717,493,436,729,424,3445
6100,705,1177,1647,2333,2730,,705,472,470,686,397,3370
6253,678,1100,1589,2302,2738,,678,422,489,713,436,3515
6258,716,1199,1687,2395,2810,,716,483,488,708,415,3448
6258,743,1225,1651,2388,2809,,743,482,426,737,421,3449
6282,717,1212,1700,2412,2835,,717,495,488,712,423,3447
6307,718,1212,1700,2443,2857,,718,494,488,743,414,3450
6282,717,1212,1700,2412,2832,,717,495,488,712,420,3450
6284,717,1212,1700,2413,2836,,717,495,488,713,423,3448
6257,717,1212,1698,2411,2833,,717,495,486,713,422,3424
6131,716,1121,1528,2236,2674,,716,405,407,708,438,3457
6284,716,1210,1699,2410,2833,,716,494,489,711,423,3451
6282,717,1211,1698,2412,2834,,717,494,487,714,422,3448
6284,717,1213,1700,2412,2835,,717,496,487,712,423,3449
6256,742,1244,1676,2385,2809,,742,502,432,709,424,3447
6283,717,1212,1701,2412,2834,,717,495,489,711,422,3449
6281,717,1211,1700,2411,2834,,717,494,489,711,423,3447
6284,718,1213,1700,2411,2836,,718,495,487,711,425,3448
6283,717,1211,1702,2410,2833,,717,494,491,708,423,3450
6283,719,1211,1701,2411,2835,,719,492,490,710,424,3448
6182,716,1159,1575,2290,2724,,716,443,416,715,434,3458
6312,716,1211,1698,2412,2834,,716,495,487,714,422,3478
6282,716,1211,1700,2412,2834,,716,495,489,712,422,3448
6311,717,1212,1698,2410,2838,,717,495,486,712,428,3473
6255,740,1195,1684,2341,2807,,740,455,489,657,466,3448
6283,717,1211,1700,2412,2834,,717,494,489,712,422,3449
6280,717,1209,1697,2410,2833,,717,492,488,713,423,3447
6282,716,1212,1699,2411,2834,,716,496,487,712,423,3448
6155,652,1171,1642,2394,2775,,652,519,471,752,381,3380
6197,674,1161,1649,2370,2791,,674,487,488,721,421,3406
6244,715,1178,1637,2372,2839,,715,463,459,735,467,3405
6281,712,1221,1712,2422,2835,,712,509,491,710,413,3446
6233,710,1193,1682,2351,2809,,710,483,489,669,458,3424
6189,716,1209,1676,2360,2782,,716,493,467,684,422,3407
6118,646,1084,1563,2274,2693,,646,438,479,711,419,3425
6336,717,1240,1728,2465,2887,,717,523,488,737,422,3449
6282,716,1210,1699,2411,2833,,716,494,489,712,422,3449
6281,717,1211,1700,2413,2834,,717,494,489,713,421,3447
6272,719,1211,1700,2410,2837,,719,492,489,710,427,3435
6190,717,1193,1652,2346,2781,,717,476,459,694,435,3409
6128,717,1213,1688,2333,2757,,717,496,475,645,424,3371
5874,704,1133,1548,2184,2514,,704,429,415,636,330,3360
5954,664,1134,1590,2234,2571,,664,470,456,644,337,3383
5875,705,1134,1549,2184,2515,,705,429,415,635,331,3360
5963,703,1128,1544,2200,2563,,703,425,416,656,363,3400
6165,717,1212,1680,2349,2771,,717,495,468,669,422,3394
6235,715,1199,1687,2399,2808,,715,484,488,712,409,3427
6255,715,1198,1686,2396,2809,,715,483,488,710,413,3446
6283,716,1212,1700,2412,2835,,716,496,488,712,423,3448
6245,704,1144,1631,2349,2800,,704,440,487,718,451,3445
6169,705,1202,1671,2328,2723,,705,497,469,657,395,3446
6101,705,1177,1608,2315,2731,,705,472,431,707,416,3370
5904,705,1162,1573,2209,2542,,705,457,411,636,333,3362
5870,705,1134,1549,2177,2511,,705,429,415,628,334,3359
6064,665,1105,1580,2261,2643,,665,440,475,681,382,3421
6189,716,1211,1678,2363,2769,,716,495,467,685,406,3420
6240,717,1211,1699,2396,2793,,717,494,488,697,397,3447
6258,718,1213,1701,2416,2835,,718,495,488,715,419,3423
6256,716,1199,1687,2396,2810,,716,483,488,709,414,3446
6192,716,1214,1677,2362,2784,,716,498,463,685,422,3408
6208,715,1200,1690,2381,2786,,715,485,490,691,405,3422
6262,717,1212,1702,2412,2835,,717,495,490,710,423,3427
6079,687,1115,1575,2258,2644,,687,428,460,683,386,3435
6283,716,1211,1700,2410,2834,,716,495,489,710,424,3449
6200,703,1153,1632,2334,2798,,703,450,479,702,464,3402
6051,706,1177,1608,2315,2642,,706,471,431,707,327,3409
5882,710,1165,1599,2213,2531,,710,455,434,614,318,3351
5939,711,1167,1582,2218,2559,,711,456,415,636,341,3380
5909,723,1157,1571,2208,2542,,723,434,414,637,334,3367
5847,703,1134,1549,2177,2496,,703,431,415,628,319,3351
5906,704,1159,1572,2214,2542,,704,455,413,642,328,3364
5901,705,1160,1572,2207,2540,,705,455,412,635,333,3361
6201,705,1152,1621,2371,2790,,705,447,469,750,419,3411
6277,715,1208,1695,2407,2830,,715,493,487,712,423,3447
6207,714,1177,1646,2386,2785,,714,463,469,740,399,3422
6256,710,1194,1682,2393,2807,,710,484,488,711,414,3449
6279,717,1209,1697,2411,2832,,717,492,488,714,421,3447
6234,726,1209,1697,2408,2795,,726,483,488,711,387,3439
6156,654,1125,1572,2286,2696,,654,471,447,714,410,3460
6282,718,1213,1700,2412,2835,,718,495,487,712,423,3447
6195,715,1201,1687,2364,2753,,715,486,486,677,389,3442
6100,706,1176,1647,2334,2732,,706,470,471,687,398,3368
6157,706,1160,1627,2369,2743,,706,454,467,742,374,3414
6255,724,1209,1697,2410,2832,,724,485,488,713,422,3423
6165,704,1200,1671,2375,2774,,704,496,471,704,399,3391
6259,667,1164,1676,2387,2810,,667,497,512,711,423,3449
6282,717,1212,1699,2412,2835,,717,495,487,713,423,3447
6243,722,1206,1695,2405,2800,,722,484,489,710,395,3443
6256,704,1187,1676,2387,2810,,704,483,489,711,423,3446
6232,716,1156,1648,2386,2773,,716,440,492,738,387,3459
6195,717,1211,1700,2378,2747,,717,494,489,678,369,3448
6130,705,1177,1673,2333,2751,,705,472,496,660,418,3379
6139,703,1173,1645,2353,2744,,703,470,472,708,391,3395
6103,703,1175,1648,2335,2733,,703,472,473,687,398,3370
6079,701,1128,1574,2273,2694,,701,427,446,699,421,3385
6234,669,1161,1648,2385,2808,,669,492,487,737,423,3426
6256,717,1211,1698,2412,2810,,717,494,487,714,398,3446
6258,715,1197,1685,2392,2811,,715,482,488,707,419,3447
6256,703,1186,1675,2386,2809,,703,483,489,711,423,3447
6256,716,1199,1687,2396,2810,,716,483,488,709,414,3446
6220,715,1198,1693,2394,2777,,715,483,495,701,383,3443
6102,706,1177,1650,2333,2732,,706,471,473,683,399,3370
5906,705,1136,1549,2185,2519,,705,431,413,636,334,3387
5926,704,1160,1573,2207,2554,,704,456,413,634,347,3372
6078,704,1151,1583,2222,2615,,704,447,432,639,393,3463
6105,670,1150,1607,2333,2733,,670,480,457,726,400,3372
5877,705,1136,1549,2184,2515,,705,431,413,635,331,3362
5911,705,1133,1548,2183,2516,,705,428,415,635,333,3395
5944,704,1169,1589,2228,2572,,704,465,420,639,344,3372
6069,705,1134,1575,2252,2620,,705,429,441,677,368,3449
6277,717,1201,1688,2419,2836,,717,484,487,731,417,3441
6257,716,1199,1688,2399,2810,,716,483,489,711,411,3447
6196,715,1223,1696,2381,2759,,715,508,473,685,378,3437
6163,654,1159,1627,2360,2767,,654,505,468,733,407,3396
6086,717,1178,1595,2293,2698,,717,461,417,698,405,3388
6258,716,1182,1672,2386,2809,,716,466,490,714,423,3449
6261,718,1212,1699,2412,2834,,718,494,487,713,422,3427
6208,717,1199,1689,2398,2767,,717,482,490,709,369,3441
6102,675,1109,1588,2300,2694,,675,434,479,712,394,3408
6026,705,1200,1631,2320,2646,,705,495,431,689,326,3380
5883,704,1132,1547,2179,2501,,704,428,415,632,322,3382
5876,704,1133,1547,2183,2517,,704,429,414,636,334,3359
5879,704,1133,1549,2181,2517,,704,429,416,632,336,3362
5795,670,1104,1521,2127,2445,,670,434,417,606,318,3350
5883,703,1134,1549,2188,2517,,703,431,415,639,329,3366
6206,687,1116,1608,2388,2790,,687,429,492,780,402,3416
6261,717,1211,1700,2412,2834,,717,494,489,712,422,3427
6272,717,1212,1700,2412,2837,,717,495,488,712,425,3435
6179,718,1159,1638,2376,2798,,718,441,479,738,422,3381
5901,705,1151,1578,2210,2541,,705,446,427,632,331,3360
5892,708,1141,1555,2189,2524,,708,433,414,634,335,3368
5827,663,1084,1495,2133,2465,,663,421,411,638,332,3362
5867,663,1108,1522,2160,2493,,663,445,414,638,333,3374
5772,665,1078,1480,2103,2421,,665,413,402,623,318,3351
5872,706,1147,1551,2179,2497,,706,441,404,628,318,3375
6237,665,1128,1596,2342,2811,,665,463,468,746,469,3426
6258,717,1201,1689,2398,2811,,717,484,488,709,413,3447
6256,714,1198,1685,2394,2809,,714,484,487,709,415,3447
6259,717,1197,1681,2389,2810,,717,480,484,708,421,3449
6176,715,1158,1638,2374,2796,,715,443,480,736,422,3380
5943,708,1182,1611,2242,2574,,708,474,429,631,332,3369
5901,707,1164,1580,2206,2541,,707,457,416,626,335,3360
5904,705,1134,1549,2183,2517,,705,429,415,634,334,3387
6161,688,1114,1583,2287,2723,,688,426,469,704,436,3438
6082,716,1148,1573,2225,2644,,716,432,425,652,419,3438
6115,665,1110,1561,2270,2690,,665,445,451,709,420,3425
6261,717,1212,1700,2411,2833,,717,495,488,711,422,3428
6258,719,1213,1702,2413,2836,,719,494,489,711,423,3422
6205,717,1179,1647,2376,2801,,717,462,468,729,425,3404
6028,706,1179,1611,2309,2647,,706,473,432,698,338,3381
5920,709,1167,1581,2218,2552,,709,458,414,637,334,3368
5876,704,1133,1546,2183,2518,,704,429,413,637,335,3358
5879,707,1136,1551,2182,2515,,707,429,415,631,333,3364
5847,666,1109,1541,2180,2499,,666,443,432,639,319,3348
5881,704,1132,1558,2190,2521,,704,428,426,632,331,3360
6118,705,1136,1569,2274,2665,,705,431,433,705,391,3453
6260,717,1210,1699,2412,2834,,717,493,489,713,422,3426
6381,813,1299,1812,2524,2936,,813,486,513,712,412,3445
6245,716,1224,1660,2375,2801,,716,508,436,715,426,3444
6101,705,1201,1631,2338,2733,,705,496,430,707,395,3368
6204,726,1211,1699,2388,2795,,726,485,488,689,407,3409
6257,715,1199,1687,2396,2809,,715,484,488,709,413,3448
6221,716,1201,1688,2397,2778,,716,485,487,709,381,3443
6112,705,1136,1559,2225,2656,,705,431,423,666,431,3456
6059,716,1190,1615,2251,2670,,716,474,425,636,419,3389
6054,706,1178,1609,2319,2646,,706,472,431,710,327,3408
5842,707,1138,1550,2175,2493,,707,431,412,625,318,3349
6284,763,1250,1737,2447,2860,,763,487,487,710,413,3424
6203,717,1197,1652,2377,2800,,717,480,455,725,423,3403
6019,705,1178,1632,2310,2639,,705,473,454,678,329,3380
5888,705,1136,1548,2185,2518,,705,431,412,637,333,3370
5903,705,1134,1549,2185,2516,,705,429,415,636,331,3387
5830,666,1084,1495,2134,2468,,666,418,411,639,334,3362
5820,677,1099,1497,2128,2471,,677,422,398,631,343,3349
5916,665,1107,1521,2161,2493,,665,442,414,640,332,3423
5827,666,1082,1496,2133,2465,,666,416,414,637,332,3362
5853,664,1107,1520,2158,2491,,664,443,413,638,333,3362
5885,663,1111,1525,2158,2493,,663,448,414,633,335,3392
5912,710,1166,1582,2220,2550,,710,456,416,638,330,3362
5851,664,1109,1526,2158,2492,,664,445,417,632,334,3359
5911,705,1134,1548,2182,2518,,705,429,414,634,336,3393
5877,704,1135,1548,2184,2517,,704,431,413,636,333,3360
5840,665,1104,1510,2132,2466,,665,439,406,622,334,3374
5843,665,1105,1524,2163,2487,,665,440,419,639,324,3356
5895,706,1136,1550,2180,2538,,706,430,414,630,358,3357
5879,705,1136,1552,2180,2505,,705,431,416,628,325,3374
5883,704,1159,1572,2181,2519,,704,455,413,609,338,3364
6182,705,1151,1624,2334,2799,,705,446,473,710,465,3383
6129,706,1180,1652,2335,2752,,706,474,472,683,417,3377
6101,705,1179,1651,2334,2732,,705,474,472,683,398,3369
6198,706,1202,1676,2335,2774,,706,496,474,659,439,3424
6281,717,1211,1702,2412,2835,,717,494,491,710,423,3446
6308,748,1237,1727,2438,2860,,748,489,490,711,422,3448
6383,812,1324,1812,2504,2935,,812,512,488,692,431,3448
6284,717,1212,1686,2393,2817,,717,495,474,707,424,3467
6178,716,1199,1667,2331,2800,,716,483,468,664,469,3378
6119,704,1177,1648,2318,2644,,704,473,471,670,326,3475
6257,688,1159,1643,2386,2808,,688,471,484,743,422,3449
6244,716,1211,1667,2369,2799,,716,495,456,702,430,3445
6126,706,1204,1681,2380,2752,,706,498,477,699,372,3374
6282,724,1211,1698,2411,2833,,724,487,487,713,422,3449
6282,716,1225,1713,2424,2835,,716,509,488,711,411,3447
6257,716,1199,1688,2397,2809,,716,483,489,709,412,3448
6236,716,1211,1679,2386,2809,,716,495,468,707,423,3427
6115,716,1212,1646,2322,2744,,716,496,434,676,422,3371
6104,706,1178,1609,2318,2735,,706,472,431,709,417,3369
5874,706,1138,1550,2182,2515,,706,432,412,632,333,3359
6198,688,1124,1608,2375,2785,,688,436,484,767,410,3413
6207,716,1200,1667,2364,2786,,716,484,467,697,422,3421
6205,717,1213,1669,2377,2801,,717,496,456,708,424,3404
5911,666,1151,1582,2210,2544,,666,485,431,628,334,3367
5879,704,1134,1547,2184,2516,,704,430,413,637,332,3363
5881,706,1137,1559,2182,2519,,706,431,422,623,337,3362
5858,666,1106,1523,2158,2491,,666,440,417,635,333,3367
5882,665,1108,1525,2162,2493,,665,443,417,637,331,3389
5933,664,1109,1589,2237,2570,,664,445,480,648,333,3363
6156,707,1139,1593,2312,2722,,707,432,454,719,410,3434
6282,717,1211,1699,2413,2835,,717,494,488,714,422,3447
6282,715,1210,1700,2414,2835,,715,495,490,714,421,3447
6259,716,1200,1668,2389,2810,,716,484,468,721,421,3449
6257,716,1200,1687,2398,2810,,716,484,487,711,412,3447
6283,717,1212,1701,2413,2836,,717,495,489,712,423,3447
6257,716,1199,1688,2399,2813,,716,483,489,711,414,3444
6195,703,1188,1676,2391,2754,,703,485,488,715,363,3441
6117,703,1173,1603,2307,2642,,703,470,430,704,335,3475
6245,706,1178,1650,2375,2803,,706,472,472,725,428,3442
6202,705,1176,1648,2374,2795,,705,471,472,726,421,3407
6235,705,1153,1636,2386,2810,,705,448,483,750,424,3425
6159,716,1200,1688,2396,2711,,716,484,488,708,315,3448
6204,716,1144,1616,2375,2798,,716,428,472,759,423,3406
6158,666,1109,1599,2312,2723,,666,443,490,713,411,3435
6263,718,1214,1701,2414,2836,,718,496,487,713,422,3427
6283,717,1227,1713,2423,2835,,717,510,486,710,412,3448
6233,716,1203,1687,2377,2786,,716,487,484,690,409,3447
6208,716,1147,1626,2378,2801,,716,431,479,752,423,3407
6056,707,1178,1610,2319,2645,,707,471,432,709,326,3411
5900,707,1163,1576,2207,2540,,707,456,413,631,333,3360
6220,707,1182,1652,2372,2796,,707,475,470,720,424,3424
6194,716,1212,1704,2379,2757,,716,496,492,675,378,3437
6104,706,1177,1611,2332,2733,,706,471,434,721,401,3371
6182,666,1106,1600,2313,2723,,666,440,494,713,410,3459
6283,718,1213,1701,2413,2837,,718,495,488,712,424,3446
6258,716,1200,1687,2397,2812,,716,484,487,710,415,3446
6259,715,1200,1687,2375,2812,,715,485,487,688,437,3447
6206,716,1200,1631,2375,2798,,716,484,431,744,423,3408
6056,704,1178,1605,2310,2646,,704,474,427,705,336,3410
5877,706,1135,1549,2184,2515,,706,429,414,635,331,3362
6181,665,1127,1598,2299,2730,,665,462,471,701,431,3451
6282,716,1212,1698,2411,2834,,716,496,486,713,423,3448
6226,716,1209,1646,2400,2822,,716,493,437,754,422,3404
6242,705,1154,1648,2373,2792,,705,449,494,725,419,3450
6281,716,1230,1715,2424,2835,,716,514,485,709,411,3446
6256,716,1201,1690,2398,2811,,716,485,489,708,413,3445
6166,718,1182,1675,2387,2779,,718,464,493,712,392,3387
6054,707,1179,1611,2322,2650,,707,472,432,711,328,3404
5878,704,1136,1548,2182,2516,,704,432,412,634,334,3362
5877,704,1137,1547,2183,2518,,704,433,410,636,335,3359
5915,705,1133,1547,2191,2544,,705,428,414,644,353,3371
5882,705,1137,1551,2184,2517,,705,432,414,633,333,3365
5879,707,1137,1551,2188,2516,,707,430,414,637,328,3363
5833,665,1107,1523,2139,2468,,665,442,416,616,329,3365
5900,706,1134,1550,2183,2516,,706,428,416,633,333,3384
5904,706,1137,1550,2184,2519,,706,431,413,634,335,3385
5856,665,1106,1523,2159,2493,,665,441,417,636,334,3363
5848,664,1108,1523,2161,2492,,664,444,415,638,331,3356
5882,705,1133,1549,2184,2519,,705,428,416,635,335,3363
5881,668,1109,1526,2158,2507,,668,441,417,632,349,3374
5881,706,1134,1551,2189,2519,,706,428,417,638,330,3362
5907,707,1138,1551,2183,2516,,707,431,413,632,333,3391
5877,707,1137,1552,2177,2503,,707,430,415,625,326,3374
6063,705,1135,1570,2268,2671,,705,430,435,698,403,3392
6259,717,1201,1691,2399,2812,,717,484,490,708,413,3447
6283,716,1223,1711,2420,2835,,716,507,488,709,415,3448
6258,717,1194,1676,2386,2809,,717,477,482,710,423,3449
6263,717,1213,1699,2412,2814,,717,496,486,713,402,3449
6245,716,1225,1712,2421,2804,,716,509,487,709,383,3441
6102,704,1178,1650,2332,2730,,704,474,472,682,398,3372
6123,703,1136,1568,2273,2687,,703,433,432,705,414,3436
6284,723,1213,1701,2412,2835,,723,490,488,711,423,3449
6292,721,1184,1640,2420,2844,,721,463,456,780,424,3448
6248,717,1212,1700,2413,2835,,717,495,488,713,422,3413
6256,716,1199,1689,2398,2809,,716,483,490,709,411,3447
6232,715,1198,1686,2395,2808,,715,483,488,709,413,3424
6257,716,1199,1687,2397,2809,,716,483,488,710,412,3448
6236,717,1211,1640,2377,2799,,717,494,429,737,422,3437
6221,706,1178,1649,2377,2796,,706,472,471,728,419,3425
5952,703,1202,1675,2294,2612,,703,499,473,619,318,3340
6158,704,1135,1591,2312,2722,,704,431,456,721,410,3436
6258,716,1201,1688,2398,2809,,716,485,487,710,411,3449
6277,717,1201,1636,2408,2830,,717,484,435,772,422,3447
6158,705,1176,1608,2376,2799,,705,471,432,768,423,3359
6028,704,1175,1646,2303,2622,,704,471,471,657,319,3406
5913,704,1176,1671,2296,2588,,704,472,495,625,292,3325
5926,704,1175,1645,2302,2597,,704,471,470,657,295,3329
5953,714,1186,1658,2302,2595,,714,472,472,644,293,3358
6107,705,1177,1608,2336,2754,,705,472,431,728,418,3353
5953,705,1177,1648,2306,2600,,705,472,471,658,294,3353
6185,704,1136,1591,2314,2724,,704,432,455,723,410,3461
6281,715,1210,1699,2411,2833,,715,495,489,712,422,3448
6290,718,1182,1643,2418,2841,,718,464,461,775,423,3449
6305,716,1210,1727,2440,2858,,716,494,517,713,418,3447
6307,717,1240,1724,2437,2858,,717,523,484,713,421,3449
6303,745,1237,1724,2437,2858,,745,492,487,713,421,3445
6309,715,1241,1725,2435,2860,,715,526,484,710,425,3449
6235,715,1178,1662,2388,2789,,715,463,484,726,401,3446
6266,719,1202,1689,2420,2821,,719,483,487,731,401,3445
6259,716,1199,1687,2397,2809,,716,483,488,710,412,3450
6259,716,1200,1688,2397,2809,,716,484,488,709,412,3450
6281,716,1210,1699,2412,2833,,716,494,489,713,421,3448
6295,707,1227,1700,2450,2870,,707,520,473,750,420,3425
6257,707,1179,1675,2333,2810,,707,472,496,658,477,3447
6283,716,1212,1701,2411,2833,,716,496,489,710,422,3450
6307,716,1210,1699,2439,2857,,716,494,489,740,418,3450
6260,716,1200,1688,2397,2811,,716,484,488,709,414,3449
6120,715,1199,1657,2307,2658,,715,484,458,650,351,3462
6246,706,1177,1648,2376,2797,,706,471,471,728,421,3449
6220,705,1177,1649,2377,2796,,705,472,472,728,419,3424
6220,704,1178,1609,2376,2799,,704,474,431,767,423,3421
6196,705,1177,1649,2377,2756,,705,472,472,728,379,3440
6222,705,1179,1652,2378,2797,,705,474,473,726,419,3425
6231,707,1180,1611,2334,2798,,707,473,431,723,464,3433
6283,717,1212,1700,2412,2834,,717,495,488,712,422,3449
6307,745,1237,1726,2436,2860,,745,492,489,710,424,3447
6244,715,1144,1625,2377,2801,,715,429,481,752,424,3443
6046,703,1176,1646,2304,2602,,703,473,470,658,298,3444
6244,703,1176,1649,2375,2797,,703,473,473,726,422,3447
6222,704,1176,1673,2375,2798,,704,472,497,702,423,3424
6147,704,1202,1672,2317,2711,,704,498,470,645,394,3436
6160,705,1153,1561,2289,2699,,705,448,408,728,410,3461
6245,716,1211,1644,2375,2797,,716,495,433,731,422,3448
6147,704,1176,1647,2376,2714,,704,472,471,729,338,3433
6219,703,1175,1672,2376,2795,,703,472,497,704,419,3424
6281,801,1272,1800,2500,2895,,801,471,528,700,395,3386
6246,705,1178,1649,2377,2797,,705,473,471,728,420,3449
6220,705,1180,1651,2377,2795,,705,475,471,726,418,3425
6197,707,1179,1650,2411,2813,,707,472,471,761,402,3384
6218,705,1177,1650,2374,2793,,705,472,473,724,419,3425
6097,705,1177,1627,2314,2685,,705,472,450,687,371,3412
6281,717,1211,1699,2412,2835,,717,494,488,713,423,3446
6260,717,1212,1622,2392,2809,,717,495,410,770,417,3451
6284,716,1213,1701,2413,2839,,716,497,488,712,426,3445
6283,716,1212,1701,2413,2835,,716,496,489,712,422,3448
6282,717,1212,1701,2413,2835,,717,495,489,712,422,3447
6305,746,1237,1724,2437,2860,,746,491,487,713,423,3445
6234,717,1211,1622,2387,2790,,717,494,411,765,403,3444
6307,716,1210,1699,2439,2858,,716,494,489,740,419,3449
6308,717,1241,1725,2437,2858,,717,524,484,712,421,3450
6208,716,1211,1679,2393,2810,,716,495,468,714,417,3398
6182,705,1176,1648,2377,2796,,705,471,472,729,419,3386
6153,692,1177,1648,2377,2755,,692,485,471,729,378,3398
6237,705,1176,1674,2335,2776,,705,471,498,661,441,3461
6259,716,1199,1689,2398,2809,,716,483,490,709,411,3450
6280,717,1211,1699,2413,2835,,717,494,488,714,422,3445
6258,717,1202,1690,2399,2812,,717,485,488,709,413,3446
6186,716,1200,1688,2375,2738,,716,484,488,687,363,3448
6233,717,1201,1690,2399,2789,,717,484,489,709,390,3444
6284,716,1225,1713,2423,2837,,716,509,488,710,414,3447
6258,716,1211,1701,2412,2835,,716,495,490,711,423,3423
6204,717,1180,1640,2349,2800,,717,463,460,709,451,3404
6096,705,1178,1650,2340,2747,,705,473,472,690,407,3349
6114,705,1176,1649,2337,2733,,705,471,473,688,396,3381
6105,706,1201,1672,2336,2732,,706,495,471,664,396,3373
6102,705,1178,1652,2337,2734,,705,473,474,685,397,3368
6097,704,1177,1649,2335,2731,,704,473,472,686,396,3366
6277,709,1182,1654,2408,2827,,709,473,472,754,419,3450
6103,705,1177,1607,2318,2730,,705,472,430,711,412,3373
5882,704,1133,1545,2186,2519,,704,429,412,641,333,3363
5909,704,1158,1572,2209,2543,,704,454,414,637,334,3366
5908,705,1160,1574,2210,2542,,705,455,414,636,332,3366
5907,705,1163,1574,2211,2543,,705,458,411,637,332,3364
5910,704,1135,1550,2183,2517,,704,431,415,633,334,3393
5875,705,1136,1548,2184,2518,,705,431,412,636,334,3357
5883,705,1134,1549,2185,2518,,705,429,415,636,333,3365
5879,705,1138,1552,2184,2519,,705,433,414,632,335,3360
5967,707,1163,1577,2208,2545,,707,456,414,631,337,3422
5829,665,1087,1498,2133,2456,,665,422,411,635,323,3373
5832,669,1090,1501,2140,2472,,669,421,411,639,332,3360
5858,665,1108,1524,2159,2493,,665,443,416,635,334,3365
5979,666,1109,1524,2162,2563,,666,443,415,638,401,3416
6128,716,1154,1600,2301,2720,,716,438,446,701,419,3408
6060,705,1201,1630,2308,2640,,705,496,429,678,332,3420
5903,704,1159,1573,2208,2543,,704,455,414,635,335,3360
5879,705,1135,1547,2183,2516,,705,430,412,636,333,3363
5902,705,1136,1550,2183,2517,,705,431,414,633,334,3385
5879,708,1138,1550,2185,2518,,708,430,412,635,333,3361
6097,665,1146,1592,2278,2676,,665,481,446,686,398,3421
6384,716,1255,1813,2526,2936,,716,539,558,713,410,3448
6260,715,1198,1686,2395,2814,,715,483,488,709,419,3446
6258,716,1200,1688,2398,2811,,716,484,488,710,413,3447
6260,716,1225,1691,2398,2812,,716,509,466,707,414,3448
6259,715,1199,1688,2398,2812,,715,484,489,710,414,3447
6313,715,1224,1712,2421,2836,,715,509,488,709,415,3477
6258,716,1199,1688,2398,2811,,716,483,489,710,413,3447
6284,718,1214,1701,2413,2836,,718,496,487,712,423,3448
6259,715,1198,1686,2378,2810,,715,483,488,692,432,3449
6234,717,1201,1688,2398,2812,,717,484,487,710,414,3422
6258,715,1227,1712,2421,2811,,715,512,485,709,390,3447
6305,715,1198,1686,2424,2860,,715,483,488,738,436,3445
6282,717,1212,1703,2412,2835,,717,495,491,709,423,3447
6113,717,1182,1584,2290,2699,,717,465,402,706,409,3414
6259,715,1199,1688,2398,2811,,715,484,489,710,413,3448
6257,716,1208,1697,2408,2831,,716,492,489,711,423,3426
6260,715,1199,1691,2401,2810,,715,484,492,710,409,3450
6258,717,1202,1689,2398,2812,,717,485,487,709,414,3446
6207,717,1213,1681,2363,2786,,717,496,468,682,423,3421
6259,717,1201,1688,2397,2813,,717,484,487,709,416,3446
6261,716,1201,1690,2400,2812,,716,485,489,710,412,3449
6283,715,1224,1712,2421,2835,,715,509,488,709,414,3448
6258,717,1203,1690,2399,2810,,717,486,487,709,411,3448
6238,716,1200,1665,2364,2812,,716,484,465,699,448,3426
6286,716,1226,1713,2422,2838,,716,510,487,709,416,3448
6283,716,1211,1701,2412,2834,,716,495,490,711,422,3449
6283,716,1226,1714,2423,2836,,716,510,488,709,413,3447
6283,715,1225,1712,2421,2838,,715,510,487,709,417,3445
6209,716,1200,1666,2364,2782,,716,484,466,698,418,3427
6281,716,1154,1649,2412,2834,,716,438,495,763,422,3447
6308,715,1224,1712,2422,2865,,715,509,488,710,443,3443
6283,716,1200,1703,2414,2836,,716,484,503,711,422,3447
6283,716,1200,1689,2398,2836,,716,484,489,709,438,3447
6209,716,1227,1695,2378,2755,,716,511,468,683,377,3454
6311,712,1197,1685,2411,2833,,712,485,488,726,422,3478
6286,714,1200,1687,2415,2837,,714,486,487,728,422,3449
6282,716,1225,1712,2422,2835,,716,509,487,710,413,3447
6191,717,1180,1638,2388,2790,,717,463,458,750,402,3401
6258,743,1253,1736,2472,2808,,743,510,483,736,336,3450
6290,721,1206,1696,2422,2844,,721,485,490,726,422,3446
6298,727,1237,1725,2434,2848,,727,510,488,709,414,3450
6256,717,1200,1688,2398,2811,,717,483,488,710,413,3445
6255,717,1201,1689,2398,2796,,717,484,488,709,398,3459
6237,716,1180,1638,2388,2810,,716,464,458,750,422,3427
6258,717,1202,1689,2400,2811,,717,485,487,711,411,3447
6287,715,1199,1688,2415,2837,,715,484,489,727,422,3450
6257,716,1200,1688,2397,2812,,716,484,488,709,415,3445
6284,718,1212,1702,2414,2837,,718,494,490,712,423,3447
6195,715,1178,1636,2368,2788,,715,463,458,732,420,3407
6235,715,1199,1687,2399,2821,,715,484,488,712,422,3414
6284,716,1201,1689,2401,2837,,716,485,488,712,436,3447
6178,717,1201,1689,2398,2813,,717,484,488,709,415,3365
6104,704,1176,1608,2319,2732,,704,472,432,711,413,3372
5995,704,1134,1548,2208,2590,,704,430,414,660,382,3405
6287,719,1228,1717,2456,2863,,719,509,489,739,407,3424
6274,709,1201,1689,2425,2847,,709,492,488,736,422,3427
6257,716,1211,1700,2412,2835,,716,495,489,712,423,3422
6262,716,1211,1700,2411,2834,,716,495,489,711,423,3428
6236,717,1200,1668,2366,2811,,717,483,468,698,445,3425
6260,718,1202,1676,2388,2812,,718,484,474,712,424,3448
6259,718,1201,1691,2401,2814,,718,483,490,710,413,3445
6274,716,1199,1687,2397,2810,,716,483,488,710,413,3464
6194,717,1202,1689,2378,2787,,717,485,487,689,409,3407
6287,716,1201,1690,2418,2839,,716,485,489,728,421,3448
6260,717,1203,1691,2401,2812,,717,486,488,710,411,3448
6262,716,1200,1690,2400,2812,,716,484,490,710,412,3450
6239,717,1202,1689,2398,2812,,717,485,487,709,414,3427
6222,716,1179,1639,2364,2775,,716,463,460,725,411,3447
6105,706,1201,1673,2334,2737,,706,495,472,661,403,3368
6159,701,1178,1606,2313,2724,,701,477,428,707,411,3435
6284,735,1219,1708,2417,2837,,735,484,489,709,420,3447
6285,715,1224,1711,2422,2837,,715,509,487,711,415,3448
6258,714,1173,1661,2388,2811,,714,459,488,727,423,3447
6171,716,1201,1673,2364,2739,,716,485,472,691,375,3432
6112,704,1176,1606,2318,2731,,704,472,430,712,413,3381
5877,704,1135,1548,2184,2516,,704,431,413,636,332,3361
5878,705,1134,1549,2184,2517,,705,429,415,635,333,3361
5913,710,1143,1556,2194,2526,,710,433,413,638,332,3387
5907,705,1160,1575,2209,2544,,705,455,415,634,335,3363
5906,707,1136,1549,2188,2519,,707,429,413,639,331,3387
5872,691,1110,1526,2156,2501,,691,419,416,630,345,3371
5885,704,1135,1549,2184,2519,,704,431,414,635,335,3366
5876,704,1134,1548,2184,2518,,704,430,414,636,334,3358
5867,664,1108,1523,2159,2497,,664,444,415,636,338,3370
5885,706,1135,1550,2185,2518,,706,429,415,635,333,3367
5878,705,1137,1549,2185,2517,,705,432,412,636,332,3361
5881,705,1135,1551,2186,2518,,705,430,416,635,332,3363
5895,669,1142,1557,2195,2526,,669,473,415,638,331,3369
5856,666,1110,1523,2160,2492,,666,444,413,637,332,3364
5854,664,1111,1525,2164,2495,,664,447,414,639,331,3359
5821,661,1100,1498,2131,2475,,661,439,398,633,344,3346
5859,666,1108,1524,2160,2494,,666,442,416,636,334,3365
5904,705,1134,1549,2185,2520,,705,429,415,636,335,3384
5864,645,1086,1498,2136,2472,,645,441,412,638,336,3392
5883,665,1107,1523,2159,2493,,665,442,416,636,334,3390
5904,704,1134,1548,2185,2520,,704,430,414,637,335,3384
5882,705,1133,1549,2184,2519,,705,428,416,635,335,3363
5964,713,1173,1606,2246,2582,,713,460,433,640,336,3382
5877,706,1135,1549,2184,2522,,706,429,414,635,338,3355
5956,655,1114,1512,2165,2553,,655,459,398,653,388,3403
6191,717,1200,1689,2378,2785,,717,483,489,689,407,3406
6260,716,1200,1690,2399,2811,,716,484,490,709,412,3449
6259,716,1200,1688,2398,2811,,716,484,488,710,413,3448
6260,717,1201,1611,2389,2812,,717,484,410,778,423,3448
6257,716,1201,1688,2398,2812,,716,485,487,710,414,3445
6293,721,1207,1692,2422,2844,,721,486,485,730,422,3449
6260,717,1201,1689,2398,2812,,717,484,488,709,414,3448
6255,730,1182,1677,2404,2826,,730,452,495,727,422,3429
6259,716,1200,1610,2389,2803,,716,484,410,779,414,3456
6206,717,1211,1698,2377,2785,,717,494,487,679,408,3421
6259,716,1200,1688,2398,2813,,716,484,488,710,415,3446
6285,719,1214,1701,2414,2836,,719,495,487,713,422,3449
6285,716,1225,1713,2421,2838,,716,509,488,708,417,3447
6093,663,1141,1586,2277,2707,,663,478,445,691,430,3386
6113,706,1178,1607,2320,2734,,706,472,429,713,414,3379
5906,707,1138,1551,2185,2546,,707,431,413,634,361,3360
5881,703,1132,1546,2182,2506,,703,429,414,636,324,3375
5904,666,1109,1549,2185,2520,,666,443,440,636,335,3384
5865,705,1134,1551,2160,2494,,705,429,417,609,334,3371
5880,706,1133,1550,2185,2522,,706,427,417,635,337,3358
5876,705,1134,1548,2185,2518,,705,429,414,637,333,3358
5857,663,1108,1524,2159,2492,,663,445,416,635,333,3365
5878,665,1110,1523,2159,2494,,665,445,413,636,335,3384
5867,667,1109,1525,2161,2493,,667,442,416,636,332,3374
5959,705,1160,1574,2209,2544,,705,455,414,635,335,3415
5924,706,1162,1597,2231,2561,,706,456,435,634,330,3363
5877,704,1133,1546,2182,2517,,704,429,413,636,335,3360
6198,689,1157,1612,2371,2789,,689,468,455,759,418,3409
6222,720,1205,1672,2395,2817,,720,485,467,723,422,3405
6215,717,1202,1691,2399,2789,,717,485,489,708,390,3426
6290,715,1201,1688,2399,2812,,715,486,487,711,413,3478
6312,716,1201,1717,2425,2836,,716,485,516,708,411,3476
6338,717,1229,1714,2452,2862,,717,512,485,738,410,3476
6262,717,1229,1713,2348,2841,,717,512,484,635,493,3421
6145,717,1200,1688,2377,2786,,717,483,488,689,409,3359
6253,722,1205,1694,2406,2830,,722,483,489,712,424,3423
6311,717,1229,1713,2423,2835,,717,512,484,710,412,3476
6234,684,1153,1620,2388,2811,,684,469,467,768,423,3423
6237,720,1203,1692,2420,2822,,720,483,489,728,402,3415
6221,711,1220,1709,2417,2795,,711,509,489,708,378,3426
6284,716,1228,1712,2421,2835,,716,512,484,709,414,3449
6258,715,1199,1687,2396,2811,,715,484,488,709,415,3447
6338,717,1213,1730,2440,2861,,717,496,517,710,421,3477
6223,718,1213,1623,2390,2797,,718,495,410,767,407,3426
6292,716,1230,1714,2422,2837,,716,514,484,708,415,3455
6299,725,1224,1712,2448,2873,,725,499,488,736,425,3426
6262,716,1228,1713,2422,2838,,716,512,485,709,416,3424
6336,716,1254,1739,2476,2887,,716,538,485,737,411,3449
6160,714,1189,1662,2373,2795,,714,475,473,711,422,3365
5959,664,1151,1583,2234,2572,,664,487,432,651,338,3387
5905,704,1135,1549,2186,2520,,704,431,414,637,334,3385
5918,712,1169,1584,2220,2555,,712,457,415,636,335,3363
5879,706,1134,1551,2161,2495,,706,428,417,610,334,3384
5890,704,1134,1549,2185,2506,,704,430,415,636,321,3384
5823,657,1088,1493,2130,2474,,657,431,405,637,344,3349
5792,657,1094,1493,2124,2442,,657,437,399,631,318,3350
5854,664,1111,1525,2163,2496,,664,447,414,638,333,3358
6122,664,1125,1592,2292,2704,,664,461,467,700,412,3418
6256,715,1227,1711,2421,2810,,715,512,484,710,389,3446
6286,716,1201,1689,2399,2841,,716,485,488,710,442,3445
6311,716,1201,1691,2400,2843,,716,485,490,709,443,3468
6259,716,1200,1688,2397,2811,,716,484,488,709,414,3448
6259,717,1201,1688,2397,2811,,717,484,487,709,414,3448
6200,715,1199,1688,2364,2754,,715,484,489,676,390,3446
6133,704,1178,1650,2336,2754,,704,474,472,686,418,3379
5820,671,1100,1524,2153,2472,,671,429,424,629,319,3348
5878,705,1137,1548,2186,2520,,705,432,411,638,334,3358
5879,664,1110,1532,2161,2506,,664,446,422,629,345,3373
5883,704,1136,1548,2184,2518,,704,432,412,636,334,3365
5898,704,1153,1575,2207,2526,,704,449,422,632,319,3372
5879,703,1137,1551,2186,2522,,703,434,414,635,336,3357
5881,705,1135,1550,2185,2518,,705,430,415,635,333,3363
5879,704,1137,1548,2184,2519,,704,433,411,636,335,3360
5889,706,1137,1551,2185,2519,,706,431,414,634,334,3370
5906,705,1134,1549,2185,2519,,705,429,415,636,334,3387
5827,648,1088,1496,2133,2468,,648,440,408,637,335,3359
5853,664,1108,1523,2160,2493,,664,444,415,637,333,3360
6125,704,1136,1593,2297,2712,,704,432,457,704,415,3413
6207,672,1164,1652,2366,2786,,672,492,488,714,420,3421
6260,716,1123,1616,2390,2813,,716,407,493,774,423,3447
6285,720,1215,1702,2415,2837,,720,495,487,713,422,3448
6264,715,1201,1690,2401,2811,,715,486,489,711,410,3453
6310,717,1205,1716,2428,2862,,717,488,511,712,434,3448
6234,718,1202,1690,2402,2792,,718,484,488,712,390,3442
6260,717,1200,1688,2398,2812,,717,483,488,710,414,3448
6262,648,1165,1653,2390,2813,,648,517,488,737,423,3449
6259,717,1202,1689,2398,2811,,717,485,487,709,413,3448
6234,718,1209,1648,2377,2782,,718,491,439,729,405,3452
6284,717,1217,1701,2415,2839,,717,500,484,714,424,3445
6237,647,1148,1632,2390,2811,,647,501,484,758,421,3426
6285,717,1226,1713,2422,2836,,717,509,487,709,414,3449
6207,717,1226,1713,2402,2787,,717,509,487,689,385,3420
6261,717,1202,1688,2398,2813,,717,485,486,710,415,3448
6260,717,1227,1715,2425,2821,,717,510,488,710,396,3439
6261,718,1203,1690,2399,2813,,718,485,487,709,414,3448
6297,728,1215,1698,2448,2871,,728,487,483,750,423,3426
6286,716,1229,1714,2425,2838,,716,513,485,711,413,3448
6287,717,1226,1714,2424,2839,,717,509,488,710,415,3448
6135,717,1124,1602,2304,2655,,717,407,478,702,351,3480
6290,677,1194,1657,2390,2815,,677,517,463,733,425,3475
6489,716,1254,1843,2582,3011,,716,538,589,739,429,3478
6317,733,1216,1704,2415,2836,,733,483,488,711,421,3481
6288,716,1200,1689,2398,2840,,716,484,489,709,442,3448
6206,716,1200,1687,2397,2790,,716,484,487,710,393,3416
6290,676,1150,1662,2391,2812,,676,474,512,729,421,3478
6132,675,1113,1592,2302,2722,,675,438,479,710,420,3410
6110,705,1203,1673,2337,2733,,705,498,470,664,396,3377
6065,700,1173,1603,2257,2635,,700,473,430,654,378,3430
6134,676,1110,1576,2279,2676,,676,434,466,703,397,3458
6078,716,1192,1615,2301,2696,,716,476,423,686,395,3382
6169,703,1200,1672,2331,2731,,703,497,472,659,400,3438
6244,704,1200,1671,2376,2795,,704,496,471,705,419,3449
6131,704,1175,1648,2377,2756,,704,471,473,729,379,3375
6118,804,1235,1648,2310,2731,,804,431,413,662,421,3387
5880,705,1134,1550,2185,2519,,705,429,416,635,334,3361
5946,704,1141,1578,2235,2572,,704,437,437,657,337,3374
5833,666,1087,1498,2138,2469,,666,421,411,640,331,3364
5948,665,1110,1526,2163,2539,,665,445,416,637,376,3409
6058,715,1163,1590,2303,2656,,715,448,427,713,353,3402
6111,705,1178,1608,2323,2734,,705,473,430,715,411,3377
5902,705,1135,1549,2182,2531,,705,430,414,633,349,3371
5908,705,1133,1550,2185,2518,,705,428,417,635,333,3390
5878,705,1133,1548,2184,2518,,705,428,415,636,334,3360
5915,706,1135,1550,2185,2519,,706,429,415,635,334,3396
5905,706,1138,1552,2187,2521,,706,432,414,635,334,3384
5871,705,1137,1547,2179,2499,,705,432,410,632,320,3372
5882,703,1136,1549,2185,2519,,703,433,413,636,334,3363
6121,704,1135,1593,2275,2679,,704,431,458,682,404,3442
6164,716,1179,1605,2303,2677,,716,463,426,698,374,3487
6248,716,1201,1651,2377,2800,,716,485,450,726,423,3448
6154,706,1202,1675,2400,2781,,706,496,473,725,381,3373
6111,705,1178,1650,2338,2735,,705,473,472,688,397,3376
6103,707,1204,1676,2336,2734,,707,497,472,660,398,3369
6114,705,1177,1648,2335,2733,,705,472,471,687,398,3381
6131,701,1178,1651,2360,2757,,701,477,473,709,397,3374
6159,703,1180,1633,2367,2783,,703,477,453,734,416,3376
5939,712,1185,1614,2245,2577,,712,473,429,631,332,3362
6109,653,1179,1608,2316,2692,,653,526,429,708,376,3417
6333,742,1253,1768,2503,2889,,742,511,515,735,386,3444
6222,719,1231,1679,2380,2801,,719,512,448,701,421,3421
6324,657,1197,1685,2422,2845,,657,540,488,737,423,3479
6334,745,1238,1754,2463,2886,,745,493,516,709,423,3448
6312,716,1199,1717,2425,2837,,716,483,518,708,412,3475
6338,716,1228,1713,2451,2860,,716,512,485,738,409,3478
6261,716,1199,1690,2400,2813,,716,483,491,710,413,3448
6121,716,1167,1570,2277,2671,,716,451,403,707,394,3450
6084,704,1203,1633,2318,2646,,704,499,430,685,328,3438
6222,717,1229,1714,2423,2783,,717,512,485,709,360,3439
6235,716,1226,1713,2421,2818,,716,510,487,708,397,3417
6239,714,1197,1665,2366,2813,,714,483,468,701,447,3426
6270,716,1225,1714,2424,2838,,716,509,489,710,414,3432
6208,716,1160,1648,2362,2808,,716,444,488,714,446,3400
6283,715,1200,1687,2397,2813,,715,485,487,710,416,3470
6307,716,1212,1699,2411,2863,,716,496,487,712,452,3444
6286,716,1211,1678,2388,2838,,716,495,467,710,450,3448
6081,716,1167,1594,2279,2699,,716,451,427,685,420,3382
6031,703,1178,1610,2312,2644,,703,475,432,702,332,3387
5834,664,1086,1497,2136,2468,,664,422,411,639,332,3366
5876,665,1112,1524,2160,2503,,665,447,412,636,343,3373
5859,705,1140,1551,2160,2492,,705,435,411,609,332,3367
5915,712,1170,1585,2196,2531,,712,458,415,611,335,3384
5855,665,1110,1526,2162,2495,,665,445,416,636,333,3360
5879,704,1136,1549,2184,2521,,704,432,413,635,337,3358
5906,706,1134,1549,2186,2518,,706,428,415,637,332,3388
6287,715,1228,1741,2452,2863,,715,513,513,711,411,3424
6108,716,1179,1604,2305,2699,,716,463,425,701,394,3409
6028,706,1179,1610,2318,2644,,706,473,431,708,326,3384
5884,705,1136,1547,2184,2518,,705,431,411,637,334,3366
5975,704,1166,1574,2211,2549,,704,462,408,637,338,3426
6197,716,1200,1667,2341,2789,,716,484,467,674,448,3408
6320,725,1263,1748,2457,2872,,725,538,485,709,415,3448
6309,720,1214,1703,2444,2862,,720,494,489,741,418,3447
6491,816,1301,1814,2529,2992,,816,485,513,715,463,3499
6299,731,1214,1704,2434,2853,,731,483,490,730,419,3446
6260,716,1199,1686,2375,2812,,716,483,487,689,437,3448
6247,715,1178,1623,2378,2800,,715,463,445,755,422,3447
6029,704,1178,1610,2318,2645,,704,474,432,708,327,3384
5908,705,1137,1550,2185,2518,,705,432,413,635,333,3390
5893,704,1137,1552,2187,2519,,704,433,415,635,332,3374
5884,704,1133,1548,2183,2507,,704,429,415,635,324,3377
5872,704,1128,1544,2182,2514,,704,424,416,638,332,3358
5880,705,1137,1550,2186,2521,,705,432,413,636,335,3359
5876,705,1134,1549,2182,2505,,705,429,415,633,323,3371
5884,704,1132,1536,2160,2497,,704,428,404,624,337,3387
5854,664,1110,1525,2160,2495,,664,446,415,635,335,3359
5964,664,1132,1547,2183,2558,,664,468,415,636,375,3406
6235,716,1201,1688,2397,2810,,716,485,487,709,413,3425
6260,717,1202,1690,2402,2812,,717,485,488,712,410,3448
6261,716,1200,1688,2396,2814,,716,484,488,708,418,3447
6185,717,1227,1713,2349,2734,,717,510,486,636,385,3451
6265,718,1227,1715,2425,2838,,718,509,488,710,413,3427
6235,716,1200,1688,2398,2812,,716,484,488,710,414,3423
6287,705,1192,1680,2421,2839,,705,487,488,741,418,3448
6262,718,1202,1690,2400,2813,,718,484,488,710,413,3449
6262,718,1203,1690,2399,2814,,718,485,487,709,415,3448
6049,718,1124,1592,2223,2617,,718,406,468,631,394,3432
6112,704,1177,1606,2337,2737,,704,473,429,731,400,3375
6234,745,1260,1744,2434,2813,,745,515,484,690,379,3421
6195,716,1226,1712,2402,2786,,716,510,486,690,384,3409
6197,715,1223,1692,2359,2770,,715,508,469,667,411,3427
6106,704,1203,1674,2337,2735,,704,499,471,663,398,3371
6205,703,1178,1607,2388,2812,,703,475,429,781,424,3393
6285,717,1229,1715,2423,2837,,717,512,486,708,414,3448
6336,720,1245,1757,2467,2887,,720,525,512,710,420,3449
6245,717,1200,1668,2364,2837,,717,483,468,696,473,3408
6199,716,1201,1651,2353,2747,,716,485,450,702,394,3452
6140,704,1178,1649,2379,2756,,704,474,471,730,377,3384
6132,701,1201,1673,2360,2758,,701,500,472,687,398,3374
5932,701,1175,1604,2235,2568,,701,474,429,631,333,3364
5959,649,1179,1609,2264,2596,,649,530,430,655,332,3363
6121,703,1176,1648,2321,2647,,703,473,472,673,326,3474
6225,703,1177,1649,2378,2798,,703,474,472,729,420,3427
6156,704,1176,1650,2369,2779,,704,472,474,719,410,3377
5911,660,1153,1582,2214,2546,,660,493,429,632,332,3365
5881,706,1136,1551,2187,2519,,706,430,415,636,332,3362
5887,711,1142,1556,2194,2528,,711,431,414,638,334,3359
5885,706,1135,1551,2185,2518,,706,429,416,634,333,3367
5858,704,1133,1549,2159,2493,,704,429,416,610,334,3365
5881,702,1131,1546,2182,2518,,702,429,415,636,336,3363
5884,704,1137,1550,2187,2521,,704,433,413,637,334,3363
5821,709,1131,1530,2155,2473,,709,422,399,625,318,3348
5860,666,1111,1526,2161,2495,,666,445,415,635,334,3365
5927,705,1161,1574,2209,2545,,705,456,413,635,336,3382
5851,704,1130,1529,2156,2499,,704,426,399,627,343,3352
5853,664,1110,1526,2162,2495,,664,446,416,636,333,3358
5897,670,1142,1557,2194,2527,,670,472,415,637,333,3370
5859,666,1109,1525,2160,2494,,666,443,416,635,334,3365
5881,664,1109,1525,2161,2498,,664,445,416,636,337,3383
5909,704,1135,1550,2185,2533,,704,431,415,635,348,3376
5882,704,1136,1550,2186,2518,,704,432,414,636,332,3364
5847,704,1129,1528,2155,2473,,704,425,399,627,318,3374
5886,705,1137,1551,2188,2521,,705,432,414,637,333,3365
5887,711,1144,1557,2196,2526,,711,433,413,639,330,3361
5886,704,1136,1551,2185,2518,,704,432,415,634,333,3368
5880,705,1137,1548,2186,2520,,705,432,411,638,334,3360
5923,712,1168,1572,2219,2553,,712,456,404,647,334,3370
5864,664,1111,1523,2159,2507,,664,447,412,636,348,3357
5896,673,1143,1558,2194,2528,,673,470,415,636,334,3368
5890,702,1134,1548,2188,2518,,702,432,414,640,330,3372
5857,663,1094,1502,2137,2469,,663,431,408,635,332,3388
6191,715,1180,1641,2351,2772,,715,465,461,710,421,3419
6236,716,1200,1689,2397,2812,,716,484,489,708,415,3424
6290,715,1199,1688,2400,2812,,715,484,489,712,412,3478
6263,716,1212,1695,2415,2837,,716,496,483,720,422,3426
6291,717,1202,1689,2399,2814,,717,485,487,710,415,3477
6221,717,1213,1702,2391,2771,,717,496,489,689,380,3450
6114,705,1182,1612,2337,2734,,705,477,430,725,397,3380
6191,666,1165,1681,2370,2784,,666,499,516,689,414,3407
6314,716,1228,1714,2422,2837,,716,512,486,708,415,3477
6249,717,1254,1740,2449,2827,,717,537,486,709,378,3422
5920,704,1163,1587,2224,2570,,704,459,424,637,346,3350
5905,704,1139,1550,2188,2532,,704,435,411,638,344,3373
5888,711,1145,1559,2195,2526,,711,434,414,636,331,3362
5910,704,1138,1553,2186,2521,,704,434,415,633,335,3389
5905,705,1137,1551,2187,2519,,705,432,414,636,332,3386
5891,705,1135,1549,2185,2520,,705,430,414,636,335,3371
5853,663,1110,1526,2161,2494,,663,447,416,635,333,3359
5885,665,1110,1526,2161,2509,,665,445,416,635,348,3376
5866,666,1112,1526,2162,2496,,666,446,414,636,334,3370
6057,705,1201,1633,2317,2643,,705,496,432,684,326,3414
5880,703,1135,1550,2185,2517,,703,432,415,635,332,3363
5878,705,1135,1552,2187,2520,,705,430,417,635,333,3358
5914,713,1169,1585,2221,2556,,713,456,416,636,335,3358
5887,704,1136,1552,2186,2521,,704,432,416,634,335,3366
5876,704,1133,1550,2184,2517,,704,429,417,634,333,3359
5889,706,1133,1537,2183,2516,,706,427,404,646,333,3373
5852,666,1109,1524,2161,2495,,666,443,415,637,334,3357
5907,708,1163,1577,2212,2549,,708,455,414,635,337,3358
5891,705,1136,1551,2188,2519,,705,431,415,637,331,3372
5908,706,1162,1575,2213,2545,,706,456,413,638,332,3363
5882,703,1137,1552,2188,2520,,703,434,415,636,332,3362
5905,704,1162,1576,2212,2544,,704,458,414,636,332,3361
5900,706,1157,1570,2206,2539,,706,451,413,636,333,3361
5888,704,1136,1561,2189,2521,,704,432,425,628,332,3367
5880,705,1135,1548,2187,2518,,705,430,413,639,331,3362
5891,717,1146,1563,2185,2518,,717,429,417,622,333,3373
5882,705,1138,1549,2186,2521,,705,433,411,637,335,3361
5856,705,1133,1537,2161,2494,,705,428,404,624,333,3362
5869,663,1111,1524,2160,2494,,663,448,413,636,334,3375
5860,665,1110,1526,2162,2495,,665,445,416,636,333,3365
5903,665,1131,1554,2199,2539,,665,466,423,645,340,3364
5932,706,1140,1575,2214,2547,,706,434,435,639,333,3385
5901,705,1133,1548,2184,2519,,705,428,415,636,335,3382
5861,664,1107,1520,2160,2491,,664,443,413,640,331,3370
5855,666,1112,1525,2162,2495,,666,446,413,637,333,3360
6182,680,1150,1614,2352,2775,,680,470,464,738,423,3407
6194,716,1200,1689,2379,2788,,716,484,489,690,409,3406
6218,676,1190,1706,2394,2811,,676,514,516,688,417,3407
6261,718,1199,1688,2396,2814,,718,481,489,708,418,3447
6209,719,1202,1691,2400,2791,,719,483,489,709,391,3418
6249,715,1205,1637,2379,2802,,715,490,432,742,423,3447
6109,705,1179,1609,2319,2733,,705,474,430,710,414,3376
5881,704,1138,1551,2186,2520,,704,434,413,635,334,3361
5938,704,1162,1574,2215,2547,,704,458,412,641,332,3391
5881,705,1139,1551,2188,2520,,705,434,412,637,332,3361
5836,644,1120,1524,2163,2497,,644,476,404,639,334,3339
5696,633,1030,1426,2040,2336,,633,397,396,614,296,3360
5679,623,1019,1419,2027,2346,,623,396,400,608,319,3333
5802,642,1062,1457,2085,2402,,642,420,395,628,317,3400
5882,703,1137,1550,2187,2521,,703,434,413,637,334,3361
6104,705,1180,1652,2337,2734,,705,475,472,685,397,3370
6191,706,1179,1652,2339,2757,,706,473,473,687,418,3434
6413,747,1270,1845,2554,2964,,747,523,575,709,410,3449
6289,716,1122,1613,2388,2811,,716,406,491,775,423,3478
6366,745,1231,1746,2466,2889,,745,486,515,720,423,3477
6364,716,1204,1718,2427,2871,,716,488,514,709,444,3493
6284,716,1200,1688,2400,2842,,716,484,488,712,442,3442
6364,745,1240,1757,2469,2889,,745,495,517,712,420,3475
6310,745,1241,1757,2466,2888,,745,496,516,709,422,3422
6363,741,1251,1765,2500,2887,,741,510,514,735,387,3476
6235,743,1207,1665,2390,2789,,743,464,458,725,399,3446
6259,716,1200,1689,2398,2814,,716,484,489,709,416,3445
6261,717,1201,1690,2399,2816,,717,484,489,709,417,3445
6261,717,1182,1640,2360,2813,,717,465,458,720,453,3448
6256,717,1212,1729,2440,2839,,717,495,517,711,399,3417
6300,717,1207,1722,2441,2848,,717,490,515,719,407,3452
6313,716,1200,1687,2426,2838,,716,484,487,739,412,3475
6260,716,1200,1688,2399,2813,,716,484,488,711,414,3447
6259,716,1200,1688,2398,2813,,716,484,488,710,415,3446
6261,716,1199,1688,2396,2813,,716,483,489,708,417,3448
6210,716,1199,1687,2398,2791,,716,483,488,711,393,3419
6285,716,1228,1714,2424,2839,,716,512,486,710,415,3446
6261,716,1201,1688,2397,2814,,716,485,487,709,417,3447
6260,716,1201,1611,2367,2813,,716,485,410,756,446,3447
6233,717,1226,1714,2404,2813,,717,509,488,690,409,3420
6290,716,1201,1689,2426,2838,,716,485,488,737,412,3452
6259,717,1202,1690,2400,2812,,717,485,488,710,412,3447
6266,718,1201,1689,2399,2814,,718,483,488,710,415,3452
6217,716,1202,1688,2398,2813,,716,486,486,710,415,3404
6169,711,1186,1658,2412,2792,,711,475,472,754,380,3377
6105,705,1181,1653,2336,2733,,705,476,472,683,397,3372
6110,709,1206,1679,2338,2735,,709,497,473,659,397,3375
6134,688,1161,1634,2342,2759,,688,473,473,708,417,3375
6114,707,1180,1652,2339,2738,,707,473,472,687,399,3376
6132,705,1180,1651,2365,2760,,705,475,471,714,395,3372
6187,702,1179,1594,2313,2755,,702,477,415,719,442,3432
6385,718,1230,1741,2480,2891,,718,512,511,739,411,3494
6335,703,1186,1676,2441,2892,,703,483,490,765,451,3443
6360,743,1253,1765,2473,2918,,743,510,512,708,445,3442
6339,718,1202,1718,2457,2864,,718,484,516,739,407,3475
6260,716,1200,1677,2377,2814,,716,484,477,700,437,3446
6294,716,1225,1714,2423,2838,,716,509,489,709,415,3456
6236,646,1167,1632,2366,2788,,646,521,465,734,422,3448
6202,717,1201,1689,2417,2756,,717,484,488,728,339,3446
6261,716,1200,1689,2399,2817,,716,484,489,710,418,3444
6285,716,1199,1691,2404,2837,,716,483,492,713,433,3448
6283,716,1212,1700,2411,2834,,716,496,488,711,423,3449
6259,716,1200,1688,2397,2811,,716,484,488,709,414,3448
6262,715,1199,1687,2398,2813,,715,484,488,711,415,3449
6236,719,1202,1691,2400,2813,,719,483,489,709,413,3423
6246,718,1203,1690,2399,2811,,718,485,487,709,412,3435
6213,717,1201,1690,2400,2795,,717,484,489,710,395,3418
6177,705,1178,1648,2359,2779,,705,473,470,711,420,3398
6110,704,1180,1652,2336,2733,,704,476,472,684,397,3377
5887,712,1146,1557,2194,2528,,712,434,411,637,334,3359
5889,706,1135,1551,2196,2521,,706,429,416,645,325,3368
5878,704,1137,1550,2187,2520,,704,433,413,637,333,3358
5880,705,1138,1551,2186,2518,,705,433,413,635,332,3362
5888,704,1138,1550,2187,2520,,704,434,412,637,333,3368
5897,674,1146,1561,2195,2530,,674,472,415,634,335,3367
5884,666,1109,1524,2163,2520,,666,443,415,639,357,3364
5802,679,1085,1482,2107,2425,,679,406,397,625,318,3377
5834,665,1098,1503,2138,2473,,665,433,405,635,335,3361
5891,665,1112,1525,2162,2497,,665,447,413,637,335,3394
5888,710,1144,1557,2194,2526,,710,434,413,637,332,3362
5889,704,1135,1550,2193,2520,,704,431,415,643,327,3369
5882,705,1137,1552,2187,2520,,705,432,415,635,333,3362
5879,704,1140,1550,2186,2519,,704,436,410,636,333,3360
5889,704,1137,1550,2186,2520,,704,433,413,636,334,3369
5942,715,1172,1588,2224,2558,,715,457,416,636,334,3384
5883,704,1135,1549,2184,2509,,704,431,414,635,325,3374
5880,705,1136,1551,2185,2520,,705,431,415,634,335,3360
5854,665,1113,1526,2161,2496,,665,448,413,635,335,3358
5864,665,1112,1527,2162,2497,,665,447,415,635,335,3367
5809,666,1085,1486,2091,2434,,666,419,401,605,343,3375
5890,666,1112,1525,2167,2502,,666,446,413,642,335,3388
5881,704,1135,1551,2187,2520,,704,431,416,636,333,3361
5882,704,1137,1549,2186,2518,,704,433,412,637,332,3364
5886,705,1137,1548,2185,2517,,705,432,411,637,332,3369
5940,713,1198,1611,2247,2579,,713,485,413,636,332,3361
6194,688,1212,1672,2332,2784,,688,524,460,660,452,3410
6262,717,1200,1688,2397,2813,,717,483,488,709,416,3449
6287,715,1179,1661,2421,2838,,715,464,482,760,417,3449
6212,716,1200,1688,2427,2759,,716,484,488,739,332,3453
6279,718,1207,1696,2408,2831,,718,489,489,712,423,3448
6236,716,1199,1666,2372,2814,,716,483,467,706,442,3422
6262,717,1202,1691,2399,2814,,717,485,489,708,415,3448
6303,728,1239,1753,2462,2876,,728,511,514,709,414,3427
6284,716,1200,1689,2397,2842,,716,484,489,708,445,3442
6312,716,1229,1714,2452,2860,,716,513,485,738,408,3452
6311,716,1226,1716,2427,2863,,716,510,490,711,436,3448
6286,716,1199,1688,2396,2842,,716,483,489,708,446,3444
6083,689,1120,1600,2305,2700,,689,431,480,705,395,3383
5914,705,1136,1574,2213,2546,,705,431,438,639,333,3368
5880,704,1137,1552,2187,2520,,704,433,415,635,333,3360
5867,665,1111,1527,2162,2497,,665,446,416,635,335,3370
5913,704,1138,1550,2186,2521,,704,434,412,636,335,3392
5906,705,1135,1551,2186,2533,,705,430,416,635,347,3373
5889,705,1136,1550,2186,2520,,705,431,414,636,334,3369
5882,707,1140,1553,2187,2521,,707,433,413,634,334,3361
5886,704,1137,1550,2187,2520,,704,433,413,637,333,3366
6117,706,1179,1649,2337,2736,,706,473,470,688,399,3381
6049,704,1179,1650,2317,2644,,704,475,471,667,327,3405
6139,706,1182,1653,2365,2763,,706,476,471,712,398,3376
6157,652,1178,1649,2370,2782,,652,526,471,721,412,3375
6119,705,1180,1650,2337,2736,,705,475,470,687,399,3383
6111,705,1179,1649,2337,2735,,705,474,470,688,398,3376
6129,702,1176,1648,2361,2759,,702,474,472,713,398,3370
5938,704,1180,1610,2240,2571,,704,476,430,630,331,3367
6131,655,1181,1637,2346,2761,,655,526,456,709,415,3370
6219,799,1269,1799,2451,2781,,799,470,530,652,330,3438
6246,704,1179,1651,2379,2798,,704,475,472,728,419,3448
6130,703,1176,1647,2334,2752,,703,473,471,687,418,3378
5887,704,1135,1549,2185,2520,,704,431,414,636,335,3367
5857,690,1119,1535,2163,2496,,690,429,416,628,333,3361
5913,703,1138,1552,2186,2533,,703,435,414,634,347,3380
6194,716,1201,1668,2353,2775,,716,485,467,685,422,3419
6264,717,1226,1715,2424,2839,,717,509,489,709,415,3425
6262,716,1200,1687,2414,2837,,716,484,487,727,423,3425
6263,716,1203,1689,2398,2814,,716,487,486,709,416,3449
6286,715,1199,1686,2414,2837,,715,484,487,728,423,3449
6289,716,1201,1689,2398,2842,,716,485,488,709,444,3447
6295,717,1180,1664,2392,2814,,717,463,484,728,422,3481
6237,716,1229,1712,2401,2788,,716,513,483,689,387,3449
6233,718,1243,1728,2419,2814,,718,525,485,691,395,3419
6213,716,1199,1688,2380,2789,,716,483,489,692,409,3424
6286,716,1200,1689,2422,2840,,716,484,489,733,418,3446
6311,717,1226,1713,2451,2864,,717,509,487,738,413,3447
6298,711,1202,1690,2426,2849,,711,491,488,736,423,3449
6261,715,1200,1687,2395,2813,,715,485,487,708,418,3448
6346,725,1233,1721,2460,2899,,725,508,488,739,439,3447
6252,716,1200,1689,2399,2814,,716,484,489,710,415,3438
6262,717,1179,1641,2391,2813,,717,462,462,750,422,3449
6210,715,1224,1713,2423,2760,,715,509,489,710,337,3450
6197,716,1230,1693,2376,2788,,716,514,463,683,412,3409
6111,705,1180,1611,2338,2735,,705,475,431,727,397,3376
5879,705,1137,1551,2186,2520,,705,432,414,635,334,3359
5802,660,1100,1502,2131,2450,,660,440,402,629,319,3352
5918,707,1140,1555,2189,2538,,707,433,415,634,349,3380
5878,679,1136,1550,2186,2518,,679,457,414,636,332,3360
5859,666,1110,1524,2170,2496,,666,444,414,646,326,3363
5881,703,1138,1550,2187,2520,,703,435,412,637,333,3361
5904,706,1135,1560,2189,2520,,706,429,425,629,331,3384
5834,713,1147,1546,2166,2485,,713,434,399,620,319,3349
6073,663,1096,1567,2251,2638,,663,433,471,684,387,3435
6286,715,1199,1688,2422,2837,,715,484,489,734,415,3449
6262,715,1200,1687,2398,2813,,715,485,487,711,415,3449
6262,716,1199,1689,2399,2813,,716,483,490,710,414,3449
6310,727,1226,1714,2437,2859,,727,499,488,723,422,3451
6238,674,1164,1653,2390,2812,,674,490,489,737,422,3426
6263,716,1200,1688,2415,2837,,716,484,488,727,422,3426
6263,719,1203,1691,2400,2814,,719,484,488,709,414,3449
6261,715,1198,1618,2392,2815,,715,483,420,774,423,3446
6263,717,1203,1690,2400,2814,,717,486,487,710,414,3449
6262,717,1203,1690,2400,2815,,717,486,487,710,415,3447
6210,717,1202,1690,2378,2789,,717,485,488,688,411,3421
6262,717,1201,1690,2399,2814,,717,484,489,709,415,3448
6263,719,1204,1692,2402,2815,,719,485,488,710,413,3448
6294,711,1199,1688,2424,2847,,711,488,489,736,423,3447
6287,718,1205,1692,2403,2839,,718,487,487,711,436,3448
6290,718,1228,1716,2426,2841,,718,510,488,710,415,3449
6240,718,1202,1691,2401,2814,,718,484,489,710,413,3426
6197,718,1203,1669,2368,2790,,718,485,466,699,422,3407
6116,705,1179,1609,2338,2735,,705,474,430,729,397,3381
6246,705,1155,1636,2377,2799,,705,450,481,741,422,3447
6224,717,1201,1689,2397,2780,,717,484,488,708,383,3444
6032,705,1182,1612,2323,2649,,705,477,430,711,326,3383
5880,705,1138,1550,2187,2520,,705,433,412,637,333,3360
5885,705,1133,1549,2184,2519,,705,428,416,635,335,3366
5939,711,1147,1579,2219,2555,,711,436,432,640,336,3384
5885,706,1136,1552,2187,2520,,706,430,416,635,333,3365
5857,705,1136,1554,2163,2497,,705,431,418,609,334,3360
5882,704,1138,1551,2190,2520,,704,434,413,639,330,3362
5914,707,1135,1549,2186,2533,,707,428,414,637,347,3381
6201,705,1138,1642,2376,2794,,705,433,504,734,418,3407
6263,716,1200,1687,2397,2812,,716,484,487,710,415,3451
6260,716,1200,1689,2398,2811,,716,484,489,709,413,3449
6287,716,1225,1713,2422,2839,,716,509,488,709,417,3448
6323,740,1224,1712,2424,2847,,740,484,488,712,423,3476
6282,704,1187,1675,2412,2835,,704,483,488,737,423,3447
6232,725,1209,1699,2425,2825,,725,484,490,726,400,3407
6287,716,1200,1687,2427,2839,,716,484,487,740,412,3448
6261,717,1202,1690,2399,2814,,717,485,488,709,415,3447
6262,716,1201,1689,2398,2814,,716,485,488,709,416,3448
6068,716,1166,1589,2266,2652,,716,450,423,677,386,3416
6112,710,1181,1652,2339,2737,,710,471,471,687,398,3375
5888,706,1139,1550,2188,2521,,706,433,411,638,333,3367
5889,672,1113,1554,2191,2523,,672,441,441,637,332,3366
5874,706,1128,1527,2159,2477,,706,422,399,632,318,3397
6043,699,1163,1614,2273,2637,,699,464,451,659,364,3406
6233,717,1258,1722,2430,2836,,717,541,464,708,406,3397
6240,717,1201,1688,2397,2814,,717,484,487,709,417,3426
6262,717,1200,1689,2399,2814,,717,483,489,710,415,3448
6261,715,1200,1687,2396,2813,,715,485,487,709,417,3448
6195,716,1201,1689,2377,2790,,716,485,488,688,413,3405
6112,705,1181,1614,2339,2734,,705,476,433,725,395,3378
5861,705,1136,1551,2163,2495,,705,431,415,612,332,3366
5890,705,1137,1552,2186,2520,,705,432,415,634,334,3370
5886,704,1136,1550,2185,2519,,704,432,414,635,334,3367
6200,704,1149,1618,2357,2793,,704,445,469,739,436,3407
6061,704,1177,1606,2323,2654,,704,473,429,717,331,3407
5894,705,1138,1552,2187,2509,,705,433,414,635,322,3385
6034,713,1171,1585,2233,2628,,713,458,414,648,395,3406
6261,717,1201,1690,2401,2813,,717,484,489,711,412,3448
6261,717,1201,1690,2400,2816,,717,484,489,710,416,3445
6241,716,1200,1691,2400,2813,,716,484,491,709,413,3428
6260,718,1204,1690,2399,2814,,718,486,486,709,415,3446
6286,716,1226,1712,2421,2839,,716,510,486,709,418,3447
6261,703,1151,1659,2392,2813,,703,448,508,733,421,3448
6261,699,1131,1613,2390,2813,,699,432,482,777,423,3448
6285,718,1202,1689,2398,2844,,718,484,487,709,446,3441
6260,716,1201,1688,2397,2813,,716,485,487,709,416,3447
6262,716,1200,1688,2349,2813,,716,484,488,661,464,3449
6260,717,1201,1688,2398,2813,,717,484,487,710,415,3447
6195,717,1225,1692,2341,2789,,717,508,467,649,448,3406
6112,705,1181,1611,2338,2736,,705,476,430,727,398,3376
5886,704,1138,1551,2188,2521,,704,434,413,637,333,3365
5905,705,1137,1549,2186,2518,,705,432,412,637,332,3387
6207,688,1115,1609,2388,2791,,688,427,494,779,403,3416
6241,719,1152,1642,2391,2814,,719,433,490,749,423,3427
6262,717,1199,1690,2398,2813,,717,482,491,708,415,3449
6285,716,1200,1688,2397,2842,,716,484,488,709,445,3443
6261,716,1200,1689,2401,2813,,716,484,489,712,412,3448
6260,716,1200,1690,2398,2813,,716,484,490,708,415,3447
6197,717,1226,1694,2375,2790,,717,509,468,681,415,3407
6112,714,1189,1621,2339,2736,,714,475,432,718,397,3376
5897,707,1142,1551,2188,2521,,707,435,409,637,333,3376
6107,705,1180,1611,2322,2735,,705,475,431,711,413,3372
6195,689,1171,1661,2370,2785,,689,482,490,709,415,3410
6314,719,1184,1696,2446,2863,,719,465,512,750,417,3451
6391,747,1241,1758,2468,2919,,747,494,517,710,451,3472
6284,716,1225,1742,2453,2864,,716,509,517,711,411,3420
6354,716,1236,1751,2484,2905,,716,520,515,733,421,3449
6341,717,1226,1713,2423,2870,,717,509,487,710,447,3471
6194,747,1241,1709,2393,2790,,747,494,468,684,397,3404
6114,706,1181,1653,2341,2738,,706,475,472,688,397,3376
5932,705,1180,1611,2238,2570,,705,475,431,627,332,3362
6189,656,1181,1614,2317,2752,,656,525,433,703,435,3437
6289,689,1201,1686,2423,2814,,689,512,485,737,391,3475
6316,717,1202,1690,2424,2839,,717,485,488,734,415,3477
6260,707,1193,1679,2390,2813,,707,486,486,711,423,3447
6261,717,1200,1690,2399,2812,,717,483,490,709,413,3449
6252,718,1206,1693,2407,2813,,718,488,487,714,406,3439
6309,716,1200,1715,2424,2866,,716,484,515,709,442,3443
6145,717,1229,1692,2375,2744,,717,512,463,683,369,3401
6173,705,1181,1613,2338,2736,,705,476,432,725,398,3437
5832,665,1097,1502,2138,2474,,665,432,405,636,336,3358
5889,665,1111,1526,2162,2509,,665,446,415,636,347,3380
5863,665,1116,1527,2166,2499,,665,451,411,639,333,3364
5874,706,1140,1564,2185,2505,,706,434,424,621,320,3369
5862,715,1137,1535,2166,2484,,715,422,398,631,318,3378
6220,719,1231,1745,2434,2812,,719,512,514,689,378,3408
6264,718,1232,1717,2427,2833,,718,514,485,710,406,3431
6260,718,1202,1690,2399,2814,,718,484,488,709,415,3446
6263,718,1256,1740,2449,2845,,718,538,484,709,396,3418
6316,717,1200,1717,2429,2840,,717,483,517,712,411,3476
6312,716,1200,1719,2456,2864,,716,484,519,737,408,3448
6284,716,1199,1688,2426,2837,,716,483,489,738,411,3447
6291,717,1201,1669,2393,2814,,717,484,468,724,421,3477
6285,715,1199,1644,2419,2838,,715,484,445,775,419,3447
6364,747,1241,1730,2444,2893,,747,494,489,714,449,3471
6312,717,1225,1714,2452,2863,,717,508,489,738,411,3449
6262,717,1201,1690,2402,2815,,717,484,489,712,413,3447
6285,716,1199,1688,2398,2843,,716,483,489,710,445,3442
6197,719,1202,1671,2370,2790,,719,483,469,699,420,3407
6110,706,1181,1611,2340,2737,,706,475,430,729,397,3373
5832,672,1091,1502,2138,2474,,672,419,411,636,336,3358
5856,665,1113,1527,2162,2494,,665,448,414,635,332,3362
6115,665,1113,1570,2254,2686,,665,448,457,684,432,3429
6210,718,1204,1684,2380,2805,,718,486,480,696,425,3405
5990,715,1156,1627,2297,2635,,715,441,471,670,338,3355
5881,704,1137,1551,2188,2521,,704,433,414,637,333,3360
5911,706,1163,1577,2213,2546,,706,457,414,636,333,3365
5890,705,1138,1553,2188,2521,,705,433,415,635,333,3369
5887,705,1135,1551,2187,2520,,705,430,416,636,333,3367
5897,706,1136,1552,2188,2522,,706,430,416,636,334,3375
5916,713,1148,1560,2197,2530,,713,435,412,637,333,3386
5905,706,1137,1551,2187,2534,,706,431,414,636,347,3371
6138,706,1137,1617,2302,2709,,706,431,480,685,407,3429
6210,719,1203,1638,2383,2805,,719,484,435,745,422,3405
6149,715,1172,1652,2350,2735,,715,457,480,698,385,3414
6315,718,1255,1739,2448,2865,,718,537,484,709,417,3450
6313,717,1229,1713,2451,2864,,717,512,484,738,413,3449
6261,716,1199,1688,2397,2813,,716,483,489,709,416,3448
6261,717,1226,1714,2454,2843,,717,509,488,740,389,3418
6341,718,1230,1715,2452,2864,,718,512,485,737,412,3477
6286,716,1228,1713,2423,2839,,716,512,485,710,416,3447
6200,666,1168,1683,2372,2790,,666,502,515,689,418,3410
6174,718,1202,1669,2368,2789,,718,484,467,699,421,3385
6189,719,1198,1627,2315,2729,,719,479,429,688,414,3460
6312,718,1226,1715,2372,2842,,718,508,489,657,470,3470
6262,719,1203,1691,2401,2815,,719,484,488,710,414,3447
6263,717,1200,1690,2399,2815,,717,483,490,709,416,3448
6315,718,1205,1722,2472,2890,,718,487,517,750,418,3425
6213,718,1203,1690,2379,2791,,718,485,487,689,412,3422
6261,718,1231,1716,2454,2866,,718,513,485,738,412,3395
6133,703,1177,1648,2365,2759,,703,474,471,717,394,3374
5915,706,1138,1551,2187,2523,,706,432,413,636,336,3392
5890,706,1138,1552,2194,2523,,706,432,414,642,329,3367
5946,704,1138,1551,2191,2534,,704,434,413,640,343,3412
6170,716,1182,1640,2369,2776,,716,466,458,729,407,3394
6285,719,1231,1716,2425,2840,,719,512,485,709,415,3445
6288,705,1191,1680,2392,2843,,705,486,489,712,451,3445
6287,718,1201,1717,2425,2840,,718,483,516,708,415,3447
6311,747,1271,1818,2509,2890,,747,524,547,691,381,3421
6288,717,1201,1690,2427,2840,,717,484,489,737,413,3448
6317,717,1201,1718,2427,2839,,717,484,517,709,412,3478
6280,720,1218,1705,2428,2850,,720,498,487,723,422,3430
6240,717,1200,1669,2368,2814,,717,483,469,699,446,3426
6189,718,1181,1626,2381,2747,,718,463,445,755,366,3442
6261,717,1200,1661,2421,2816,,717,483,461,760,395,3445
6261,717,1202,1689,2398,2815,,717,485,487,709,417,3446
6263,717,1202,1690,2399,2813,,717,485,488,709,414,3450
6262,718,1201,1689,2398,2814,,718,483,488,709,416,3448
6293,718,1202,1692,2400,2814,,718,484,490,708,414,3479
6314,717,1231,1742,2452,2866,,717,514,511,710,414,3448
6282,718,1228,1716,2426,2840,,718,510,488,710,414,3442
6242,719,1203,1691,2400,2815,,719,484,488,709,415,3427
6176,718,1181,1640,2352,2751,,718,463,459,712,399,3425
6069,706,1181,1611,2325,2650,,706,475,430,714,325,3419
6020,663,1104,1524,2217,2599,,663,441,420,693,382,3421
6267,718,1202,1689,2399,2816,,718,484,487,710,417,3451
6262,716,1199,1688,2396,2813,,716,483,489,708,417,3449
6285,716,1200,1718,2427,2839,,716,484,518,709,412,3446
6262,717,1201,1688,2398,2813,,717,484,487,710,415,3449
6263,716,1200,1687,2397,2815,,716,484,487,710,418,3448
6285,717,1201,1689,2414,2837,,717,484,488,725,423,3448
6241,716,1200,1689,2399,2814,,716,484,489,710,415,3427
6116,674,1150,1616,2358,2751,,674,476,466,742,393,3365
6117,705,1181,1612,2323,2734,,705,476,431,711,411,3383
6194,667,1166,1633,2367,2776,,667,499,467,734,409,3418
6242,717,1201,1689,2398,2815,,717,484,488,709,417,3427
6262,718,1202,1690,2399,2818,,718,484,488,709,419,3444
6261,717,1203,1692,2401,2815,,717,486,489,709,414,3446
6264,717,1200,1692,2401,2815,,717,483,492,709,414,3449
6288,718,1202,1691,2400,2844,,718,484,489,709,444,3444
6309,751,1240,1726,2438,2861,,751,489,486,712,423,3448
6265,718,1229,1715,2425,2840,,718,511,486,710,415,3425
6201,719,1182,1642,2352,2751,,719,463,460,710,399,3450
6119,707,1182,1613,2323,2738,,707,475,431,710,415,3381
6113,666,1155,1584,2262,2662,,666,489,429,678,400,3451
6317,718,1226,1714,2423,2841,,718,508,488,709,418,3476
6263,717,1146,1638,2393,2814,,717,429,492,755,421,3449
6289,718,1226,1714,2422,2840,,718,508,488,708,418,3449
6262,716,1200,1688,2400,2814,,716,484,488,712,414,3448
6290,717,1201,1690,2429,2840,,717,484,489,739,411,3450
6241,718,1202,1688,2398,2815,,718,484,486,710,417,3426
6224,719,1183,1641,2368,2778,,719,464,458,727,410,3446
6072,710,1186,1640,2345,2675,,710,476,454,705,330,3397
5891,705,1138,1554,2189,2523,,705,433,416,635,334,3368
5908,665,1116,1549,2193,2522,,665,451,433,644,329,3386
5881,706,1138,1553,2188,2521,,706,432,415,635,333,3360
6141,665,1110,1592,2315,2726,,665,445,482,723,411,3415
6288,718,1227,1716,2425,2840,,718,509,489,709,415,3448
6265,717,1202,1689,2398,2815,,717,485,487,709,417,3450
6211,716,1201,1688,2397,2794,,716,485,487,709,397,3417
6264,718,1201,1691,2401,2815,,718,483,490,710,414,3449
6238,717,1202,1690,2400,2795,,717,485,488,710,395,3443
6202,720,1229,1719,2395,2760,,720,509,490,676,365,3442
6118,706,1180,1651,2339,2737,,706,474,471,688,398,3381
6115,667,1098,1546,2233,2666,,667,431,448,687,433,3449
6289,718,1202,1690,2398,2815,,718,484,488,708,417,3474
6262,718,1201,1689,2398,2818,,718,483,488,709,420,3444
6263,717,1203,1691,2399,2816,,717,486,488,708,417,3447
6262,716,1200,1688,2398,2816,,716,484,488,710,418,3446
6211,717,1201,1692,2401,2793,,717,484,491,709,392,3418
6135,675,1155,1628,2343,2760,,675,480,473,715,417,3375
5907,705,1140,1574,2213,2547,,705,435,434,639,334,3360
5956,706,1136,1552,2187,2529,,706,430,416,635,342,3427
6293,719,1203,1690,2378,2817,,719,484,487,688,439,3476
6101,678,1115,1594,2241,2643,,678,437,479,647,402,3458
6110,707,1181,1611,2324,2737,,707,474,430,713,413,3373
6245,705,1135,1627,2379,2798,,705,430,492,752,419,3447
6284,718,1213,1700,2442,2861,,718,495,487,742,419,3423
6289,719,1227,1716,2426,2841,,719,508,489,710,415,3448
6262,716,1201,1688,2397,2815,,716,485,487,709,418,3447
6288,727,1218,1705,2418,2840,,727,491,487,713,422,3448
6242,718,1202,1691,2401,2815,,718,484,489,710,414,3427
6201,720,1204,1691,2379,2777,,720,484,487,688,398,3424
6121,706,1186,1656,2339,2739,,706,480,470,683,400,3382
5961,706,1140,1560,2187,2552,,706,434,420,627,365,3409
6262,716,1198,1687,2396,2813,,716,482,489,709,417,3449
6262,716,1200,1689,2399,2815,,716,484,489,710,416,3447
6225,717,1225,1741,2433,2802,,717,508,516,692,369,3423
6116,706,1182,1654,2341,2737,,706,476,472,687,396,3379
5883,706,1138,1552,2188,2522,,706,432,414,636,334,3361
5848,665,1109,1526,2159,2479,,665,444,417,633,320,3369
6098,668,1137,1595,2281,2672,,668,469,458,686,391,3426
6238,718,1201,1689,2398,2795,,718,483,488,709,397,3443
6262,718,1201,1670,2420,2820,,718,483,469,750,400,3442
6070,717,1181,1660,2328,2626,,717,464,479,668,298,3444
6035,707,1183,1613,2325,2651,,707,476,430,712,326,3384
5886,705,1139,1537,2163,2500,,705,434,398,626,337,3386
6108,705,1137,1594,2282,2695,,705,432,457,688,413,3413
6262,718,1202,1689,2397,2815,,718,484,487,708,418,3447
6263,718,1202,1691,2400,2816,,718,484,489,709,416,3447
6211,717,1146,1628,2382,2808,,717,429,482,754,426,3403
6043,706,1181,1609,2315,2648,,706,475,428,706,333,3395
5891,706,1140,1552,2189,2523,,706,434,412,637,334,3368
5895,705,1137,1553,2191,2524,,705,432,416,638,333,3371
5883,705,1140,1552,2191,2522,,705,435,412,639,331,3361
5884,706,1136,1551,2189,2521,,706,430,415,638,332,3363
5887,670,1112,1528,2169,2499,,670,442,416,641,330,3388
5892,707,1139,1553,2189,2523,,707,432,414,636,334,3369
5891,707,1139,1553,2190,2523,,707,432,414,637,333,3368
5879,706,1136,1551,2187,2520,,706,430,415,636,333,3359
6067,667,1112,1586,2253,2619,,667,445,474,667,366,3448
6268,719,1227,1715,2425,2842,,719,508,488,710,417,3426
6212,719,1203,1691,2401,2797,,719,484,488,710,396,3415
6201,718,1203,1691,2385,2764,,718,485,488,694,379,3437
6060,706,1181,1611,2325,2650,,706,475,430,714,325,3410
5877,707,1140,1553,2188,2521,,707,433,413,635,333,3356
6060,705,1163,1600,2319,2648,,705,458,437,719,329,3412
5912,707,1163,1575,2212,2545,,707,456,412,637,333,3367
5932,706,1139,1553,2189,2523,,706,433,414,636,334,3409
6193,719,1215,1683,2350,2773,,719,496,468,667,423,3420
6225,706,1178,1659,2376,2799,,706,472,481,717,423,3426
6263,718,1202,1689,2398,2816,,718,484,487,709,418,3447
6237,717,1202,1690,2398,2795,,717,485,488,708,397,3442
6263,718,1202,1690,2400,2815,,718,484,488,710,415,3448
6225,717,1202,1670,2368,2775,,717,485,468,698,407,3450
6112,705,1182,1653,2339,2736,,705,477,471,686,397,3376
5887,707,1139,1553,2191,2522,,707,432,414,638,331,3365
5913,707,1141,1552,2188,2522,,707,434,411,636,334,3391
5880,707,1139,1551,2189,2523,,707,432,412,638,334,3357
5857,707,1139,1553,2165,2498,,707,432,414,612,333,3359
6189,705,1156,1595,2315,2749,,705,451,439,720,434,3440
6289,719,1233,1715,2425,2840,,719,514,482,710,415,3449
6270,717,1201,1689,2398,2794,,717,484,488,709,396,3476
6287,746,1230,1718,2427,2841,,746,484,488,709,414,3446
6126,716,1200,1667,2289,2662,,716,484,467,622,373,3464
6136,707,1181,1653,2384,2762,,707,474,472,731,378,3374
6114,707,1181,1652,2341,2739,,707,474,471,689,398,3375
6113,707,1182,1655,2342,2737,,707,475,473,687,395,3376
6132,705,1180,1651,2365,2761,,705,475,471,714,396,3371
6130,704,1177,1649,2363,2760,,704,473,472,714,397,3370
6114,701,1147,1583,2288,2705,,701,446,436,705,417,3409
6196,748,1190,1681,2348,2788,,748,442,491,667,440,3408
6366,744,1255,1768,2503,2889,,744,511,513,735,386,3477
6291,718,1201,1690,2400,2815,,718,483,489,710,415,3476
6190,718,1201,1669,2333,2748,,718,483,468,664,415,3442
6291,718,1232,1716,2426,2841,,718,514,484,710,415,3450
6251,748,1220,1665,2382,2804,,748,472,445,717,422,3447
6137,706,1181,1654,2339,2764,,706,475,473,685,425,3373
5882,708,1139,1551,2189,2521,,708,431,412,638,332,3361
5881,708,1137,1557,2190,2522,,708,429,420,633,332,3359
5933,707,1137,1552,2200,2550,,707,430,415,648,350,3383
5883,705,1139,1554,2189,2522,,705,434,415,635,333,3361
5886,705,1138,1551,2187,2520,,705,433,413,636,333,3366
5887,708,1141,1554,2190,2522,,708,433,413,636,332,3365
5890,707,1139,1553,2189,2523,,707,432,414,636,334,3367
5857,666,1115,1528,2164,2497,,666,449,413,636,333,3360
5887,667,1114,1530,2161,2514,,667,447,416,631,353,3373
5887,706,1141,1553,2190,2523,,706,435,412,637,333,3364
5886,706,1140,1553,2189,2522,,706,434,413,636,333,3364
5910,706,1140,1553,2190,2523,,706,434,413,637,333,3387
6263,704,1157,1623,2369,2837,,704,453,466,746,468,3426
6317,718,1227,1716,2426,2840,,718,509,489,710,414,3477
6289,719,1203,1690,2401,2843,,719,484,487,711,442,3446
6273,717,1201,1689,2397,2814,,717,484,488,708,417,3459
6162,717,1202,1670,2369,2746,,717,485,468,699,377,3416
6291,719,1228,1716,2426,2842,,719,509,488,710,416,3449
6197,717,1205,1665,2367,2790,,717,488,460,702,423,3407
6289,720,1231,1718,2428,2842,,720,511,487,710,414,3447
6274,726,1212,1698,2426,2849,,726,486,486,728,423,3425
6197,720,1204,1671,2370,2792,,720,484,467,699,422,3405
6224,720,1205,1692,2419,2821,,720,485,487,727,402,3403
6314,720,1231,1746,2457,2868,,720,511,515,711,411,3446
6241,719,1203,1691,2401,2816,,719,484,488,710,415,3425
6265,719,1204,1693,2402,2817,,719,485,489,709,415,3448
6212,718,1203,1669,2368,2791,,718,485,466,699,423,3421
6243,719,1203,1693,2402,2817,,719,484,490,709,415,3426
6147,719,1203,1691,2360,2753,,719,484,488,669,393,3394
5851,656,1129,1548,2162,2481,,656,473,419,614,319,3370
5936,709,1142,1578,2217,2551,,709,433,436,639,334,3385
5880,707,1138,1553,2189,2521,,707,431,415,636,332,3359
5940,712,1146,1582,2227,2589,,712,434,436,645,362,3351
5883,707,1139,1555,2190,2524,,707,432,416,635,334,3359
5885,705,1139,1551,2188,2520,,705,434,412,637,332,3365
5886,705,1136,1551,2187,2520,,705,431,415,636,333,3366
5876,707,1141,1552,2189,2519,,707,434,411,637,330,3357
5893,715,1150,1563,2198,2531,,715,435,413,635,333,3362
5889,708,1140,1553,2165,2507,,708,432,413,612,342,3382
5895,706,1141,1554,2188,2524,,706,435,413,634,336,3371
5879,705,1135,1550,2187,2519,,705,430,415,637,332,3360
5881,666,1112,1528,2163,2499,,666,446,416,635,336,3382
5812,657,1089,1489,2119,2443,,657,432,400,630,324,3369
5913,708,1141,1560,2190,2536,,708,433,419,630,346,3377
5886,708,1140,1553,2189,2524,,708,432,413,636,335,3362
5890,707,1139,1555,2190,2524,,707,432,416,635,334,3366
5889,707,1139,1554,2189,2522,,707,432,415,635,333,3367
5948,716,1174,1589,2224,2558,,716,458,415,635,334,3390
5837,668,1090,1501,2139,2472,,668,422,411,638,333,3365
5892,705,1136,1552,2188,2521,,705,431,416,636,333,3371
5883,706,1140,1553,2189,2521,,706,434,413,636,332,3362
5884,706,1142,1554,2190,2523,,706,436,412,636,333,3361
5974,689,1131,1570,2226,2549,,689,442,439,656,323,3425
6159,707,1181,1654,2338,2759,,707,474,473,684,421,3400
5860,666,1113,1529,2164,2498,,666,447,416,635,334,3362
5859,663,1120,1525,2162,2496,,663,457,405,637,334,3363
5861,666,1113,1529,2163,2497,,666,447,416,634,334,3364
6287,718,1203,1691,2418,2841,,718,485,488,727,423,3446
6266,718,1202,1691,2400,2791,,718,484,489,709,391,3475
6234,716,1201,1718,2407,2814,,716,485,517,689,407,3420
6238,709,1196,1713,2399,2820,,709,487,517,686,421,3418
6265,719,1204,1716,2388,2816,,719,485,512,672,428,3449
6154,718,1202,1671,2353,2731,,718,484,469,682,378,3423
6135,707,1184,1655,2383,2761,,707,477,471,728,378,3374
5958,705,1180,1611,2238,2572,,705,475,431,627,334,3386
5936,707,1180,1608,2239,2573,,707,473,428,631,334,3363
6174,705,1179,1651,2324,2737,,705,474,472,673,413,3437
6216,709,1181,1652,2379,2798,,709,472,471,727,419,3418
6138,706,1182,1654,2383,2771,,706,476,472,729,388,3367
5938,708,1140,1575,2217,2549,,708,432,435,642,332,3389
5908,706,1139,1553,2189,2524,,706,433,414,636,335,3384
5908,707,1142,1554,2188,2523,,707,435,412,634,335,3385
5888,707,1140,1554,2189,2522,,707,433,414,635,333,3366
5883,706,1140,1552,2189,2521,,706,434,412,637,332,3362
5880,707,1140,1553,2189,2522,,707,433,413,636,333,3358
5889,706,1140,1554,2190,2523,,706,434,414,636,333,3366
5888,706,1140,1552,2189,2523,,706,434,412,637,334,3365
5882,706,1139,1554,2188,2522,,706,433,415,634,334,3360
5935,706,1164,1576,2213,2548,,706,458,412,637,335,3387
5910,705,1138,1552,2187,2523,,705,433,414,635,336,3387
5852,679,1106,1506,2135,2481,,679,427,400,629,346,3371
5881,667,1114,1530,2166,2498,,667,447,416,636,332,3383
5875,673,1104,1534,2159,2505,,673,431,430,625,346,3370
5885,708,1142,1557,2192,2526,,708,434,415,635,334,3359
5909,707,1141,1560,2191,2524,,707,434,419,631,333,3385
5888,707,1139,1553,2190,2522,,707,432,414,637,332,3366
5888,708,1140,1554,2192,2525,,708,432,414,638,333,3363
5882,708,1139,1552,2192,2524,,708,431,413,640,332,3358
5884,710,1131,1535,2165,2500,,710,421,404,630,335,3384
5834,667,1099,1505,2140,2472,,667,432,406,635,332,3362
5857,667,1116,1528,2165,2500,,667,449,412,637,335,3357
5883,708,1141,1554,2190,2525,,708,433,413,636,335,3358
5851,711,1135,1534,2159,2478,,711,424,399,625,319,3373
5939,708,1142,1559,2197,2550,,708,434,417,638,353,3389
5888,707,1139,1554,2189,2523,,707,432,415,635,334,3365
5868,707,1141,1554,2166,2498,,707,434,413,612,332,3370
5865,665,1114,1530,2168,2498,,665,449,416,638,330,3367
5859,666,1112,1528,2163,2498,,666,446,416,635,335,3361
5887,668,1114,1528,2167,2498,,668,446,414,639,331,3389
5895,665,1113,1527,2164,2511,,665,448,414,637,347,3384
5882,666,1112,1527,2164,2521,,666,446,415,637,357,3361
5883,666,1112,1527,2164,2498,,666,446,415,637,334,3385
5861,667,1117,1529,2165,2499,,667,450,412,636,334,3362
5857,667,1113,1529,2165,2498,,667,446,416,636,333,3359
5885,667,1113,1530,2166,2499,,667,446,417,636,333,3386
5889,667,1115,1530,2164,2511,,667,448,415,634,347,3378
5862,670,1117,1529,2166,2499,,670,447,412,637,333,3363
5858,670,1117,1528,2166,2499,,670,447,411,638,333,3359
5916,674,1147,1561,2197,2531,,674,473,414,636,334,3385
6312,718,1229,1715,2424,2869,,718,511,486,709,445,3443
6244,718,1183,1665,2394,2816,,718,465,482,729,422,3428
6494,749,1261,1848,2586,3017,,749,512,587,738,431,3477
6113,718,1145,1616,2308,2728,,718,427,471,692,420,3385
5909,708,1141,1575,2219,2549,,708,433,434,644,330,3360
5908,707,1140,1552,2188,2523,,707,433,412,636,335,3385
5890,706,1141,1554,2189,2523,,706,435,413,635,334,3367
5889,708,1140,1553,2190,2525,,708,432,413,637,335,3364
5876,707,1132,1531,2158,2502,,707,425,399,627,344,3374
5886,710,1141,1554,2191,2526,,710,431,413,637,335,3360
5885,706,1140,1552,2190,2523,,706,434,412,638,333,3362
5907,707,1137,1556,2188,2523,,707,430,419,632,335,3384
5883,707,1140,1552,2188,2523,,707,433,412,636,335,3360
5900,706,1139,1552,2184,2528,,706,433,413,632,344,3372
5885,669,1115,1530,2167,2503,,669,446,415,637,336,3382
5857,668,1113,1529,2164,2499,,668,445,416,635,335,3358
5863,668,1115,1531,2166,2499,,668,447,416,635,333,3364
5860,666,1113,1533,2166,2497,,666,447,420,633,331,3363
5861,666,1113,1527,2164,2498,,666,447,414,637,334,3363
5859,666,1113,1529,2168,2497,,666,447,416,639,329,3362
6098,643,1150,1598,2258,2659,,643,507,448,660,401,3439
6213,719,1125,1617,2393,2797,,719,406,492,776,404,3416
6290,747,1235,1720,2430,2842,,747,488,485,710,412,3448
6315,749,1223,1737,2445,2867,,749,474,514,708,422,3448
6293,718,1204,1691,2400,2817,,718,486,487,709,417,3476
6260,717,1202,1689,2398,2814,,717,485,487,709,416,3446
6290,719,1204,1693,2402,2847,,719,485,489,709,445,3443
6087,716,1189,1606,2280,2699,,716,473,417,674,419,3388
5928,707,1188,1618,2236,2580,,707,481,430,618,344,3348
5912,707,1141,1554,2190,2524,,707,434,413,636,334,3388
5887,706,1140,1551,2188,2522,,706,434,411,637,334,3365
5887,708,1141,1557,2190,2523,,708,433,416,633,333,3364
5908,706,1139,1553,2190,2522,,706,433,414,637,332,3386
5887,708,1141,1554,2195,2526,,708,433,413,641,331,3361
5888,707,1140,1552,2194,2526,,707,433,412,642,332,3362
5910,708,1139,1543,2167,2501,,708,431,404,624,334,3409
6195,716,1202,1691,2380,2785,,716,486,489,689,405,3410
6223,723,1206,1695,2401,2816,,723,483,489,706,415,3407
6192,704,1177,1663,2371,2788,,704,473,486,708,417,3404
6288,719,1204,1693,2430,2867,,719,485,489,737,437,3421
6265,720,1205,1694,2404,2818,,720,485,489,710,414,3447
6252,720,1205,1676,2384,2807,,720,485,471,708,423,3445
6059,710,1184,1614,2326,2653,,710,474,430,712,327,3406
5894,708,1140,1554,2194,2524,,708,432,414,640,330,3370
5882,707,1140,1553,2195,2522,,707,433,413,642,327,3360
5909,707,1141,1556,2189,2524,,707,434,415,633,335,3385
5888,706,1140,1552,2190,2524,,706,434,412,638,334,3364
5885,707,1140,1553,2191,2524,,707,433,413,638,333,3361
6106,707,1182,1661,2340,2738,,707,475,479,679,398,3368
6372,747,1239,1754,2493,2891,,747,492,515,739,398,3481
6289,721,1230,1718,2427,2843,,721,509,488,709,416,3446
6319,720,1203,1613,2423,2842,,720,483,410,810,419,3477
6351,725,1208,1698,2454,2872,,725,483,490,756,418,3479
6208,719,1182,1666,2394,2816,,719,463,484,728,422,3392
6138,706,1182,1654,2340,2758,,706,476,472,686,418,3380
5929,703,1177,1606,2238,2568,,703,474,429,632,330,3361
5939,709,1182,1610,2241,2574,,709,473,428,631,333,3365
5968,708,1182,1611,2242,2574,,708,474,429,631,332,3394
6211,709,1183,1661,2383,2804,,709,474,478,722,421,3407
6136,704,1179,1652,2340,2756,,704,475,473,688,416,3380
5885,706,1140,1553,2189,2524,,706,434,413,636,335,3361
5827,677,1093,1503,2140,2470,,677,416,410,637,330,3357
5736,643,1046,1442,2071,2391,,643,403,396,629,320,3345
5879,711,1143,1557,2190,2524,,711,432,414,633,334,3355
5908,709,1139,1554,2191,2524,,709,430,415,637,333,3384
5907,710,1141,1554,2190,2524,,710,431,413,636,334,3383
5863,671,1113,1529,2165,2499,,671,442,416,636,334,3364
5887,707,1142,1553,2190,2523,,707,435,411,637,333,3364
5886,709,1140,1555,2192,2524,,709,431,415,637,332,3362
5884,705,1139,1553,2189,2521,,705,434,414,636,332,3363
5884,708,1141,1553,2189,2524,,708,433,412,636,335,3360
5885,707,1140,1555,2192,2524,,707,433,415,637,332,3361
5925,705,1160,1573,2207,2542,,705,455,413,634,335,3383
5889,708,1139,1554,2190,2528,,708,431,415,636,338,3361
5884,706,1139,1551,2188,2521,,706,433,412,637,333,3363
5891,707,1141,1554,2191,2524,,707,434,413,637,333,3367
6115,708,1183,1653,2342,2739,,708,475,470,689,397,3376
6137,668,1158,1629,2346,2758,,668,490,471,717,412,3379
6110,707,1183,1655,2343,2738,,707,476,472,688,395,3372
6111,706,1182,1654,2341,2740,,706,476,472,687,399,3371
6108,708,1182,1652,2341,2739,,708,474,470,689,398,3369
6129,704,1179,1653,2365,2761,,704,475,474,712,396,3368
5933,706,1181,1612,2241,2574,,706,475,431,629,333,3359
5962,706,1181,1612,2264,2601,,706,475,431,652,337,3361
5963,709,1183,1612,2246,2575,,709,474,429,634,329,3388
6112,705,1181,1608,2316,2650,,705,476,427,708,334,3462
6351,727,1212,1698,2455,2874,,727,485,486,757,419,3477
6251,711,1223,1708,2447,2845,,711,512,485,739,398,3406
6136,706,1180,1650,2381,2762,,706,474,470,731,381,3374
5911,706,1141,1577,2217,2550,,706,435,436,640,333,3361
5896,707,1140,1554,2190,2524,,707,433,414,636,334,3372
5884,707,1140,1553,2190,2527,,707,433,413,637,337,3357
5883,707,1140,1554,2190,2523,,707,433,414,636,333,3360
5882,706,1140,1553,2190,2524,,706,434,413,637,334,3358
5885,708,1141,1554,2190,2523,,708,433,413,636,333,3362
5888,714,1148,1561,2195,2529,,714,434,413,634,334,3359
5894,715,1148,1563,2197,2531,,715,433,415,634,334,3363
5851,667,1105,1521,2161,2480,,667,438,416,640,319,3371
5906,705,1140,1553,2188,2526,,705,435,413,635,338,3380
6020,647,1143,1588,2249,2610,,647,496,445,661,361,3410
6194,719,1202,1695,2382,2788,,719,483,493,687,406,3406
6199,720,1205,1671,2369,2793,,720,485,466,698,424,3406
6201,721,1230,1677,2373,2794,,721,509,447,696,421,3407
6203,720,1203,1693,2370,2754,,720,483,490,677,384,3449
6106,707,1183,1655,2340,2738,,707,476,472,685,398,3368
5909,708,1142,1555,2190,2525,,708,434,413,635,335,3384
5883,705,1136,1551,2187,2522,,705,431,415,636,335,3361
6157,690,1117,1612,2386,2797,,690,427,495,774,411,3360
6244,721,1206,1676,2344,2817,,721,485,470,668,473,3427
6291,720,1233,1717,2426,2843,,720,513,484,709,417,3448
6346,718,1202,1721,2455,2891,,718,484,519,734,436,3455
6239,720,1204,1614,2395,2800,,720,484,410,781,405,3439
6163,731,1208,1680,2381,2805,,731,477,472,701,424,3358
6143,708,1182,1654,2341,2762,,708,474,472,687,421,3381
6134,706,1180,1653,2365,2762,,706,474,473,712,397,3372
5953,705,1179,1609,2240,2571,,705,474,430,631,331,3382
5933,707,1181,1611,2242,2574,,707,474,430,631,332,3359
6144,648,1083,1509,2223,2661,,648,435,426,714,438,3483
6264,719,1204,1691,2429,2817,,719,485,487,738,388,3447
6289,718,1202,1692,2430,2842,,718,484,490,738,412,3447
6264,718,1202,1690,2400,2816,,718,484,488,710,416,3448
6140,719,1204,1613,2310,2654,,719,485,409,697,344,3486
6321,746,1229,1718,2428,2840,,746,483,489,710,412,3481
6292,719,1203,1689,2380,2816,,719,484,486,691,436,3476
6265,719,1204,1692,2401,2817,,719,485,488,709,416,3448
6318,718,1231,1717,2426,2842,,718,513,486,709,416,3476
6171,709,1191,1663,2414,2797,,709,482,472,751,383,3374
6111,709,1140,1564,2217,2632,,709,431,424,653,415,3479
6298,717,1233,1745,2454,2839,,717,516,512,709,385,3459
6364,746,1255,1772,2509,2916,,746,509,517,737,407,3448
6277,718,1202,1718,2455,2835,,718,484,516,737,380,3442
6109,707,1184,1616,2340,2739,,707,477,432,724,399,3370
5911,709,1145,1555,2194,2525,,709,436,410,639,331,3386
5887,708,1165,1578,2190,2524,,708,457,413,612,334,3363
5874,708,1141,1553,2192,2519,,708,433,412,639,327,3355
5910,708,1143,1554,2192,2527,,708,435,411,638,335,3383
5958,690,1178,1607,2262,2598,,690,488,429,655,336,3360
5887,707,1141,1553,2195,2523,,707,434,412,642,328,3364
5890,709,1141,1556,2191,2523,,709,432,415,635,332,3367
5911,708,1140,1576,2216,2550,,708,432,436,640,334,3361
5920,706,1138,1554,2189,2525,,706,432,416,635,336,3395
5909,705,1140,1575,2216,2549,,705,435,435,641,333,3360
5877,708,1143,1554,2185,2528,,708,435,411,631,343,3349
5889,708,1145,1558,2190,2524,,708,437,413,632,334,3365
5857,666,1112,1528,2163,2497,,666,446,416,635,334,3360
5890,672,1144,1561,2195,2530,,672,472,417,634,335,3360
5893,665,1160,1567,2199,2520,,665,495,407,632,321,3373
6197,721,1204,1692,2380,2789,,721,483,488,688,409,3408
6342,750,1245,1734,2445,2898,,750,495,489,711,453,3444
6265,720,1209,1694,2403,2817,,720,489,485,709,414,3448
6288,748,1236,1722,2431,2873,,748,488,486,709,442,3415
6139,710,1208,1680,2384,2762,,710,498,472,704,378,3377
6110,707,1182,1655,2342,2738,,707,475,473,687,396,3372
6112,707,1184,1657,2341,2738,,707,477,473,684,397,3374
6134,706,1184,1656,2365,2765,,706,478,472,709,400,3369
5932,705,1180,1611,2238,2573,,705,475,431,627,335,3359
5875,655,1129,1545,2187,2505,,655,474,416,642,318,3370
6085,707,1207,1678,2322,2656,,707,500,471,644,334,3429
6227,707,1182,1655,2343,2802,,707,475,473,688,459,3425
6139,707,1182,1654,2383,2761,,707,475,472,729,378,3378
5908,706,1141,1574,2216,2548,,706,435,433,642,332,3360
5910,707,1141,1553,2189,2524,,707,434,412,636,335,3386
5911,708,1141,1557,2191,2528,,708,433,416,634,337,3383
5886,707,1140,1553,2190,2523,,707,433,413,637,333,3363
6083,705,1181,1653,2340,2675,,705,476,472,687,335,3408
5886,708,1142,1555,2191,2524,,708,434,413,636,333,3362
5881,704,1138,1563,2188,2522,,704,434,425,625,334,3359
5910,708,1141,1555,2192,2535,,708,433,414,637,343,3375
5891,709,1143,1558,2192,2526,,709,434,415,634,334,3365
5887,707,1142,1555,2191,2525,,707,435,413,636,334,3362
5884,710,1141,1554,2190,2526,,710,431,413,636,336,3358
5859,668,1115,1528,2165,2500,,668,447,413,637,335,3359
5860,670,1114,1530,2170,2501,,670,444,416,640,331,3359
5863,670,1115,1530,2167,2501,,670,445,415,637,334,3362
5868,709,1140,1545,2167,2499,,709,431,405,622,332,3369
6033,707,1181,1609,2315,2648,,707,474,428,706,333,3385
5911,689,1160,1588,2220,2550,,689,471,428,632,330,3361
5916,708,1141,1554,2191,2524,,708,433,413,637,333,3392
5889,709,1141,1556,2192,2525,,709,432,415,636,333,3364
5887,709,1140,1553,2191,2524,,709,431,413,638,333,3363
5881,705,1140,1555,2189,2522,,705,435,415,634,333,3359
5913,709,1142,1556,2191,2539,,709,433,414,635,348,3374
5885,707,1140,1554,2193,2524,,707,433,414,639,331,3361
5889,707,1141,1555,2191,2526,,707,434,414,636,335,3363
5849,707,1132,1530,2159,2503,,707,425,398,629,344,3346
5863,669,1117,1532,2168,2501,,669,448,415,636,333,3362
5857,666,1114,1528,2166,2497,,666,448,414,638,331,3360
5865,669,1115,1529,2165,2489,,669,446,414,636,324,3376
5864,669,1116,1530,2166,2488,,669,447,414,636,322,3376
5861,671,1113,1532,2165,2500,,671,442,419,633,335,3361
5884,707,1141,1559,2190,2525,,707,434,418,631,335,3359
5913,708,1143,1557,2192,2529,,708,435,414,635,337,3384
5884,706,1141,1552,2193,2522,,706,435,411,641,329,3362
5888,708,1142,1556,2190,2512,,708,434,414,634,322,3376
5909,709,1140,1555,2191,2525,,709,431,415,636,334,3384
5882,705,1138,1551,2189,2522,,705,433,413,638,333,3360
5935,708,1148,1554,2204,2553,,708,440,406,650,349,3382
5885,707,1137,1553,2188,2521,,707,430,416,635,333,3364
5889,708,1140,1555,2191,2524,,708,432,415,636,333,3365
6099,708,1142,1577,2278,2684,,708,434,435,701,406,3415
6288,720,1205,1692,2431,2842,,720,485,487,739,411,3446
6290,748,1231,1748,2457,2847,,748,483,517,709,390,3443
6293,719,1232,1716,2419,2871,,719,513,484,703,452,3422
6346,749,1232,1749,2458,2868,,749,483,517,709,410,3478
6342,718,1203,1691,2429,2870,,718,485,488,738,441,3472
6315,747,1230,1719,2429,2871,,747,483,489,710,442,3444
6109,719,1175,1615,2336,2729,,719,456,440,721,393,3380
6065,707,1182,1611,2325,2653,,707,475,429,714,328,3412
5891,710,1142,1557,2192,2525,,710,432,415,635,333,3366
5884,708,1139,1555,2191,2522,,708,431,416,636,331,3362
5911,709,1142,1555,2191,2526,,709,433,413,636,335,3385
5886,707,1140,1556,2192,2526,,707,433,416,636,334,3360
5914,709,1143,1557,2192,2528,,709,434,414,635,336,3386
5889,708,1142,1555,2191,2525,,708,434,413,636,334,3364
5858,667,1115,1529,2165,2488,,667,448,414,636,323,3370
5883,667,1114,1528,2165,2500,,667,447,414,637,335,3383
5886,667,1113,1533,2165,2508,,667,446,420,632,343,3378
5914,708,1142,1554,2191,2550,,708,434,412,637,359,3364
5887,709,1143,1554,2189,2522,,709,434,411,635,333,3365
5886,708,1141,1554,2193,2525,,708,433,413,639,332,3361
5859,666,1114,1529,2165,2499,,666,448,415,636,334,3360
5888,671,1114,1530,2166,2501,,671,443,416,636,335,3387
5890,708,1141,1555,2191,2524,,708,433,414,636,333,3366
5889,707,1143,1554,2191,2524,,707,436,411,637,333,3365
5908,707,1140,1553,2189,2523,,707,433,413,636,334,3385
5886,708,1140,1554,2191,2525,,708,432,414,637,334,3361
5862,668,1117,1529,2168,2499,,668,449,412,639,331,3363
5864,669,1114,1530,2165,2505,,669,445,416,635,340,3359
5888,708,1140,1554,2190,2524,,708,432,414,636,334,3364
5886,709,1140,1556,2192,2526,,709,431,416,636,334,3360
5889,708,1141,1555,2190,2525,,708,433,414,635,335,3364
5887,710,1142,1557,2192,2525,,710,432,415,635,333,3362
5890,709,1142,1556,2192,2526,,709,433,414,636,334,3364
5915,709,1142,1557,2191,2540,,709,433,415,634,349,3375
5901,706,1140,1555,2191,2531,,706,434,415,636,340,3370
5983,704,1178,1591,2227,2560,,704,474,413,636,333,3423
5838,668,1101,1506,2143,2476,,668,433,405,637,333,3362
5894,669,1112,1517,2164,2497,,669,443,405,647,333,3397
5864,671,1114,1528,2166,2503,,671,443,414,638,337,3361
5887,670,1115,1530,2166,2501,,670,445,415,636,335,3386
5851,657,1129,1528,2161,2481,,657,472,399,633,320,3370
5863,670,1119,1531,2168,2500,,670,449,412,637,332,3363
5868,668,1116,1529,2166,2499,,668,448,413,637,333,3369
5861,669,1116,1529,2170,2500,,669,447,413,641,330,3361
5860,666,1115,1528,2165,2498,,666,449,413,637,333,3362
5847,670,1108,1506,2137,2482,,670,438,398,631,345,3365
5839,670,1101,1505,2143,2476,,670,431,404,638,333,3363
5864,666,1115,1529,2166,2499,,666,449,414,637,333,3365
6114,708,1183,1654,2342,2738,,708,475,471,688,396,3376
6130,708,1183,1632,2324,2715,,708,475,449,692,391,3415
6270,719,1203,1691,2401,2816,,719,484,488,710,415,3454
6264,717,1202,1692,2403,2815,,717,485,490,711,412,3449
6241,721,1204,1692,2402,2796,,721,483,488,710,394,3445
6262,717,1202,1691,2401,2815,,717,485,489,710,414,3447
6289,719,1203,1690,2424,2842,,719,484,487,734,418,3447
6439,749,1261,1820,2561,2992,,749,512,559,741,431,3447
6248,718,1201,1690,2378,2815,,718,483,489,688,437,3433
6340,749,1232,1721,2458,2894,,749,483,489,737,436,3446
6314,718,1204,1691,2419,2870,,718,486,487,728,451,3444
6265,720,1204,1692,2403,2819,,720,484,488,711,416,3446
6293,721,1204,1696,2405,2844,,721,483,492,709,439,3449
6214,720,1204,1692,2401,2797,,720,484,488,709,396,3417
6314,721,1230,1718,2456,2867,,721,509,488,738,411,3447
6263,719,1202,1691,2401,2816,,719,483,489,710,415,3447
6290,720,1229,1718,2427,2843,,720,509,489,709,416,3447
6320,720,1205,1720,2430,2843,,720,485,515,710,413,3477
6202,720,1204,1671,2373,2793,,720,484,467,702,420,3409
6292,749,1233,1721,2431,2843,,749,484,488,710,412,3449
6267,720,1204,1692,2402,2817,,720,484,488,710,415,3450
6289,720,1229,1717,2425,2843,,720,509,488,708,418,3446
6266,720,1205,1692,2403,2818,,720,485,487,711,415,3448
6265,720,1204,1693,2402,2817,,720,484,489,709,415,3448
6292,718,1227,1716,2426,2840,,718,509,489,710,414,3452
6263,718,1202,1693,2402,2815,,718,484,491,709,413,3448
6264,720,1204,1692,2402,2816,,720,484,488,710,414,3448
6291,720,1204,1691,2401,2847,,720,484,487,710,446,3444
6266,720,1205,1694,2403,2807,,720,485,489,709,404,3459
6292,747,1231,1719,2429,2843,,747,484,488,710,414,3449
6291,720,1205,1693,2402,2848,,720,485,488,709,446,3443
6278,720,1205,1694,2402,2817,,720,485,489,708,415,3461
6317,721,1233,1718,2457,2868,,721,512,485,739,411,3449
6368,750,1245,1733,2445,2896,,750,495,488,712,451,3472
6254,722,1206,1693,2431,2812,,722,484,487,738,381,3442
6104,708,1182,1679,2342,2740,,708,474,497,663,398,3364
6063,707,1183,1640,2324,2659,,707,476,457,684,335,3404
6179,710,1185,1654,2340,2741,,710,475,469,686,401,3438
6213,708,1183,1654,2340,2763,,708,475,471,686,423,3450
6265,719,1203,1691,2400,2818,,719,484,488,709,418,3447
6350,715,1202,1690,2457,2876,,715,487,488,767,419,3474
6225,719,1203,1690,2400,2816,,719,484,487,710,416,3409
6268,722,1208,1694,2404,2819,,722,486,486,710,415,3449
6263,721,1206,1692,2403,2820,,721,485,486,711,417,3443
6214,720,1204,1696,2383,2793,,720,484,492,687,410,3421
6325,721,1231,1720,2459,2870,,721,510,489,739,411,3455
6288,717,1203,1689,2417,2840,,717,486,486,728,423,3448
6265,650,1154,1637,2394,2817,,650,504,483,757,423,3448
6270,721,1232,1719,2430,2844,,721,511,487,711,414,3426
6265,721,1207,1693,2403,2819,,721,486,486,710,416,3446
6303,715,1231,1721,2457,2880,,715,516,490,736,423,3423
6142,721,1206,1695,2327,2716,,721,485,489,632,389,3426
6217,722,1206,1695,2409,2794,,722,484,489,714,385,3423
6268,722,1207,1695,2406,2818,,722,485,488,711,412,3450
6193,721,1205,1693,2402,2740,,721,484,488,709,338,3453
6266,721,1206,1693,2402,2818,,721,485,487,709,416,3448
6268,721,1205,1693,2402,2819,,721,484,488,709,417,3449
6267,721,1205,1693,2402,2820,,721,484,488,709,418,3447
6244,720,1205,1693,2403,2818,,720,485,488,710,415,3426
6298,715,1203,1690,2427,2850,,715,488,487,737,423,3448
6263,719,1204,1693,2402,2816,,719,485,489,709,414,3447
6266,722,1205,1692,2405,2819,,722,483,487,713,414,3447
6215,721,1206,1694,2382,2794,,721,485,488,688,412,3421
6292,722,1207,1695,2406,2845,,722,485,488,711,439,3447
6191,721,1205,1694,2404,2739,,721,484,489,710,335,3452
6266,722,1207,1695,2404,2818,,722,485,488,709,414,3448
6267,721,1206,1694,2404,2819,,721,485,488,710,415,3448
6266,722,1207,1695,2405,2818,,722,485,488,710,413,3448
6266,720,1204,1694,2404,2818,,720,484,490,710,414,3448
6220,723,1211,1696,2406,2820,,723,488,485,710,414,3400
6155,705,1201,1673,2358,2777,,705,496,472,685,419,3378
5911,709,1142,1556,2191,2538,,709,433,414,635,347,3373
5920,706,1151,1565,2199,2534,,706,445,414,634,335,3386
5885,709,1142,1558,2193,2525,,709,433,416,635,332,3360
5888,709,1141,1553,2190,2524,,709,432,412,637,334,3364
5884,709,1142,1557,2192,2525,,709,433,415,635,333,3359
5894,704,1152,1563,2201,2532,,704,448,411,638,331,3362
5883,709,1143,1555,2192,2524,,709,434,412,637,332,3359
5891,708,1140,1554,2191,2524,,708,432,414,637,333,3367
5897,709,1142,1556,2192,2528,,709,433,414,636,336,3369
5862,651,1117,1527,2165,2498,,651,466,410,638,333,3364
5861,669,1115,1531,2168,2501,,669,446,416,637,333,3360
5897,675,1148,1563,2200,2533,,675,473,415,637,333,3364
5885,667,1114,1529,2166,2500,,667,447,415,637,334,3385
5890,669,1114,1530,2166,2500,,669,445,416,636,334,3390
5861,669,1117,1531,2168,2500,,669,448,414,637,332,3361
5860,679,1138,1537,2169,2488,,679,459,399,632,319,3372
5863,672,1117,1530,2167,2501,,672,445,413,637,334,3362
5889,708,1141,1555,2191,2524,,708,433,414,636,333,3365
5913,709,1143,1556,2193,2526,,709,434,413,637,333,3387
5887,708,1142,1558,2191,2528,,708,434,416,633,337,3359
5879,704,1137,1550,2185,2508,,704,433,413,635,323,3371
5891,714,1148,1561,2197,2531,,714,434,413,636,334,3360
5886,709,1142,1557,2192,2525,,709,433,415,635,333,3361
5914,709,1143,1557,2192,2526,,709,434,414,635,334,3388
5886,709,1142,1555,2193,2525,,709,433,413,638,332,3361
5921,703,1153,1563,2199,2534,,703,450,410,636,335,3387
6205,709,1163,1641,2374,2799,,709,454,478,733,425,3406
6291,721,1237,1721,2430,2843,,721,516,484,709,413,3448
6316,721,1230,1746,2456,2868,,721,509,516,710,412,3448
6239,698,1180,1669,2395,2819,,698,482,489,726,424,3420
6214,721,1236,1722,2410,2794,,721,515,486,688,384,3420
6245,721,1206,1694,2404,2818,,721,485,488,710,414,3427
6268,723,1208,1696,2407,2820,,723,485,488,711,413,3448
6265,719,1229,1716,2427,2819,,719,510,487,711,392,3446
6268,724,1208,1696,2407,2820,,724,484,488,711,413,3448
6318,724,1237,1725,2447,2869,,724,513,488,722,422,3449
6266,720,1204,1693,2403,2821,,720,484,489,710,418,3445
6263,719,1204,1690,2399,2818,,719,485,486,709,419,3445
6264,721,1205,1693,2402,2819,,721,484,488,709,417,3445
6243,687,1175,1663,2395,2817,,687,488,488,732,422,3426
6319,723,1207,1696,2460,2871,,723,484,489,764,411,3448
6216,723,1207,1695,2407,2799,,723,484,488,712,392,3417
6267,723,1207,1695,2406,2822,,723,484,488,711,416,3445
6267,722,1206,1697,2406,2819,,722,484,491,709,413,3448
6267,721,1205,1694,2402,2818,,721,484,489,708,416,3449
6290,719,1229,1716,2426,2842,,719,510,487,710,416,3448
6267,721,1207,1695,2404,2819,,721,486,488,709,415,3448
6265,721,1207,1696,2406,2817,,721,486,489,710,411,3448
6267,722,1207,1696,2407,2819,,722,485,489,711,412,3448
6210,722,1206,1694,2357,2784,,722,484,488,663,427,3426
6316,720,1231,1745,2454,2867,,720,511,514,709,413,3449
6334,716,1213,1728,2437,2890,,716,497,515,709,453,3444
6345,720,1233,1746,2455,2868,,720,513,513,709,413,3477
6344,749,1258,1745,2454,2868,,749,509,487,709,414,3476
6315,720,1204,1692,2430,2871,,720,484,488,738,441,3444
6292,720,1233,1717,2427,2843,,720,513,484,710,416,3449
6265,720,1205,1691,2400,2817,,720,485,486,709,417,3448
6343,720,1233,1717,2427,2871,,720,513,484,710,444,3472
6291,720,1204,1693,2431,2843,,720,484,489,738,412,3448
6295,721,1205,1692,2401,2818,,721,484,487,709,417,3477
6466,749,1262,1849,2559,2998,,749,513,587,710,439,3468
6310,720,1214,1703,2415,2866,,720,494,489,712,451,3444
6291,719,1229,1717,2425,2842,,719,510,488,708,417,3449
6287,718,1231,1715,2425,2840,,718,513,484,710,415,3447
6290,719,1227,1715,2424,2841,,719,508,488,709,417,3449
6146,704,1192,1659,2353,2751,,704,488,467,694,398,3395
6114,709,1185,1612,2326,2740,,709,476,427,714,414,3374
5889,708,1142,1555,2192,2524,,708,434,413,637,332,3365
5889,710,1143,1557,2191,2526,,710,433,414,634,335,3363
5911,692,1117,1549,2216,2553,,692,425,432,667,337,3358
6109,708,1186,1657,2342,2739,,708,478,471,685,397,3370
6112,711,1186,1659,2344,2741,,711,475,473,685,397,3371
6037,710,1184,1655,2318,2653,,710,474,471,663,335,3384
6112,711,1183,1655,2341,2740,,711,472,472,686,399,3372
6133,707,1183,1657,2366,2762,,707,476,474,709,396,3371
5888,621,1084,1515,2168,2527,,621,463,431,653,359,3361
6199,710,1185,1635,2374,2798,,710,475,450,739,424,3401
6262,723,1206,1695,2405,2819,,723,483,489,710,414,3443
6345,750,1246,1733,2446,2869,,750,496,487,713,423,3476
6296,746,1158,1644,2397,2819,,746,412,486,753,422,3477
6267,721,1205,1692,2401,2818,,721,484,487,709,417,3449
6294,723,1208,1696,2434,2845,,723,485,488,738,411,3449
6268,722,1207,1694,2404,2819,,722,485,487,710,415,3449
6343,720,1206,1693,2431,2867,,720,486,487,738,436,3476
6268,722,1207,1695,2405,2820,,722,485,488,710,415,3448
6319,723,1220,1709,2419,2843,,723,497,489,710,424,3476
6292,720,1204,1692,2402,2848,,720,484,488,710,446,3444
6264,721,1206,1694,2402,2819,,721,485,488,708,417,3445
6291,721,1205,1696,2421,2844,,721,484,491,725,423,3447
6267,747,1192,1648,2396,2821,,747,445,456,748,425,3446
6267,720,1204,1692,2400,2820,,720,484,488,708,420,3447
6268,719,1203,1695,2403,2817,,719,484,492,708,414,3451
6316,750,1245,1733,2445,2868,,750,495,488,712,423,3448
6315,721,1259,1743,2451,2867,,721,538,484,708,416,3448
6292,720,1230,1718,2427,2843,,720,510,488,709,416,3449
6320,721,1205,1693,2403,2846,,721,484,488,710,443,3474
6316,721,1206,1722,2431,2846,,721,485,516,709,415,3470
6248,716,1201,1689,2398,2816,,716,485,488,709,418,3432
6251,708,1183,1612,2383,2802,,708,475,429,771,419,3449
6115,649,1102,1564,2270,2681,,649,453,462,706,411,3434
6267,721,1205,1693,2402,2821,,721,484,488,709,419,3446
6268,722,1207,1697,2407,2820,,722,485,490,710,413,3448
6291,719,1204,1692,2432,2843,,719,485,488,740,411,3448
6278,720,1205,1692,2402,2817,,720,485,487,710,415,3461
6267,721,1204,1694,2404,2819,,721,483,490,710,415,3448
6086,721,1147,1619,2309,2704,,721,426,472,690,395,3382
6111,709,1184,1655,2342,2739,,709,475,471,687,397,3372
5952,707,1182,1612,2267,2598,,707,475,430,655,331,3354
6126,706,1182,1611,2306,2697,,706,476,429,695,391,3429
6016,645,1068,1465,2173,2589,,645,423,397,708,416,3427
5934,709,1183,1653,2302,2597,,709,474,470,649,295,3337
6172,673,1192,1664,2415,2797,,673,519,472,751,382,3375
6116,709,1183,1654,2345,2741,,709,474,471,691,396,3375
6112,709,1183,1655,2341,2741,,709,474,472,686,400,3371
5987,709,1142,1620,2268,2602,,709,433,478,648,334,3385
6165,631,1057,1545,2268,2678,,631,426,488,723,410,3487
6293,698,1180,1669,2426,2845,,698,482,489,757,419,3448
6275,721,1233,1718,2427,2846,,721,512,485,709,419,3429
6228,710,1185,1614,2384,2803,,710,475,429,770,419,3425
6130,649,1115,1530,2233,2649,,649,466,415,703,416,3481
5935,710,1210,1681,2304,2598,,710,500,471,623,294,3337
6293,716,1228,1712,2422,2844,,716,512,484,710,422,3449
6291,749,1233,1720,2428,2842,,749,484,487,708,414,3449
6291,722,1206,1723,2432,2844,,722,484,517,709,412,3447
6321,721,1206,1723,2433,2843,,721,485,517,710,410,3478
6269,680,1149,1594,2322,2781,,680,469,445,728,459,3488
6289,719,1232,1721,2432,2841,,719,513,489,711,409,3448
6327,718,1204,1692,2402,2844,,718,486,488,710,442,3483
6319,749,1234,1722,2432,2844,,749,485,488,710,412,3475
6214,742,1188,1606,2323,2759,,742,446,418,717,436,3455
6268,721,1205,1694,2403,2819,,721,484,489,709,416,3449
6261,721,1205,1684,2394,2817,,721,484,479,710,423,3444
6319,720,1229,1717,2426,2842,,720,509,488,709,416,3477
6290,720,1204,1695,2434,2843,,720,484,491,739,409,3447
6317,723,1235,1720,2430,2846,,723,512,485,710,416,3471
6295,719,1203,1670,2396,2818,,719,484,467,726,422,3477
6341,721,1205,1723,2461,2898,,721,484,518,738,437,3443
6266,722,1206,1694,2404,2817,,722,484,488,710,413,3449
6467,748,1261,1850,2559,2997,,748,513,589,709,438,3470
6198,752,1197,1637,2330,2763,,752,445,440,693,433,3435
6265,719,1203,1691,2400,2819,,719,484,488,709,419,3446
6267,720,1204,1693,2403,2817,,720,484,489,710,414,3450
6265,720,1204,1692,2403,2818,,720,484,488,711,415,3447
6315,719,1227,1744,2456,2867,,719,508,517,712,411,3448
6265,719,1203,1692,2402,2817,,719,484,489,710,415,3448
6191,717,1201,1624,2318,2728,,717,484,423,694,410,3463
6268,721,1205,1693,2403,2819,,721,484,488,710,416,3449
6267,722,1208,1694,2404,2819,,722,486,486,710,415,3448
6291,721,1232,1720,2429,2843,,721,511,488,709,414,3448
6267,721,1184,1629,2398,2820,,721,463,445,769,422,3447
6245,721,1206,1694,2404,2819,,721,485,488,710,415,3426
6216,722,1206,1694,2383,2795,,722,484,488,689,412,3421
6293,723,1232,1721,2431,2846,,723,509,489,710,415,3447
6267,721,1206,1694,2404,2818,,721,485,488,710,414,3449
6292,722,1231,1720,2430,2844,,722,509,489,710,414,3448
6268,722,1206,1616,2396,2820,,722,484,410,780,424,3448
6269,724,1210,1696,2406,2820,,724,486,486,710,414,3449
6293,722,1233,1719,2429,2848,,722,511,486,710,419,3445
6270,722,1207,1695,2407,2820,,722,485,488,712,413,3450
6311,721,1240,1688,2371,2842,,721,519,448,683,471,3469
6245,722,1207,1696,2406,2819,,722,485,489,710,413,3426
6217,723,1200,1696,2386,2795,,723,477,496,690,409,3422
6268,723,1208,1696,2406,2821,,723,485,488,710,415,3447
6296,720,1204,1693,2403,2819,,720,484,489,710,416,3477
6317,751,1246,1735,2448,2869,,751,495,489,713,421,3448
6094,723,1132,1597,2247,2659,,723,409,465,650,412,3435
6341,709,1224,1737,2447,2896,,709,515,513,710,449,3445
6268,722,1206,1695,2405,2819,,722,484,489,710,414,3449
6267,724,1209,1697,2407,2821,,724,485,488,710,414,3446
6193,721,1231,1679,2332,2761,,721,510,448,653,429,3432
6243,721,1205,1693,2404,2818,,721,484,488,711,414,3425
6220,723,1210,1696,2384,2797,,723,487,486,688,413,3423
6267,722,1154,1673,2398,2822,,722,432,519,725,424,3445
6267,722,1206,1694,2403,2820,,722,484,488,709,417,3447
6267,723,1208,1697,2406,2821,,723,485,489,709,415,3446
6352,716,1231,1718,2475,2903,,716,515,487,757,428,3449
6267,722,1205,1694,2403,2819,,722,483,489,709,416,3448
6294,723,1235,1720,2429,2843,,723,512,485,709,414,3451
6277,711,1208,1697,2411,2817,,711,497,489,714,406,3460
6295,757,1273,1783,2426,2846,,757,516,510,643,420,3449
6291,723,1208,1695,2421,2844,,723,485,487,726,423,3447
6317,721,1232,1718,2427,2845,,721,511,486,709,418,3472
6267,721,1206,1693,2403,2818,,721,485,487,710,415,3449
6342,753,1245,1734,2476,2894,,753,492,489,742,418,3448
6293,722,1231,1719,2428,2844,,722,509,488,709,416,3449
6264,718,1226,1714,2322,2816,,718,508,488,608,494,3448
6267,722,1207,1695,2405,2819,,722,485,488,710,414,3448
6322,721,1205,1693,2402,2848,,721,484,488,709,446,3474
6306,710,1208,1695,2417,2840,,710,498,487,722,423,3466
6203,792,1264,1743,2378,2765,,792,472,479,635,387,3438
6229,710,1186,1659,2385,2803,,710,476,473,726,418,3426
6267,711,1140,1633,2395,2818,,711,429,493,762,423,3449
6266,721,1204,1693,2402,2817,,721,483,489,709,415,3449
6262,717,1201,1690,2400,2814,,717,484,489,710,414,3448
6268,720,1203,1692,2401,2818,,720,483,489,709,417,3450
6267,721,1206,1673,2372,2819,,721,485,467,699,447,3448
6266,721,1206,1696,2405,2821,,721,485,490,709,416,3445
6292,722,1230,1719,2429,2844,,722,508,489,710,415,3448
6300,717,1204,1692,2429,2852,,717,487,488,737,423,3448
6242,721,1235,1696,2375,2792,,721,514,461,679,417,3450
6304,711,1207,1697,2433,2855,,711,496,490,736,422,3449
6268,722,1206,1694,2404,2819,,722,484,488,710,415,3449
6292,720,1233,1717,2426,2843,,720,513,484,709,417,3449
6325,721,1233,1717,2426,2845,,721,512,484,709,419,3480
6345,722,1236,1749,2459,2894,,722,514,513,710,435,3451
6242,721,1205,1673,2396,2800,,721,484,468,723,404,3442
6267,721,1206,1693,2403,2819,,721,485,487,710,416,3448
6266,722,1206,1695,2405,2819,,722,484,489,710,414,3447
6288,716,1232,1699,2459,2847,,716,516,467,760,388,3441
5930,710,1136,1543,2164,2506,,710,426,407,621,342,3424
6255,711,1187,1658,2387,2805,,711,476,471,729,418,3450
6175,707,1152,1605,2305,2715,,707,445,453,700,410,3460
6321,721,1231,1719,2429,2844,,721,510,488,710,415,3477
6292,716,1224,1713,2421,2828,,716,508,489,708,407,3464
6265,720,1203,1691,2401,2817,,720,483,488,710,416,3448
6195,678,1173,1660,2397,2750,,678,495,487,737,353,3445
6267,714,1197,1686,2397,2818,,714,483,489,711,421,3449
6318,751,1245,1734,2447,2869,,751,494,489,713,422,3449
6233,727,1213,1701,2427,2829,,727,486,488,726,402,3404
6131,709,1146,1634,2321,2657,,709,437,488,687,336,3474
6230,711,1185,1658,2385,2806,,711,474,473,727,421,3424
6269,712,1185,1598,2326,2819,,712,473,413,728,493,3450
6291,719,1232,1721,2430,2843,,719,513,489,709,413,3448
6293,723,1206,1695,2431,2846,,723,483,489,736,415,3447
6267,720,1205,1693,2402,2818,,720,485,488,709,416,3449
6203,724,1208,1675,2374,2796,,724,484,467,699,422,3407
6270,708,1197,1685,2423,2847,,708,489,488,738,424,3423
6268,723,1207,1695,2407,2821,,723,484,488,712,414,3447
6227,710,1198,1686,2424,2826,,710,488,488,738,402,3401
5955,721,1182,1589,2216,2534,,721,461,407,627,318,3421
6253,711,1186,1657,2385,2805,,711,475,471,728,420,3448
6165,708,1184,1655,2384,2806,,708,476,471,729,422,3359
6141,711,1186,1658,2386,2765,,711,475,472,728,379,3376
6141,711,1186,1657,2346,2764,,711,475,471,689,418,3377
6113,710,1186,1658,2344,2741,,710,476,472,686,397,3372
6049,710,1139,1609,2268,2625,,710,429,470,659,357,3424
6113,710,1186,1658,2343,2741,,710,476,472,685,398,3372
6110,710,1184,1614,2341,2739,,710,474,430,727,398,3371
5890,649,1115,1543,2173,2505,,649,466,428,630,332,3385
6008,712,1187,1594,2223,2555,,712,475,407,629,332,3453
6229,712,1186,1658,2384,2804,,712,474,472,726,420,3425
6210,709,1184,1655,2410,2828,,709,475,471,755,418,3382
6142,712,1185,1658,2345,2763,,712,473,473,687,418,3379
6157,707,1178,1651,2366,2779,,707,471,473,715,413,3378
6111,711,1182,1653,2344,2740,,711,471,471,691,396,3371
6269,671,1102,1615,2322,2821,,671,431,513,707,499,3448
6266,721,1204,1693,2403,2819,,721,483,489,710,416,3447
6266,721,1206,1694,2404,2819,,721,485,488,710,415,3447
6303,717,1205,1693,2430,2882,,717,488,488,737,452,3421
6246,750,1213,1656,2355,2777,,750,463,443,699,422,3469
6326,745,1231,1720,2457,2880,,745,486,489,737,423,3446
6268,723,1187,1671,2398,2820,,723,464,484,727,422,3448
6268,722,1207,1695,2406,2820,,722,485,488,711,414,3448
6320,755,1249,1737,2448,2871,,755,494,488,711,423,3449
6331,712,1207,1696,2480,2905,,712,495,489,784,425,3426
6154,708,1143,1623,2310,2732,,708,435,480,687,422,3422
6139,711,1184,1656,2347,2764,,711,473,472,691,417,3375
6111,712,1186,1658,2342,2741,,712,474,472,684,399,3370
5887,648,1137,1567,2195,2528,,648,489,430,628,333,3359
5955,711,1143,1556,2190,2517,,711,432,413,634,327,3438
6293,706,1200,1697,2425,2847,,706,494,497,728,422,3446
6219,704,1192,1665,2416,2836,,704,488,473,751,420,3383
6117,711,1188,1660,2343,2762,,711,477,472,683,419,3355
6141,710,1187,1660,2345,2761,,710,477,473,685,416,3380
6111,713,1185,1656,2344,2742,,713,472,471,688,398,3369
6225,709,1186,1629,2348,2785,,709,477,443,719,437,3440
6296,711,1213,1696,2407,2819,,711,502,483,711,412,3477
6289,718,1201,1689,2417,2842,,718,483,488,728,425,3447
6341,748,1232,1749,2458,2868,,748,484,517,709,410,3473
6105,721,1234,1688,2315,2659,,721,513,454,627,344,3446
6255,711,1186,1659,2386,2806,,711,475,473,727,420,3449
6287,728,1201,1672,2419,2838,,728,473,471,747,419,3449
6319,679,1202,1688,2427,2874,,679,523,486,739,447,3445
6295,722,1205,1695,2433,2844,,722,483,490,738,411,3451
6340,720,1204,1722,2457,2893,,720,484,518,735,436,3447
6230,711,1197,1619,2349,2787,,711,486,422,730,438,3443
6151,710,1190,1662,2384,2763,,710,480,472,722,379,3388
6116,710,1185,1654,2343,2742,,710,475,469,689,399,3374
5964,660,1188,1619,2270,2604,,660,528,431,651,334,3360
5955,709,1143,1555,2191,2525,,709,434,412,636,334,3430
6229,710,1186,1658,2386,2805,,710,476,472,728,419,3424
6288,704,1193,1665,2407,2841,,704,489,472,742,434,3447
6140,712,1212,1684,2387,2764,,712,500,472,703,377,3376
6140,668,1164,1635,2387,2768,,668,496,471,752,381,3372
6118,712,1186,1658,2344,2742,,712,474,472,686,398,3376
6075,712,1144,1580,2287,2639,,712,432,436,707,352,3436
6117,711,1188,1658,2344,2742,,711,477,470,686,398,3375
6114,711,1186,1659,2342,2742,,711,475,473,683,400,3372
6272,686,1229,1713,2425,2848,,686,543,484,712,423,3424
6246,721,1258,1742,2426,2769,,721,537,484,684,343,3477
6294,721,1233,1718,2427,2844,,721,512,485,709,417,3450
6282,752,1265,1791,2416,2836,,752,513,526,625,420,3446
5963,710,1184,1658,2312,2606,,710,474,474,654,294,3357
6141,712,1186,1658,2386,2766,,712,474,472,728,380,3375
6111,713,1187,1659,2346,2743,,713,474,472,687,397,3368
5984,710,1144,1623,2262,2609,,710,434,479,639,347,3375
6116,712,1187,1659,2345,2743,,712,475,472,686,398,3373
6115,711,1186,1659,2343,2743,,711,475,473,684,400,3372
5948,622,1097,1570,2230,2568,,622,475,473,660,338,3380
6127,707,1183,1613,2315,2651,,707,476,430,702,336,3476
6252,676,1182,1652,2407,2826,,676,506,470,755,419,3426
6282,706,1227,1699,2452,2873,,706,521,472,753,421,3409
6140,711,1185,1657,2344,2763,,711,474,472,687,419,3377
6140,712,1188,1659,2345,2764,,712,476,471,686,419,3376
6116,712,1187,1659,2345,2745,,712,475,472,686,400,3371
6106,706,1195,1625,2294,2645,,706,489,430,669,351,3461
6112,710,1187,1659,2344,2741,,710,477,472,685,397,3371
6112,711,1185,1659,2343,2742,,711,474,474,684,399,3370
6041,647,1121,1552,2222,2617,,647,474,431,670,395,3424
6419,755,1276,1852,2586,2958,,755,521,576,734,372,3461
6344,708,1225,1738,2448,2901,,708,517,513,710,453,3443
6228,748,1236,1690,2386,2785,,748,488,454,696,399,3443
5937,710,1185,1659,2311,2605,,710,475,474,652,294,3332
6143,712,1188,1660,2392,2766,,712,476,472,732,374,3377
6134,708,1183,1655,2372,2762,,708,475,472,717,390,3372
6083,712,1187,1658,2310,2661,,712,475,471,652,351,3422
6176,709,1196,1675,2344,2742,,709,487,479,669,398,3434
5938,700,1186,1616,2245,2578,,700,486,430,629,333,3360
5890,647,1098,1574,2196,2531,,647,451,476,622,335,3359
6097,710,1184,1656,2327,2652,,710,474,472,671,325,3445
6347,752,1236,1724,2462,2870,,752,484,488,738,408,3477
6193,750,1234,1721,2430,2741,,750,484,487,709,311,3452
6314,719,1228,1745,2454,2867,,719,509,517,709,413,3447
6294,649,1154,1638,2395,2818,,649,505,484,757,423,3476
6266,721,1206,1694,2404,2822,,721,485,488,710,418,3444
6269,722,1205,1696,2408,2819,,722,483,491,712,411,3450
6391,751,1289,1823,2536,2946,,751,538,534,713,410,3445
6345,720,1229,1716,2454,2868,,720,509,487,738,414,3477
6319,706,1149,1632,2396,2847,,706,443,483,764,451,3472
6278,722,1207,1722,2458,2837,,722,485,515,736,379,3441
6229,709,1157,1629,2385,2804,,709,448,472,756,419,3425
6203,710,1186,1657,2385,2809,,710,476,471,728,424,3394
6141,712,1187,1660,2344,2765,,712,475,473,684,421,3376
6139,710,1186,1668,2344,2763,,710,476,482,676,419,3376
6113,712,1210,1682,2345,2742,,712,498,472,663,397,3371
6148,711,1186,1617,2344,2771,,711,475,431,727,427,3377
5930,711,1186,1610,2240,2583,,711,475,424,630,343,3347
5940,698,1189,1619,2246,2580,,698,491,430,627,334,3360
6318,672,1119,1639,2426,2844,,672,447,520,787,418,3474
6362,749,1263,1821,2533,2919,,749,514,558,712,386,3443
6256,710,1145,1627,2387,2811,,710,435,482,760,424,3445
5938,711,1187,1660,2314,2609,,711,476,473,654,295,3329
6138,710,1185,1657,2386,2765,,710,475,472,729,379,3373
6105,710,1185,1665,2334,2753,,710,475,480,669,419,3352
6113,675,1161,1634,2349,2742,,675,486,473,715,393,3371
6207,713,1186,1618,2391,2758,,713,473,432,773,367,3449
6268,722,1206,1695,2404,2818,,722,484,489,709,414,3450
6268,723,1208,1695,2404,2820,,723,485,487,709,416,3448
6221,705,1150,1613,2321,2733,,705,445,463,708,412,3488
6392,750,1263,1826,2533,2944,,750,513,563,707,411,3448
6154,711,1144,1626,2311,2707,,711,433,482,685,396,3447
6254,710,1185,1655,2385,2805,,710,475,470,730,420,3449
6141,712,1186,1658,2386,2764,,712,474,472,728,378,3377
6108,712,1187,1657,2338,2755,,712,475,470,681,417,3353
6113,716,1189,1661,2344,2743,,716,473,472,683,399,3370
6218,713,1188,1617,2363,2766,,713,475,429,746,403,3452
6218,724,1208,1696,2405,2823,,724,484,488,709,418,3395
6267,723,1207,1697,2407,2819,,723,484,490,710,412,3448
6167,694,1148,1577,2298,2708,,694,454,429,721,410,3459
6467,750,1263,1851,2587,3023,,750,513,588,736,436,3444
6256,722,1199,1670,2386,2810,,722,477,471,716,424,3446
5937,710,1185,1656,2313,2608,,710,475,471,657,295,3329
6141,711,1186,1656,2386,2763,,711,475,470,730,377,3378
6115,713,1188,1660,2346,2746,,713,475,472,686,400,3369
6112,710,1184,1657,2344,2739,,710,474,473,687,395,3373
5949,700,1187,1617,2245,2577,,700,487,430,628,332,3372
6176,705,1182,1651,2341,2738,,705,477,469,690,397,3438
6136,707,1183,1654,2381,2761,,707,476,471,727,380,3375
6091,672,1118,1582,2286,2706,,672,446,464,704,420,3385
6132,712,1186,1658,2328,2654,,712,474,472,670,326,3478
6256,710,1186,1624,2384,2808,,710,476,438,760,424,3448
6254,656,1160,1633,2343,2805,,656,504,473,710,462,3449
6268,713,1190,1637,2398,2820,,713,477,447,761,422,3448
6293,751,1239,1697,2403,2848,,751,488,458,706,445,3445
6170,724,1110,1595,2298,2709,,724,386,485,703,411,3461
6267,721,1206,1693,2402,2820,,721,485,487,709,418,3447
6298,724,1237,1722,2432,2845,,724,513,485,710,413,3453
6347,753,1232,1718,2427,2875,,753,479,486,709,448,3472
6215,724,1174,1644,2388,2809,,724,450,470,744,421,3406
6104,713,1186,1658,2328,2658,,713,473,472,670,330,3446
6256,711,1186,1659,2387,2807,,711,475,473,728,420,3449
6269,662,1202,1687,2397,2819,,662,540,485,710,422,3450
6298,722,1207,1695,2407,2820,,722,485,488,712,413,3478
6267,721,1184,1642,2380,2819,,721,463,458,738,439,3448
6257,710,1147,1625,2387,2811,,710,437,478,762,424,3446
6145,706,1180,1652,2382,2759,,706,474,472,730,377,3386
6114,712,1187,1659,2345,2744,,712,475,472,686,399,3370
6115,712,1187,1658,2345,2743,,712,475,471,687,398,3372
5832,648,1083,1505,2134,2455,,648,435,422,629,321,3377
6183,713,1188,1659,2330,2745,,713,475,471,671,415,3438
6230,710,1186,1657,2385,2806,,710,476,471,728,421,3424
6190,711,1186,1657,2387,2805,,711,475,471,730,418,3385
6141,714,1186,1659,2345,2764,,714,472,473,686,419,3377
6042,714,1189,1662,2321,2680,,714,475,473,659,359,3362
6142,712,1186,1658,2344,2763,,712,474,472,686,419,3379
6234,710,1186,1658,2344,2786,,710,476,472,686,442,3448
6367,752,1246,1764,2502,2919,,752,494,518,738,417,3448
6392,751,1290,1822,2535,2945,,751,539,532,713,410,3447
5975,723,1176,1594,2233,2599,,723,453,418,639,366,3376
6106,711,1186,1656,2330,2657,,711,475,470,674,327,3449
6256,710,1184,1655,2385,2805,,710,474,471,730,420,3451
5938,712,1187,1658,2314,2608,,712,475,471,656,294,3330
6144,712,1188,1659,2388,2766,,712,476,471,729,378,3378
6141,710,1185,1658,2343,2763,,710,475,473,685,420,3378
6140,711,1186,1630,2386,2767,,711,475,444,756,381,3373
6144,710,1185,1656,2372,2764,,710,475,471,716,392,3380
6113,713,1186,1658,2346,2742,,713,473,472,688,396,3371
6111,710,1187,1616,2345,2742,,710,477,429,729,397,3369
5909,711,1144,1589,2233,2555,,711,433,445,644,322,3354
6182,712,1187,1659,2345,2744,,712,475,472,686,399,3438
6257,713,1187,1658,2374,2808,,713,474,471,716,434,3449
6219,712,1161,1633,2386,2806,,712,449,472,753,420,3413
6140,712,1187,1660,2387,2764,,712,475,473,727,377,3376
6144,713,1188,1661,2346,2762,,713,475,473,685,416,3382
6140,711,1186,1616,2347,2763,,711,475,430,731,416,3377
6147,712,1188,1660,2345,2743,,712,476,472,685,398,3404
6291,752,1247,1716,2424,2845,,752,495,469,708,421,3446
6327,718,1233,1747,2457,2878,,718,515,514,710,421,3449
6025,664,1152,1587,2222,2609,,664,488,435,635,387,3416
6271,724,1209,1697,2409,2821,,724,485,488,712,412,3450
6270,724,1187,1646,2372,2824,,724,463,459,726,452,3446
6170,653,1104,1588,2301,2713,,653,451,484,713,412,3457
6244,722,1207,1672,2371,2796,,722,485,465,699,425,3448
6208,725,1210,1697,2405,2767,,725,485,487,708,362,3441
6140,711,1186,1682,2389,2765,,711,475,496,707,376,3375
6150,710,1187,1660,2347,2763,,710,477,473,687,416,3387
6137,709,1185,1656,2371,2765,,709,476,471,715,394,3372
6115,714,1188,1685,2345,2745,,714,474,497,660,400,3370
6143,701,1188,1615,2323,2714,,701,487,427,708,391,3429
6308,753,1236,1724,2462,2871,,753,483,488,738,409,3437
6270,725,1207,1676,2374,2829,,725,482,469,698,455,3441
6273,724,1210,1696,2405,2799,,724,486,486,709,394,3474
6270,724,1207,1695,2405,2820,,724,483,488,710,415,3450
6242,722,1206,1694,2382,2795,,722,484,488,688,413,3447
6268,722,1205,1694,2403,2820,,722,483,489,709,417,3448
6294,722,1232,1721,2430,2846,,722,510,489,709,416,3448
6293,724,1233,1721,2431,2845,,724,509,488,710,414,3448
6292,723,1237,1721,2431,2845,,723,514,484,710,414,3447
6255,722,1235,1668,2358,2810,,722,513,433,690,452,3445
6142,718,1191,1663,2387,2765,,718,473,472,724,378,3377
6206,712,1186,1659,2386,2772,,712,474,473,727,386,3434
6169,672,1118,1611,2324,2733,,672,446,493,713,409,3436
6269,722,1207,1696,2405,2823,,722,485,489,709,418,3446
6193,722,1207,1696,2332,2741,,722,485,489,636,409,3452
6156,723,1206,1664,2309,2728,,723,483,458,645,419,3428
6121,712,1187,1659,2346,2742,,712,475,472,687,396,3379
6230,712,1187,1659,2388,2806,,712,475,472,729,418,3424
6141,712,1212,1684,2386,2765,,712,500,472,702,379,3376
6117,712,1187,1616,2335,2743,,712,475,429,719,408,3374
6137,700,1187,1659,2369,2768,,700,487,472,710,399,3369
6158,714,1147,1582,2287,2704,,714,433,435,705,417,3454
6168,673,1117,1611,2323,2732,,673,444,494,712,409,3436
6295,723,1207,1695,2404,2823,,723,484,488,709,419,3472
6191,722,1206,1696,2327,2742,,722,484,490,631,415,3449
6298,723,1206,1695,2406,2820,,723,483,489,711,414,3478
6241,722,1206,1693,2401,2820,,722,484,487,708,419,3421
6349,723,1236,1722,2432,2875,,723,513,486,710,443,3474
6301,717,1205,1692,2430,2852,,717,488,487,738,422,3449
6206,725,1188,1672,2362,2778,,725,463,484,690,416,3428
6113,687,1164,1636,2351,2745,,687,477,472,715,394,3368
6257,712,1186,1660,2385,2806,,712,474,474,725,421,3451
6169,672,1137,1596,2298,2708,,672,465,459,702,410,3461
6294,750,1234,1723,2434,2845,,750,484,489,711,411,3449
6243,722,1207,1693,2382,2795,,722,485,486,689,413,3448
6267,721,1235,1719,2428,2812,,721,514,484,709,384,3455
6291,722,1206,1695,2404,2820,,722,484,489,709,416,3471
6230,722,1204,1639,2386,2808,,722,482,435,747,422,3422
6190,712,1187,1657,2388,2806,,712,475,470,731,418,3384
6067,712,1190,1619,2331,2659,,712,478,429,712,328,3408
6136,712,1186,1660,2373,2765,,712,474,474,713,392,3371
6255,712,1186,1656,2386,2805,,712,474,470,730,419,3450
6168,711,1162,1598,2322,2733,,711,451,436,724,411,3435
6298,722,1206,1696,2405,2821,,722,484,490,709,416,3477
6243,723,1232,1720,2409,2796,,723,509,488,689,387,3447
6318,724,1208,1696,2433,2852,,724,484,488,737,419,3466
6297,723,1206,1695,2405,2820,,723,483,489,710,415,3477
6318,752,1248,1736,2447,2870,,752,496,488,711,423,3448
6268,722,1206,1694,2406,2820,,722,484,488,712,414,3448
6231,723,1236,1719,2417,2793,,723,513,483,698,376,3438
6114,713,1187,1660,2345,2743,,713,474,473,685,398,3371
6259,712,1212,1685,2386,2806,,712,500,473,701,420,3453
6169,710,1143,1578,2326,2732,,710,433,435,748,406,3437
6268,724,1208,1695,2404,2819,,724,484,487,709,415,3449
6194,723,1207,1695,2404,2743,,723,484,488,709,339,3451
6269,725,1209,1697,2407,2824,,725,484,488,710,417,3445
6321,723,1208,1698,2407,2849,,723,485,490,709,442,3472
6268,723,1208,1695,2406,2822,,723,485,487,711,416,3446
6292,721,1234,1718,2428,2846,,721,513,484,710,418,3446
6205,723,1206,1674,2359,2777,,723,483,468,685,418,3428
6115,711,1186,1656,2386,2741,,711,475,470,730,355,3374
6256,711,1187,1658,2387,2805,,711,476,471,729,418,3451
6171,711,1147,1581,2299,2709,,711,436,434,718,410,3462
6268,723,1207,1695,2405,2821,,723,484,488,710,416,3447
6343,752,1290,1822,2516,2895,,752,538,532,694,379,3448
6269,723,1206,1695,2404,2821,,723,483,489,709,417,3448
6315,720,1229,1718,2427,2842,,720,509,489,709,415,3473
6316,722,1206,1722,2459,2869,,722,484,516,737,410,3447
6302,715,1206,1722,2433,2853,,715,491,516,711,420,3449
6207,751,1235,1701,2357,2780,,751,484,466,656,423,3427
5964,712,1186,1658,2313,2607,,712,474,472,655,294,3357
6289,705,1220,1692,2446,2865,,705,515,472,754,419,3424
6200,712,1146,1582,2298,2709,,712,434,436,716,411,3491
6292,721,1236,1720,2429,2844,,721,515,484,709,415,3448
6267,727,1222,1711,2422,2825,,727,495,489,711,403,3442
6293,723,1233,1721,2430,2846,,723,510,488,709,416,3447
6364,720,1233,1746,2456,2897,,720,513,513,710,441,3467
6398,723,1235,1721,2460,2900,,723,512,486,739,440,3498
6292,721,1207,1694,2421,2844,,721,486,487,727,423,3448
6078,722,1207,1657,2335,2699,,722,485,450,678,364,3379
5964,713,1189,1662,2316,2611,,713,476,473,654,295,3353
6202,714,1187,1659,2390,2807,,714,473,472,731,417,3395
6171,713,1145,1580,2299,2709,,713,432,435,719,410,3462
6321,722,1206,1693,2422,2843,,722,484,487,729,421,3478
6240,721,1205,1695,2433,2823,,721,484,490,738,390,3417
6270,725,1209,1697,2407,2822,,725,484,488,710,415,3448
6291,723,1207,1696,2405,2820,,723,484,489,709,415,3471
6130,723,1186,1610,2313,2707,,723,463,424,703,394,3423
6230,705,1201,1673,2427,2846,,705,496,472,754,419,3384
6054,711,1186,1616,2327,2657,,711,475,430,711,330,3397
6214,698,1188,1661,2414,2832,,698,490,473,753,418,3382
6280,710,1185,1657,2410,2834,,710,475,472,753,424,3446
6194,712,1162,1609,2323,2733,,712,450,447,714,410,3461
6323,723,1232,1720,2429,2846,,723,509,488,709,417,3477
6319,754,1248,1736,2448,2872,,754,494,488,712,424,3447
6270,723,1206,1696,2404,2821,,723,483,490,708,417,3449
6299,724,1209,1699,2408,2821,,724,485,490,709,413,3478
6344,752,1248,1765,2475,2895,,752,496,517,710,420,3449
6293,723,1207,1724,2433,2846,,723,484,517,709,413,3447
6216,753,1247,1714,2400,2797,,753,494,467,686,397,3419
6346,725,1208,1695,2404,2854,,725,483,487,709,450,3492
6244,723,1207,1695,2404,2800,,723,484,488,709,396,3444
6299,714,1203,1691,2429,2851,,714,489,488,738,422,3448
6270,723,1207,1694,2404,2821,,723,484,487,710,417,3449
6247,724,1207,1695,2404,2823,,724,483,488,709,419,3424
6270,724,1209,1695,2405,2821,,724,485,486,710,416,3449
6272,721,1205,1693,2403,2820,,721,484,488,710,417,3452
6271,723,1208,1696,2405,2822,,723,485,488,709,417,3449
6298,710,1199,1687,2424,2832,,710,489,488,737,408,3466
6241,720,1204,1671,2395,2799,,720,484,467,724,404,3442
6341,750,1234,1722,2460,2869,,750,484,488,738,409,3472
6317,721,1236,1719,2457,2870,,721,515,483,738,413,3447
6295,723,1231,1719,2428,2846,,723,508,488,709,418,3449
6340,752,1245,1761,2470,2893,,752,493,516,709,423,3447
6269,723,1207,1695,2404,2821,,723,484,488,709,417,3448
6270,726,1210,1700,2409,2823,,726,484,490,709,414,3447
6322,722,1206,1694,2403,2848,,722,484,488,709,445,3474
6294,723,1233,1721,2429,2845,,723,510,488,708,416,3449
6307,711,1238,1721,2433,2835,,711,527,483,712,402,3472
6242,723,1208,1676,2398,2808,,723,485,468,722,410,3434
6292,722,1206,1697,2406,2819,,722,484,491,709,413,3473
6268,723,1207,1696,2404,2820,,723,484,489,708,416,3448
6296,721,1205,1693,2396,2819,,721,484,488,703,423,3477
6323,724,1237,1721,2431,2845,,724,513,484,710,414,3478
6295,722,1232,1720,2431,2826,,722,510,488,711,395,3469
6293,723,1232,1721,2429,2846,,723,509,489,708,417,3447
6297,722,1206,1695,2404,2819,,722,484,489,709,415,3478
6267,721,1206,1695,2404,2819,,721,485,489,709,415,3448
6266,721,1231,1718,2427,2822,,721,510,487,709,395,3444
6255,724,1208,1675,2427,2821,,724,484,467,752,394,3434
6254,713,1211,1683,2388,2807,,713,498,472,705,419,3447
6265,703,1194,1666,2419,2839,,703,491,472,753,420,3426
6294,712,1186,1617,2329,2851,,712,474,431,712,522,3443
6290,748,1233,1721,2429,2843,,748,485,488,708,414,3447
6270,725,1208,1697,2405,2821,,725,483,489,708,416,3449
6269,724,1208,1696,2405,2821,,724,484,488,709,416,3448
6321,752,1235,1722,2430,2845,,752,483,487,708,415,3476
6342,749,1260,1723,2457,2899,,749,511,463,734,442,3443
6268,721,1205,1694,2403,2818,,721,484,489,709,415,3450
6198,724,1207,1696,2368,2758,,724,483,489,672,390,3440
6293,727,1211,1698,2406,2821,,727,484,487,708,415,3472
6318,751,1236,1724,2457,2870,,751,485,488,733,413,3448
6156,723,1234,1684,2333,2726,,723,511,450,649,393,3430
6219,711,1185,1656,2386,2807,,711,474,471,730,421,3412
6116,713,1188,1661,2346,2745,,713,475,473,685,399,3371
6051,712,1187,1643,2330,2658,,712,475,456,687,328,3393
6255,699,1188,1659,2415,2834,,699,489,471,756,419,3421
6232,711,1188,1660,2388,2806,,711,477,472,728,418,3426
6140,711,1186,1658,2344,2763,,711,475,472,686,419,3377
6041,713,1188,1618,2331,2657,,713,475,430,713,326,3384
6237,711,1188,1660,2412,2832,,711,477,472,752,420,3405
6319,706,1222,1693,2447,2870,,706,516,471,754,423,3449
6218,714,1188,1661,2388,2808,,714,474,473,727,420,3410
6066,714,1189,1619,2329,2655,,714,475,430,710,326,3411
6063,709,1185,1657,2318,2652,,709,476,472,661,334,3411
6075,714,1188,1617,2329,2656,,714,474,429,712,327,3419
6239,702,1190,1661,2414,2833,,702,488,471,753,419,3406
6257,713,1189,1660,2390,2807,,713,476,471,730,417,3450
6144,713,1189,1659,2346,2765,,713,476,470,687,419,3379
6063,713,1190,1621,2330,2656,,713,477,431,709,326,3407
6066,714,1190,1660,2387,2716,,714,476,470,727,329,3350
6303,748,1235,1722,2435,2857,,748,487,487,713,422,3446
6242,722,1236,1697,2403,2801,,722,514,461,706,398,3441
6334,717,1235,1719,2431,2855,,717,518,484,712,424,3479
6269,723,1208,1694,2403,2820,,723,485,486,709,417,3449
6268,723,1208,1695,2405,2820,,723,485,487,710,415,3448
6291,720,1205,1692,2421,2843,,720,485,487,729,422,3448
6293,723,1207,1725,2435,2846,,723,484,518,710,411,3447
6292,720,1233,1717,2426,2843,,720,513,484,709,417,3449
6182,723,1207,1724,2397,2756,,723,484,517,673,359,3426
6064,711,1186,1658,2387,2713,,711,475,472,729,326,3351
6242,705,1177,1652,2399,2819,,705,472,475,747,420,3423
6130,715,1187,1659,2386,2791,,715,472,472,727,405,3339
6116,710,1186,1658,2344,2742,,710,476,472,686,398,3374
5937,686,1189,1620,2244,2577,,686,503,431,624,333,3360
5944,712,1186,1615,2247,2580,,712,474,429,632,333,3364
6213,700,1188,1659,2413,2833,,700,488,471,754,420,3380
6158,714,1188,1660,2389,2714,,714,474,472,729,325,3444
6118,713,1188,1659,2347,2764,,713,475,471,688,417,3354
6113,713,1189,1619,2331,2743,,713,476,430,712,412,3370
6240,653,1189,1660,2414,2838,,653,536,471,754,424,3402
6232,712,1187,1660,2387,2807,,712,475,473,727,420,3425
6167,713,1186,1657,2388,2766,,713,473,471,731,378,3401
6114,715,1188,1660,2346,2744,,715,473,472,686,398,3370
6115,715,1187,1618,2344,2744,,715,472,431,726,400,3371
6071,713,1186,1615,2328,2654,,713,473,429,713,326,3417
6242,701,1189,1661,2413,2835,,701,488,472,752,422,3407
6065,712,1189,1663,2364,2728,,712,477,474,701,364,3337
6143,714,1188,1618,2348,2766,,714,474,430,730,418,3377
6070,712,1189,1619,2330,2657,,712,477,430,711,327,3413
6215,700,1188,1659,2414,2833,,700,488,471,755,419,3382
6230,662,1161,1633,2388,2807,,662,499,472,755,419,3423
6159,711,1187,1659,2387,2766,,711,476,472,728,379,3393
6125,712,1188,1660,2347,2745,,712,476,472,687,398,3380
5940,711,1186,1616,2245,2577,,711,475,430,629,332,3363
6123,713,1189,1619,2330,2744,,713,476,430,711,414,3379
6213,700,1187,1659,2413,2832,,700,487,472,754,419,3381
6131,711,1186,1636,2340,2740,,711,475,450,704,400,3391
6007,667,1156,1594,2256,2618,,667,489,438,662,362,3389
6017,667,1159,1599,2259,2621,,667,492,440,660,362,3396
6053,709,1181,1628,2284,2649,,709,472,447,656,365,3404
6268,691,1206,1695,2403,2822,,691,515,489,708,419,3446
6225,709,1197,1686,2366,2809,,709,488,489,680,443,3416
6145,713,1189,1661,2389,2768,,713,476,472,728,379,3377
6115,713,1188,1660,2346,2744,,713,475,472,686,398,3371
5950,713,1187,1618,2246,2578,,713,474,431,628,332,3372
5998,699,1196,1665,2339,2660,,699,497,469,674,321,3338
6103,710,1185,1612,2321,2652,,710,475,427,709,331,3451
6041,713,1188,1658,2321,2656,,713,475,470,663,335,3385
6073,712,1187,1616,2322,2652,,712,475,429,706,330,3421
5939,712,1188,1658,2307,2602,,712,476,470,649,295,3337
6221,712,1157,1628,2388,2811,,712,445,471,760,423,3410
6215,710,1185,1659,2386,2805,,710,475,474,727,419,3410
6113,711,1186,1657,2344,2741,,711,475,471,687,397,3372
5989,709,1185,1615,2250,2603,,709,476,430,635,353,3386
5946,700,1196,1625,2253,2587,,700,496,429,628,334,3359
5995,699,1193,1663,2337,2656,,699,494,470,674,319,3339
6248,704,1180,1655,2405,2823,,704,476,475,750,418,3425
6114,712,1187,1660,2344,2743,,712,475,473,684,399,3371
5941,710,1185,1616,2245,2577,,710,475,431,629,332,3364
5998,700,1196,1666,2341,2661,,700,496,470,675,320,3337
6258,713,1165,1638,2389,2811,,713,452,473,751,422,3447
6144,712,1188,1661,2386,2768,,712,476,473,725,382,3376
6113,712,1187,1660,2345,2742,,712,475,473,685,397,3371
5935,709,1184,1616,2242,2574,,709,475,432,626,332,3361
5938,711,1186,1616,2247,2578,,711,475,430,631,331,3360
5971,700,1193,1663,2338,2634,,700,493,470,675,296,3337
6300,706,1206,1677,2431,2852,,706,500,471,754,421,3448
6115,712,1188,1661,2347,2744,,712,476,473,686,397,3371
5940,711,1185,1615,2244,2577,,711,474,430,629,333,3363
5970,698,1194,1664,2337,2631,,698,496,470,673,294,3339
6295,695,1179,1641,2428,2847,,695,484,462,787,419,3448
6318,752,1235,1723,2433,2875,,752,483,488,710,442,3443
6303,716,1206,1695,2436,2855,,716,490,489,741,419,3448
6294,723,1207,1696,2434,2845,,723,484,489,738,411,3449
6296,726,1210,1727,2437,2848,,726,484,517,710,411,3448
6291,724,1209,1725,2435,2847,,724,485,516,710,412,3444
6269,725,1209,1677,2380,2823,,725,484,468,703,443,3446
6270,715,1199,1689,2399,2822,,715,484,490,710,423,3448
6347,752,1248,1735,2449,2872,,752,496,487,714,423,3475
6323,723,1233,1719,2428,2850,,723,510,486,709,422,3473
6367,751,1267,1802,2510,2920,,751,516,535,708,410,3447
6268,724,1208,1696,2405,2821,,724,484,488,709,416,3447
6268,724,1210,1698,2407,2822,,724,486,488,709,415,3446
6271,725,1209,1698,2408,2823,,725,484,489,710,415,3448
6370,754,1249,1765,2500,2921,,754,495,516,735,421,3449
6348,724,1209,1726,2436,2871,,724,485,517,710,435,3477
6347,754,1249,1739,2450,2902,,754,495,490,711,452,3445
6321,726,1211,1699,2438,2871,,726,485,488,739,433,3450
6250,700,1184,1672,2400,2824,,700,484,488,728,424,3426
6299,726,1211,1698,2408,2825,,726,485,487,710,417,3474
6301,725,1238,1644,2400,2824,,725,513,406,756,424,3477
6257,724,1237,1722,2431,2815,,724,513,485,709,384,3442
6143,713,1189,1685,2388,2766,,713,476,496,703,378,3377
6115,713,1188,1661,2346,2746,,713,475,473,685,400,3369
5943,700,1188,1618,2246,2580,,700,488,430,628,334,3363
6289,699,1195,1667,2422,2840,,699,496,472,755,418,3449
6258,709,1189,1661,2414,2832,,709,480,472,753,418,3426
6113,713,1186,1658,2345,2743,,713,473,472,687,398,3370
5968,712,1185,1615,2244,2577,,712,473,430,629,333,3391
6001,699,1198,1668,2343,2664,,699,499,470,675,321,3337
6269,713,1188,1670,2399,2822,,713,475,482,729,423,3447
6245,725,1208,1698,2407,2801,,725,483,490,709,394,3444
6270,724,1207,1696,2406,2822,,724,483,489,710,416,3448
6301,725,1209,1698,2410,2822,,725,484,489,712,412,3479
6270,726,1209,1700,2408,2823,,726,483,491,708,415,3447
6334,711,1209,1699,2435,2857,,711,498,490,736,422,3477
6320,715,1223,1740,2449,2872,,715,508,517,709,423,3448
6270,725,1210,1697,2406,2822,,725,485,487,709,416,3448
6297,727,1241,1726,2436,2847,,727,514,485,710,411,3450
6270,725,1209,1697,2406,2820,,725,484,488,709,414,3450
6296,726,1216,1673,2400,2848,,726,490,457,727,448,3448
6235,725,1208,1697,2407,2792,,725,483,489,710,385,3443
6176,704,1195,1668,2420,2799,,704,491,473,752,379,3377
6115,711,1187,1658,2348,2743,,711,476,471,690,395,3372
6088,712,1187,1640,2357,2685,,712,475,453,717,328,3403
6257,700,1187,1658,2414,2833,,700,487,471,756,419,3424
6059,633,1113,1585,2288,2613,,633,480,472,703,325,3446
6201,708,1223,1695,2410,2824,,708,515,472,715,414,3377
5945,709,1185,1616,2245,2576,,709,476,431,629,331,3369
6075,699,1198,1669,2343,2664,,699,499,471,674,321,3411
6266,697,1197,1668,2427,2845,,697,500,471,759,418,3421
6146,712,1188,1659,2390,2767,,712,476,471,731,377,3379
6307,746,1236,1726,2437,2859,,746,490,490,711,422,3448
6320,725,1239,1722,2458,2872,,725,514,483,736,414,3448
6270,724,1209,1696,2405,2822,,724,485,487,709,417,3448
6291,724,1207,1696,2405,2850,,724,483,489,709,445,3441
6270,724,1208,1724,2432,2830,,724,484,516,708,398,3440
6320,702,1228,1714,2454,2873,,702,526,486,740,419,3447
6269,698,1182,1672,2398,2821,,698,484,490,726,423,3448
6320,726,1210,1698,2436,2876,,726,484,488,738,440,3444
6276,724,1233,1644,2399,2801,,724,509,411,755,402,3475
6271,726,1236,1722,2431,2827,,726,510,486,709,396,3444
6325,725,1237,1723,2432,2847,,725,512,486,709,415,3478
6270,726,1210,1698,2408,2822,,726,484,488,710,414,3448
6295,724,1232,1720,2429,2846,,724,508,488,709,417,3449
6231,724,1232,1720,2429,2784,,724,508,488,709,355,3447
6162,702,1130,1605,2318,2735,,702,428,475,713,417,3427
6141,710,1185,1656,2386,2763,,710,475,471,730,377,3378
5944,710,1186,1615,2245,2577,,710,476,429,630,332,3367
6267,699,1199,1670,2422,2843,,699,500,471,752,421,3424
6108,698,1196,1628,2296,2628,,698,498,432,668,332,3480
6269,723,1207,1696,2404,2821,,723,484,489,708,417,3448
6269,722,1206,1694,2403,2819,,722,484,488,709,416,3450
6270,724,1209,1695,2405,2819,,724,485,486,710,414,3451
6270,725,1210,1700,2409,2823,,725,485,490,709,414,3447
6323,723,1232,1720,2430,2845,,723,509,488,710,415,3478
6170,653,1092,1573,2299,2708,,653,439,481,726,409,3462
6299,725,1209,1697,2406,2823,,725,484,488,709,417,3476
6320,725,1209,1727,2437,2902,,725,484,518,710,465,3418
6298,725,1210,1699,2410,2822,,725,485,489,711,412,3476
6244,726,1211,1678,2371,2796,,726,485,467,693,425,3448
6243,723,1208,1698,2407,2801,,723,485,490,709,394,3442
6270,724,1210,1696,2406,2821,,724,486,486,710,415,3449
6370,725,1239,1780,2499,2923,,725,514,541,719,424,3447
6320,726,1210,1729,2449,2872,,726,484,519,720,423,3448
6296,724,1207,1696,2405,2821,,724,483,489,709,416,3475
6290,650,1139,1633,2374,2842,,650,489,494,741,468,3448
6271,724,1209,1696,2407,2822,,724,485,487,711,415,3449
6243,725,1234,1722,2432,2828,,725,509,488,710,396,3415
6299,725,1209,1698,2406,2823,,725,484,489,708,417,3476
6245,732,1224,1713,2348,2798,,732,492,489,635,450,3447
6295,753,1237,1725,2436,2847,,753,484,488,711,411,3448
6287,719,1203,1690,2417,2839,,719,484,487,727,422,3448
6270,724,1209,1697,2407,2821,,724,485,488,710,414,3449
6299,725,1209,1695,2405,2822,,725,484,486,710,417,3477
6300,725,1209,1697,2406,2822,,725,484,488,709,416,3478
6156,699,1161,1605,2314,2734,,699,462,444,709,420,3422
6140,712,1186,1657,2386,2764,,712,474,471,729,378,3376
5942,711,1185,1616,2246,2576,,711,474,431,630,330,3366
6191,702,1158,1637,2348,2741,,702,456,479,711,393,3450
6221,671,1164,1640,2347,2758,,671,493,476,707,411,3463
6272,726,1211,1698,2408,2823,,726,485,487,710,415,3449
6297,726,1211,1726,2435,2849,,726,485,515,709,414,3448
6296,727,1211,1698,2408,2824,,727,484,487,710,416,3472
6294,723,1235,1721,2430,2846,,723,512,486,709,416,3448
6254,725,1211,1697,2407,2822,,725,486,486,710,415,3432
6029,660,1117,1527,2242,2606,,660,457,410,715,364,3423
6114,713,1187,1605,2313,2729,,713,474,418,708,416,3385
6120,713,1189,1618,2347,2743,,713,476,429,729,396,3377
6167,701,1158,1637,2324,2715,,701,457,479,687,391,3452
6221,671,1163,1634,2346,2767,,671,492,471,712,421,3454
6271,726,1209,1697,2407,2823,,726,483,488,710,416,3448
6294,722,1237,1722,2432,2848,,722,515,485,710,416,3446
6319,725,1234,1723,2432,2876,,725,509,489,709,444,3443
6346,726,1239,1723,2462,2873,,726,513,484,739,411,3473
6296,711,1200,1689,2426,2848,,711,489,489,737,422,3448
6232,724,1209,1641,2387,2811,,724,485,432,746,424,3421
6115,693,1166,1637,2351,2744,,693,473,471,714,393,3371
5941,711,1185,1616,2244,2577,,711,474,431,628,333,3364
6071,650,1127,1599,2222,2639,,650,477,472,623,417,3432
6271,699,1155,1640,2424,2827,,699,456,485,784,403,3444
6246,724,1208,1696,2406,2803,,724,484,488,710,397,3443
6302,716,1234,1718,2431,2853,,716,518,484,713,422,3449
6319,724,1208,1725,2464,2871,,724,484,517,739,407,3448
6298,710,1202,1689,2426,2849,,710,492,487,737,423,3449
6297,711,1200,1687,2425,2847,,711,489,487,738,422,3450
6092,700,1146,1565,2265,2685,,700,446,419,700,420,3407
6116,712,1189,1618,2346,2745,,712,477,429,728,399,3371
5943,711,1186,1617,2246,2577,,711,475,431,629,331,3366
6206,699,1145,1627,2338,2754,,699,446,482,711,416,3452
6033,633,1040,1508,2214,2606,,633,407,468,706,392,3427
5939,714,1189,1660,2309,2604,,714,475,471,649,295,3335
6144,715,1189,1661,2389,2766,,715,474,472,728,377,3378
6115,714,1189,1660,2349,2745,,714,475,471,689,396,3370
6116,711,1189,1661,2347,2744,,711,478,472,686,397,3372
6114,713,1189,1661,2346,2743,,713,476,472,685,397,3371
6293,664,1197,1664,2422,2846,,664,533,467,758,424,3447
6331,717,1235,1723,2460,2883,,717,518,488,737,423,3448
6296,724,1239,1726,2436,2847,,724,515,487,710,411,3449
6301,716,1206,1695,2431,2854,,716,490,489,736,423,3447
6297,722,1147,1630,2397,2820,,722,425,483,767,423,3477
6307,711,1211,1700,2436,2858,,711,500,489,736,422,3449
6057,706,1179,1651,2379,2705,,706,473,472,728,326,3352
6143,714,1188,1660,2347,2764,,714,474,472,687,417,3379
6116,713,1186,1658,2346,2742,,713,473,472,688,396,3374
6142,701,1189,1660,2373,2771,,701,488,471,713,398,3371
6166,660,1187,1658,2378,2790,,660,527,471,720,412,3376
6064,710,1186,1657,2363,2689,,710,476,471,706,326,3375
5970,712,1185,1616,2247,2578,,712,473,431,631,331,3392
6089,669,1187,1617,2313,2707,,669,518,430,696,394,3382
6034,653,1096,1551,2238,2588,,653,443,455,687,350,3446
5967,714,1189,1659,2309,2627,,714,475,470,650,318,3340
6141,714,1188,1662,2347,2765,,714,474,474,685,418,3376
6116,715,1188,1660,2347,2744,,715,473,472,687,397,3372
6116,714,1188,1659,2350,2744,,714,474,471,691,394,3372
6143,702,1188,1660,2372,2769,,702,486,472,712,397,3374
6022,713,1128,1599,2245,2635,,713,415,471,646,390,3387
5934,714,1149,1576,2234,2582,,714,435,427,658,348,3352
5968,698,1189,1620,2273,2606,,698,491,431,653,333,3362
6015,701,1140,1541,2240,2615,,701,439,401,699,375,3400
6033,654,1096,1508,2215,2591,,654,442,412,707,376,3442
5967,713,1188,1657,2306,2624,,713,475,469,649,318,3343
6142,715,1187,1660,2388,2768,,715,472,473,728,380,3374
6114,711,1188,1659,2345,2745,,711,477,471,686,400,3369
6116,713,1188,1660,2346,2745,,713,475,472,686,399,3371
6114,712,1187,1660,2346,2743,,712,475,473,686,397,3371
6195,685,1134,1616,2326,2738,,685,449,482,710,412,3457
6167,717,1156,1634,2321,2741,,717,439,478,687,420,3426
6039,712,1187,1617,2328,2655,,712,475,430,711,327,3384
6126,708,1174,1595,2283,2676,,708,466,421,688,393,3450
6109,656,1095,1496,2213,2629,,656,439,401,717,416,3480
5969,714,1188,1657,2306,2627,,714,474,469,649,321,3342
6145,716,1190,1661,2351,2768,,716,474,471,690,417,3377
6116,712,1188,1659,2348,2746,,712,476,471,689,398,3370
6140,701,1187,1658,2372,2768,,701,486,471,714,396,3372
6001,702,1197,1627,2280,2617,,702,495,430,653,337,3384
5944,660,1132,1602,2244,2580,,660,472,470,642,336,3364
6064,701,1187,1642,2347,2679,,701,486,455,705,332,3385
6057,713,1188,1616,2304,2630,,713,475,428,688,326,3427
6064,714,1188,1613,2242,2629,,714,474,425,629,387,3435
6107,654,1097,1511,2213,2630,,654,443,414,702,417,3477
5941,713,1190,1660,2307,2601,,713,477,470,647,294,3340
6156,705,1202,1674,2403,2781,,705,497,472,729,378,3375
6113,710,1186,1656,2345,2743,,710,476,470,689,398,3370
6116,713,1188,1662,2347,2745,,713,475,474,685,398,3371
6149,700,1198,1671,2379,2779,,700,498,473,708,400,3370
5956,711,1145,1584,2235,2599,,711,434,439,651,364,3357
5969,643,1114,1585,2246,2602,,643,471,471,661,356,3367
5907,715,1189,1611,2244,2562,,715,474,422,633,318,3345
6001,699,1159,1572,2210,2606,,699,460,413,638,396,3395
6029,653,1096,1508,2216,2607,,653,443,412,708,391,3422
5941,714,1188,1657,2307,2601,,714,474,469,650,294,3340
6142,712,1188,1659,2346,2765,,712,476,471,687,419,3377
6113,713,1186,1658,2347,2744,,713,473,472,689,397,3369
6117,715,1189,1660,2348,2745,,715,474,471,688,397,3372
6147,701,1196,1667,2381,2778,,701,495,471,714,397,3369
6142,712,1186,1616,2324,2714,,712,474,430,708,390,3428
6272,725,1209,1696,2406,2823,,725,484,487,710,417,3449
6294,725,1209,1698,2437,2848,,725,484,489,739,411,3446
6257,697,1169,1643,2350,2812,,697,472,474,707,462,3445
5964,653,1094,1496,2153,2543,,653,441,402,657,390,3421
6257,713,1188,1661,2388,2807,,713,475,473,727,419,3450
6142,713,1188,1660,2388,2766,,713,475,472,728,378,3376
6115,712,1186,1658,2345,2744,,712,474,472,687,399,3371
6155,704,1202,1672,2388,2782,,704,498,470,716,394,3373
6182,702,1225,1697,2410,2807,,702,523,472,713,397,3375
6170,700,1187,1615,2324,2736,,700,487,428,709,412,3434
6261,725,1157,1636,2389,2813,,725,432,479,753,424,3448
6118,714,1188,1659,2346,2745,,714,474,471,687,399,3373
6007,703,1141,1540,2169,2582,,703,438,399,629,413,3425
5982,654,1096,1508,2151,2550,,654,442,412,643,399,3432
5967,714,1189,1659,2308,2627,,714,475,470,649,319,3340
5999,703,1195,1625,2279,2616,,703,492,430,654,337,3383
5893,714,1148,1561,2197,2531,,714,434,413,636,334,3362
5891,716,1148,1559,2196,2530,,716,432,411,637,334,3361
6215,726,1195,1662,2386,2806,,726,469,467,724,420,3409
6217,726,1209,1697,2405,2801,,726,483,488,708,396,3416
6220,758,1252,1687,2391,2815,,758,494,435,704,424,3405
6068,715,1190,1618,2324,2655,,715,475,428,706,331,3413
6192,713,1200,1657,2389,2810,,713,487,457,732,421,3382
6074,713,1188,1616,2325,2656,,713,475,428,709,331,3418
5881,706,1136,1550,2180,2513,,706,430,414,630,333,3368
5927,705,1181,1597,2232,2566,,705,476,416,635,334,3361
5889,715,1145,1561,2196,2528,,715,430,416,635,332,3361
5840,674,1118,1523,2147,2480,,674,444,405,624,333,3360
5832,668,1110,1508,2141,2486,,668,442,398,633,345,3346
5870,672,1119,1533,2176,2504,,672,447,414,643,328,3366
6032,701,1152,1599,2262,2624,,701,451,447,663,362,3408
6205,727,1242,1726,2416,2824,,727,515,484,690,408,3381
6113,684,1092,1518,2181,2615,,684,408,426,663,434,3498
6098,716,1207,1661,2297,2661,,716,491,454,636,364,3437
5910,716,1151,1582,2224,2555,,716,435,431,642,331,3355
5886,710,1143,1555,2192,2526,,710,433,412,637,334,3360
5889,714,1148,1560,2197,2530,,714,434,412,637,333,3359
5890,714,1146,1560,2197,2530,,714,432,414,637,333,3360
5889,714,1149,1561,2198,2530,,714,435,412,637,332,3359
5924,712,1145,1559,2193,2549,,712,433,414,634,356,3375
5888,711,1146,1559,2194,2529,,711,435,413,635,335,3359
5914,713,1146,1562,2195,2530,,713,433,416,633,335,3384
5891,715,1146,1562,2196,2521,,715,431,416,634,325,3370
5896,713,1146,1559,2195,2518,,713,433,413,636,323,3378
5897,712,1148,1559,2195,2528,,712,436,411,636,333,3369
5889,713,1147,1559,2196,2529,,713,434,412,637,333,3360
5916,713,1147,1560,2196,2529,,713,434,413,636,333,3387
5941,699,1170,1600,2224,2582,,699,471,430,624,358,3359
5891,712,1148,1560,2195,2529,,712,436,412,635,334,3362
5900,713,1145,1560,2194,2521,,713,432,415,634,327,3379
5890,713,1148,1561,2197,2530,,713,435,413,636,333,3360
5898,713,1147,1559,2195,2531,,713,434,412,636,336,3367
5937,714,1140,1580,2221,2555,,714,426,440,641,334,3382
6190,723,1206,1694,2406,2794,,723,483,488,712,388,3396
6062,717,1191,1620,2323,2655,,717,474,429,703,332,3407
5939,673,1162,1597,2222,2583,,673,489,435,625,361,3356
5890,714,1147,1561,2196,2529,,714,433,414,635,333,3361
5891,674,1123,1535,2171,2520,,674,449,412,636,349,3371
6210,693,1164,1631,2366,2787,,693,471,467,735,421,3423
6279,722,1233,1747,2454,2838,,722,511,514,707,384,3441
6041,714,1189,1621,2332,2658,,714,475,432,711,326,3383
5890,714,1147,1560,2197,2531,,714,433,413,637,334,3359
5893,713,1147,1561,2199,2531,,713,434,414,638,332,3362
5871,673,1122,1535,2170,2493,,673,449,413,635,323,3378
5865,685,1120,1536,2171,2505,,685,435,416,635,334,3360
5866,674,1120,1535,2171,2505,,674,446,415,636,334,3361
5869,674,1121,1537,2172,2506,,674,447,416,635,334,3363
5862,672,1121,1534,2171,2504,,672,449,413,637,333,3358
5864,673,1126,1536,2171,2506,,673,453,410,635,335,3358
5901,714,1147,1561,2195,2530,,714,433,414,634,335,3371
5878,708,1142,1554,2191,2523,,708,434,412,637,332,3355
5891,715,1147,1561,2198,2529,,715,432,414,637,331,3362
6118,715,1191,1662,2351,2745,,715,476,471,689,394,3373
6145,719,1215,1686,2345,2765,,719,496,471,659,420,3380
6122,714,1189,1660,2346,2746,,714,475,471,686,400,3376
6132,708,1180,1652,2364,2761,,708,472,472,712,397,3371
6116,713,1188,1661,2347,2743,,713,475,473,686,396,3373
6016,701,1164,1636,2298,2632,,701,463,472,662,334,3384
6167,700,1152,1650,2371,2790,,700,452,498,721,419,3377
5974,712,1186,1615,2271,2603,,712,474,429,656,332,3371
5938,700,1187,1617,2246,2580,,700,487,430,629,334,3358
6107,712,1187,1615,2322,2655,,712,475,428,707,333,3452
6233,714,1189,1660,2389,2808,,714,475,471,729,419,3425
6147,715,1188,1664,2350,2766,,715,473,476,686,416,3381
5889,714,1148,1560,2196,2529,,714,434,412,636,333,3360
5888,711,1143,1559,2194,2528,,711,432,416,635,334,3360
5892,715,1148,1561,2199,2531,,715,433,413,638,332,3361
5864,675,1121,1538,2173,2506,,675,446,417,635,333,3358
6130,676,1122,1600,2286,2702,,676,446,478,686,416,3428
6271,725,1237,1724,2433,2827,,725,512,487,709,394,3444
6296,725,1207,1699,2436,2848,,725,482,492,737,412,3448
6270,725,1208,1697,2407,2823,,725,483,489,710,416,3447
6271,725,1209,1620,2398,2822,,725,484,411,778,424,3449
6296,709,1202,1689,2426,2848,,709,493,487,737,422,3448
6145,699,1168,1639,2352,2768,,699,469,471,713,416,3377
5891,721,1151,1564,2198,2530,,721,430,413,634,332,3361
5891,714,1147,1561,2199,2531,,714,433,414,638,332,3360
5865,674,1121,1537,2170,2505,,674,447,416,633,335,3360
6131,674,1120,1602,2285,2700,,674,446,482,683,415,3431
6295,722,1207,1724,2431,2846,,722,485,517,707,415,3449
6220,657,1163,1635,2388,2812,,657,506,472,753,424,3408
6144,715,1189,1661,2350,2767,,715,474,472,689,417,3377
6117,718,1214,1687,2350,2752,,718,496,473,663,402,3365
6145,715,1217,1688,2352,2747,,715,502,471,664,395,3398
6217,753,1183,1662,2388,2812,,753,430,479,726,424,3405
6117,716,1189,1662,2348,2745,,716,473,473,686,397,3372
6140,713,1187,1660,2372,2769,,713,474,473,712,397,3371
5963,701,1189,1630,2271,2603,,701,488,441,641,332,3360
5908,702,1147,1589,2221,2551,,702,445,442,632,330,3357
6014,702,1196,1622,2255,2587,,702,494,426,633,332,3427
6197,714,1190,1604,2331,2739,,714,476,414,727,408,3458
6296,726,1210,1726,2435,2848,,726,484,516,709,413,3448
6234,726,1234,1722,2431,2804,,726,508,488,709,373,3430
6145,716,1215,1686,2348,2767,,716,499,471,662,419,3378
6155,681,1140,1610,2310,2725,,681,459,470,700,415,3430
6315,719,1235,1724,2445,2867,,719,516,489,721,422,3448
6297,725,1237,1723,2431,2847,,725,512,486,708,416,3450
6234,726,1211,1648,2390,2812,,726,485,437,742,422,3422
6129,713,1147,1586,2285,2700,,713,434,439,699,415,3429
6259,725,1233,1722,2432,2815,,725,508,489,710,383,3444
5930,707,1179,1608,2231,2564,,707,472,429,623,333,3366
5890,713,1146,1562,2198,2529,,713,433,416,636,331,3361
5943,715,1174,1585,2221,2555,,715,459,411,636,334,3388
5894,715,1148,1561,2197,2531,,715,433,413,636,334,3363
6117,713,1147,1585,2265,2634,,713,434,438,680,369,3483
6215,718,1213,1701,2393,2808,,718,495,488,692,415,3407
6270,725,1209,1699,2407,2825,,725,484,490,708,418,3445
6302,726,1214,1673,2401,2823,,726,488,459,728,422,3479
6304,715,1208,1696,2433,2857,,715,493,488,737,424,3447
6234,727,1211,1699,2407,2789,,727,484,488,708,382,3445
6114,714,1188,1618,2332,2744,,714,474,430,714,412,3370
5890,713,1144,1559,2195,2529,,713,431,415,636,334,3361
5890,712,1146,1561,2197,2529,,712,434,415,636,332,3361
5942,715,1172,1584,2221,2569,,715,457,412,637,348,3373
5914,713,1145,1560,2200,2531,,713,432,415,640,331,3383
5864,658,1096,1508,2145,2480,,658,438,412,637,335,3384
5864,673,1120,1536,2170,2503,,673,447,416,634,333,3361
5891,675,1122,1537,2175,2507,,675,447,415,638,332,3384
5890,675,1121,1537,2179,2530,,675,446,416,642,351,3360
5897,674,1121,1535,2171,2519,,674,447,414,636,348,3378
5865,676,1122,1538,2171,2505,,676,446,416,633,334,3360
5890,715,1150,1561,2197,2530,,715,435,411,636,333,3360
5895,716,1148,1562,2197,2520,,716,432,414,635,323,3375
5905,707,1158,1573,2210,2543,,707,451,415,637,333,3362
5892,675,1123,1536,2176,2507,,675,448,413,640,331,3385
5866,663,1123,1535,2172,2496,,663,460,412,637,324,3370
5892,714,1146,1562,2197,2531,,714,432,416,635,334,3361
5891,713,1146,1560,2193,2531,,713,433,414,633,338,3360
5884,715,1148,1562,2201,2529,,715,433,414,639,328,3355
5923,716,1148,1562,2199,2533,,716,432,414,637,334,3390
5883,714,1140,1564,2191,2535,,714,426,424,627,344,3348
5896,715,1148,1560,2197,2530,,715,433,412,637,333,3366
5893,713,1147,1564,2197,2529,,713,434,417,633,332,3364
5893,713,1147,1562,2199,2531,,713,434,415,637,332,3362
5891,716,1146,1561,2200,2530,,716,430,415,639,330,3361
5869,677,1124,1537,2176,2508,,677,447,413,639,332,3361
5866,676,1121,1534,2170,2494,,676,445,413,636,324,3372
5864,674,1121,1536,2172,2508,,674,447,415,636,336,3356
5890,675,1120,1535,2170,2516,,675,445,415,635,346,3374
5898,713,1146,1560,2196,2530,,713,433,414,636,334,3368
5888,712,1146,1560,2198,2530,,712,434,414,638,332,3358
5886,712,1146,1563,2195,2529,,712,434,417,632,334,3357
5918,714,1149,1561,2198,2531,,714,435,412,637,333,3387
5864,671,1119,1533,2169,2501,,671,448,414,636,332,3363
5892,676,1123,1536,2169,2518,,676,447,413,633,349,3374
5783,670,1110,1509,2116,2435,,670,440,399,607,319,3348
5898,663,1154,1572,2206,2539,,663,491,418,634,333,3359
5889,715,1148,1561,2198,2541,,715,433,413,637,343,3348
5918,715,1146,1562,2196,2552,,715,431,416,634,356,3366
5911,716,1148,1560,2199,2530,,716,432,412,639,331,3381
5922,716,1149,1562,2200,2533,,716,433,413,638,333,3389
5889,712,1145,1559,2195,2530,,712,433,414,636,335,3359
6118,715,1187,1658,2348,2745,,715,472,471,690,397,3373
6119,716,1190,1661,2350,2745,,716,474,471,689,395,3374
6157,705,1200,1629,2300,2692,,705,495,429,671,392,3465
6322,726,1211,1699,2442,2873,,726,485,488,743,431,3449
6271,725,1208,1699,2408,2823,,725,483,491,709,415,3448
6271,726,1210,1698,2407,2810,,726,484,488,709,403,3461
6271,725,1209,1697,2436,2828,,725,484,488,739,392,3443
6321,726,1264,1748,2456,2874,,726,538,484,708,418,3447
6401,725,1264,1778,2516,2924,,725,539,514,738,408,3477
6321,727,1239,1752,2490,2874,,727,512,513,738,384,3447
6271,727,1210,1699,2437,2830,,727,483,489,738,393,3441
6300,726,1210,1698,2407,2823,,726,484,488,709,416,3477
6271,726,1211,1698,2408,2823,,726,485,487,710,415,3448
6273,721,1205,1693,2403,2825,,721,484,488,710,422,3448
6248,726,1211,1699,2388,2799,,726,485,488,689,411,3449
6233,726,1210,1678,2400,2807,,726,484,468,722,407,3426
6079,716,1191,1621,2331,2660,,716,475,430,710,329,3419
5895,715,1148,1562,2199,2530,,715,433,414,637,331,3365
5909,720,1168,1567,2192,2536,,720,448,399,625,344,3373
5892,715,1150,1564,2199,2534,,715,435,414,635,335,3358
5891,713,1147,1559,2196,2530,,713,434,412,637,334,3361
5893,714,1149,1561,2196,2532,,714,435,412,635,336,3361
5962,716,1151,1563,2197,2547,,716,435,412,634,350,3415
6229,665,1173,1661,2384,2805,,665,508,488,723,421,3424
6305,715,1200,1690,2432,2855,,715,485,490,742,423,3450
6207,725,1210,1697,2385,2764,,725,485,487,688,379,3443
6209,715,1190,1660,2347,2767,,715,475,470,687,420,3442
6276,727,1211,1698,2408,2824,,727,484,487,710,416,3452
6272,713,1200,1689,2400,2822,,713,487,489,711,422,3450
6297,726,1212,1699,2408,2852,,726,486,487,709,444,3445
6270,727,1236,1723,2434,2829,,727,509,487,711,395,3441
6297,726,1210,1727,2436,2848,,726,484,517,709,412,3449
6168,662,1167,1641,2390,2785,,662,505,474,749,395,3383
6210,675,1167,1646,2383,2803,,675,492,479,737,420,3407
6325,725,1210,1727,2436,2849,,725,485,517,709,413,3476
6208,727,1236,1725,2413,2785,,727,509,489,688,372,3423
6236,716,1191,1687,2348,2790,,716,475,496,661,442,3446
6326,745,1265,1749,2459,2881,,745,520,484,710,422,3445
6271,726,1189,1649,2402,2824,,726,463,460,753,422,3447
6347,755,1240,1757,2477,2899,,755,485,517,720,422,3448
6296,726,1210,1698,2435,2830,,726,484,488,737,395,3466
6263,716,1209,1697,2419,2840,,716,493,488,722,421,3423
6297,727,1239,1725,2435,2850,,727,512,486,710,415,3447
6273,727,1211,1699,2408,2824,,727,484,488,709,416,3449
6247,727,1211,1699,2408,2807,,727,484,488,709,399,3440
6221,726,1209,1728,2416,2799,,726,483,519,688,383,3422
6279,745,1234,1722,2463,2862,,745,489,488,741,399,3417
6296,728,1239,1724,2437,2850,,728,511,485,713,413,3446
6272,726,1239,1724,2433,2829,,726,513,485,709,396,3443
6270,725,1209,1698,2408,2822,,725,484,489,710,414,3448
6296,754,1241,1726,2437,2848,,754,487,485,711,411,3448
6304,746,1234,1723,2433,2856,,746,488,489,710,423,3448
6168,727,1158,1638,2389,2769,,727,431,480,751,380,3399
6298,729,1212,1730,2439,2850,,729,483,518,709,411,3448
6221,727,1235,1723,2411,2800,,727,508,488,688,389,3421
6327,728,1211,1729,2439,2849,,728,483,518,710,410,3478
6330,716,1209,1697,2434,2886,,716,493,488,737,452,3444
6269,726,1209,1700,2409,2823,,726,483,491,709,414,3446
6397,730,1243,1826,2538,2950,,730,513,583,712,412,3447
6299,727,1211,1699,2438,2849,,727,484,488,739,411,3450
6229,726,1210,1729,2437,2849,,726,484,519,708,412,3380
6331,717,1237,1728,2463,2885,,717,520,491,735,422,3446
6173,714,1127,1614,2328,2737,,714,413,487,714,409,3436
6216,661,1151,1629,2391,2816,,661,490,478,762,425,3400
6066,715,1190,1619,2323,2657,,715,475,429,704,334,3409
5918,715,1149,1562,2199,2532,,715,434,413,637,333,3386
5884,709,1137,1550,2181,2515,,709,428,413,631,334,3369
5888,714,1148,1563,2198,2532,,714,434,415,635,334,3356
5885,715,1143,1542,2167,2511,,715,428,399,625,344,3374
5892,717,1148,1563,2198,2531,,717,431,415,635,333,3361
5890,715,1147,1562,2196,2529,,715,432,415,634,333,3361
5893,716,1148,1562,2198,2532,,716,432,414,636,334,3361
5906,709,1142,1560,2191,2541,,709,433,418,631,350,3365
6113,675,1113,1580,2262,2652,,675,438,467,682,390,3461
6269,725,1209,1697,2407,2822,,725,484,488,710,415,3447
6247,727,1212,1699,2408,2804,,727,485,487,709,396,3443
6272,726,1212,1700,2410,2824,,726,486,488,710,414,3448
6294,726,1211,1701,2410,2853,,726,485,490,709,443,3441
6297,727,1202,1686,2431,2850,,727,475,484,745,419,3447
6321,726,1241,1726,2464,2877,,726,515,485,738,413,3444
6216,756,1196,1679,2391,2813,,756,440,483,712,422,3403
6042,715,1192,1621,2330,2657,,715,477,429,709,327,3385
5904,704,1156,1569,2209,2539,,704,452,413,640,330,3365
5919,675,1101,1542,2199,2557,,675,426,441,657,358,3362
5893,717,1149,1564,2176,2535,,717,432,415,612,359,3358
5921,716,1148,1562,2199,2534,,716,432,414,637,335,3387
5849,675,1105,1510,2148,2480,,675,430,405,638,332,3369
5923,659,1128,1527,2135,2479,,659,469,399,608,344,3444
5843,676,1108,1511,2144,2471,,676,432,403,633,327,3372
5890,714,1148,1560,2197,2531,,714,434,412,637,334,3359
5891,712,1147,1560,2197,2529,,712,435,413,637,332,3362
5891,715,1148,1561,2197,2531,,715,433,413,636,334,3360
5894,713,1145,1561,2199,2528,,713,432,416,638,329,3366
5888,684,1122,1537,2172,2506,,684,438,415,635,334,3382
5867,677,1129,1537,2173,2508,,677,452,408,636,335,3359
5918,715,1174,1587,2223,2558,,715,459,413,636,335,3360
5901,715,1147,1561,2198,2532,,715,432,414,637,334,3369
5891,716,1149,1563,2198,2536,,716,433,414,635,338,3355
6057,634,1114,1586,2290,2684,,634,480,472,704,394,3373
5792,646,1053,1450,2077,2399,,646,407,397,627,322,3393
5795,633,1030,1425,2054,2372,,633,397,395,629,318,3423
5971,701,1195,1625,2254,2587,,701,494,430,629,333,3384
6246,687,1187,1660,2364,2808,,687,500,473,704,444,3438
6273,681,1156,1639,2401,2825,,681,475,483,762,424,3448
6298,726,1211,1729,2437,2850,,726,485,518,708,413,3448
6272,728,1212,1700,2408,2824,,728,484,488,708,416,3448
6295,723,1208,1696,2423,2848,,723,485,488,727,425,3447
6321,756,1251,1739,2451,2873,,756,495,488,712,422,3448
6376,726,1239,1725,2463,2905,,726,513,486,738,442,3471
6476,756,1281,1854,2563,2999,,756,525,573,709,436,3477
6267,754,1239,1726,2436,2873,,754,485,487,710,437,3394
6345,711,1225,1710,2457,2876,,711,514,485,747,419,3469
6260,726,1210,1666,2396,2812,,726,484,456,730,416,3448
6259,717,1191,1663,2391,2813,,717,474,472,728,422,3446
6145,715,1191,1663,2392,2769,,715,476,472,729,377,3376
6148,716,1192,1666,2392,2768,,716,476,474,726,376,3380
6155,705,1202,1675,2395,2771,,705,497,473,720,376,3384
6146,703,1174,1645,2354,2769,,703,471,471,709,415,3377
6072,705,1140,1617,2317,2694,,705,435,477,700,377,3378
6140,711,1210,1681,2386,2765,,711,499,471,705,379,3375
6180,704,1200,1673,2425,2803,,704,496,473,752,378,3377
6145,718,1217,1690,2391,2768,,718,499,473,701,377,3377
6164,703,1200,1671,2425,2778,,703,497,471,754,353,3386
6226,674,1131,1568,2305,2738,,674,457,437,737,433,3488
6327,717,1203,1717,2429,2850,,717,486,514,712,421,3477
6353,715,1232,1716,2457,2875,,715,517,484,741,418,3478
6323,755,1251,1745,2458,2873,,755,496,494,713,415,3450
6273,726,1210,1700,2409,2827,,726,484,490,709,418,3446
6161,714,1148,1628,2318,2716,,714,434,480,690,398,3445
6042,715,1190,1687,2311,2630,,715,475,497,624,319,3412
6145,705,1202,1674,2393,2769,,705,497,472,719,376,3376
6143,716,1192,1664,2350,2767,,716,476,472,686,417,3376
6288,705,1226,1699,2415,2851,,705,521,473,716,436,3437
6202,715,1149,1592,2302,2714,,715,434,443,710,412,3488
6302,728,1212,1700,2410,2826,,728,484,488,710,416,3476
6301,727,1211,1699,2409,2824,,727,484,488,710,415,3477
6349,724,1261,1746,2455,2872,,724,537,485,709,417,3477
6227,708,1208,1678,2398,2790,,708,500,470,720,392,3437
6260,706,1203,1674,2364,2811,,706,497,471,690,447,3449
6260,716,1191,1663,2391,2812,,716,475,472,728,421,3448
6284,715,1191,1663,2415,2835,,715,476,472,752,420,3449
6261,706,1178,1649,2393,2814,,706,472,471,744,421,3447
6271,722,1207,1694,2450,2791,,722,485,487,756,341,3480
6348,759,1252,1743,2453,2905,,759,493,491,710,452,3443
6323,744,1226,1751,2459,2874,,744,482,525,708,415,3449
6422,756,1281,1855,2564,2973,,756,525,574,709,409,3449
6333,746,1233,1721,2433,2856,,746,487,488,712,423,3477
6322,754,1239,1754,2463,2873,,754,485,515,709,410,3449
6238,639,1139,1627,2340,2750,,639,500,488,713,410,3488
6354,719,1233,1718,2458,2879,,719,514,485,740,421,3475
6324,717,1203,1692,2404,2858,,717,486,489,712,454,3466
6252,716,1203,1691,2405,2827,,716,487,488,714,422,3425
6324,727,1212,1699,2410,2855,,727,485,487,711,445,3469
6275,717,1206,1693,2404,2826,,717,489,487,711,422,3449
6274,729,1214,1702,2412,2826,,729,485,488,710,414,3448
6249,716,1203,1691,2405,2805,,716,487,488,714,400,3444
6220,727,1211,1700,2411,2804,,727,484,489,711,393,3416
6276,716,1204,1693,2405,2827,,716,488,489,712,422,3449
6273,728,1213,1701,2412,2825,,728,485,488,711,413,3448
6247,724,1208,1696,2405,2825,,724,484,488,709,420,3422
6305,717,1204,1691,2403,2825,,717,487,487,712,422,3480
6301,728,1227,1715,2453,2876,,728,499,488,738,423,3425
6274,716,1203,1691,2404,2826,,716,487,488,713,422,3448
6274,717,1203,1693,2403,2826,,717,486,490,710,423,3448
6274,718,1203,1693,2403,2826,,718,485,490,710,423,3448
6249,727,1211,1700,2409,2803,,727,484,489,709,394,3446
6222,729,1214,1701,2411,2805,,729,485,487,710,394,3417
6273,727,1212,1701,2411,2826,,727,485,489,710,415,3447
6309,714,1179,1675,2438,2860,,714,465,496,763,422,3449
6278,716,1203,1722,2433,2851,,716,487,519,711,418,3427
6299,718,1228,1717,2428,2853,,718,510,489,711,425,3446
6252,717,1204,1692,2404,2827,,717,487,488,712,423,3425
6303,730,1244,1729,2440,2834,,730,514,485,711,394,3469
6298,727,1245,1731,2440,2851,,727,518,486,709,411,3447
6300,727,1236,1724,2434,2850,,727,509,488,710,416,3450
6273,718,1230,1720,2431,2830,,718,512,490,711,399,3443
6246,717,1227,1716,2429,2831,,717,510,489,713,402,3415
6301,716,1203,1691,2433,2852,,716,487,488,742,419,3449
6308,713,1213,1700,2437,2861,,713,500,487,737,424,3447
6221,728,1213,1700,2388,2802,,728,485,487,688,414,3419
6273,728,1218,1684,2407,2826,,728,490,466,723,419,3447
6250,729,1214,1702,2413,2824,,729,485,488,711,411,3426
6273,720,1206,1695,2404,2826,,720,486,489,709,422,3447
6273,726,1211,1696,2381,2825,,726,485,485,685,444,3448
6348,759,1252,1771,2480,2901,,759,493,519,709,421,3447
6303,729,1217,1702,2412,2827,,729,488,485,710,415,3476
6204,727,1212,1701,2390,2800,,727,485,489,689,410,3404
6239,706,1178,1652,2392,2812,,706,472,474,740,420,3427
6111,705,1176,1606,2274,2676,,705,471,430,668,402,3435
6261,708,1192,1665,2391,2811,,708,484,473,726,420,3450
6296,705,1228,1701,2452,2873,,705,523,473,751,421,3423
6263,705,1176,1648,2392,2815,,705,471,472,744,423,3448
6260,716,1191,1663,2391,2813,,716,475,472,728,422,3447
6186,715,1147,1588,2258,2670,,715,432,441,670,412,3516
6323,756,1241,1726,2435,2880,,756,485,485,709,445,3443
6325,727,1211,1727,2437,2850,,727,484,516,710,413,3475
6326,715,1202,1690,2403,2854,,715,487,488,713,451,3472
6298,726,1235,1724,2433,2849,,726,509,489,709,416,3449
6332,702,1209,1725,2434,2857,,702,507,516,709,423,3475
6300,728,1213,1701,2439,2850,,728,485,488,738,411,3450
6314,717,1217,1705,2442,2865,,717,500,488,737,423,3449
6299,739,1228,1716,2428,2851,,739,489,488,712,423,3448
6344,755,1250,1768,2478,2899,,755,495,518,710,421,3445
6273,712,1202,1689,2402,2824,,712,490,487,713,422,3449
6301,755,1250,1738,2450,2873,,755,495,488,712,423,3428
6322,728,1268,1752,2462,2875,,728,540,484,710,413,3447
6297,727,1241,1753,2462,2904,,727,514,512,709,442,3393
6298,727,1213,1700,2409,2854,,727,486,487,709,445,3444
6305,704,1203,1725,2434,2861,,704,499,522,709,427,3444
6297,729,1244,1731,2440,2850,,729,515,487,709,410,3447
6347,731,1256,1770,2480,2899,,731,525,514,710,419,3448
6324,711,1203,1692,2458,2876,,711,492,489,766,418,3448
6297,726,1213,1700,2438,2849,,726,487,487,738,411,3448
6305,717,1185,1668,2404,2826,,717,468,483,736,422,3479
6277,727,1211,1730,2439,2850,,727,484,519,709,411,3427
6375,727,1212,1729,2468,2904,,727,485,517,739,436,3471
6349,754,1249,1737,2451,2877,,754,495,488,714,426,3472
6376,756,1252,1768,2477,2900,,756,496,516,709,423,3476
6205,688,1139,1622,2332,2742,,688,451,483,710,410,3463
6298,728,1238,1725,2435,2851,,728,510,487,710,416,3447
6274,716,1204,1692,2403,2826,,716,488,488,711,423,3448
6310,713,1214,1702,2439,2860,,713,501,488,737,421,3450
6270,726,1211,1700,2409,2824,,726,485,489,709,415,3446
6329,717,1205,1694,2430,2855,,717,488,489,736,425,3474
6274,716,1203,1691,2402,2825,,716,487,488,711,423,3449
6277,718,1204,1692,2404,2826,,718,486,488,712,422,3451
6223,718,1203,1691,2403,2806,,718,485,488,712,403,3417
6274,717,1204,1691,2405,2827,,717,487,487,714,422,3447
6327,717,1232,1720,2456,2880,,717,515,488,736,424,3447
6254,716,1204,1693,2403,2827,,716,488,489,710,424,3427
6273,716,1203,1690,2402,2825,,716,487,487,712,423,3448
6289,745,1240,1729,2440,2861,,745,495,489,711,421,3428
6297,723,1235,1717,2430,2851,,723,512,482,713,421,3446
6322,727,1236,1731,2450,2859,,727,509,495,719,409,3463
6275,717,1204,1691,2403,2827,,717,487,487,712,424,3448
6271,716,1203,1692,2404,2826,,716,487,489,712,422,3445
6222,716,1203,1690,2402,2806,,716,487,487,712,404,3416
6274,715,1205,1692,2406,2827,,715,490,487,714,421,3447
6296,726,1236,1724,2434,2850,,726,510,488,710,416,3446
6276,715,1202,1690,2404,2854,,715,487,488,714,450,3422
6273,716,1202,1690,2404,2826,,716,486,488,714,422,3447
6293,714,1216,1701,2438,2861,,714,502,485,737,423,3432
6261,716,1202,1691,2404,2825,,716,486,489,713,421,3436
6274,704,1212,1701,2409,2816,,704,508,489,708,407,3458
6223,716,1202,1690,2402,2775,,716,486,488,712,373,3448
6295,725,1236,1722,2433,2847,,725,511,486,711,414,3448
6271,725,1210,1698,2408,2823,,725,485,488,710,415,3448
6275,716,1202,1691,2403,2825,,716,486,489,712,422,3450
6252,717,1204,1691,2404,2826,,717,487,487,713,422,3426
6252,668,1179,1667,2400,2826,,668,511,488,733,426,3426
6274,724,1210,1696,2407,2825,,724,486,486,711,418,3449
6305,724,1209,1697,2435,2857,,724,485,488,738,422,3448
6304,711,1203,1691,2429,2851,,711,492,488,738,422,3453
6298,716,1180,1719,2429,2853,,716,464,539,710,424,3445
6302,756,1252,1739,2453,2874,,756,496,487,714,421,3428
6278,717,1204,1691,2403,2827,,717,487,487,712,424,3451
6334,716,1237,1725,2462,2885,,716,521,488,737,423,3449
6272,716,1203,1689,2402,2826,,716,487,486,713,424,3446
6274,715,1205,1692,2402,2825,,715,490,487,710,423,3449
6274,716,1202,1690,2401,2825,,716,486,488,711,424,3449
6328,675,1177,1666,2403,2854,,675,502,489,737,451,3474
6332,716,1237,1754,2462,2884,,716,521,517,708,422,3448
6298,711,1204,1691,2429,2851,,711,493,487,738,422,3447
6298,715,1202,1690,2433,2850,,715,487,488,743,417,3448
6276,727,1236,1726,2435,2850,,727,509,490,709,415,3426
6297,727,1235,1725,2433,2850,,727,508,490,708,417,3447
6271,725,1210,1698,2407,2822,,725,485,488,709,415,3449
6272,727,1211,1699,2408,2824,,727,484,488,709,416,3448
6273,699,1206,1694,2403,2825,,699,507,488,709,422,3448
6274,717,1203,1691,2403,2825,,717,486,488,712,422,3449
6252,704,1214,1702,2411,2824,,704,510,488,709,413,3428
6332,716,1208,1696,2432,2856,,716,492,488,736,424,3476
6280,710,1204,1692,2421,2851,,710,494,488,729,430,3429
6272,714,1201,1638,2401,2825,,714,487,437,763,424,3447
6273,716,1203,1693,2402,2825,,716,487,490,709,423,3448
6347,726,1241,1726,2459,2874,,726,515,485,733,415,3473
6250,726,1212,1698,2407,2824,,726,486,486,709,417,3426
6304,702,1184,1702,2411,2826,,702,482,518,709,415,3478
6272,666,1165,1650,2402,2824,,666,499,485,752,422,3448
6249,716,1205,1691,2403,2827,,716,489,486,712,424,3422
6275,716,1203,1692,2404,2825,,716,487,489,712,421,3450
6329,672,1209,1697,2435,2889,,672,537,488,738,454,3440
6337,713,1214,1701,2442,2861,,713,501,487,741,419,3476
6296,670,1176,1664,2402,2853,,670,506,488,738,451,3443
6348,716,1202,1719,2458,2904,,716,486,517,739,446,3444
6346,755,1263,1751,2489,2899,,755,508,488,738,410,3447
6208,745,1229,1697,2380,2801,,745,484,468,683,421,3407
6259,705,1176,1647,2393,2814,,705,471,471,746,421,3445
6012,638,1052,1521,2188,2547,,638,414,469,667,359,3465
6271,726,1210,1698,2407,2823,,726,484,488,709,416,3448
6276,756,1240,1727,2436,2849,,756,484,487,709,413,3427
6300,715,1203,1692,2429,2852,,715,488,489,737,423,3448
6348,728,1265,1750,2459,2905,,728,537,485,709,446,3443
6298,733,1227,1714,2427,2849,,733,494,487,713,422,3449
6301,726,1209,1698,2407,2824,,726,483,489,709,417,3477
6273,717,1203,1692,2403,2825,,717,486,489,711,422,3448
6298,717,1231,1716,2429,2851,,717,514,485,713,422,3447
6223,715,1204,1720,2408,2800,,715,489,516,688,392,3423
6266,689,1133,1643,2395,2819,,689,444,510,752,424,3447
6273,716,1202,1689,2404,2826,,716,486,487,715,422,3447
6330,715,1198,1689,2402,2854,,715,483,491,713,452,3476
6175,658,1080,1567,2280,2716,,658,422,487,713,436,3459
6247,728,1212,1699,2409,2783,,728,484,487,710,374,3464
6272,727,1216,1699,2408,2825,,727,489,483,709,417,3447
6274,715,1202,1691,2402,2825,,715,487,489,711,423,3449
6303,716,1202,1691,2402,2825,,716,486,489,711,423,3478
6279,745,1230,1717,2430,2851,,745,485,487,713,421,3428
6303,702,1170,1656,2404,2827,,702,468,486,748,423,3476
6220,687,1164,1635,2396,2813,,687,477,471,761,417,3407
6183,702,1172,1642,2352,2747,,702,470,470,710,395,3436
6274,704,1118,1631,2403,2824,,704,414,513,772,421,3450
6323,746,1232,1717,2428,2879,,746,486,485,711,451,3444
6327,724,1233,1722,2431,2847,,724,509,489,709,416,3480
6273,746,1200,1692,2402,2825,,746,454,492,710,423,3448
6323,715,1201,1718,2426,2880,,715,486,517,708,454,3443
6347,728,1265,1749,2486,2899,,728,537,484,737,413,3448
6277,716,1203,1691,2432,2850,,716,487,488,741,418,3427
6275,703,1196,1663,2403,2826,,703,493,467,740,423,3449
6176,702,1113,1564,2280,2714,,702,411,451,716,434,3462
6324,716,1202,1720,2457,2875,,716,486,518,737,418,3449
6161,702,1131,1610,2317,2717,,702,429,479,707,400,3444
6221,704,1134,1629,2392,2814,,704,430,495,763,422,3407
6150,705,1176,1647,2351,2769,,705,471,471,704,418,3381
6274,705,1154,1626,2354,2827,,705,449,472,728,473,3447
6275,716,1203,1690,2403,2825,,716,487,487,713,422,3450
6327,715,1203,1691,2433,2879,,715,488,488,742,446,3448
6299,715,1203,1691,2403,2855,,715,488,488,712,452,3444
6274,714,1203,1670,2403,2825,,714,489,467,733,422,3449
6203,687,1139,1578,2303,2714,,687,452,439,725,411,3489
6271,727,1210,1684,2402,2823,,727,483,474,718,421,3448
6161,703,1133,1612,2317,2736,,703,430,479,705,419,3425
6163,631,1126,1553,2263,2674,,631,495,427,710,411,3489
6335,716,1240,1752,2462,2884,,716,524,512,710,422,3451
6324,745,1224,1656,2431,2880,,745,479,432,775,449,3444
6347,726,1240,1723,2465,2898,,726,514,483,742,433,3449
6303,716,1208,1719,2428,2880,,716,492,511,709,452,3423
6304,716,1204,1693,2404,2826,,716,488,489,711,422,3478
6426,742,1254,1767,2504,2953,,742,512,513,737,449,3473
6052,739,1187,1569,2236,2576,,739,448,382,667,340,3476
6322,743,1228,1716,2456,2875,,743,485,488,740,419,3447
6173,744,1188,1664,2353,2748,,744,444,476,689,395,3425
6263,656,1152,1598,2343,2775,,656,496,446,745,432,3488
6360,715,1241,1726,2492,2911,,715,526,485,766,419,3449
6378,703,1209,1727,2437,2880,,703,506,518,710,443,3498
6324,727,1266,1750,2459,2874,,727,539,484,709,415,3450
6298,715,1230,1715,2427,2850,,715,515,485,712,423,3448
6368,718,1203,1720,2458,2891,,718,485,517,738,433,3477
6302,716,1181,1665,2403,2825,,716,465,484,738,422,3477
6061,701,1173,1593,2228,2628,,701,472,420,635,400,3433
6262,705,1177,1650,2392,2811,,705,472,473,742,419,3451
6146,716,1191,1664,2391,2768,,716,475,473,727,377,3378
6171,667,1134,1593,2300,2712,,667,467,459,707,412,3459
6238,705,1179,1652,2354,2794,,705,474,473,702,440,3444
6161,698,1119,1614,2316,2736,,698,421,495,702,420,3425
6119,716,1191,1663,2391,2768,,716,475,472,728,377,3351
6119,706,1179,1651,2350,2748,,706,473,472,699,398,3371
5942,705,1176,1608,2226,2560,,705,471,432,618,334,3382
6189,701,1193,1648,2354,2752,,701,492,455,706,398,3437
6124,689,1100,1533,2212,2642,,689,411,433,679,430,3482
6352,768,1253,1739,2452,2875,,768,485,486,713,423,3477
6187,716,1183,1610,2316,2737,,716,467,427,706,421,3450
6299,705,1158,1651,2403,2855,,705,453,493,752,452,3444
6302,716,1204,1720,2430,2851,,716,488,516,710,421,3451
6137,702,1131,1613,2317,2713,,702,429,482,704,396,3424
6146,704,1176,1649,2392,2771,,704,472,473,743,379,3375
6121,703,1174,1644,2352,2747,,703,471,470,708,395,3374
5944,705,1178,1608,2252,2583,,705,473,430,644,331,3361
6088,701,1193,1622,2252,2650,,701,492,429,630,398,3438
6139,688,1110,1565,2215,2633,,688,422,455,650,418,3506
5968,703,1199,1669,2318,2612,,703,496,470,649,294,3356
6148,705,1176,1653,2394,2771,,705,471,477,741,377,3377
6204,646,1123,1582,2285,2720,,646,477,459,703,435,3484
6274,716,1204,1691,2403,2825,,716,488,487,712,422,3449
6299,715,1183,1640,2404,2854,,715,468,457,764,450,3445
6349,716,1233,1745,2483,2900,,716,517,512,738,417,3449
6348,755,1251,1739,2481,2899,,755,496,488,742,418,3449
6220,667,1169,1641,2392,2814,,667,502,472,751,422,3406
6090,704,1195,1624,2256,2654,,704,491,429,632,398,3436
5935,663,1103,1545,2161,2508,,663,440,442,616,347,3427
6235,704,1177,1650,2392,2811,,704,473,473,742,419,3424
6220,704,1176,1648,2393,2815,,704,472,472,745,422,3405
6152,667,1136,1576,2276,2671,,667,469,440,700,395,3481
6247,715,1205,1720,2430,2850,,715,490,515,710,420,3397
6124,705,1139,1572,2278,2688,,705,434,433,706,410,3436
6323,744,1231,1717,2455,2875,,744,487,486,738,420,3448
6324,716,1233,1718,2429,2879,,716,517,485,711,450,3445
6300,716,1232,1716,2429,2851,,716,516,484,713,422,3449
6259,666,1169,1641,2394,2816,,666,503,472,753,422,3443
5986,663,1100,1513,2177,2560,,663,437,413,664,383,3426
6262,705,1175,1645,2392,2812,,705,470,470,747,420,3450
6119,704,1175,1671,2353,2749,,704,471,496,682,396,3370
6035,704,1159,1560,2267,2604,,704,455,401,707,337,3431
6257,722,1206,1695,2407,2826,,722,484,489,712,419,3431
6137,703,1159,1571,2268,2688,,703,456,412,697,420,3449
6262,705,1177,1649,2392,2813,,705,472,472,743,421,3449
6143,716,1192,1662,2349,2770,,716,476,470,687,421,3373
5949,705,1197,1627,2255,2590,,705,492,430,628,335,3359
6022,703,1202,1632,2261,2597,,703,499,430,629,336,3425
6014,704,1134,1550,2201,2565,,704,430,416,651,364,3449
6195,706,1177,1650,2393,2812,,706,471,473,743,419,3383
6120,706,1178,1649,2353,2749,,706,472,471,704,396,3371
6123,706,1202,1633,2351,2748,,706,496,431,718,397,3375
6086,703,1191,1619,2253,2652,,703,488,428,634,399,3434
6161,653,1162,1596,2292,2708,,653,509,434,696,416,3453
6146,706,1180,1651,2396,2772,,706,474,471,745,376,3374
6120,707,1179,1652,2352,2748,,707,472,473,700,396,3372
5943,715,1193,1622,2250,2582,,715,478,429,628,332,3361
6051,707,1231,1661,2291,2626,,707,524,430,630,335,3425
5901,703,1134,1542,2179,2510,,703,431,408,637,331,3391
6185,703,1172,1642,2333,2749,,703,469,470,691,416,3436
6218,705,1176,1648,2392,2812,,705,471,472,744,420,3406
5972,704,1176,1606,2277,2613,,704,472,430,671,336,3359
6087,700,1193,1620,2254,2650,,700,493,427,634,396,3437
6059,654,1136,1538,2239,2630,,654,482,402,701,391,3429
6147,704,1202,1672,2394,2772,,704,498,470,722,378,3375
6119,705,1176,1648,2352,2749,,705,471,472,704,397,3370
6141,714,1188,1660,2371,2768,,714,474,472,711,397,3373
5893,650,1116,1547,2177,2510,,650,466,431,630,333,3383
5912,703,1109,1521,2151,2483,,703,406,412,630,332,3429
6236,705,1201,1674,2391,2811,,705,496,473,717,420,3425
6144,715,1189,1685,2349,2765,,715,474,496,664,416,3379
5970,705,1176,1606,2276,2612,,705,471,430,670,336,3358
6060,700,1164,1593,2227,2623,,700,464,429,634,396,3437
5944,645,1057,1471,2130,2520,,645,412,414,659,390,3424
6169,706,1178,1648,2392,2769,,706,472,470,744,377,3400
6120,717,1192,1663,2350,2748,,717,475,471,687,398,3372
6153,705,1201,1673,2382,2780,,705,496,472,709,398,3373
5944,700,1192,1622,2250,2584,,700,492,430,628,334,3360
5886,705,1110,1521,2142,2465,,705,405,411,621,323,3421
6163,705,1176,1648,2392,2721,,705,471,472,744,329,3442
6147,704,1200,1671,2337,2773,,704,496,471,666,436,3374
6121,703,1200,1630,2364,2748,,703,497,430,734,384,3373
6060,701,1203,1631,2246,2634,,701,502,428,615,388,3426
6056,648,1115,1511,2222,2620,,648,467,396,711,398,3436
6148,705,1176,1648,2391,2769,,705,471,472,743,378,3379
6120,707,1178,1650,2352,2750,,707,471,472,702,398,3370
6001,705,1200,1632,2282,2617,,705,495,432,650,335,3384
6152,674,1195,1666,2383,2777,,674,521,471,717,394,3375
5960,704,1134,1548,2174,2512,,704,430,414,626,338,3448
6261,716,1191,1664,2392,2812,,716,475,473,728,420,3449
6112,706,1177,1649,2394,2762,,706,471,472,745,368,3350
5945,717,1188,1619,2247,2578,,717,471,431,628,331,3367
6137,705,1176,1624,2247,2661,,705,471,448,623,414,3476
5986,656,1117,1513,2162,2553,,656,461,396,649,391,3433
6182,706,1179,1650,2392,2812,,706,473,471,742,420,3370
6120,706,1178,1652,2351,2751,,706,472,474,699,400,3369
5978,705,1201,1631,2282,2620,,705,496,430,651,338,3358
6068,663,1192,1647,2358,2686,,663,529,455,711,328,3382
5936,703,1132,1549,2176,2511,,703,429,417,627,335,3425
6263,705,1176,1647,2392,2812,,705,471,471,745,420,3451
6146,706,1177,1649,2352,2770,,706,471,472,703,418,3376
6124,705,1202,1634,2350,2758,,705,497,432,716,408,3366
6134,705,1177,1607,2254,2650,,705,472,430,647,396,3484
5968,653,1063,1468,2116,2535,,653,410,405,648,419,3433
6146,711,1192,1664,2393,2772,,711,481,472,729,379,3374
6120,705,1201,1672,2352,2748,,705,496,471,680,396,3372
6299,744,1254,1742,2480,2882,,744,510,488,738,402,3417
6231,702,1191,1678,2387,2810,,702,489,487,709,423,3421
6090,744,1228,1715,2349,2735,,744,484,487,634,386,3355
6262,706,1178,1650,2394,2813,,706,472,472,744,419,3449
6219,704,1177,1647,2392,2821,,704,473,470,745,429,3398
6151,705,1177,1647,2350,2769,,705,472,470,703,419,3382
6112,716,1191,1668,2339,2759,,716,475,477,671,420,3353
6179,668,1198,1669,2428,2803,,668,530,471,759,375,3376
6120,705,1176,1649,2353,2748,,705,471,473,704,395,3372
6118,705,1177,1651,2352,2747,,705,472,474,701,395,3371
6114,699,1171,1643,2347,2745,,699,472,472,704,398,3369
5969,702,1210,1640,2277,2612,,702,508,430,637,335,3357
5963,704,1174,1579,2203,2533,,704,470,405,624,330,3430
6236,704,1180,1650,2392,2810,,704,476,470,742,418,3426
6160,705,1177,1648,2394,2783,,705,472,471,746,389,3377
5976,698,1171,1602,2249,2606,,698,473,431,647,357,3370
6039,705,1203,1674,2345,2685,,705,498,471,671,340,3354
6210,729,1228,1699,2434,2835,,729,499,471,735,401,3375
6146,706,1177,1647,2357,2749,,706,471,470,710,392,3397
5947,701,1192,1622,2253,2584,,701,491,430,631,331,3363
5946,665,1129,1607,2230,2563,,665,464,478,623,333,3383
6151,649,1068,1551,2279,2690,,649,419,483,728,411,3461
6255,715,1233,1693,2364,2783,,715,518,460,671,419,3472
6328,716,1204,1722,2433,2852,,716,488,518,711,419,3476
6211,715,1202,1669,2378,2767,,715,487,467,709,389,3444
6163,707,1178,1650,2395,2721,,707,471,472,745,326,3442
6150,714,1189,1660,2391,2769,,714,475,471,731,378,3381
6198,746,1215,1697,2330,2740,,746,469,482,633,410,3458
6275,716,1204,1693,2404,2827,,716,488,489,711,423,3448
6300,716,1203,1692,2405,2854,,716,487,489,713,449,3446
6299,744,1228,1716,2429,2850,,744,484,488,713,421,3449
6327,740,1234,1719,2429,2850,,740,494,485,710,421,3477
6250,744,1282,1803,2439,2800,,744,538,521,636,361,3450
6300,716,1204,1721,2430,2852,,716,488,517,709,422,3448
6246,746,1237,1706,2397,2796,,746,491,469,691,399,3450
6263,705,1176,1647,2392,2812,,705,471,471,745,420,3451
6147,706,1177,1649,2392,2771,,706,471,472,743,379,3376
6135,715,1194,1678,2389,2762,,715,479,484,711,373,3373
6129,706,1177,1674,2352,2749,,706,471,497,678,397,3380
6066,713,1211,1642,2355,2681,,713,498,431,713,326,3385
5943,677,1192,1622,2251,2583,,677,515,430,629,332,3360
5783,650,1085,1501,2118,2437,,650,435,416,617,319,3346
5961,715,1148,1562,2200,2534,,715,433,414,638,334,3427
6237,703,1174,1645,2392,2814,,703,471,471,747,422,3423
6149,705,1175,1646,2396,2770,,705,470,471,750,374,3379
6123,705,1176,1648,2352,2749,,705,471,472,704,397,3374
6145,705,1177,1673,2368,2774,,705,472,496,695,406,3371
6079,704,1175,1592,2279,2634,,704,471,417,687,355,3445
6120,705,1176,1650,2352,2749,,705,471,474,702,397,3371
6140,700,1191,1663,2374,2771,,700,491,472,711,397,3369
5886,707,1139,1555,2195,2515,,707,432,416,640,320,3371
6113,698,1151,1579,2289,2676,,698,453,428,710,387,3437
6255,745,1229,1724,2410,2785,,745,484,495,686,375,3470
6323,715,1203,1691,2432,2882,,715,488,488,741,450,3441
6260,741,1227,1716,2428,2819,,741,486,489,712,391,3441
6237,706,1204,1674,2392,2814,,706,498,470,718,422,3423
6145,704,1176,1647,2355,2771,,704,472,471,708,416,3374
6125,705,1137,1592,2303,2644,,705,432,455,711,341,3481
6275,717,1204,1692,2406,2827,,717,487,488,714,421,3448
6324,719,1231,1746,2456,2879,,719,512,515,710,423,3445
6275,703,1187,1675,2405,2828,,703,484,488,730,423,3447
6252,717,1205,1698,2410,2828,,717,488,493,712,418,3424
6251,716,1204,1691,2430,2813,,716,488,487,739,383,3438
6277,717,1206,1695,2406,2828,,717,489,489,711,422,3449
6250,717,1205,1692,2383,2803,,717,488,487,691,420,3447
6296,727,1211,1700,2404,2850,,727,484,489,704,446,3446
6250,716,1204,1671,2382,2799,,716,488,467,711,417,3451
6103,698,1190,1620,2297,2656,,698,492,430,677,359,3447
6303,716,1204,1720,2429,2854,,716,488,516,709,425,3449
6303,727,1211,1699,2409,2825,,727,484,488,710,416,3478
6275,716,1217,1701,2410,2827,,716,501,484,709,417,3448
6302,717,1207,1691,2404,2825,,717,490,484,713,421,3477
6355,746,1232,1718,2474,2866,,746,486,486,756,392,3489
6209,717,1208,1672,2380,2802,,717,491,464,708,422,3407
6161,705,1176,1649,2392,2718,,705,471,473,743,326,3443
6148,704,1177,1649,2354,2770,,704,473,472,705,416,3378
6123,705,1177,1650,2352,2749,,705,472,473,702,397,3374
6081,708,1180,1610,2269,2663,,708,472,430,659,394,3418
6121,707,1179,1651,2354,2750,,707,472,472,703,396,3371
5967,704,1191,1621,2250,2584,,704,487,430,629,334,3383
5928,704,1184,1599,2234,2568,,704,480,415,635,334,3360
6274,702,1113,1624,2430,2828,,702,411,511,806,398,3446
6353,744,1258,1771,2508,2887,,744,514,513,737,379,3466
6300,715,1204,1717,2429,2851,,715,489,513,712,422,3449
6275,714,1202,1691,2403,2827,,714,488,489,712,424,3448
6179,707,1178,1650,2351,2767,,707,471,472,701,416,3412
6120,705,1177,1649,2355,2748,,705,472,472,706,393,3372
6137,704,1174,1590,2294,2700,,704,470,416,704,406,3437
6118,716,1192,1664,2348,2747,,716,476,472,684,399,3371
6143,703,1191,1664,2375,2772,,703,488,473,711,397,3371
5991,651,1140,1613,2274,2610,,651,489,473,661,336,3381
6167,701,1187,1618,2337,2747,,701,486,431,719,410,3420
6213,744,1228,1663,2391,2773,,744,484,435,728,382,3440
6238,706,1179,1675,2394,2813,,706,473,496,719,419,3425
6220,703,1178,1650,2391,2813,,703,475,472,741,422,3407
6116,704,1176,1648,2354,2749,,704,472,472,706,395,3367
6122,707,1180,1654,2351,2748,,707,473,474,697,397,3374
5889,705,1141,1563,2215,2537,,705,436,422,652,322,3352
6121,706,1177,1650,2353,2750,,706,471,473,703,397,3371
6144,702,1192,1665,2374,2772,,702,490,473,709,398,3372
6098,701,1153,1587,2267,2638,,701,452,434,680,371,3460
6305,716,1206,1693,2413,2828,,716,490,487,720,415,3477
6326,745,1231,1747,2484,2878,,745,486,516,737,394,3448
6326,718,1260,1744,2454,2877,,718,542,484,710,423,3449
6299,715,1203,1690,2431,2852,,715,488,487,741,421,3447
6255,716,1232,1716,2430,2853,,716,516,484,714,423,3402
6249,717,1203,1693,2382,2801,,717,486,490,689,419,3448
6340,712,1198,1695,2435,2902,,712,486,497,740,467,3438
6146,705,1176,1648,2353,2767,,705,471,472,705,414,3379
6142,702,1190,1661,2375,2770,,702,488,471,714,395,3372
6144,682,1193,1672,2374,2773,,682,511,479,702,399,3371
6038,701,1190,1618,2249,2614,,701,489,428,631,365,3424
6277,716,1232,1745,2402,2828,,716,516,513,657,426,3449
6349,757,1253,1741,2481,2900,,757,496,488,740,419,3449
6303,717,1202,1691,2403,2825,,717,485,489,712,422,3478
6275,678,1180,1667,2406,2827,,678,502,487,739,421,3448
6211,716,1206,1695,2384,2804,,716,490,489,689,420,3407
6242,711,1207,1694,2410,2814,,711,496,487,716,404,3428
6148,706,1178,1650,2353,2770,,706,472,472,703,417,3378
6144,702,1191,1663,2374,2772,,702,489,472,711,398,3372
5966,702,1193,1624,2254,2582,,702,491,431,630,328,3384
5910,702,1159,1571,2208,2543,,702,457,412,637,335,3367
6127,705,1175,1604,2275,2643,,705,470,429,671,368,3484
6301,719,1234,1719,2430,2853,,719,515,485,711,423,3448
6275,715,1203,1691,2377,2825,,715,488,488,686,448,3450
6282,744,1230,1717,2428,2852,,744,486,487,711,424,3430
6147,704,1175,1648,2392,2772,,704,471,473,744,380,3375
6150,704,1174,1623,2295,2644,,704,470,449,672,349,3506
6276,715,1204,1693,2405,2827,,715,489,489,712,422,3449
6275,717,1205,1694,2405,2828,,717,488,489,711,423,3447
6300,715,1206,1692,2405,2857,,715,491,486,713,452,3443
6250,715,1205,1692,2404,2827,,715,490,487,712,423,3423
6375,744,1285,1830,2542,2929,,744,541,545,712,387,3446
6249,716,1205,1693,2434,2831,,716,489,488,741,397,3418
6302,716,1205,1693,2434,2852,,716,489,488,741,418,3450
6295,715,1232,1719,2429,2851,,715,517,487,710,422,3444
6240,716,1205,1692,2405,2795,,716,489,487,713,390,3445
6149,704,1175,1605,2329,2718,,704,471,430,724,389,3431
6300,717,1204,1718,2428,2851,,717,487,514,710,423,3449
6324,728,1212,1699,2435,2879,,728,484,487,736,444,3445
6276,716,1183,1668,2403,2827,,716,467,485,735,424,3449
6275,716,1204,1692,2405,2826,,716,488,488,713,421,3449
6273,717,1234,1720,2429,2828,,717,517,486,709,399,3445
6055,671,1166,1605,2287,2648,,671,495,439,682,361,3407
6055,667,1164,1601,2265,2652,,667,497,437,664,387,3403
6029,666,1165,1603,2265,2652,,666,499,438,662,387,3377
6308,666,1178,1670,2432,2836,,666,512,492,762,404,3472
6238,718,1234,1641,2399,2800,,718,516,407,758,401,3438
6219,705,1177,1649,2392,2813,,705,472,472,743,421,3406
6120,706,1178,1651,2354,2749,,706,472,473,703,395,3371
6120,706,1178,1651,2355,2751,,706,472,473,704,396,3369
5978,706,1178,1609,2252,2584,,706,472,431,643,332,3394
6109,704,1134,1572,2268,2621,,704,430,438,696,353,3488
6012,704,1175,1604,2252,2585,,704,471,429,648,333,3427
6263,706,1178,1650,2394,2813,,706,472,472,744,419,3450
6202,707,1181,1653,2393,2814,,707,474,472,740,421,3388
5946,706,1136,1572,2225,2582,,706,430,436,653,357,3364
6176,706,1162,1616,2329,2719,,706,456,454,713,390,3457
6276,716,1206,1691,2405,2827,,716,490,485,714,422,3449
6276,716,1204,1693,2404,2829,,716,488,489,711,425,3447
6254,716,1211,1669,2435,2849,,716,495,458,766,414,3405
6079,705,1204,1634,2334,2659,,705,499,430,700,325,3420
6079,706,1138,1572,2211,2611,,706,432,434,639,400,3468
6301,745,1231,1718,2430,2853,,745,486,487,712,423,3448
6281,716,1205,1693,2405,2807,,716,489,488,712,402,3474
6361,747,1237,1755,2468,2885,,747,490,518,713,417,3476
6302,747,1260,1745,2455,2857,,747,513,485,710,402,3445
6376,755,1292,1851,2564,2895,,755,537,559,713,331,3481
6349,743,1227,1715,2456,2904,,743,484,488,741,448,3445
6299,716,1232,1717,2428,2852,,716,516,485,711,424,3447
6297,743,1239,1695,2453,2876,,743,496,456,758,423,3421
6128,704,1176,1646,2352,2752,,704,472,470,706,400,3376
6248,706,1204,1653,2412,2801,,706,498,449,759,389,3447
6327,716,1232,1715,2428,2851,,716,516,483,713,423,3476
6328,716,1204,1722,2430,2830,,716,488,518,708,400,3498
6337,717,1244,1715,2466,2885,,717,527,471,751,419,3452
6148,705,1176,1651,2393,2770,,705,471,475,742,377,3378
6304,704,1177,1648,2351,2827,,704,473,471,703,476,3477
6275,715,1203,1692,2404,2827,,715,488,489,712,423,3448
6301,716,1204,1691,2433,2851,,716,488,487,742,418,3450
6219,724,1210,1676,2401,2804,,724,486,466,725,403,3415
6303,715,1205,1668,2404,2826,,715,490,463,736,422,3477
6312,715,1232,1716,2428,2851,,715,517,484,712,423,3461
6246,744,1228,1701,2393,2811,,744,484,473,692,418,3435
6323,732,1230,1703,2453,2875,,732,498,473,750,422,3448
6174,704,1178,1649,2394,2813,,704,474,471,745,419,3361
6152,705,1178,1651,2353,2769,,705,473,473,702,416,3383
6141,709,1183,1613,2253,2666,,709,474,430,640,413,3475
6300,746,1231,1719,2431,2852,,746,485,488,712,421,3448
6276,716,1204,1692,2404,2829,,716,488,488,712,425,3447
6239,716,1205,1720,2430,2800,,716,489,515,710,370,3439
6130,706,1177,1649,2352,2750,,706,471,472,703,398,3380
6076,705,1177,1606,2304,2662,,705,472,429,698,358,3414
6304,706,1133,1638,2403,2826,,706,427,505,765,423,3478
6306,717,1205,1721,2431,2832,,717,488,516,710,401,3474
6328,716,1204,1692,2434,2852,,716,488,488,742,418,3476
6304,717,1205,1694,2436,2852,,717,488,489,742,416,3452
6125,717,1204,1693,2308,2689,,717,487,489,615,381,3436
6351,746,1230,1718,2459,2906,,746,484,488,741,447,3445
6278,716,1207,1692,2432,2851,,716,491,485,740,419,3427
6212,690,1180,1669,2367,2763,,690,490,489,698,396,3449
6155,705,1176,1648,2354,2769,,705,471,472,706,415,3386
5894,703,1133,1546,2173,2531,,703,430,413,627,358,3363
5943,705,1176,1608,2250,2583,,705,471,432,642,333,3360
5871,706,1137,1549,2175,2509,,706,431,412,626,334,3362
6182,670,1180,1649,2366,2789,,670,510,469,717,423,3393
6302,741,1229,1718,2460,2879,,741,488,489,742,419,3423
6257,718,1242,1729,2443,2841,,718,524,487,714,398,3416
6301,716,1234,1718,2430,2856,,716,518,484,712,426,3445
6398,748,1260,1776,2514,2956,,748,512,516,738,442,3442
6289,719,1205,1723,2460,2847,,719,486,518,737,387,3442
6127,704,1175,1646,2353,2748,,704,471,471,707,395,3379
5967,707,1136,1550,2177,2539,,707,429,414,627,362,3428
6277,746,1230,1718,2429,2852,,746,484,488,711,423,3425
6274,716,1204,1692,2403,2828,,716,488,488,711,425,3446
6304,717,1205,1694,2406,2830,,717,488,489,712,424,3474
6300,716,1204,1692,2405,2857,,716,488,488,713,452,3443
6281,718,1213,1702,2438,2859,,718,495,489,736,421,3422
6357,715,1235,1718,2431,2882,,715,520,483,713,451,3475
6253,717,1204,1692,2405,2826,,717,487,488,713,421,3427
6275,717,1197,1691,2405,2827,,717,480,494,714,422,3448
6300,715,1205,1722,2432,2852,,715,490,517,710,420,3448
6336,729,1214,1701,2441,2844,,729,485,487,740,403,3492
6198,717,1204,1676,2393,2774,,717,487,472,717,381,3424
6253,716,1205,1693,2408,2829,,716,489,488,715,421,3424
6260,707,1191,1679,2390,2813,,707,484,488,711,423,3447
6277,715,1205,1692,2405,2828,,715,490,487,713,423,3449
6233,745,1238,1727,2404,2794,,745,493,489,677,390,3439
6302,716,1204,1692,2404,2855,,716,488,488,712,451,3447
6328,745,1255,1744,2483,2902,,745,510,489,739,419,3426
6275,716,1204,1692,2404,2827,,716,488,488,712,423,3448
6300,715,1205,1698,2435,2854,,715,490,493,737,419,3446
6301,717,1206,1694,2406,2857,,717,489,488,712,451,3444
6324,745,1230,1746,2455,2878,,745,485,516,709,423,3446
6304,716,1203,1692,2403,2828,,716,487,489,711,425,3476
6275,716,1204,1692,2405,2827,,716,488,488,713,422,3448
6275,716,1205,1693,2409,2828,,716,489,488,716,419,3447
6212,707,1196,1668,2337,2711,,707,489,472,669,374,3501
6327,745,1230,1720,2460,2878,,745,485,490,740,418,3449
6275,716,1205,1693,2406,2828,,716,489,488,713,422,3447
6332,716,1205,1723,2435,2854,,716,489,518,712,419,3478
6300,716,1204,1694,2435,2853,,716,488,490,741,418,3447
6276,717,1204,1691,2371,2827,,717,487,487,680,456,3449
6275,716,1205,1695,2406,2828,,716,489,490,711,422,3447
6329,715,1203,1719,2428,2850,,715,488,516,709,422,3479
6324,717,1233,1746,2455,2876,,717,516,513,709,421,3448
6298,717,1204,1721,2430,2852,,717,487,517,709,422,3446
6216,727,1211,1700,2409,2769,,727,484,489,709,360,3447
6327,716,1206,1724,2435,2856,,716,490,518,711,421,3471
6327,745,1258,1771,2480,2903,,745,513,513,709,423,3424
6254,716,1206,1696,2406,2808,,716,490,490,710,402,3446
6300,718,1205,1723,2433,2852,,718,487,518,710,419,3448
6304,717,1205,1695,2405,2817,,717,488,490,710,412,3487
6399,746,1283,1859,2568,2952,,746,537,576,709,384,3447
6276,717,1205,1694,2406,2828,,717,488,489,712,422,3448
6327,746,1257,1744,2455,2878,,746,511,487,711,423,3449
6274,716,1205,1694,2405,2828,,716,489,489,711,423,3446
6235,716,1205,1692,2404,2774,,716,489,487,712,370,3461
6276,716,1206,1693,2405,2828,,716,490,487,712,423,3448
6254,716,1206,1692,2405,2828,,716,490,486,713,423,3426
6277,716,1206,1694,2435,2833,,716,490,488,741,398,3444
6275,716,1205,1694,2406,2827,,716,489,489,712,421,3448
6275,716,1205,1693,2405,2829,,716,489,488,712,424,3446
6276,717,1209,1694,2405,2828,,717,492,485,711,423,3448
6276,716,1198,1707,2416,2829,,716,482,509,709,413,3447
6301,717,1207,1718,2431,2853,,717,490,511,713,422,3448
6297,716,1228,1716,2428,2850,,716,512,488,712,422,3447
6275,716,1203,1691,2403,2826,,716,487,488,712,423,3449
6300,716,1235,1719,2430,2853,,716,519,484,711,423,3447
6254,716,1205,1694,2407,2828,,716,489,489,713,421,3426
6290,719,1221,1706,2445,2866,,719,502,485,739,421,3424
6276,718,1206,1694,2406,2830,,718,488,488,712,424,3446
6301,717,1206,1693,2405,2856,,717,489,487,712,451,3445
6303,718,1207,1695,2406,2857,,718,489,488,711,451,3446
6275,717,1206,1694,2406,2829,,717,489,488,712,423,3446
6352,746,1231,1749,2459,2906,,746,485,518,710,447,3446
6371,727,1239,1753,2491,2928,,727,512,514,738,437,3443
6302,660,1180,1669,2435,2854,,660,520,489,766,419,3448
6327,745,1259,1744,2455,2879,,745,514,485,711,424,3448
6280,717,1207,1694,2435,2854,,717,490,487,741,419,3426
6431,747,1286,1831,2543,2955,,747,539,545,712,412,3476
6398,742,1255,1769,2506,2954,,742,513,514,737,448,3444
6276,716,1206,1693,2406,2828,,716,490,487,713,422,3448
6300,718,1204,1693,2434,2852,,718,486,489,741,418,3448
6301,717,1206,1695,2435,2854,,717,489,489,740,419,3447
6302,715,1205,1695,2434,2853,,715,490,490,739,419,3449
6237,716,1203,1691,2404,2827,,716,487,488,713,423,3410
6276,716,1206,1693,2406,2829,,716,490,487,713,423,3447
6278,716,1206,1694,2407,2829,,716,490,488,713,422,3449
6279,716,1206,1695,2407,2829,,716,490,489,712,422,3450
6252,716,1207,1694,2405,2808,,716,491,487,711,403,3444
6222,717,1205,1693,2384,2803,,717,488,488,691,419,3419
6277,717,1207,1695,2407,2831,,717,490,488,712,424,3446
6277,716,1206,1694,2407,2830,,716,490,488,713,423,3447
6274,716,1206,1696,2405,2829,,716,490,490,709,424,3445
6255,671,1183,1669,2406,2830,,671,512,486,737,424,3425
6226,718,1208,1695,2386,2804,,718,490,487,691,418,3422
6276,716,1240,1782,2492,2826,,716,524,542,710,334,3450
6323,745,1229,1747,2457,2875,,745,484,518,710,418,3448
6308,717,1206,1694,2407,2830,,717,489,488,713,423,3478
6277,718,1206,1695,2411,2831,,718,488,489,716,420,3446
6190,716,1207,1696,2386,2804,,716,491,489,690,418,3386
6278,717,1206,1696,2407,2831,,717,489,490,711,424,3447
6326,715,1230,1716,2431,2881,,715,515,486,715,450,3445
6278,716,1207,1695,2406,2830,,716,491,488,711,424,3448
6225,718,1206,1694,2406,2808,,718,488,488,712,402,3417
6225,721,1207,1673,2381,2803,,721,486,466,708,422,3422
6273,716,1206,1718,2392,2827,,716,490,512,674,435,3446
6277,715,1206,1694,2406,2828,,715,491,488,712,422,3449
6275,717,1204,1692,2404,2825,,717,487,488,712,421,3450
6276,716,1191,1675,2405,2828,,716,475,484,730,423,3448
6212,717,1207,1694,2387,2804,,717,490,487,693,417,3408
6280,709,1207,1696,2432,2854,,709,498,489,736,422,3426
6277,717,1205,1694,2406,2831,,717,488,489,712,425,3446
6275,716,1207,1694,2406,2827,,716,491,487,712,421,3448
6276,720,1186,1671,2406,2828,,720,466,485,735,422,3448
6221,715,1203,1691,2382,2800,,715,488,488,691,418,3421
6275,717,1206,1694,2406,2829,,717,489,488,712,423,3446
6303,718,1207,1724,2434,2854,,718,489,517,710,420,3449
6327,743,1264,1749,2458,2880,,743,521,485,709,422,3447
6276,718,1206,1694,2407,2828,,718,488,488,713,421,3448
6225,743,1233,1719,2412,2804,,743,490,486,693,392,3421
6306,716,1207,1697,2408,2829,,716,491,490,711,421,3477
6304,717,1230,1719,2434,2853,,717,513,489,715,419,3451
6225,718,1208,1696,2408,2821,,718,490,488,712,413,3404
6149,667,1168,1641,2356,2773,,667,501,473,715,417,3376
6174,691,1152,1611,2333,2741,,691,461,459,722,408,3433
6274,716,1209,1661,2406,2828,,716,493,452,745,422,3446
6300,716,1204,1692,2429,2851,,716,488,488,737,422,3449
6276,716,1205,1693,2405,2828,,716,489,488,712,423,3448
6328,717,1204,1692,2432,2851,,717,487,488,740,419,3477
6224,720,1216,1706,2419,2840,,720,496,490,713,421,3384
6307,717,1207,1694,2406,2829,,717,490,487,712,423,3478
6288,711,1206,1695,2416,2840,,711,495,489,721,424,3448
6283,717,1203,1693,2403,2827,,717,486,490,710,424,3456
6278,716,1207,1696,2407,2830,,716,491,489,711,423,3448
6278,717,1206,1695,2406,2829,,717,489,489,711,423,3449
6251,717,1207,1696,2410,2817,,717,490,489,714,407,3434
6268,716,1214,1701,2422,2847,,716,498,487,721,425,3421
6276,715,1202,1690,2427,2849,,715,487,488,737,422,3427
6304,715,1206,1723,2432,2853,,715,491,517,709,421,3451
6301,717,1206,1722,2432,2853,,717,489,516,710,421,3448
6254,715,1205,1692,2406,2775,,715,490,487,714,369,3479
6299,727,1210,1698,2427,2854,,727,483,488,729,427,3445
6276,716,1206,1693,2407,2828,,716,490,487,714,421,3448
6300,716,1204,1692,2428,2852,,716,488,488,736,424,3448
6235,716,1206,1639,2403,2814,,716,490,433,764,411,3421
6249,718,1206,1692,2404,2828,,718,488,486,712,424,3421
6302,716,1207,1695,2437,2854,,716,491,488,742,417,3448
6301,716,1206,1693,2435,2853,,716,490,487,742,418,3448
6285,716,1216,1701,2438,2861,,716,500,485,737,423,3424
6302,745,1232,1720,2432,2854,,745,487,488,712,422,3448
6276,716,1206,1695,2406,2829,,716,490,489,711,423,3447
6239,714,1213,1702,2417,2832,,714,499,489,715,415,3407
6274,717,1203,1692,2404,2826,,717,486,489,712,422,3448
6267,717,1212,1700,2421,2846,,717,495,488,721,425,3421
6276,718,1206,1694,2406,2828,,718,488,488,712,422,3448
6273,717,1204,1692,2403,2826,,717,487,488,711,423,3447
6277,716,1206,1694,2406,2828,,716,490,488,712,422,3449
6277,717,1210,1695,2408,2828,,717,493,485,713,420,3449
6311,716,1239,1728,2465,2888,,716,523,489,737,423,3423
6277,716,1205,1694,2406,2829,,716,489,489,712,423,3448
6274,716,1203,1691,2403,2825,,716,487,488,712,422,3449
6266,715,1211,1699,2420,2844,,715,496,488,721,424,3422
6276,717,1206,1693,2410,2828,,717,489,487,717,418,3448
6157,708,1205,1677,2389,2785,,708,497,472,712,396,3372
6138,705,1176,1606,2279,2640,,705,471,430,673,361,3498
6272,703,1192,1664,2398,2837,,703,489,472,734,439,3435
6357,716,1234,1744,2455,2880,,716,518,510,711,425,3477
6276,716,1205,1693,2411,2829,,716,489,488,718,418,3447
6298,717,1203,1692,2434,2852,,717,486,489,742,418,3446
6306,717,1206,1694,2407,2830,,717,489,488,713,423,3476
6301,716,1206,1693,2434,2853,,716,490,487,741,419,3448
6304,716,1204,1693,2406,2827,,716,488,489,713,421,3477
6295,714,1204,1691,2404,2856,,714,490,487,713,452,3439
6275,716,1205,1692,2404,2830,,716,489,487,712,426,3445
6302,716,1176,1695,2422,2854,,716,460,519,727,432,3448
6233,718,1206,1694,2409,2829,,718,488,488,715,420,3404
6277,716,1208,1694,2407,2831,,716,492,486,713,424,3446
6277,719,1206,1695,2406,2828,,719,487,489,711,422,3449
6276,717,1206,1694,2406,2828,,717,489,488,712,422,3448
6225,717,1207,1696,2354,2810,,717,490,489,658,456,3415
6228,716,1208,1695,2385,2806,,716,492,487,690,421,3422
6241,714,1215,1702,2417,2833,,714,501,487,715,416,3408
6212,708,1195,1712,2410,2805,,708,487,517,698,395,3407
6280,716,1207,1696,2408,2830,,716,491,489,712,422,3450
6225,717,1208,1694,2383,2806,,717,491,486,689,423,3419
6204,723,1208,1697,2343,2765,,723,485,489,646,422,3439
6122,704,1175,1646,2354,2750,,704,471,471,708,396,3372
5924,706,1158,1569,2206,2554,,706,452,411,637,348,3370
5847,631,1077,1493,2128,2461,,631,446,416,635,333,3386
5871,662,1125,1539,2180,2512,,662,463,414,641,332,3359
5875,665,1127,1542,2178,2511,,665,462,415,636,333,3364
5800,654,1074,1473,2105,2449,,654,420,399,632,344,3351
5891,665,1123,1538,2175,2508,,665,458,415,637,333,3383
6084,667,1160,1618,2291,2678,,667,493,458,673,387,3406
6211,716,1205,1695,2386,2804,,716,489,490,691,418,3407
6194,716,1203,1692,2382,2768,,716,487,489,690,386,3426
6293,715,1216,1702,2423,2845,,715,501,486,721,422,3448
6301,741,1231,1720,2431,2853,,741,490,489,711,422,3448
6292,746,1231,1719,2431,2858,,746,485,488,712,427,3434
6303,718,1237,1721,2432,2855,,718,519,484,711,423,3448
6276,716,1205,1694,2385,2830,,716,489,489,691,445,3446
6336,717,1242,1757,2467,2888,,717,525,515,710,421,3448
6275,715,1207,1694,2405,2827,,715,492,487,711,422,3448
6302,718,1207,1694,2435,2854,,718,489,487,741,419,3448
6307,716,1204,1695,2406,2830,,716,488,491,711,424,3477
6274,716,1205,1693,2405,2831,,716,489,488,712,426,3443
6333,717,1211,1698,2436,2887,,717,494,487,738,451,3446
6304,717,1205,1693,2405,2828,,717,488,488,712,423,3476
6283,716,1182,1670,2406,2829,,716,466,488,736,423,3454
6303,715,1205,1694,2406,2858,,715,490,489,712,452,3445
6276,716,1205,1693,2404,2827,,716,489,488,711,423,3449
6260,725,1224,1712,2434,2851,,725,499,488,722,417,3409
6301,715,1206,1693,2406,2857,,715,491,487,713,451,3444
6276,716,1207,1694,2406,2829,,716,491,487,712,423,3447
6274,717,1204,1692,2404,2826,,717,487,488,712,422,3448
6274,716,1205,1693,2404,2827,,716,489,488,711,423,3447
6361,723,1236,1724,2461,2884,,723,513,488,737,423,3477
6277,715,1205,1694,2406,2829,,715,490,489,712,423,3448
6279,716,1205,1723,2433,2853,,716,489,518,710,420,3426
6277,716,1206,1695,2408,2831,,716,490,489,713,423,3446
6238,714,1206,1694,2406,2796,,714,492,488,712,390,3442
6208,705,1177,1648,2395,2815,,705,472,471,747,420,3393
5948,705,1177,1648,2314,2608,,705,472,471,666,294,3340
6149,706,1179,1651,2395,2774,,706,473,472,744,379,3375
6098,704,1200,1631,2328,2688,,704,496,431,697,360,3410
6240,705,1177,1649,2354,2795,,705,472,472,705,441,3445
6327,726,1209,1728,2437,2848,,726,483,519,709,411,3479
6304,716,1204,1693,2406,2829,,716,488,489,713,423,3475
6305,716,1205,1695,2405,2828,,716,489,490,710,423,3477
6197,715,1206,1662,2398,2819,,715,491,456,736,421,3378
6264,703,1195,1667,2421,2839,,703,492,472,754,418,3425
6268,701,1197,1666,2421,2843,,701,496,469,755,422,3425
6197,705,1177,1649,2393,2814,,705,472,472,744,421,3383
6124,707,1181,1652,2359,2773,,707,474,471,707,414,3351
6282,706,1202,1674,2358,2796,,706,496,472,684,438,3486
6248,715,1206,1693,2408,2792,,715,491,487,715,384,3456
6327,716,1206,1694,2406,2857,,716,490,488,712,451,3470
6228,651,1171,1642,2396,2819,,651,520,471,754,423,3409
6119,705,1181,1653,2353,2749,,705,476,472,700,396,3370
5944,703,1193,1622,2252,2584,,703,490,429,630,332,3360
5852,648,1126,1596,2219,2515,,648,478,470,623,296,3337
6174,652,1130,1601,2301,2677,,652,478,471,700,376,3497
5973,706,1178,1649,2313,2632,,706,472,471,664,319,3341
6076,707,1179,1609,2279,2637,,707,472,430,670,358,3439
6137,704,1176,1606,2254,2635,,704,472,430,648,381,3502
6274,716,1206,1693,2406,2828,,716,490,487,713,422,3446
6228,684,1182,1670,2407,2830,,684,498,488,737,423,3398
6278,715,1206,1694,2407,2831,,715,491,488,713,424,3447
6366,716,1241,1729,2466,2889,,716,525,488,737,423,3477
6302,716,1235,1720,2431,2854,,716,519,485,711,423,3448
6338,716,1212,1700,2421,2860,,716,496,488,721,439,3478
6275,613,1136,1649,2418,2817,,613,523,513,769,399,3458
6332,743,1231,1719,2431,2854,,743,488,488,712,423,3478
6337,718,1241,1729,2467,2889,,718,523,488,738,422,3448
6277,716,1207,1695,2406,2822,,716,491,488,711,416,3455
6327,745,1230,1746,2456,2878,,745,485,516,710,422,3449
6272,715,1186,1670,2402,2827,,715,471,484,732,425,3445
6275,717,1205,1693,2405,2827,,717,488,488,712,422,3448
6298,756,1239,1727,2436,2850,,756,483,488,709,414,3448
6302,717,1207,1724,2432,2855,,717,490,517,708,423,3447
6239,715,1207,1696,2385,2790,,715,492,489,689,405,3449
6240,661,1170,1640,2395,2815,,661,509,470,755,420,3425
5947,705,1176,1646,2313,2608,,705,471,470,667,295,3339
6123,705,1202,1632,2353,2751,,705,497,430,721,398,3372
5875,705,1134,1547,2178,2510,,705,429,413,631,332,3365
5881,707,1135,1552,2179,2512,,707,428,417,627,333,3369
5865,706,1137,1546,2175,2494,,706,431,409,629,319,3371
5789,708,1128,1516,2137,2429,,708,420,388,621,292,3360
5872,665,1129,1542,2180,2512,,665,464,413,638,332,3360
5871,665,1126,1541,2176,2498,,665,461,415,635,322,3373
5974,705,1139,1615,2280,2613,,705,434,476,665,333,3361
6073,704,1127,1598,2320,2698,,704,423,471,722,378,3375
6149,665,1172,1644,2360,2775,,665,507,472,716,415,3374
5947,708,1179,1608,2255,2590,,708,471,429,647,335,3357
6304,702,1194,1665,2395,2837,,702,492,471,730,442,3467
6303,715,1205,1695,2459,2859,,715,490,490,764,400,3444
6229,706,1109,1567,2310,2771,,706,403,458,743,461,3458
6304,715,1207,1694,2438,2855,,715,492,487,744,417,3449
6331,717,1206,1694,2435,2854,,717,489,488,741,419,3477
6337,706,1240,1705,2466,2861,,706,534,465,761,395,3476
6339,715,1213,1729,2438,2861,,715,498,516,709,423,3478
6178,701,1117,1606,2307,2717,,701,416,489,701,410,3461
6274,717,1204,1693,2404,2827,,717,487,489,711,423,3447
6278,704,1191,1679,2407,2830,,704,487,488,728,423,3448
6278,717,1209,1696,2408,2829,,717,492,487,712,421,3449
6203,716,1188,1645,2408,2752,,716,472,457,763,344,3451
6124,718,1207,1617,2321,2716,,718,489,410,704,395,3408
6111,705,1212,1637,2329,2657,,705,507,425,692,328,3454
5870,666,1129,1542,2175,2510,,666,463,413,633,335,3360
5896,705,1159,1573,2204,2535,,705,454,414,631,331,3361
5902,705,1161,1573,2206,2538,,705,456,412,633,332,3364
5894,664,1127,1547,2174,2518,,664,463,420,627,344,3376
5871,704,1133,1548,2180,2512,,704,429,415,632,332,3359
5948,704,1164,1596,2232,2587,,704,460,432,636,355,3361
5878,704,1134,1549,2179,2512,,704,430,415,630,333,3366
5879,665,1126,1543,2178,2512,,665,461,417,635,334,3367
5899,664,1132,1565,2209,2539,,664,468,433,644,330,3360
5898,703,1161,1573,2205,2537,,703,458,412,632,332,3361
5840,704,1128,1544,2174,2492,,704,424,416,630,318,3348
5922,704,1159,1572,2205,2539,,704,455,413,633,334,3383
5874,705,1133,1547,2177,2512,,705,428,414,630,335,3362
5887,663,1125,1544,2171,2516,,663,462,419,627,345,3371
5871,706,1135,1548,2178,2500,,706,429,413,630,322,3371
6139,704,1118,1589,2295,2711,,704,414,471,706,416,3428
6276,716,1207,1692,2405,2828,,716,491,485,713,423,3448
6255,716,1212,1700,2437,2837,,716,496,488,737,400,3418
6280,745,1231,1698,2434,2855,,745,486,467,736,421,3425
6302,716,1235,1719,2432,2855,,716,519,484,713,423,3447
6278,663,1127,1650,2407,2829,,663,464,523,757,422,3449
6356,746,1232,1720,2460,2879,,746,486,488,740,419,3477
6185,707,1202,1676,2386,2804,,707,495,474,710,418,3381
6107,729,1182,1611,2297,2684,,729,453,429,686,387,3423
6278,717,1208,1696,2408,2831,,717,491,488,712,423,3447
6278,717,1208,1695,2407,2831,,717,491,487,712,424,3447
6335,718,1236,1721,2432,2855,,718,518,485,711,423,3480
6138,705,1196,1667,2369,2745,,705,491,471,702,376,3393
6199,664,1170,1643,2382,2818,,664,506,473,739,436,3381
6121,705,1202,1673,2352,2749,,705,497,471,679,397,3372
6153,649,1093,1552,2256,2692,,649,444,459,704,436,3461
6302,716,1207,1695,2407,2858,,716,491,488,712,451,3444
6258,730,1242,1727,2437,2813,,730,512,485,710,376,3445
6149,661,1106,1557,2281,2692,,661,445,451,724,411,3457
6279,717,1208,1697,2407,2830,,717,491,489,710,423,3449
6277,717,1181,1668,2407,2829,,717,464,487,739,422,3448
6301,716,1206,1697,2406,2859,,716,490,491,709,453,3442
6263,746,1230,1718,2429,2818,,746,484,488,711,389,3445
6137,705,1176,1652,2392,2768,,705,471,476,740,376,3369
6123,705,1178,1650,2355,2751,,705,473,472,705,396,3372
6032,707,1205,1636,2288,2625,,707,498,431,652,337,3407
5906,651,1127,1559,2185,2520,,651,476,432,626,335,3386
6039,650,1121,1575,2206,2603,,650,471,454,631,397,3436
6138,644,1106,1539,2241,2656,,644,462,433,702,415,3482
6264,704,1179,1662,2395,2819,,704,475,483,733,424,3445
6183,706,1203,1674,2428,2806,,706,497,471,754,378,3377
6122,702,1174,1645,2352,2752,,702,472,471,707,400,3370
6129,704,1176,1648,2355,2751,,704,472,472,707,396,3378
6050,649,1070,1552,2236,2618,,649,421,482,684,382,3432
6265,716,1207,1641,2397,2819,,716,491,434,756,422,3446
6154,706,1202,1674,2390,2782,,706,496,472,716,392,3372
5948,703,1195,1626,2254,2587,,703,492,431,628,333,3361
6011,651,1115,1543,2178,2573,,651,464,428,635,395,3438
6153,644,1105,1563,2236,2697,,644,461,458,673,461,3456
6302,717,1207,1695,2435,2855,,717,490,488,740,420,3447
6304,716,1208,1694,2436,2855,,716,492,486,742,419,3449
6328,717,1205,1694,2406,2857,,717,488,489,712,451,3471
6280,715,1207,1694,2407,2810,,715,492,487,713,403,3470
6203,741,1185,1672,2407,2752,,741,444,487,735,345,3451
6278,717,1208,1695,2407,2830,,717,491,487,712,423,3448
6304,717,1208,1695,2433,2856,,717,491,487,738,423,3448
6281,716,1235,1722,2432,2854,,716,519,487,710,422,3427
6282,710,1194,1681,2391,2814,,710,484,487,710,423,3468
6276,742,1194,1636,2350,2830,,742,452,442,714,480,3446
6278,719,1208,1695,2407,2829,,719,489,487,712,422,3449
6278,717,1206,1694,2406,2827,,717,489,488,712,421,3451
6277,716,1207,1695,2407,2830,,716,491,488,712,423,3447
6213,716,1207,1675,2383,2806,,716,491,468,708,423,3407
6116,644,1104,1573,2272,2688,,644,460,469,699,416,3428
6266,705,1177,1647,2396,2815,,705,472,470,749,419,3451
6152,705,1177,1648,2396,2776,,705,472,471,748,380,3376
6123,704,1175,1671,2354,2753,,704,471,496,683,399,3370
6153,669,1171,1642,2396,2774,,669,502,471,754,378,3379
6257,704,1201,1649,2401,2830,,704,497,448,752,429,3427
6279,716,1208,1697,2409,2830,,716,492,489,712,421,3449
6301,716,1205,1693,2430,2853,,716,489,488,737,423,3448
6252,716,1206,1694,2407,2829,,716,490,488,713,422,3423
6304,711,1195,1683,2408,2832,,711,484,488,725,424,3472
6276,741,1171,1655,2406,2829,,741,430,484,751,423,3447
6276,716,1206,1692,2404,2827,,716,490,486,712,423,3449
6302,716,1203,1690,2403,2826,,716,487,487,713,423,3476
6302,716,1206,1694,2431,2854,,716,490,488,737,423,3448
6276,715,1206,1694,2405,2828,,715,491,488,711,423,3448
6207,717,1206,1673,2406,2739,,717,489,467,733,333,3468
6276,717,1207,1694,2406,2828,,717,490,487,712,422,3448
6303,732,1244,1731,2441,2854,,732,512,487,710,413,3449
6278,717,1207,1724,2433,2855,,717,490,517,709,422,3423
6332,716,1239,1723,2434,2857,,716,523,484,711,423,3475
6278,741,1173,1654,2407,2830,,741,432,481,753,423,3448
6304,716,1207,1694,2435,2854,,716,491,487,741,419,3450
6278,720,1207,1695,2408,2830,,720,487,488,713,422,3448
6247,743,1228,1717,2423,2807,,743,485,489,706,384,3440
6226,706,1161,1643,2396,2818,,706,455,482,753,422,3408
6139,704,1174,1647,2354,2751,,704,470,473,707,397,3388
6122,703,1175,1647,2358,2752,,703,472,472,711,394,3370
5974,649,1120,1591,2254,2590,,649,471,471,663,336,3384
6145,702,1192,1647,2358,2775,,702,490,455,711,417,3370
6123,701,1195,1625,2320,2713,,701,494,430,695,393,3410
6253,741,1193,1675,2411,2808,,741,452,482,736,397,3445
6291,717,1207,1694,2433,2843,,717,490,487,739,410,3448
6223,664,1173,1644,2396,2818,,664,509,471,752,422,3405
6148,704,1175,1646,2356,2771,,704,471,471,710,415,3377
5973,704,1229,1653,2283,2603,,704,525,424,630,320,3370
6228,698,1196,1666,2380,2820,,698,498,470,714,440,3408
6305,745,1233,1722,2433,2856,,745,488,489,711,423,3449
6303,716,1221,1704,2414,2858,,716,505,483,710,444,3445
6309,716,1235,1720,2460,2879,,716,519,485,740,419,3430
6115,705,1095,1565,2271,2691,,705,390,470,706,420,3424
6152,644,1111,1549,2258,2666,,644,467,438,709,408,3486
6353,717,1236,1719,2462,2908,,717,519,483,743,446,3445
6303,745,1175,1668,2406,2858,,745,430,493,738,452,3445
6310,714,1216,1702,2440,2863,,714,502,486,738,423,3447
6253,715,1187,1669,2382,2808,,715,472,482,713,426,3445
6252,716,1209,1696,2386,2807,,716,493,487,690,421,3445
6277,715,1207,1695,2407,2829,,715,492,488,712,422,3448
6302,715,1206,1693,2431,2854,,715,491,487,738,423,3448
6286,716,1207,1695,2438,2855,,716,491,488,743,417,3431
6307,705,1134,1625,2436,2833,,705,429,491,811,397,3474
6201,715,1180,1646,2355,2765,,715,465,466,709,410,3436
6277,716,1206,1694,2405,2828,,716,490,488,711,423,3449
6277,715,1207,1695,2409,2830,,715,492,488,714,421,3447
6311,716,1215,1702,2440,2862,,716,499,487,738,422,3449
6278,717,1206,1667,2407,2827,,717,489,461,740,420,3451
6251,716,1205,1693,2384,2803,,716,489,488,691,419,3448
6277,716,1208,1695,2407,2830,,716,492,487,712,423,3447
6312,717,1245,1696,2441,2864,,717,528,451,745,423,3448
6287,745,1260,1745,2456,2880,,745,515,485,711,424,3407
6178,718,1209,1695,2410,2754,,718,491,486,715,344,3424
6211,745,1209,1631,2334,2744,,745,464,422,703,410,3467
6279,717,1207,1694,2406,2829,,717,490,487,712,423,3450
6277,717,1209,1695,2411,2829,,717,492,486,716,418,3448
6304,718,1236,1720,2433,2855,,718,518,484,713,422,3449
6091,703,1187,1596,2284,2668,,703,484,409,688,384,3423
6166,703,1175,1670,2396,2775,,703,472,495,726,379,3391
6263,704,1195,1667,2378,2820,,704,491,472,711,442,3443
6311,717,1222,1708,2442,2863,,717,505,486,734,421,3448
6332,716,1207,1696,2407,2860,,716,491,489,711,453,3472
6306,717,1207,1695,2406,2829,,717,490,488,711,423,3477
6225,741,1192,1611,2330,2766,,741,451,419,719,436,3459
6383,743,1261,1746,2486,2905,,743,518,485,740,419,3478
6303,717,1236,1720,2433,2855,,717,519,484,713,422,3448
6177,661,1089,1559,2260,2677,,661,428,470,701,417,3500
6060,701,1194,1692,2344,2665,,701,493,498,652,321,3395
5955,705,1201,1630,2258,2593,,705,496,429,628,335,3362
6069,698,1198,1631,2299,2663,,698,500,433,668,364,3406
6159,706,1208,1680,2389,2788,,706,502,472,709,399,3371
5969,703,1192,1622,2253,2585,,703,489,430,631,332,3384
6206,702,1156,1589,2293,2724,,702,454,433,704,431,3482
6212,741,1186,1605,2316,2754,,741,445,419,711,438,3458
6242,718,1240,1725,2435,2802,,718,522,485,710,367,3440
5982,704,1202,1672,2348,2643,,704,498,470,676,295,3339
6148,704,1175,1647,2356,2773,,704,471,472,709,417,3375
6125,705,1177,1648,2359,2752,,705,472,471,711,393,3373
6233,702,1193,1664,2377,2819,,702,491,471,713,442,3414
6016,669,1166,1604,2266,2631,,669,497,438,662,365,3385
6043,678,1177,1615,2284,2648,,678,499,438,669,364,3395
6043,668,1168,1607,2267,2655,,668,500,439,660,388,3388
6184,667,1167,1604,2269,2672,,667,500,437,665,403,3512
6210,740,1185,1624,2340,2751,,740,445,439,716,411,3459
6308,717,1208,1696,2409,2831,,717,491,488,713,422,3477
6345,721,1220,1708,2446,2868,,721,499,488,738,422,3477
6279,715,1207,1694,2408,2829,,715,492,487,714,421,3450
6226,717,1187,1670,2387,2806,,717,470,483,717,419,3420
6265,716,1235,1721,2443,2823,,716,519,486,722,380,3442
6240,704,1175,1648,2397,2816,,704,471,473,749,419,3424
6167,712,1187,1659,2376,2789,,712,475,472,717,413,3378
5923,705,1178,1609,2231,2562,,705,473,431,622,331,3361
6063,702,1153,1588,2234,2625,,702,451,435,646,391,3438
6141,663,1105,1517,2222,2643,,663,442,412,705,421,3498
6240,706,1178,1650,2396,2815,,706,472,472,746,419,3425
6148,704,1201,1674,2396,2774,,704,497,473,722,378,3374
6150,704,1177,1649,2360,2772,,704,473,472,711,412,3378
5967,706,1177,1606,2279,2617,,706,471,429,673,338,3350
6129,704,1177,1648,2359,2753,,704,473,471,711,394,3376
6124,704,1200,1671,2355,2753,,704,496,471,684,398,3371
6141,715,1190,1662,2372,2771,,715,475,472,710,399,3370
5923,705,1177,1607,2235,2563,,705,472,430,628,328,3360
6090,700,1198,1626,2262,2654,,700,498,428,636,392,3436
6126,667,1118,1530,2236,2655,,667,451,412,706,419,3471
6265,704,1175,1646,2395,2817,,704,471,471,749,422,3448
6150,704,1174,1644,2397,2776,,704,470,470,753,379,3374
6150,719,1195,1691,2356,2774,,719,476,496,665,418,3376
5978,707,1177,1607,2253,2592,,707,470,430,646,339,3386
6153,704,1176,1649,2358,2773,,704,472,473,709,415,3380
5949,707,1178,1608,2254,2591,,707,471,430,646,337,3358
6123,676,1172,1669,2356,2754,,676,496,497,687,398,3369
5920,706,1162,1599,2229,2562,,706,456,437,630,333,3358
6207,701,1199,1627,2270,2730,,701,498,428,643,460,3477
6177,697,1144,1608,2315,2722,,697,447,464,707,407,3455
6278,718,1207,1697,2408,2831,,718,489,490,711,423,3447
6150,728,1199,1697,2395,2777,,728,471,498,698,382,3373
6277,691,1120,1629,2435,2831,,691,429,509,806,396,3446
6193,716,1208,1696,2410,2767,,716,492,488,714,357,3426
6240,706,1176,1650,2396,2815,,706,470,474,746,419,3425
6116,705,1178,1652,2345,2764,,705,473,474,693,419,3352
6151,680,1171,1644,2396,2777,,680,491,473,752,381,3374
6123,704,1201,1673,2355,2752,,704,497,472,682,397,3371
6091,701,1199,1629,2259,2660,,701,498,430,630,401,3431
6048,704,1139,1575,2220,2615,,704,435,436,645,395,3433
6240,704,1176,1648,2395,2815,,704,472,472,747,420,3425
6190,703,1137,1613,2323,2739,,703,434,476,710,416,3451
6266,706,1179,1650,2398,2821,,706,473,471,748,423,3445
6167,704,1178,1650,2355,2775,,704,474,472,705,420,3392
6241,705,1201,1672,2398,2817,,705,496,471,726,419,3424
6242,706,1178,1650,2398,2818,,706,472,472,748,420,3424
6099,700,1148,1620,2323,2678,,700,448,472,703,355,3421
6100,706,1177,1608,2281,2640,,706,471,431,673,359,3460
6227,705,1201,1631,2396,2821,,705,496,430,765,425,3406
6258,705,1205,1677,2403,2852,,705,500,472,726,449,3406
6170,708,1180,1652,2395,2772,,708,472,472,743,377,3398
6099,665,1137,1609,2299,2664,,665,472,472,690,365,3435
6225,706,1178,1649,2399,2820,,706,472,471,750,421,3405
6180,705,1201,1674,2356,2775,,705,496,473,682,419,3405
6179,705,1176,1649,2396,2775,,705,471,473,747,379,3404
6173,706,1177,1647,2397,2774,,706,471,470,750,377,3399
6098,674,1131,1609,2298,2650,,674,457,478,689,352,3448
5998,706,1178,1607,2254,2613,,706,472,429,647,359,3385
6140,704,1176,1607,2298,2667,,704,472,431,691,369,3473
6302,716,1205,1694,2421,2853,,716,489,489,727,432,3449
6279,716,1207,1696,2408,2832,,716,491,489,712,424,3447
6309,715,1193,1676,2408,2832,,715,478,483,732,424,3477
6279,715,1161,1645,2410,2830,,715,446,484,765,420,3449
6252,715,1207,1695,2387,2805,,715,492,488,692,418,3447
6303,715,1208,1695,2407,2858,,715,493,487,712,451,3445
6328,746,1230,1719,2428,2851,,746,484,489,709,423,3477
6192,714,1176,1613,2322,2743,,714,462,437,709,421,3449
6200,705,1177,1648,2401,2816,,705,472,471,753,415,3384
6253,706,1177,1647,2355,2814,,706,471,470,708,459,3439
6176,650,1129,1616,2328,2731,,650,479,487,712,403,3445
6278,715,1207,1695,2408,2829,,715,492,488,713,421,3449
6268,715,1192,1674,2396,2821,,715,477,482,722,425,3447
6279,705,1133,1627,2408,2830,,705,428,494,781,422,3449
6252,715,1206,1694,2406,2813,,715,491,488,712,407,3439
6243,718,1207,1695,2407,2830,,718,489,488,712,423,3413
6241,704,1176,1647,2397,2817,,704,472,471,750,420,3424
6150,696,1151,1622,2322,2742,,696,455,471,700,420,3408
6149,704,1201,1674,2396,2774,,704,497,473,722,378,3375
6259,704,1176,1650,2355,2777,,704,472,474,705,422,3482
6299,679,1203,1691,2428,2847,,679,524,488,737,419,3452
6280,716,1207,1696,2407,2831,,716,491,489,711,424,3449
6337,716,1216,1732,2470,2888,,716,500,516,738,418,3449
6114,688,1141,1608,2284,2656,,688,453,467,676,372,3458
6228,705,1176,1648,2397,2816,,705,471,472,749,419,3412
6156,706,1203,1675,2396,2775,,706,497,472,721,379,3381
6149,705,1176,1647,2360,2777,,705,471,471,713,417,3372
6154,704,1176,1677,2399,2777,,704,472,501,722,378,3377
6020,705,1136,1573,2230,2609,,705,431,437,657,379,3411
6397,721,1246,1735,2472,2924,,721,525,489,737,452,3473
6253,673,1183,1671,2407,2818,,673,510,488,736,411,3435
6254,716,1208,1696,2407,2811,,716,492,488,711,404,3443
6177,705,1176,1648,2351,2743,,705,471,472,703,392,3434
6204,705,1136,1617,2334,2743,,705,431,481,717,409,3461
6242,715,1206,1694,2406,2797,,715,491,488,712,391,3445
6216,705,1177,1648,2395,2815,,705,472,471,747,420,3401
6265,705,1177,1650,2395,2816,,705,472,473,745,421,3449
6152,705,1178,1650,2397,2776,,705,473,472,747,379,3376
6153,705,1176,1648,2359,2773,,705,471,472,711,414,3380
6245,704,1176,1649,2360,2797,,704,472,473,711,437,3448
6339,701,1194,1677,2438,2861,,701,493,483,761,423,3478
6278,716,1208,1695,2407,2830,,716,492,487,712,423,3448
6280,716,1209,1698,2409,2831,,716,493,489,711,422,3449
6329,746,1263,1749,2458,2881,,746,517,486,709,423,3448
6308,716,1209,1696,2407,2810,,716,493,487,711,403,3498
6329,716,1238,1752,2490,2881,,716,522,514,738,391,3448
6409,716,1237,1722,2465,2911,,716,521,485,743,446,3498
6358,746,1233,1750,2459,2881,,746,487,517,709,422,3477
6304,716,1236,1722,2435,2856,,716,520,486,713,421,3448
6331,716,1205,1695,2460,2858,,716,489,490,765,398,3473
6279,698,1153,1646,2409,2832,,698,455,493,763,423,3447
6303,716,1207,1695,2438,2855,,716,491,488,743,417,3448
6333,715,1207,1696,2437,2856,,715,492,489,741,419,3477
6252,745,1232,1721,2432,2835,,745,487,489,711,403,3417
6254,715,1207,1695,2407,2811,,715,492,488,712,404,3443
6268,717,1207,1696,2408,2830,,717,490,489,712,422,3438
6308,716,1208,1696,2407,2831,,716,492,488,711,424,3477
6279,705,1185,1675,2408,2831,,705,480,490,733,423,3448
6307,717,1206,1695,2407,2830,,717,489,489,712,423,3477
6288,706,1215,1732,2441,2843,,706,509,517,709,402,3445
6280,713,1188,1673,2408,2831,,713,475,485,735,423,3449
6279,716,1209,1696,2408,2830,,716,493,487,712,422,3449
6268,649,1174,1645,2397,2821,,649,525,471,752,424,3447
6054,706,1177,1608,2296,2690,,706,471,431,688,394,3364
6268,705,1177,1650,2400,2817,,705,472,473,750,417,3451
6228,703,1174,1645,2396,2816,,703,471,471,751,420,3412
6280,717,1209,1698,2408,2833,,717,492,489,710,425,3447
6179,722,1139,1620,2334,2744,,722,417,481,714,410,3435
6279,714,1209,1696,2408,2832,,714,495,487,712,424,3447
6256,716,1211,1700,2437,2840,,716,495,489,737,403,3416
6279,700,1149,1632,2409,2831,,700,449,483,777,422,3448
6280,716,1208,1696,2408,2831,,716,492,488,712,423,3449
6279,716,1208,1697,2409,2831,,716,492,489,712,422,3448
6204,652,1185,1645,2415,2754,,652,533,460,770,339,3450
6227,716,1210,1699,2389,2807,,716,494,489,690,418,3420
6285,716,1210,1699,2409,2832,,716,494,489,710,423,3453
6306,710,1209,1697,2435,2856,,710,499,488,738,421,3450
6277,716,1142,1626,2408,2830,,716,426,484,782,422,3447
6279,716,1208,1697,2409,2831,,716,492,489,712,422,3448
6254,715,1219,1704,2417,2833,,715,504,485,713,416,3421
6280,717,1178,1673,2409,2833,,717,461,495,736,424,3447
6252,716,1207,1695,2408,2809,,716,491,488,713,401,3443
6308,717,1181,1671,2409,2831,,717,464,490,738,422,3477
6279,718,1208,1696,2415,2834,,718,490,488,719,419,3445
6204,716,1207,1695,2408,2751,,716,491,488,713,343,3453
6280,717,1210,1695,2408,2829,,717,493,485,713,421,3451
6281,717,1209,1697,2410,2832,,717,492,488,713,422,3449
6279,716,1208,1695,2408,2830,,716,492,487,713,422,3449
6256,717,1208,1696,2408,2831,,717,491,488,712,423,3425
6128,647,1107,1597,2289,2669,,647,460,490,692,380,3459
6308,717,1180,1644,2409,2832,,717,463,464,765,423,3476
6280,716,1208,1696,2409,2832,,716,492,488,713,423,3448
6308,717,1208,1695,2408,2831,,717,491,487,713,423,3477
6256,716,1207,1695,2408,2830,,716,491,488,713,422,3426
6255,717,1208,1698,2410,2811,,717,491,490,712,401,3444
6303,717,1207,1696,2408,2830,,717,490,489,712,422,3473
6305,716,1207,1695,2436,2855,,716,491,488,741,419,3450
6153,648,1166,1597,2308,2719,,648,518,431,711,411,3434
6256,716,1207,1696,2408,2830,,716,491,489,712,422,3426
6246,647,1167,1651,2392,2815,,647,520,484,741,423,3431
6224,699,1178,1644,2354,2764,,699,479,466,710,410,3460
6302,718,1206,1694,2432,2855,,718,488,488,738,423,3447
6280,717,1209,1701,2413,2832,,717,492,492,712,419,3448
6255,745,1233,1720,2433,2825,,745,488,487,713,392,3430
6254,716,1210,1695,2406,2809,,716,494,485,711,403,3445
6304,716,1208,1697,2407,2829,,716,492,489,710,422,3475
6280,718,1208,1699,2409,2832,,718,490,491,710,423,3448
6307,648,1184,1671,2409,2860,,648,536,487,738,451,3447
6256,716,1209,1697,2408,2831,,716,493,488,711,423,3425
6225,649,1180,1659,2392,2798,,649,531,479,733,406,3427
6383,698,1196,1648,2432,2884,,698,498,452,784,452,3499
6334,745,1234,1722,2434,2858,,745,489,488,712,424,3476
6279,716,1209,1697,2410,2832,,716,493,488,713,422,3447
6228,716,1238,1722,2414,2808,,716,522,484,692,394,3420
6331,717,1209,1696,2439,2887,,717,492,487,743,448,3444
6259,715,1209,1696,2409,2834,,715,494,487,713,425,3425
6304,715,1207,1695,2437,2856,,715,492,488,742,419,3448
6204,704,1172,1620,2334,2743,,704,468,448,714,409,3461
6354,744,1233,1721,2464,2910,,744,489,488,743,446,3444
6268,688,1173,1649,2399,2821,,688,485,476,750,422,3447
6130,668,1134,1586,2283,2693,,668,466,452,697,410,3437
6279,715,1208,1696,2409,2832,,715,493,488,713,423,3447
6277,715,1207,1695,2408,2830,,715,492,488,713,422,3447
6256,689,1175,1650,2399,2796,,689,486,475,749,397,3460
6278,716,1207,1695,2407,2829,,716,491,488,712,422,3449
6307,716,1208,1696,2408,2830,,716,492,488,712,422,3477
6358,716,1191,1672,2437,2885,,716,475,481,765,448,3473
6280,702,1222,1699,2437,2858,,702,520,477,738,421,3422
6243,704,1177,1649,2398,2817,,704,473,472,749,419,3426
5981,707,1140,1576,2258,2611,,707,433,436,682,353,3370
5903,705,1096,1551,2183,2538,,705,391,455,632,355,3365
6154,704,1202,1673,2357,2775,,704,498,471,684,418,3379
6121,705,1176,1648,2352,2751,,705,471,472,704,399,3370
6239,704,1177,1674,2355,2796,,704,473,497,681,441,3443
6302,715,1207,1696,2408,2859,,715,492,489,712,451,3443
6328,716,1237,1750,2460,2883,,716,521,513,710,423,3445
6359,745,1234,1722,2435,2886,,745,489,488,713,451,3473
6268,704,1186,1624,2399,2821,,704,482,438,775,422,3447
6024,706,1202,1674,2326,2646,,706,496,472,652,320,3378
6085,705,1146,1577,2274,2626,,705,441,431,697,352,3459
6054,621,1045,1484,2142,2601,,621,424,439,658,459,3453
6323,714,1228,1715,2453,2875,,714,514,487,738,422,3448
6278,716,1208,1696,2407,2830,,716,492,488,711,423,3448
6353,716,1237,1746,2488,2905,,716,521,509,742,417,3448
6356,716,1237,1722,2462,2881,,716,521,485,740,419,3475
6377,743,1232,1748,2486,2905,,743,489,516,738,419,3472
6278,717,1207,1695,2407,2830,,717,490,488,712,423,3448
6268,705,1187,1624,2397,2824,,705,482,437,773,427,3444
6165,704,1178,1654,2398,2723,,704,474,476,744,325,3442
6205,704,1186,1662,2382,2821,,704,482,476,720,439,3384
6004,665,1128,1597,2228,2549,,665,463,469,631,321,3455
6306,720,1206,1693,2408,2829,,720,486,487,715,421,3477
6329,717,1208,1725,2463,2882,,717,491,517,738,419,3447
6354,745,1233,1750,2458,2910,,745,488,517,708,452,3444
6331,744,1232,1721,2432,2856,,744,488,489,711,424,3475
6328,716,1208,1725,2434,2857,,716,492,517,709,423,3471
6330,711,1238,1747,2460,2882,,711,527,509,713,422,3448
6279,647,1183,1700,2409,2831,,647,536,517,709,422,3448
6309,715,1209,1696,2409,2831,,715,494,487,713,422,3478
6267,703,1171,1623,2397,2820,,703,468,452,774,423,3447
6280,730,1182,1663,2409,2832,,730,452,481,746,423,3448
6279,718,1210,1697,2409,2832,,718,492,487,712,423,3447
6279,674,1184,1672,2409,2832,,674,510,488,737,423,3447
6253,716,1213,1698,2438,2836,,716,497,485,740,398,3417
6301,716,1208,1697,2409,2860,,716,492,489,712,451,3441
6379,740,1264,1778,2488,2906,,740,524,514,710,418,3473
6307,717,1209,1696,2409,2860,,717,492,487,713,451,3447
6278,717,1208,1696,2408,2830,,717,491,488,712,422,3448
6280,745,1235,1701,2409,2833,,745,490,466,708,424,3447
6217,716,1237,1688,2396,2782,,716,521,451,708,386,3435
6309,707,1159,1653,2438,2832,,707,452,494,785,394,3477
6281,698,1212,1698,2409,2831,,698,514,486,711,422,3450
6358,715,1210,1725,2434,2884,,715,495,515,709,450,3474
6253,666,1120,1630,2406,2808,,666,454,510,776,402,3445
6295,717,1238,1723,2433,2856,,717,521,485,710,423,3439
6329,688,1209,1725,2434,2856,,688,521,516,709,422,3473
6267,716,1237,1685,2401,2822,,716,521,448,716,421,3445
6155,665,1114,1583,2277,2696,,665,449,469,694,419,3459
6333,716,1208,1697,2411,2860,,716,492,489,714,449,3473
6215,716,1238,1665,2370,2768,,716,522,427,705,398,3447
6305,705,1183,1676,2437,2858,,705,478,493,761,421,3447
6331,707,1194,1683,2385,2860,,707,487,489,702,475,3471
6334,746,1236,1721,2433,2856,,746,490,485,712,423,3478
6257,715,1208,1696,2408,2830,,715,493,488,712,422,3427
6279,716,1207,1695,2408,2831,,716,491,488,713,423,3448
6279,716,1208,1698,2409,2830,,716,492,490,711,421,3449
6303,716,1207,1696,2438,2856,,716,491,489,742,418,3447
6280,745,1262,1715,2401,2830,,745,517,453,686,429,3450
6304,744,1234,1700,2384,2861,,744,490,466,684,477,3443
6140,716,1187,1636,2316,2703,,716,471,449,680,387,3437
6155,705,1118,1575,2284,2694,,705,413,457,709,410,3461
6329,745,1228,1722,2463,2881,,745,483,494,741,418,3448
6337,717,1209,1707,2445,2857,,717,492,498,738,412,3480
6212,716,1238,1702,2385,2806,,716,522,464,683,421,3406
6129,707,1179,1652,2356,2754,,707,472,473,704,398,3375
6291,700,1201,1671,2425,2846,,700,501,470,754,421,3445
6266,706,1176,1647,2397,2818,,706,470,471,750,421,3448
6078,706,1135,1557,2184,2624,,706,429,422,627,440,3454
6278,716,1207,1695,2407,2830,,716,491,488,712,423,3448
6217,715,1209,1663,2358,2778,,715,494,454,695,420,3439
6104,705,1135,1571,2276,2629,,705,430,436,705,353,3475
6154,705,1188,1664,2359,2775,,705,483,476,695,416,3379
6042,705,1178,1650,2352,2690,,705,473,472,702,338,3352
6129,703,1201,1673,2356,2755,,703,498,472,683,399,3374
5951,704,1176,1607,2257,2590,,704,472,431,650,333,3361
6223,699,1199,1670,2424,2844,,699,500,471,754,420,3379
6242,704,1175,1647,2399,2818,,704,471,472,752,419,3424
6155,705,1179,1626,2277,2683,,705,474,447,651,406,3472
6302,716,1235,1719,2432,2853,,716,519,484,713,421,3449
6253,716,1209,1676,2384,2806,,716,493,467,708,422,3447
6142,716,1187,1614,2323,2676,,716,471,427,709,353,3466
6077,706,1179,1623,2322,2698,,706,473,444,699,376,3379
6123,705,1201,1675,2358,2753,,705,496,474,683,395,3370
6130,705,1177,1649,2356,2753,,705,472,472,707,397,3377
5926,707,1179,1610,2231,2564,,707,472,431,621,333,3362
6225,700,1198,1671,2424,2842,,700,498,473,753,418,3383
6303,707,1207,1678,2435,2854,,707,500,471,757,419,3449
6282,705,1202,1656,2349,2834,,705,497,454,693,485,3448
6304,716,1237,1722,2432,2855,,716,521,485,710,423,3449
6126,715,1208,1676,2334,2707,,715,493,468,658,373,3419
6280,717,1188,1646,2410,2833,,717,471,458,764,423,3447
6231,715,1210,1634,2334,2772,,715,495,424,700,438,3459
6317,723,1222,1710,2447,2870,,723,499,488,737,423,3447
6028,701,1153,1571,2224,2618,,701,452,418,653,394,3410
6124,705,1177,1649,2356,2753,,705,472,472,707,397,3371
6224,701,1198,1670,2423,2842,,701,497,472,753,419,3382
6267,702,1198,1694,2423,2842,,702,496,496,729,419,3425
6328,706,1201,1650,2349,2858,,706,495,449,699,509,3470
6358,716,1207,1696,2436,2885,,716,491,489,740,449,3473
6307,715,1238,1722,2463,2849,,715,523,484,741,386,3458
6217,744,1233,1668,2398,2778,,744,489,435,730,380,3439
6233,704,1134,1588,2308,2748,,704,430,454,720,440,3485
6258,716,1209,1685,2413,2831,,716,493,476,728,418,3427
6281,717,1210,1697,2410,2833,,717,493,487,713,423,3448
6306,716,1210,1698,2439,2857,,716,494,488,741,418,3449
6309,718,1209,1696,2409,2832,,718,491,487,713,423,3477
6329,716,1199,1690,2432,2883,,716,483,491,742,451,3446
6306,717,1208,1728,2437,2856,,717,491,520,709,419,3450
6307,745,1234,1750,2460,2882,,745,489,516,710,422,3425
6256,716,1210,1700,2440,2805,,716,494,490,740,365,3451
6266,716,1208,1643,2355,2822,,716,492,435,712,467,3444
6152,706,1178,1675,2400,2779,,706,472,497,725,379,3373
6123,705,1176,1646,2361,2754,,705,471,470,715,393,3369
5954,701,1198,1628,2255,2590,,701,497,430,627,335,3364
5953,700,1198,1629,2256,2589,,700,498,431,627,333,3364
6190,705,1175,1647,2356,2755,,705,470,472,709,399,3435
6252,700,1200,1672,2425,2844,,700,500,472,753,419,3408
6151,681,1173,1646,2362,2779,,681,492,473,716,417,3372
6125,705,1177,1649,2360,2754,,705,472,472,711,394,3371
6218,705,1176,1646,2357,2776,,705,471,470,711,419,3442
6306,716,1207,1662,2401,2830,,716,491,455,739,429,3476
6308,715,1208,1724,2397,2830,,715,493,516,673,433,3478
6198,658,1171,1643,2396,2819,,658,513,472,753,423,3379
6125,704,1177,1650,2358,2750,,704,473,473,708,392,3375
5974,701,1195,1627,2253,2590,,701,494,432,626,337,3384
5981,706,1205,1676,2347,2642,,706,499,471,671,295,3339
6302,696,1207,1679,2431,2852,,696,511,472,752,421,3450
6130,705,1178,1608,2274,2648,,705,473,430,666,374,3482
6358,747,1263,1748,2458,2882,,747,516,485,710,424,3476
6326,717,1243,1726,2463,2881,,717,526,483,737,418,3445
6280,716,1239,1701,2410,2833,,716,523,462,709,423,3447
6257,716,1209,1697,2409,2802,,716,493,488,712,393,3455
6335,701,1184,1700,2440,2857,,701,483,516,740,417,3478
6279,716,1209,1697,2410,2831,,716,493,488,713,421,3448
6329,715,1238,1747,2460,2883,,715,523,509,713,423,3446
6279,716,1209,1698,2409,2833,,716,493,489,711,424,3446
6370,720,1251,1735,2476,2893,,720,531,484,741,417,3477
6307,703,1186,1702,2441,2860,,703,483,516,739,419,3447
6332,745,1262,1748,2489,2907,,745,517,486,741,418,3425
6278,715,1208,1697,2409,2831,,715,493,489,712,422,3447
6278,716,1237,1701,2409,2821,,716,521,464,708,412,3457
6279,716,1208,1696,2408,2834,,716,492,488,712,426,3445
6309,717,1189,1672,2410,2832,,717,472,483,738,422,3477
6229,703,1171,1642,2397,2821,,703,468,471,755,424,3408
5925,706,1177,1608,2232,2565,,706,471,431,624,333,3360
5982,707,1204,1674,2351,2647,,707,497,470,677,296,3335
6278,696,1209,1677,2429,2835,,696,513,468,752,406,3443
6230,704,1188,1664,2374,2775,,704,484,476,710,401,3455
6303,715,1239,1725,2434,2856,,715,524,486,709,422,3447
6357,717,1208,1724,2432,2886,,717,491,516,708,454,3471
6280,718,1209,1697,2389,2837,,718,491,488,692,448,3443
6279,716,1208,1696,2408,2831,,716,492,488,712,423,3448
6193,715,1152,1624,2323,2743,,715,437,472,699,420,3450
6125,706,1177,1650,2357,2754,,706,471,473,707,397,3371
5948,702,1196,1628,2253,2587,,702,494,432,625,334,3361
6006,705,1205,1676,2348,2667,,705,500,471,672,319,3339
6152,654,1133,1605,2307,2727,,654,479,472,702,420,3425
5977,705,1176,1644,2317,2636,,705,471,468,673,319,3341
6054,706,1202,1677,2332,2687,,706,496,475,655,355,3367
6243,705,1177,1651,2356,2798,,705,472,474,705,442,3445
6183,715,1209,1676,2322,2700,,715,494,467,646,378,3483
6335,718,1209,1700,2440,2858,,718,491,491,740,418,3477
6143,717,1131,1540,2247,2667,,717,414,409,707,420,3476
6192,704,1177,1649,2361,2756,,704,473,472,712,395,3436
5957,702,1201,1631,2260,2593,,702,499,430,629,333,3364
5977,699,1199,1671,2345,2639,,699,500,472,674,294,3338
6421,739,1248,1734,2500,2948,,739,509,486,766,448,3473
6143,744,1213,1693,2345,2684,,744,469,480,652,339,3459
6177,704,1176,1647,2398,2817,,704,472,471,751,419,3360
6158,704,1201,1674,2357,2774,,704,497,473,683,417,3384
6116,705,1178,1608,2256,2638,,705,473,430,648,382,3478
6306,717,1209,1698,2438,2858,,717,492,489,740,420,3448
6244,715,1210,1646,2399,2823,,715,495,436,753,424,3421
6128,705,1181,1652,2360,2755,,705,476,471,708,395,3373
5975,702,1196,1625,2256,2588,,702,494,429,631,332,3387
5980,704,1206,1676,2348,2641,,704,502,470,672,293,3339
6230,704,1203,1674,2429,2847,,704,499,471,755,418,3383
5976,705,1176,1671,2314,2631,,705,471,495,643,317,3345
6152,706,1177,1648,2362,2776,,706,471,471,714,414,3376
6129,705,1177,1648,2359,2751,,705,472,471,711,392,3378
6025,706,1178,1607,2256,2618,,706,472,429,649,362,3407
6335,745,1235,1722,2434,2858,,745,490,487,712,424,3477
6267,715,1209,1666,2398,2821,,715,494,457,732,423,3446
6128,705,1175,1646,2358,2754,,705,470,471,712,396,3374
6151,712,1195,1667,2379,2778,,712,483,472,712,399,3373
5974,701,1198,1694,2341,2636,,701,497,496,647,295,3338
5918,653,1078,1495,2151,2515,,653,425,417,656,364,3403
6219,746,1235,1670,2400,2781,,746,489,435,730,381,3438
6199,705,1177,1649,2398,2817,,705,472,472,749,419,3382
6131,705,1177,1649,2361,2754,,705,472,472,712,393,3377
5971,704,1177,1606,2255,2606,,704,473,429,649,351,3365
6136,705,1177,1648,2355,2752,,705,472,471,707,397,3384
6147,702,1195,1667,2378,2775,,702,493,472,711,397,3372
6009,706,1206,1629,2248,2591,,706,500,423,619,343,3418
5957,706,1206,1637,2266,2597,,706,500,431,629,331,3360
5982,704,1204,1673,2351,2645,,704,500,469,678,294,3337
6056,706,1206,1636,2289,2649,,706,500,430,653,360,3407
6281,716,1210,1698,2409,2835,,716,494,488,711,426,3446
6281,717,1210,1699,2413,2832,,717,493,489,714,419,3449
6303,715,1237,1721,2433,2855,,715,522,484,712,422,3448
6270,715,1210,1700,2441,2864,,715,495,490,741,423,3406
6306,718,1239,1722,2435,2858,,718,521,483,713,423,3448
6307,717,1239,1724,2435,2858,,717,522,485,711,423,3449
6280,715,1210,1697,2409,2832,,715,495,487,712,423,3448
6330,716,1210,1727,2467,2883,,716,494,517,740,416,3447
6359,715,1239,1753,2462,2882,,715,524,514,709,420,3477
6132,693,1129,1539,2204,2633,,693,436,410,665,429,3499
6307,745,1236,1724,2435,2857,,745,491,488,711,422,3450
6257,717,1208,1697,2409,2831,,717,491,489,712,422,3426
6305,715,1210,1727,2435,2858,,715,495,517,708,423,3447
6143,716,1209,1696,2389,2748,,716,493,487,693,359,3395
6282,718,1211,1700,2412,2833,,718,493,489,712,421,3449
6206,717,1211,1699,2410,2755,,717,494,488,711,345,3451
6214,719,1211,1699,2390,2809,,719,492,488,691,419,3405
6239,711,1215,1700,2437,2838,,711,504,485,737,401,3401
6304,717,1208,1697,2434,2856,,717,491,489,737,422,3448
6231,676,1214,1699,2390,2809,,676,538,485,691,419,3422
6307,710,1224,1734,2444,2857,,710,514,510,710,413,3450
6281,716,1210,1698,2411,2834,,716,494,488,713,423,3447
6223,718,1212,1700,2412,2836,,718,494,488,712,424,3387
6242,717,1211,1698,2412,2835,,717,494,487,714,423,3407
6282,718,1211,1699,2412,2834,,718,493,488,713,422,3448
6258,690,1185,1672,2410,2833,,690,495,487,738,423,3425
6216,715,1208,1695,2388,2807,,715,493,487,693,419,3409
6240,713,1212,1700,2438,2838,,713,499,488,738,400,3402
6313,718,1196,1680,2443,2865,,718,478,484,763,422,3448
6280,717,1211,1699,2410,2833,,717,494,488,711,423,3447
6281,703,1185,1674,2411,2833,,703,482,489,737,422,3448
6281,717,1209,1698,2411,2833,,717,492,489,713,422,3448
6280,717,1210,1699,2411,2833,,717,493,489,712,422,3447
6240,718,1210,1699,2410,2833,,718,492,489,711,423,3407
6282,717,1212,1700,2411,2835,,717,495,488,711,424,3447
6257,717,1209,1699,2411,2833,,717,492,490,712,422,3424
6230,716,1212,1700,2390,2810,,716,496,488,690,420,3420
6283,718,1213,1701,2412,2835,,718,495,488,711,423,3448
6338,747,1243,1731,2443,2866,,747,496,488,712,423,3472
6311,743,1222,1708,2418,2834,,743,479,486,710,416,3477
6282,719,1222,1709,2418,2833,,719,503,487,709,415,3449
6311,716,1211,1699,2411,2833,,716,495,488,712,422,3478
6331,717,1241,1756,2466,2885,,717,524,515,710,419,3446
6279,719,1210,1700,2411,2834,,719,491,490,711,423,3445
6279,717,1210,1699,2411,2837,,717,493,489,712,426,3442
6215,718,1186,1673,2410,2813,,718,468,487,737,403,3402
6154,702,1169,1579,2259,2643,,702,467,410,680,384,3511
6281,717,1210,1697,2411,2835,,717,493,487,714,424,3446
6371,720,1246,1734,2470,2894,,720,526,488,736,424,3477
6205,741,1172,1656,2411,2753,,741,431,484,755,342,3452
6179,702,1112,1600,2310,2720,,702,410,488,710,410,3459
6281,717,1212,1698,2411,2833,,717,495,486,713,422,3448
6225,716,1210,1698,2410,2833,,716,494,488,712,423,3392
6263,718,1211,1699,2412,2834,,718,493,488,713,422,3429
6302,716,1210,1695,2408,2830,,716,494,485,713,422,3472
6158,646,1107,1597,2310,2720,,646,461,490,713,410,3438
6214,716,1209,1697,2389,2809,,716,493,488,692,420,3405
6243,714,1212,1702,2438,2839,,714,498,490,736,401,3404
6277,717,1206,1696,2407,2828,,717,489,490,711,421,3449
6183,647,1107,1585,2310,2723,,647,460,478,725,413,3460
6185,645,1109,1599,2310,2720,,645,464,490,711,410,3465
6280,718,1212,1697,2410,2832,,718,494,485,713,422,3448
6205,717,1211,1698,2410,2833,,717,494,487,712,423,3372
6282,716,1211,1699,2413,2833,,716,495,488,714,420,3449
6280,717,1211,1699,2413,2833,,717,494,488,714,420,3447
6180,704,1113,1588,2286,2720,,704,409,475,698,434,3460
6306,717,1210,1697,2411,2863,,717,493,487,714,452,3443
6280,715,1209,1698,2411,2832,,715,494,489,713,421,3448
6280,716,1210,1698,2410,2834,,716,494,488,712,424,3446
6110,640,1097,1519,2239,2649,,640,457,422,720,410,3461
6143,716,1188,1594,2299,2694,,716,472,406,705,395,3449
6224,705,1174,1645,2397,2817,,705,469,471,752,420,3407
6159,705,1176,1648,2365,2778,,705,471,472,717,413,3381
6132,706,1176,1647,2355,2754,,706,470,471,708,399,3378
6165,702,1198,1669,2383,2779,,702,496,471,714,396,3386
6282,748,1236,1653,2385,2834,,748,488,417,732,449,3448
6280,717,1210,1699,2410,2836,,717,493,489,711,426,3444
6280,718,1210,1700,2410,2833,,718,492,490,710,423,3447
6308,717,1209,1697,2409,2832,,717,492,488,712,423,3476
6142,702,1112,1538,2247,2643,,702,410,426,709,396,3499
6155,706,1137,1573,2284,2696,,706,431,436,711,412,3459
6281,717,1211,1698,2410,2832,,717,494,487,712,422,3449
6232,717,1211,1701,2411,2834,,717,494,490,710,423,3398
6282,717,1211,1698,2410,2832,,717,494,487,712,422,3450
6289,719,1210,1699,2411,2833,,719,491,489,712,422,3456
6282,717,1211,1698,2410,2833,,717,494,487,712,423,3449
6306,747,1236,1724,2436,2858,,747,489,488,712,422,3448
6305,716,1211,1728,2438,2857,,716,495,517,710,419,3448
6280,678,1186,1673,2410,2833,,678,508,487,737,423,3447
6172,751,1198,1618,2328,2714,,751,447,420,710,386,3458
6330,717,1188,1647,2408,2861,,717,471,459,761,453,3469
6307,717,1211,1699,2440,2858,,717,494,488,741,418,3449
6273,716,1214,1700,2412,2834,,716,498,486,712,422,3439
6179,705,1176,1645,2400,2778,,705,471,469,755,378,3401
6125,706,1202,1673,2358,2753,,706,496,471,685,395,3372
6124,704,1175,1647,2353,2751,,704,471,472,706,398,3373
5987,702,1194,1629,2265,2611,,702,492,435,636,346,3376
5955,701,1201,1632,2261,2593,,701,500,431,629,332,3362
6256,654,1134,1620,2335,2766,,654,480,486,715,431,3490
6191,740,1195,1618,2323,2744,,740,455,423,705,421,3447
5953,679,1173,1644,2319,2613,,679,494,471,675,294,3340
6153,704,1178,1652,2400,2778,,704,474,474,748,378,3375
6134,705,1179,1652,2355,2753,,705,474,473,703,398,3381
6242,707,1203,1675,2358,2799,,707,496,472,683,441,3443
6280,717,1211,1700,2410,2832,,717,494,489,710,422,3448
6226,655,1174,1645,2400,2821,,655,519,471,755,421,3405
6124,707,1179,1650,2358,2757,,707,472,471,708,399,3367
5950,703,1195,1628,2255,2587,,703,492,433,627,332,3363
6065,702,1162,1590,2233,2631,,702,460,428,643,398,3434
5936,663,1107,1542,2201,2566,,663,444,435,659,365,3370
6079,705,1178,1632,2334,2666,,705,473,454,702,332,3413
5829,635,1056,1451,2080,2400,,635,421,395,629,320,3429
6059,671,1170,1609,2269,2657,,671,499,439,660,388,3402
6125,668,1172,1639,2309,2697,,668,504,467,670,388,3428
6357,747,1236,1724,2467,2912,,747,489,488,743,445,3445
6309,715,1209,1698,2410,2832,,715,494,489,712,422,3477
6353,744,1260,1773,2512,2905,,744,516,513,739,393,3448
6307,717,1209,1697,2409,2832,,717,492,488,712,423,3475
6278,744,1182,1671,2437,2833,,744,438,489,766,396,3445
6161,739,1186,1627,2282,2695,,739,447,441,655,413,3466
6360,746,1236,1722,2464,2883,,746,490,486,742,419,3477
6308,717,1209,1697,2409,2861,,717,492,488,712,452,3447
6325,717,1237,1751,2460,2882,,717,520,514,709,422,3443
6369,721,1247,1735,2471,2894,,721,526,488,736,423,3475
6331,718,1215,1728,2466,2884,,718,497,513,738,418,3447
6282,715,1191,1678,2410,2833,,715,476,487,732,423,3449
6283,715,1210,1699,2410,2833,,715,495,489,711,423,3450
6330,746,1264,1748,2460,2883,,746,518,484,712,423,3447
6355,743,1235,1752,2489,2908,,743,492,517,737,419,3447
6158,745,1211,1622,2261,2697,,745,466,411,639,436,3461
6145,704,1133,1614,2323,2700,,704,429,481,709,377,3445
6202,704,1176,1647,2398,2819,,704,472,471,751,421,3383
6123,704,1176,1648,2362,2755,,704,472,472,714,393,3368
6106,705,1176,1649,2334,2667,,705,471,473,685,333,3439
6280,716,1211,1698,2410,2834,,716,495,487,712,424,3446
6193,715,1156,1636,2351,2744,,715,441,480,715,393,3449
6126,707,1182,1653,2359,2754,,707,475,471,706,395,3372
5976,702,1200,1631,2258,2593,,702,498,431,627,335,3383
6034,650,1069,1490,2181,2554,,650,419,421,691,373,3480
6233,748,1210,1655,2347,2779,,748,462,445,692,432,3454
6169,716,1157,1636,2325,2718,,716,441,479,689,393,3451
6152,704,1199,1698,2398,2775,,704,495,499,700,377,3377
6126,705,1177,1651,2360,2754,,705,472,474,709,394,3372
6128,703,1175,1646,2357,2754,,703,472,471,711,397,3374
6146,701,1197,1670,2379,2777,,701,496,473,709,398,3369
6000,703,1200,1644,2307,2643,,703,497,444,663,336,3357
6145,701,1196,1668,2370,2772,,701,495,472,702,402,3373
5950,701,1201,1630,2260,2593,,701,500,429,630,333,3357
6180,701,1199,1628,2310,2703,,701,498,429,682,393,3477
6245,745,1212,1656,2371,2794,,745,467,444,715,423,3451
6267,704,1176,1641,2399,2819,,704,472,465,758,420,3448
6125,705,1203,1673,2356,2755,,705,498,470,683,399,3370
6129,706,1179,1649,2361,2755,,706,473,470,712,394,3374
6130,703,1175,1646,2357,2755,,703,472,471,711,398,3375
6152,701,1199,1670,2383,2780,,701,498,471,713,397,3372
6188,709,1209,1680,2396,2812,,709,500,471,716,416,3376
6147,701,1195,1667,2380,2775,,701,494,472,713,395,3372
5978,701,1201,1631,2259,2592,,701,500,430,628,333,3386
6162,703,1154,1591,2297,2688,,703,451,437,706,391,3474
6154,716,1188,1634,2311,2655,,716,472,446,677,344,3499
6268,716,1209,1641,2399,2822,,716,493,432,758,423,3446
6201,704,1177,1649,2398,2817,,704,473,472,749,419,3384
6129,705,1201,1675,2355,2754,,705,496,474,680,399,3375
6134,680,1175,1647,2356,2754,,680,495,472,709,398,3380
6152,701,1201,1673,2382,2780,,701,500,472,709,398,3372
6125,706,1180,1655,2360,2754,,706,474,475,705,394,3371
5975,702,1195,1627,2278,2614,,702,493,432,651,336,3361
5956,703,1198,1629,2259,2591,,703,495,431,630,332,3365
6206,704,1172,1639,2358,2767,,704,468,467,719,409,3439
6207,748,1260,1710,2375,2757,,748,512,450,665,382,3450
6269,717,1211,1667,2400,2824,,717,494,456,733,424,3445
6168,706,1178,1647,2396,2737,,706,472,469,749,341,3431
6126,706,1178,1649,2360,2753,,706,472,471,711,393,3373
6128,710,1208,1680,2358,2752,,710,498,472,678,394,3376
6150,702,1197,1668,2379,2778,,702,495,471,711,399,3372
6149,701,1197,1671,2384,2780,,701,496,474,713,396,3369
5973,701,1196,1629,2278,2613,,701,495,433,649,335,3360
6073,701,1199,1654,2365,2692,,701,498,455,711,327,3381
5948,703,1196,1625,2262,2588,,703,493,429,637,326,3360
5944,703,1132,1547,2182,2514,,703,429,415,635,332,3430
6244,705,1204,1675,2388,2819,,705,499,471,713,431,3425
6245,699,1218,1689,2443,2861,,699,519,471,754,418,3384
6128,706,1179,1652,2362,2753,,706,473,473,710,391,3375
6129,707,1180,1652,2357,2754,,707,473,472,705,397,3375
6147,703,1196,1692,2379,2780,,703,493,496,687,401,3367
6143,701,1197,1668,2383,2780,,701,496,471,715,397,3363
6153,701,1201,1675,2382,2780,,701,500,474,707,398,3373
5950,702,1200,1629,2258,2591,,702,498,429,629,333,3359
6138,702,1199,1629,2268,2678,,702,497,430,639,410,3460
6230,746,1209,1655,2365,2788,,746,463,446,710,423,3442
6311,717,1211,1728,2410,2833,,717,494,517,682,423,3478
6282,718,1212,1699,2411,2834,,718,494,487,712,423,3448
6283,715,1212,1699,2410,2833,,715,497,487,711,423,3450
6315,719,1197,1682,2443,2866,,719,478,485,761,423,3449
6335,716,1238,1723,2435,2858,,716,522,485,712,423,3477
6281,665,1188,1674,2410,2835,,665,523,486,736,425,3446
6331,714,1196,1684,2410,2862,,714,482,488,726,452,3469
6304,715,1207,1696,2432,2856,,715,492,489,736,424,3448
6188,716,1210,1678,2391,2797,,716,494,468,713,406,3391
6233,746,1264,1725,2393,2791,,746,518,461,668,398,3442
6280,720,1211,1701,2411,2833,,720,491,490,710,422,3447
6334,715,1209,1698,2438,2858,,715,494,489,740,420,3476
6304,716,1241,1725,2436,2858,,716,525,484,711,422,3446
6221,725,1153,1638,2350,2760,,725,428,485,712,410,3461
6283,718,1212,1700,2412,2838,,718,494,488,712,426,3445
6282,667,1187,1676,2412,2834,,667,520,489,736,422,3448
6282,717,1210,1700,2411,2834,,717,493,490,711,423,3448
6280,718,1212,1700,2413,2835,,718,494,488,713,422,3445
6232,717,1211,1699,2411,2814,,717,494,488,712,403,3418
6232,716,1210,1674,2367,2789,,716,494,464,693,422,3443
6281,717,1211,1699,2412,2835,,717,494,488,713,423,3446
6284,716,1200,1690,2412,2835,,716,484,490,722,423,3449
6281,718,1211,1699,2411,2834,,718,493,488,712,423,3447
6281,718,1213,1700,2412,2835,,718,495,487,712,423,3446
6312,718,1212,1700,2412,2835,,718,494,488,712,423,3477
6284,717,1176,1663,2388,2837,,717,459,487,725,449,3447
6283,717,1212,1700,2412,2835,,717,495,488,712,423,3448
6272,718,1212,1699,2412,2836,,718,494,487,713,424,3436
6252,745,1232,1720,2434,2802,,745,487,488,714,368,3450
6232,744,1237,1749,2422,2790,,744,493,512,673,368,3442
6264,719,1211,1698,2410,2833,,719,492,487,712,423,3431
6307,717,1212,1699,2412,2865,,717,495,487,713,453,3442
6284,716,1210,1698,2411,2832,,716,494,488,713,421,3452
6282,716,1210,1697,2411,2833,,716,494,487,714,422,3449
6284,717,1214,1700,2411,2834,,717,497,486,711,423,3450
6280,717,1210,1698,2408,2833,,717,493,488,710,425,3447
6281,716,1211,1698,2409,2833,,716,495,487,711,424,3448
6300,717,1204,1692,2428,2851,,717,487,488,736,423,3449
6279,716,1209,1696,2409,2831,,716,493,487,713,422,3448
6231,716,1213,1674,2369,2789,,716,497,461,695,420,3442
6255,715,1200,1689,2413,2835,,715,485,489,724,422,3420
6281,716,1211,1700,2411,2834,,716,495,489,711,423,3447
6282,718,1212,1698,2413,2833,,718,494,486,715,420,3449
6281,722,1213,1647,2410,2834,,722,491,434,763,424,3447
6283,716,1202,1689,2412,2835,,716,486,487,723,423,3448
6315,716,1200,1689,2412,2835,,716,484,489,723,423,3480
6282,716,1210,1699,2412,2837,,716,494,489,713,425,3445
6304,721,1237,1722,2433,2857,,721,516,485,711,424,3447
6260,717,1213,1700,2413,2835,,717,496,487,713,422,3425
6132,717,1188,1632,2292,2653,,717,471,444,660,361,3479
6311,716,1209,1704,2416,2862,,716,493,495,712,446,3449
6283,716,1212,1700,2412,2834,,716,496,488,712,422,3449
6312,716,1212,1699,2412,2833,,716,496,487,713,421,3479
6281,719,1212,1701,2413,2835,,719,493,489,712,422,3446
6282,718,1211,1698,2414,2833,,718,493,487,716,419,3449
6335,717,1210,1729,2438,2859,,717,493,519,709,421,3476
6253,743,1156,1649,2357,2809,,743,413,493,708,452,3444
6282,716,1201,1688,2413,2833,,716,485,487,725,420,3449
6281,716,1210,1699,2411,2833,,716,494,489,712,422,3448
6233,715,1198,1687,2386,2793,,715,483,489,699,407,3440
6280,716,1210,1697,2409,2832,,716,494,487,712,423,3448
6282,716,1211,1699,2411,2834,,716,495,488,712,423,3448
6281,716,1225,1712,2422,2835,,716,509,487,710,413,3446
6280,718,1190,1659,2411,2833,,718,472,469,752,422,3447
6282,716,1212,1700,2411,2834,,716,496,488,711,423,3448
6283,727,1212,1699,2410,2835,,727,485,487,711,425,3448
6307,716,1241,1725,2436,2859,,716,525,484,711,423,3448
6307,718,1242,1729,2438,2860,,718,524,487,709,422,3447
6259,717,1211,1699,2410,2834,,717,494,488,711,424,3425
6282,716,1211,1700,2436,2820,,716,495,489,736,384,3462
6281,719,1212,1700,2404,2834,,719,493,488,704,430,3447
6283,717,1211,1699,2410,2836,,717,494,488,711,426,3447
6277,717,1210,1699,2413,2835,,717,493,489,714,422,3442
6281,716,1200,1667,2412,2835,,716,484,467,745,423,3446
6282,715,1225,1712,2423,2834,,715,510,487,711,411,3448
6283,717,1211,1699,2413,2834,,717,494,488,714,421,3449
6282,715,1199,1687,2411,2834,,715,484,488,724,423,3448
6289,720,1212,1698,2412,2833,,720,492,486,714,421,3456
6258,716,1211,1698,2411,2836,,716,495,487,713,425,3422
6307,716,1211,1729,2464,2845,,716,495,518,735,381,3462
6284,716,1212,1699,2412,2835,,716,496,487,713,423,3449
6282,716,1211,1699,2411,2834,,716,495,488,712,423,3448
6282,715,1200,1686,2411,2833,,715,485,486,725,422,3449
6274,732,1216,1681,2409,2833,,732,484,465,728,424,3441
6296,725,1222,1711,2447,2870,,725,497,489,736,423,3426
6283,691,1186,1674,2410,2825,,691,495,488,736,415,3458
6307,746,1237,1725,2436,2858,,746,491,488,711,422,3449
6282,637,1186,1674,2412,2834,,637,549,488,738,422,3448
6258,716,1211,1698,2410,2832,,716,495,487,712,422,3426
6308,745,1266,1749,2461,2859,,745,521,483,712,398,3449
6257,717,1211,1699,2411,2818,,717,494,488,712,407,3439
6282,717,1211,1699,2411,2835,,717,494,488,712,424,3447
6304,716,1209,1697,2409,2861,,716,493,488,712,452,3443
6280,718,1211,1699,2356,2833,,718,493,488,657,477,3447
6316,719,1219,1708,2445,2867,,719,500,489,737,422,3449
6312,718,1211,1698,2411,2833,,718,493,487,713,422,3479
6308,717,1211,1700,2441,2859,,717,494,489,741,418,3449
6312,720,1212,1699,2411,2834,,720,492,487,712,423,3478
6258,716,1210,1698,2410,2833,,716,494,488,712,423,3425
6283,716,1223,1711,2449,2835,,716,507,488,738,386,3448
6280,716,1209,1696,2412,2832,,716,493,487,716,420,3448
6281,717,1212,1700,2411,2834,,717,495,488,711,423,3447
6307,716,1212,1699,2439,2858,,716,496,487,740,419,3449
6280,715,1210,1699,2372,2832,,715,495,489,673,460,3448
6320,724,1224,1713,2449,2872,,724,500,489,736,423,3448
6260,718,1191,1675,2390,2834,,718,473,484,715,444,3426
6280,746,1236,1723,2426,2833,,746,490,487,703,407,3447
6293,720,1219,1708,2445,2867,,720,499,489,737,422,3426
6219,717,1212,1702,2393,2811,,717,495,490,691,418,3408
6358,748,1265,1779,2517,2912,,748,517,514,738,395,3446
6332,745,1266,1751,2462,2884,,745,521,485,711,422,3448
6357,745,1264,1780,2489,2910,,745,519,516,709,421,3447
6280,715,1199,1716,2424,2833,,715,484,517,708,409,3447
6335,745,1237,1753,2428,2860,,745,492,516,675,432,3475
6307,745,1236,1724,2436,2859,,745,491,488,712,423,3448
6407,744,1238,1753,2495,2939,,744,494,515,742,444,3468
6230,716,1211,1699,2392,2810,,716,495,488,693,418,3420
6303,745,1204,1661,2412,2863,,745,459,457,751,451,3440
6311,717,1212,1728,2439,2888,,717,495,516,711,449,3423
6331,744,1265,1748,2462,2884,,744,521,483,714,422,3447
6281,715,1185,1671,2409,2833,,715,470,486,738,424,3448
6281,717,1211,1697,2411,2833,,717,494,486,714,422,3448
6280,717,1212,1699,2411,2833,,717,495,487,712,422,3447
6227,717,1209,1696,2409,2812,,717,492,487,713,403,3415
6279,717,1208,1698,2407,2830,,717,491,490,709,423,3449
6282,716,1212,1685,2412,2835,,716,496,473,727,423,3447
6284,716,1226,1713,2423,2834,,716,510,487,710,411,3450
6216,717,1213,1700,2413,2815,,717,496,487,713,402,3401
6282,717,1200,1688,2413,2834,,717,483,488,725,421,3448
6279,717,1210,1699,2412,2834,,717,493,489,713,422,3445
6281,716,1211,1699,2411,2833,,716,495,488,712,422,3448
6281,716,1213,1699,2409,2832,,716,497,486,710,423,3449
6284,718,1213,1701,2412,2835,,718,495,488,711,423,3449
6261,717,1202,1691,2414,2815,,717,485,489,723,401,3446
6286,715,1199,1687,2414,2835,,715,484,488,727,421,3451
6284,716,1209,1674,2409,2833,,716,493,465,735,424,3451
6283,717,1201,1687,2413,2835,,717,484,486,726,422,3448
6281,716,1212,1699,2410,2833,,716,496,487,711,423,3448
6259,717,1212,1700,2412,2834,,717,495,488,712,422,3425
6282,717,1202,1690,2416,2836,,717,485,488,726,420,3446
6282,716,1212,1646,2411,2835,,716,496,434,765,424,3447
6283,721,1211,1701,2413,2835,,721,490,490,712,422,3448
6307,717,1211,1701,2441,2860,,717,494,490,740,419,3447
6206,715,1211,1678,2335,2748,,715,496,467,657,413,3458
6281,703,1187,1676,2410,2834,,703,484,489,734,424,3447
6281,672,1185,1652,2411,2833,,672,513,467,759,422,3448
6307,717,1211,1728,2437,2859,,717,494,517,709,422,3448
6282,717,1212,1668,2411,2834,,717,495,456,743,423,3448
6260,717,1212,1700,2411,2835,,717,495,488,711,424,3425
6282,716,1201,1688,2411,2835,,716,485,487,723,424,3447
6306,746,1235,1724,2435,2858,,746,489,489,711,423,3448
6282,717,1214,1699,2412,2835,,717,497,485,713,423,3447
6282,716,1210,1699,2410,2833,,716,494,489,711,423,3449
6269,716,1195,1677,2380,2822,,716,479,482,703,442,3447
6186,707,1207,1679,2432,2814,,707,500,472,753,382,3372
5995,704,1175,1605,2278,2631,,704,471,430,673,353,3364
6118,704,1199,1669,2367,2753,,704,495,470,698,386,3365
6235,703,1203,1632,2340,2774,,703,500,429,708,434,3461
6260,717,1211,1700,2412,2836,,717,494,489,712,424,3424
6332,715,1199,1687,2412,2864,,715,484,488,725,452,3468
6336,716,1210,1698,2440,2858,,716,494,488,742,418,3478
6312,716,1211,1699,2411,2834,,716,495,488,712,423,3478
6215,716,1210,1700,2412,2835,,716,494,490,712,423,3380
6146,716,1212,1668,2341,2681,,716,496,456,673,340,3465
6185,668,1207,1679,2432,2813,,668,539,472,753,381,3372
6258,705,1177,1648,2358,2834,,705,472,471,710,476,3424
6285,718,1213,1702,2414,2836,,718,495,489,712,422,3449
6281,716,1200,1688,2414,2837,,716,484,488,726,423,3444
6278,716,1208,1697,2409,2831,,716,492,489,712,422,3447
6257,716,1201,1687,2413,2834,,716,485,486,726,421,3423
6310,716,1200,1688,2389,2865,,716,484,488,701,476,3445
6283,719,1212,1700,2411,2834,,719,493,488,711,423,3449
6284,718,1213,1701,2414,2835,,718,495,488,713,421,3449
6209,721,1213,1623,2339,2758,,721,492,410,716,419,3451
6279,721,1179,1672,2409,2834,,721,458,493,737,425,3445
6258,716,1211,1700,2413,2817,,716,495,489,713,404,3441
6286,716,1200,1688,2412,2835,,716,484,488,724,423,3451
6284,715,1222,1710,2421,2836,,715,507,488,711,415,3448
6282,718,1214,1701,2413,2839,,718,496,487,712,426,3443
6240,717,1201,1689,2413,2835,,717,484,488,724,422,3405
6258,718,1212,1700,2413,2825,,718,494,488,713,412,3433
6284,718,1212,1701,2412,2835,,718,494,489,711,423,3449
6308,717,1212,1729,2439,2860,,717,495,517,710,421,3448
6209,746,1239,1704,2387,2772,,746,493,465,683,385,3437
6235,716,1208,1695,2410,2826,,716,492,487,715,416,3409
6214,716,1226,1713,2423,2778,,716,510,487,710,355,3436
6224,717,1200,1688,2408,2818,,717,483,488,720,410,3406
6258,716,1209,1699,2412,2831,,716,493,490,713,419,3427
6303,717,1209,1696,2437,2857,,717,492,487,741,420,3446
6283,716,1211,1700,2412,2835,,716,495,489,712,423,3448
6280,717,1209,1698,2410,2833,,717,492,489,712,423,3447
6284,717,1212,1702,2413,2835,,717,495,490,711,422,3449
6284,717,1201,1689,2413,2835,,717,484,488,724,422,3449
6231,748,1239,1705,2387,2811,,748,491,466,682,424,3420
6283,718,1213,1701,2411,2834,,718,495,488,710,423,3449
6231,720,1212,1699,2392,2809,,720,492,487,693,417,3422
6263,717,1201,1689,2413,2836,,717,484,488,724,423,3427
6261,718,1212,1730,2414,2835,,718,494,518,684,421,3426
6309,745,1239,1726,2438,2861,,745,494,487,712,423,3448
6284,717,1212,1699,2413,2835,,717,495,487,714,422,3449
6258,716,1200,1688,2413,2820,,716,484,488,725,407,3438
6284,717,1227,1714,2423,2837,,717,510,487,709,414,3447
6334,717,1213,1701,2414,2868,,717,496,488,713,454,3466
6209,718,1214,1701,2336,2749,,718,496,487,635,413,3460
6282,725,1213,1692,2413,2835,,725,488,479,721,422,3447
6284,716,1202,1689,2413,2836,,716,486,487,724,423,3448
6256,718,1214,1680,2387,2811,,718,496,466,707,424,3445
6274,721,1246,1734,2454,2872,,721,525,488,720,418,3402
6192,716,1202,1668,2388,2806,,716,486,466,720,418,3386
6285,714,1214,1703,2441,2862,,714,500,489,738,421,3423
6282,717,1211,1700,2411,2833,,717,494,489,711,422,3449
6281,718,1212,1699,2412,2833,,718,494,487,713,421,3448
6292,716,1213,1700,2413,2835,,716,497,487,713,422,3457
6257,716,1225,1713,2402,2811,,716,509,488,689,409,3446
6283,669,1187,1680,2414,2835,,669,518,493,734,421,3448
6183,717,1160,1628,2313,2722,,717,443,468,685,409,3461
6285,718,1214,1700,2413,2835,,718,496,486,713,422,3450
6236,717,1213,1701,2414,2809,,717,496,488,713,395,3427
6182,717,1215,1678,2388,2808,,717,498,463,710,420,3374
6282,716,1214,1701,2440,2861,,716,498,487,739,421,3421
6286,717,1202,1690,2416,2838,,717,485,488,726,422,3448
6308,742,1237,1726,2438,2861,,742,495,489,712,423,3447
6283,717,1217,1702,2411,2833,,717,500,485,709,422,3450
6207,716,1212,1701,2412,2757,,716,496,489,711,345,3450
6283,716,1211,1700,2413,2835,,716,495,489,713,422,3448
6258,717,1212,1700,2412,2814,,717,495,488,712,402,3444
6283,717,1215,1701,2412,2835,,717,498,486,711,423,3448
6224,717,1213,1659,2398,2816,,717,496,446,739,418,3408
6282,715,1199,1687,2442,2837,,715,484,488,755,395,3445
6306,716,1210,1701,2411,2834,,716,494,491,710,423,3472
6331,711,1235,1753,2461,2883,,711,524,518,708,422,3448
6283,717,1211,1699,2411,2833,,717,494,488,712,422,3450
6283,716,1212,1699,2412,2835,,716,496,487,713,423,3448
6245,716,1201,1687,2411,2802,,716,485,486,724,391,3443
6076,705,1149,1620,2327,2704,,705,444,471,707,377,3372
6209,705,1132,1634,2337,2747,,705,427,502,703,410,3462
6284,716,1225,1714,2424,2834,,716,509,489,710,410,3450
6283,715,1201,1688,2412,2835,,715,486,487,724,423,3448
6283,716,1201,1689,2412,2837,,716,485,488,723,425,3446
6308,749,1238,1725,2437,2860,,749,489,487,712,423,3448
6347,721,1221,1714,2446,2869,,721,500,493,732,423,3478
6308,715,1210,1727,2436,2860,,715,495,517,709,424,3448
6283,717,1212,1700,2412,2835,,717,495,488,712,423,3448
6256,715,1198,1686,2411,2813,,715,483,488,725,402,3443
6146,710,1139,1621,2326,2720,,710,429,482,705,394,3426
6182,704,1133,1570,2286,2725,,704,429,437,716,439,3457
6282,717,1213,1700,2412,2835,,717,496,487,712,423,3447
6367,716,1200,1688,2440,2890,,716,484,488,752,450,3477
6284,715,1199,1686,2411,2861,,715,484,487,725,450,3423
6333,716,1201,1688,2441,2860,,716,485,487,753,419,3473
6308,716,1200,1688,2442,2860,,716,484,488,754,418,3448
6312,716,1210,1698,2412,2834,,716,494,488,714,422,3478
6334,717,1210,1696,2408,2861,,717,493,486,712,453,3473
6313,716,1201,1689,2444,2840,,716,485,488,755,396,3473
6306,710,1179,1661,2380,2860,,710,469,482,719,480,3446
6285,716,1201,1716,2437,2860,,716,485,515,721,423,3425
6218,742,1252,1716,2449,2763,,742,510,464,733,314,3455
6283,714,1200,1687,2412,2835,,714,486,487,725,423,3448
6283,716,1225,1715,2424,2834,,716,509,490,709,410,3449
6284,716,1231,1714,2424,2813,,716,515,483,710,389,3471
6281,717,1212,1700,2411,2833,,717,495,488,711,422,3448
6308,746,1238,1725,2438,2859,,746,492,487,713,421,3449
6283,719,1212,1700,2412,2835,,719,493,488,712,423,3448
6331,715,1199,1685,2439,2886,,715,484,486,754,447,3445
6284,716,1180,1640,2415,2837,,716,464,460,775,422,3447
6221,716,1226,1714,2393,2775,,716,510,488,679,382,3446
6153,704,1175,1646,2399,2776,,704,471,471,753,377,3377
5978,702,1196,1626,2258,2591,,702,494,430,632,333,3387
5970,702,1206,1630,2253,2598,,702,504,424,623,345,3372
6237,697,1209,1683,2435,2854,,697,512,474,752,419,3383
6282,705,1200,1648,2376,2838,,705,495,448,728,462,3444
6308,717,1212,1701,2441,2860,,717,495,489,740,419,3448
6308,715,1200,1685,2440,2860,,715,485,485,755,420,3448
6279,717,1209,1698,2410,2832,,717,492,489,712,422,3447
6271,716,1200,1694,2401,2823,,716,484,494,707,422,3448
6161,705,1202,1633,2357,2785,,705,497,431,724,428,3376
6127,706,1177,1648,2359,2756,,706,471,471,711,397,3371
5953,702,1197,1627,2255,2587,,702,495,430,628,332,3366
5953,701,1200,1631,2259,2591,,701,499,431,628,332,3362
5984,707,1206,1676,2352,2647,,707,499,470,676,295,3337
6274,705,1201,1632,2402,2826,,705,496,431,770,424,3448
5978,706,1202,1672,2320,2639,,706,496,470,648,319,3339
6156,704,1176,1647,2361,2779,,704,472,471,714,418,3377
6131,704,1201,1675,2359,2755,,704,497,474,684,396,3376
6152,664,1172,1644,2396,2779,,664,508,472,752,383,3373
6047,704,1176,1606,2260,2618,,704,472,430,654,358,3429
6283,717,1219,1703,2412,2834,,717,502,484,709,422,3449
6307,745,1236,1724,2436,2859,,745,491,488,712,423,3448
6268,715,1200,1687,2412,2836,,715,485,487,725,424,3432
6308,716,1201,1688,2413,2835,,716,485,487,725,422,3473
6285,715,1199,1689,2412,2825,,715,484,490,723,413,3460
6337,716,1211,1700,2440,2859,,716,495,489,740,419,3478
6284,716,1201,1688,2412,2835,,716,485,487,724,423,3449
6287,714,1227,1712,2422,2834,,714,513,485,710,412,3453
6283,716,1179,1663,2412,2836,,716,463,484,749,424,3447
6283,716,1200,1690,2413,2836,,716,484,490,723,423,3447
6281,716,1210,1698,2410,2832,,716,494,488,712,422,3449
6280,715,1209,1696,2410,2832,,715,494,487,714,422,3448
6279,715,1209,1695,2409,2831,,715,494,486,714,422,3448
6306,716,1200,1687,2413,2835,,716,484,487,726,422,3471
6175,702,1186,1674,2410,2782,,702,484,488,736,372,3393
6317,721,1223,1709,2447,2869,,721,502,486,738,422,3448
6284,716,1225,1713,2423,2839,,716,509,488,710,416,3445
6245,716,1202,1689,2414,2835,,716,486,487,725,421,3410
6234,704,1175,1647,2402,2779,,704,471,472,755,377,3455
6306,717,1212,1698,2439,2859,,717,495,486,741,420,3447
6179,716,1199,1688,2380,2780,,716,483,489,692,400,3399
6155,705,1176,1648,2400,2779,,705,471,472,752,379,3376
5951,702,1200,1630,2260,2591,,702,498,430,630,331,3360
6117,705,1185,1663,2402,2729,,705,480,478,739,327,3388
5908,704,1133,1549,2185,2519,,704,429,416,636,334,3389
6247,706,1177,1673,2375,2819,,706,471,496,702,444,3428
6202,700,1222,1695,2448,2826,,700,522,473,753,378,3376
6127,705,1179,1651,2361,2756,,705,474,472,710,395,3371
6244,704,1177,1648,2380,2802,,704,473,471,732,422,3442
6282,717,1213,1701,2412,2835,,717,496,488,711,423,3447
6384,717,1239,1753,2494,2906,,717,522,514,741,412,3478
6359,718,1241,1754,2493,2910,,718,523,513,739,417,3449
6316,718,1240,1730,2469,2885,,718,522,490,739,416,3431
6311,743,1265,1777,2463,2842,,743,522,512,686,379,3469
6233,716,1200,1713,2383,2793,,716,484,513,670,410,3440
6283,717,1212,1701,2412,2835,,717,495,489,711,423,3448
6284,717,1212,1701,2412,2836,,717,495,489,711,424,3448
6289,716,1201,1689,2445,2861,,716,485,488,756,416,3428
6166,704,1176,1648,2403,2774,,704,472,472,755,371,3392
6125,705,1180,1650,2361,2759,,705,475,470,711,398,3366
6129,706,1177,1650,2361,2759,,706,471,473,711,398,3370
5978,702,1199,1630,2261,2592,,702,497,431,631,331,3386
5951,702,1200,1629,2261,2592,,702,498,429,632,331,3359
6012,709,1208,1676,2351,2646,,709,499,468,675,295,3366
5974,703,1134,1548,2185,2541,,703,431,414,637,356,3433
6270,704,1203,1674,2401,2821,,704,499,471,727,420,3449
6201,704,1177,1649,2401,2819,,704,473,472,752,418,3382
6131,705,1176,1648,2364,2757,,705,471,472,716,393,3374
6133,705,1176,1649,2359,2762,,705,471,473,710,403,3371
6150,702,1199,1670,2382,2780,,702,497,471,712,398,3370
6152,702,1200,1674,2384,2781,,702,498,474,710,397,3371
5951,700,1200,1629,2259,2591,,700,500,429,630,332,3360
5951,702,1200,1630,2259,2592,,702,498,430,629,333,3359
6159,708,1207,1679,2396,2788,,708,499,472,717,392,3371
5904,703,1130,1545,2180,2514,,703,427,415,635,334,3390
6241,704,1176,1647,2396,2814,,704,472,471,749,418,3427
6203,705,1177,1650,2400,2818,,705,472,473,750,418,3385
6131,704,1176,1649,2366,2758,,704,472,473,717,392,3373
6245,704,1178,1651,2358,2805,,704,474,473,707,447,3440
6307,718,1212,1728,2436,2860,,718,494,516,708,424,3447
6308,745,1238,1727,2438,2860,,745,493,489,711,422,3448
6309,716,1201,1720,2436,2859,,716,485,519,716,423,3450
6309,717,1196,1688,2442,2860,,717,479,492,754,418,3449
6282,716,1200,1717,2437,2859,,716,484,517,720,422,3423
6234,713,1226,1686,2371,2792,,713,513,460,685,421,3442
6342,723,1250,1737,2475,2896,,723,527,487,738,421,3446
6309,716,1201,1717,2439,2864,,716,485,516,722,425,3445
6221,719,1213,1701,2413,2836,,719,494,488,712,423,3385
6285,716,1201,1688,2415,2836,,716,485,487,727,421,3449
6283,716,1212,1700,2417,2834,,716,496,488,717,417,3449
6220,716,1199,1687,2380,2782,,716,483,488,693,402,3438
6129,705,1203,1673,2360,2758,,705,498,470,687,398,3371
5953,703,1200,1632,2259,2595,,703,497,432,627,336,3358
6186,705,1205,1678,2432,2808,,705,500,473,754,376,3378
5970,728,1156,1569,2207,2540,,728,428,413,638,333,3430
6246,704,1177,1650,2400,2820,,704,473,473,750,420,3426
6227,704,1176,1649,2400,2821,,704,472,473,751,421,3406
6128,706,1178,1650,2364,2757,,706,472,472,714,393,3371
6134,705,1176,1648,2360,2759,,705,471,472,712,399,3375
6155,700,1200,1671,2381,2779,,700,500,471,710,398,3376
6154,703,1203,1676,2385,2782,,703,500,473,709,397,3372
5978,703,1200,1634,2285,2619,,703,497,434,651,334,3359
5978,703,1201,1631,2262,2592,,703,498,430,631,330,3386
6008,708,1206,1677,2351,2669,,708,498,471,674,318,3339
5970,704,1160,1572,2210,2543,,704,456,412,638,333,3427
6271,704,1177,1648,2401,2820,,704,473,471,753,419,3451
6155,705,1177,1650,2400,2779,,705,472,473,750,379,3376
6128,705,1176,1650,2364,2758,,705,471,474,714,394,3370
6160,705,1198,1672,2382,2779,,705,493,474,710,397,3381
6152,702,1199,1670,2383,2782,,702,497,471,713,399,3370
6153,701,1201,1673,2384,2782,,701,500,472,711,398,3371
5953,700,1200,1629,2261,2594,,700,500,429,632,333,3359
5953,702,1200,1631,2260,2593,,702,498,431,629,333,3360
6185,707,1206,1678,2433,2811,,707,499,472,755,378,3374
5906,703,1135,1547,2184,2518,,703,432,412,637,334,3388
6298,704,1205,1677,2429,2849,,704,501,472,752,420,3449
6157,704,1177,1649,2400,2778,,704,473,472,751,378,3379
6127,705,1177,1649,2363,2755,,705,472,472,714,392,3372
6264,704,1195,1668,2376,2818,,704,491,473,708,442,3446
6284,716,1199,1688,2413,2836,,716,483,489,725,423,3448
6309,745,1239,1725,2438,2860,,745,494,486,713,422,3449
6313,716,1201,1689,2417,2835,,716,485,488,728,418,3478
6283,716,1201,1689,2413,2836,,716,485,488,724,423,3447
6337,746,1238,1727,2438,2861,,746,492,489,711,423,3476
6244,739,1254,1737,2423,2793,,739,515,483,686,370,3451
6282,722,1213,1697,2410,2834,,722,491,484,713,424,3448
6309,716,1228,1713,2423,2865,,716,512,485,710,442,3444
6308,744,1239,1725,2436,2860,,744,495,486,711,424,3448
6307,717,1212,1700,2442,2860,,717,495,488,742,418,3447
6309,744,1238,1725,2438,2861,,744,494,487,713,423,3448
6314,717,1226,1714,2423,2837,,717,509,488,709,414,3477
6285,717,1200,1688,2388,2836,,717,483,488,700,448,3449
6285,716,1201,1716,2426,2839,,716,485,515,710,413,3446
6335,718,1211,1699,2438,2859,,718,493,488,739,421,3476
6273,739,1251,1766,2451,2795,,739,512,515,685,344,3478
6414,746,1268,1781,2490,2941,,746,522,513,709,451,3473
6284,716,1200,1688,2415,2835,,716,484,488,727,420,3449
6336,745,1237,1723,2436,2859,,745,492,486,713,423,3477
6307,716,1239,1724,2435,2857,,716,523,485,711,422,3450
6312,716,1213,1700,2412,2835,,716,497,487,712,423,3477
6278,716,1227,1710,2398,2836,,716,511,483,688,438,3442
6284,729,1214,1702,2415,2836,,729,485,488,713,421,3448
6283,716,1200,1689,2412,2834,,716,484,489,723,422,3449
6343,720,1222,1708,2445,2868,,720,502,486,737,423,3475
6289,750,1243,1704,2425,2848,,750,493,461,721,423,3441
6286,718,1203,1693,2416,2838,,718,485,490,723,422,3448
6281,717,1209,1697,2409,2831,,717,492,488,712,422,3450
6286,718,1202,1690,2414,2838,,718,484,488,724,424,3448
6286,716,1201,1689,2416,2838,,716,485,488,727,422,3448
6285,717,1201,1689,2415,2837,,717,484,488,726,422,3448
6285,717,1201,1689,2413,2837,,717,484,488,724,424,3448
6287,743,1239,1726,2439,2862,,743,496,487,713,423,3425
6233,717,1201,1690,2393,2816,,717,484,489,703,423,3417
6284,715,1225,1712,2421,2836,,715,510,487,709,415,3448
6233,716,1212,1700,2388,2789,,716,496,488,688,401,3444
6090,717,1181,1623,2295,2681,,717,464,442,672,386,3409
6065,673,1172,1610,2271,2658,,673,499,438,661,387,3407
6040,675,1174,1612,2273,2634,,675,499,438,661,361,3406
6286,719,1204,1691,2416,2839,,719,485,487,725,423,3447
6284,716,1199,1688,2414,2836,,716,483,489,726,422,3448
6284,716,1211,1699,2412,2834,,716,495,488,713,422,3450
6285,716,1201,1688,2414,2837,,716,485,487,726,423,3448
6259,716,1199,1687,2413,2811,,716,483,488,726,398,3448
6364,722,1241,1729,2465,2888,,722,519,488,736,423,3476
6258,716,1200,1689,2393,2800,,716,484,489,704,407,3458
6284,721,1214,1702,2415,2836,,721,493,488,713,421,3448
6315,720,1220,1708,2445,2867,,720,500,488,737,422,3448
6284,718,1214,1699,2414,2837,,718,496,485,715,423,3447
6286,717,1201,1688,2415,2837,,717,484,487,727,422,3449
6287,717,1201,1689,2413,2835,,717,484,488,724,422,3452
6286,716,1203,1688,2413,2836,,716,487,485,725,423,3450
6286,717,1226,1714,2424,2837,,717,509,488,710,413,3449
6284,717,1201,1689,2416,2837,,717,484,488,727,421,3447
6285,717,1202,1690,2414,2836,,717,485,488,724,422,3449
6235,716,1201,1691,2388,2793,,716,485,490,697,405,3442
6284,672,1190,1676,2413,2836,,672,518,486,737,423,3448
6284,716,1226,1713,2424,2836,,716,510,487,711,412,3448
6286,716,1201,1689,2415,2838,,716,485,488,726,423,3448
6310,716,1200,1689,2442,2861,,716,484,489,753,419,3449
6285,717,1226,1715,2425,2837,,717,509,489,710,412,3448
6310,718,1201,1690,2444,2862,,718,483,489,754,418,3448
6310,717,1202,1691,2444,2863,,717,485,489,753,419,3447
6285,716,1201,1689,2415,2837,,716,485,488,726,422,3448
6284,717,1201,1690,2413,2836,,717,484,489,723,423,3448
6284,645,1187,1675,2442,2836,,645,542,488,767,394,3448
6338,718,1213,1702,2443,2861,,718,495,489,741,418,3477
6240,716,1200,1717,2426,2769,,716,484,517,709,343,3471
6333,716,1201,1689,2412,2866,,716,485,488,723,454,3467
6314,717,1232,1717,2426,2837,,717,515,485,709,411,3477
6388,746,1268,1752,2463,2915,,746,522,484,711,452,3473
6287,747,1283,1799,2486,2865,,747,536,516,687,379,3422
6311,662,1216,1703,2440,2863,,662,554,487,737,423,3448
6285,717,1201,1688,2414,2838,,717,484,487,726,424,3447
6284,716,1199,1688,2413,2835,,716,483,489,725,422,3449
6310,676,1189,1677,2414,2863,,676,513,488,737,449,3447
6285,718,1202,1690,2415,2839,,718,484,488,725,424,3446
6286,716,1200,1690,2417,2840,,716,484,490,727,423,3446
6283,717,1202,1690,2414,2836,,717,485,488,724,422,3447
6286,716,1201,1689,2415,2838,,716,485,488,726,423,3448
6283,717,1227,1715,2424,2837,,717,510,488,709,413,3446
6285,716,1199,1687,2414,2837,,716,483,488,727,423,3448
6285,716,1201,1687,2413,2836,,716,485,486,726,423,3449
6286,717,1201,1689,2415,2837,,717,484,488,726,422,3449
6154,652,1176,1649,2400,2781,,652,524,473,751,381,3373
5970,705,1147,1572,2209,2543,,705,442,425,637,334,3427
6270,704,1178,1649,2402,2825,,704,474,471,753,423,3445
6231,703,1204,1678,2428,2847,,703,501,474,750,419,3384
5959,708,1209,1641,2268,2601,,708,501,432,627,333,3358
6224,714,1238,1710,2463,2843,,714,524,472,753,380,3381
6130,705,1176,1648,2367,2760,,705,471,472,719,393,3370
6129,704,1176,1648,2366,2759,,704,472,472,718,393,3370
6154,704,1204,1677,2388,2782,,704,500,473,711,394,3372
5929,705,1176,1607,2237,2568,,705,471,431,630,331,3361
6273,702,1202,1673,2428,2846,,702,500,471,755,418,3427
6045,651,1059,1552,2253,2604,,651,408,493,701,351,3441
6247,703,1202,1673,2402,2825,,703,499,471,729,423,3422
6240,700,1213,1685,2439,2858,,700,513,472,754,419,3382
6155,705,1178,1650,2365,2778,,705,473,472,715,413,3377
6077,704,1192,1665,2326,2682,,704,488,473,661,356,3395
6055,706,1203,1676,2337,2674,,706,497,473,661,337,3381
6128,705,1177,1648,2368,2758,,705,472,471,720,390,3370
6166,700,1212,1683,2397,2792,,700,512,471,714,395,3374
5956,707,1178,1608,2237,2570,,707,471,430,629,333,3386
6229,702,1179,1674,2428,2846,,702,477,495,754,418,3383
5944,646,1110,1585,2193,2525,,646,464,475,608,332,3419
6173,705,1137,1616,2303,2722,,705,432,479,687,419,3451
6237,711,1209,1680,2436,2855,,711,498,471,756,419,3382
6226,707,1178,1650,2344,2801,,707,471,472,694,457,3425
6353,717,1259,1747,2483,2909,,717,542,488,736,426,3444
6333,744,1237,1725,2437,2890,,744,493,488,712,453,3443
6373,723,1249,1737,2475,2896,,723,526,488,738,421,3477
6284,716,1227,1713,2421,2836,,716,511,486,708,415,3448
6285,717,1200,1691,2414,2835,,717,483,491,723,421,3450
6172,687,1134,1615,2302,2722,,687,447,481,687,420,3450
6158,645,1110,1564,2290,2725,,645,465,454,726,435,3433
6314,717,1202,1688,2412,2838,,717,485,486,724,426,3476
6261,717,1202,1690,2415,2836,,717,485,488,725,421,3425
6409,745,1268,1784,2521,2961,,745,523,516,737,440,3448
6309,716,1216,1705,2441,2864,,716,500,489,736,423,3445
6285,716,1200,1690,2415,2838,,716,484,490,725,423,3447
6306,718,1211,1699,2397,2834,,718,493,488,698,437,3472
6313,703,1188,1704,2414,2835,,703,485,516,710,421,3478
6309,715,1200,1687,2413,2865,,715,485,487,726,452,3444
6121,703,1135,1616,2303,2697,,703,432,481,687,394,3424
6029,645,1126,1531,2231,2635,,645,481,405,700,404,3394
6311,704,1136,1630,2416,2839,,704,432,494,786,423,3472
6310,717,1202,1689,2414,2865,,717,485,487,725,451,3445
6285,717,1201,1690,2414,2836,,717,484,489,724,422,3449
6345,721,1221,1709,2447,2870,,721,500,488,738,423,3475
6283,716,1200,1687,2413,2837,,716,484,487,726,424,3446
6311,717,1202,1690,2415,2838,,717,485,488,725,423,3473
6285,717,1201,1691,2416,2837,,717,484,490,725,421,3448
6285,716,1225,1714,2425,2836,,716,509,489,711,411,3449
6148,703,1154,1591,2303,2699,,703,451,437,712,396,3449
5950,644,1060,1470,2171,2562,,644,416,410,701,391,3388
6311,666,1134,1628,2415,2837,,666,468,494,787,422,3474
6311,716,1227,1714,2451,2861,,716,511,487,737,410,3450
6359,746,1238,1726,2439,2889,,746,492,488,713,450,3470
6178,669,1133,1575,2289,2684,,669,464,442,714,395,3494
6216,719,1214,1703,2393,2807,,719,495,489,690,414,3409
6286,670,1189,1676,2415,2840,,670,519,487,739,425,3446
6314,716,1202,1688,2414,2836,,716,486,486,726,422,3478
6308,744,1239,1755,2466,2862,,744,495,516,711,396,3446
6272,716,1204,1686,2404,2825,,716,488,482,718,421,3447
6002,662,1113,1526,2225,2616,,662,451,413,699,391,3386
6335,705,1153,1637,2443,2862,,705,448,484,806,419,3473
6284,717,1200,1689,2414,2836,,717,483,489,725,422,3448
6332,717,1240,1750,2462,2884,,717,523,510,712,422,3448
6313,703,1211,1700,2437,2859,,703,508,489,737,422,3454
6262,717,1201,1689,2414,2837,,717,484,488,725,423,3425
6310,715,1200,1688,2414,2838,,715,485,488,726,424,3472
6286,743,1227,1715,2427,2837,,743,484,488,712,410,3449
6233,716,1199,1689,2389,2816,,716,483,490,700,427,3417
6125,704,1199,1608,2292,2690,,704,495,409,684,398,3435
6082,702,1114,1523,2165,2604,,702,412,409,642,439,3478
6311,716,1201,1680,2415,2839,,716,485,479,735,424,3472
6315,715,1201,1688,2414,2836,,715,486,487,726,422,3479
6284,717,1213,1701,2413,2835,,717,496,488,712,422,3449
6347,722,1237,1722,2447,2870,,722,515,485,725,423,3477
6335,716,1254,1768,2477,2887,,716,538,514,709,410,3448
6308,716,1167,1651,2412,2835,,716,451,484,761,423,3473
6284,716,1199,1687,2417,2838,,716,483,488,730,421,3446
6309,716,1199,1687,2443,2862,,716,483,488,756,419,3447
6145,715,1179,1624,2326,2721,,715,464,445,702,395,3424
5943,703,1112,1521,2158,2516,,703,409,409,637,358,3427
6260,704,1177,1591,2342,2778,,704,473,414,751,436,3482
6285,716,1200,1688,2414,2836,,716,484,488,726,422,3449
6283,715,1229,1714,2424,2835,,715,514,485,710,411,3448
6292,685,1202,1686,2447,2869,,685,517,484,761,422,3423
6285,716,1225,1713,2423,2837,,716,509,488,710,414,3448
6185,715,1198,1687,2413,2796,,715,483,489,726,383,3389
6172,704,1155,1627,2327,2743,,704,451,472,700,416,3429
6159,704,1178,1650,2402,2780,,704,474,472,752,378,3379
5994,704,1178,1609,2240,2569,,704,474,431,631,329,3425
5984,703,1112,1523,2160,2499,,703,409,411,637,339,3485
6194,712,1212,1647,2352,2746,,712,500,435,705,394,3448
6230,705,1178,1650,2402,2822,,705,473,472,752,420,3408
5929,705,1180,1610,2236,2569,,705,475,430,626,333,3360
6236,681,1156,1615,2344,2753,,681,475,459,729,409,3483
6309,717,1201,1719,2439,2860,,717,484,518,720,421,3449
6310,715,1199,1642,2412,2836,,715,484,443,770,424,3474
6283,717,1204,1690,2389,2837,,717,487,486,699,448,3446
6285,715,1199,1688,2414,2835,,715,484,489,726,421,3450
6309,716,1179,1662,2398,2865,,716,463,483,736,467,3444
6183,715,1224,1674,2353,2699,,715,509,450,679,346,3484
6272,717,1225,1661,2402,2825,,717,508,436,741,423,3447
6272,705,1177,1650,2402,2822,,705,472,473,752,420,3450
6130,705,1204,1676,2364,2759,,705,499,472,688,395,3371
6110,651,1074,1495,2215,2651,,651,423,421,720,436,3459
6338,717,1212,1699,2440,2859,,717,495,487,741,419,3479
6282,716,1212,1699,2411,2834,,716,496,487,712,423,3448
6308,746,1238,1726,2439,2861,,746,492,488,713,422,3447
6284,715,1224,1714,2424,2835,,715,509,490,710,411,3449
6273,716,1200,1655,2360,2826,,716,484,455,705,466,3447
5972,705,1134,1549,2209,2547,,705,429,415,660,338,3425
6209,705,1163,1616,2342,2750,,705,458,453,726,408,3459
6312,716,1201,1689,2413,2836,,716,485,488,724,423,3476
6285,716,1201,1688,2413,2838,,716,485,487,725,425,3447
6251,656,1137,1604,2326,2765,,656,481,467,722,439,3486
6286,718,1214,1701,2413,2836,,718,496,487,712,423,3450
6339,716,1201,1718,2427,2862,,716,485,517,709,435,3477
6337,717,1255,1740,2449,2887,,717,538,485,709,438,3450
6282,744,1237,1726,2437,2840,,744,493,489,711,403,3442
6311,746,1239,1707,2389,2854,,746,493,468,682,465,3457
6231,715,1199,1662,2438,2789,,715,484,463,776,351,3442
6363,716,1202,1688,2415,2869,,716,486,486,727,454,3494
6309,716,1200,1688,2413,2865,,716,484,488,725,452,3444
6283,714,1198,1686,2413,2836,,714,484,488,727,423,3447
6118,669,1154,1572,2275,2668,,669,485,418,703,393,3450
6206,705,1180,1653,2406,2823,,705,475,473,753,417,3383
6336,701,1202,1673,2375,2861,,701,501,471,702,486,3475
6284,716,1225,1712,2422,2836,,716,509,487,710,414,3448
6283,717,1201,1688,2413,2836,,717,484,487,725,423,3447
6179,714,1198,1686,2412,2773,,714,484,488,726,361,3406
5942,703,1132,1548,2184,2517,,703,429,416,636,333,3425
6020,666,1134,1612,2298,2598,,666,468,478,686,300,3422
6157,704,1177,1649,2402,2781,,704,473,472,753,379,3376
6022,703,1176,1603,2234,2592,,703,473,427,631,358,3430
6154,666,1176,1648,2404,2781,,666,510,472,756,377,3373
6203,706,1178,1650,2404,2821,,706,472,472,754,417,3382
6170,703,1202,1676,2384,2803,,703,499,474,708,419,3367
6246,704,1182,1666,2403,2822,,704,478,484,737,419,3424
6130,706,1177,1650,2361,2759,,706,471,473,711,398,3371
5957,702,1201,1631,2261,2593,,702,499,430,630,332,3364
5920,704,1112,1522,2161,2494,,704,408,410,639,333,3426
6182,705,1201,1697,2401,2825,,705,496,496,704,424,3357
6229,705,1178,1650,2403,2822,,705,473,472,753,419,3407
6129,704,1202,1632,2345,2757,,704,498,430,713,412,3372
6109,681,1163,1635,2336,2732,,681,482,472,701,396,3377
6156,706,1201,1699,2402,2780,,706,495,498,703,378,3376
6137,702,1201,1631,2326,2678,,702,499,430,695,352,3459
6286,717,1201,1689,2415,2838,,717,484,488,726,423,3448
6285,716,1200,1689,2415,2836,,716,484,489,726,421,3449
6231,717,1212,1699,2391,2810,,717,495,487,692,419,3421
6261,715,1250,1699,2371,2796,,715,535,449,672,425,3465
6313,716,1201,1690,2359,2838,,716,485,489,669,479,3475
6310,716,1200,1689,2414,2869,,716,484,489,725,455,3441
6284,716,1202,1689,2390,2837,,716,486,487,701,447,3447
6047,688,1159,1611,2274,2614,,688,471,452,663,340,3433
6204,707,1178,1651,2403,2822,,707,471,473,752,419,3382
6208,701,1202,1673,2345,2691,,701,501,471,672,346,3517
6310,716,1200,1688,2415,2866,,716,484,488,727,451,3444
6337,715,1254,1767,2476,2868,,715,539,513,709,392,3469
6288,716,1224,1713,2401,2813,,716,508,489,688,412,3475
6286,718,1230,1742,2437,2809,,718,512,512,695,372,3477
6335,746,1239,1727,2441,2861,,746,493,488,714,420,3474
6286,717,1201,1689,2415,2837,,717,484,488,726,422,3449
6285,716,1200,1687,2414,2836,,716,484,487,727,422,3449
6019,663,1123,1534,2224,2578,,663,460,411,690,354,3441
6117,704,1185,1648,2345,2683,,704,481,463,697,338,3434
6312,716,1200,1688,2417,2838,,716,484,488,729,421,3474
6285,716,1225,1713,2422,2837,,716,509,488,709,415,3448
6264,718,1203,1689,2415,2838,,718,485,486,726,423,3426
6246,715,1226,1714,2423,2820,,715,511,488,709,397,3426
6261,716,1229,1689,2373,2796,,716,513,460,684,423,3465
6309,716,1200,1689,2413,2836,,716,484,489,724,423,3473
6309,715,1252,1738,2447,2862,,715,537,486,709,415,3447
6284,716,1228,1714,2423,2836,,716,512,486,709,413,3448
6020,704,1132,1552,2221,2586,,704,428,420,669,365,3434
6205,705,1182,1653,2405,2823,,705,477,471,752,418,3382
6251,708,1209,1680,2433,2812,,708,501,471,753,379,3439
6274,705,1178,1651,2402,2823,,705,473,473,751,421,3451
6130,706,1204,1676,2362,2758,,706,498,472,686,396,3372
5959,701,1202,1634,2260,2593,,701,501,432,626,333,3366
5997,706,1203,1608,2235,2569,,706,497,405,627,334,3428
6183,705,1180,1677,2361,2825,,705,475,497,684,464,3358
6202,703,1178,1649,2405,2823,,703,475,471,756,418,3379
6081,705,1203,1631,2338,2670,,705,498,428,707,332,3411
6100,655,1087,1552,2258,2654,,655,432,465,706,396,3446
6161,705,1181,1651,2366,2781,,705,476,470,715,415,3380
6146,702,1175,1645,2345,2670,,702,473,470,700,325,3476
6172,705,1176,1649,2405,2779,,705,471,473,756,374,3393
6127,707,1179,1651,2360,2758,,707,472,472,709,398,3369
5954,702,1200,1631,2259,2593,,702,498,431,628,334,3361
5997,704,1177,1603,2237,2569,,704,473,426,634,332,3428
6184,706,1179,1675,2403,2838,,706,473,496,728,435,3346
6232,703,1180,1678,2403,2823,,703,477,498,725,420,3409
5953,705,1176,1607,2235,2569,,705,471,431,628,334,3384
6050,654,1116,1559,2202,2622,,654,462,443,643,420,3428
6158,706,1178,1652,2404,2783,,706,472,474,752,379,3375
5984,701,1203,1674,2346,2641,,701,502,471,672,295,3343
6275,706,1179,1650,2404,2826,,706,473,471,754,422,3449
6130,706,1203,1676,2360,2758,,706,497,473,684,398,3372
5931,702,1161,1596,2235,2567,,702,459,435,639,332,3364
6020,663,1176,1608,2235,2571,,663,513,432,627,336,3449
6260,705,1179,1654,2404,2796,,705,474,475,750,392,3464
6287,717,1201,1690,2414,2837,,717,484,489,724,423,3450
6310,715,1225,1714,2423,2862,,715,510,489,709,439,3448
6147,715,1189,1630,2309,2682,,715,474,441,679,373,3465
6230,706,1177,1650,2403,2825,,706,471,473,753,422,3405
6245,703,1203,1676,2427,2804,,703,500,473,751,377,3441
6274,705,1181,1652,2403,2823,,705,476,471,751,420,3451
5930,704,1179,1610,2237,2571,,704,475,431,627,334,3359
5956,701,1200,1629,2260,2590,,701,499,429,631,330,3366
6071,704,1201,1629,2311,2644,,704,497,428,682,333,3427
6188,704,1203,1674,2353,2704,,704,499,471,679,351,3484
6310,715,1199,1687,2414,2867,,715,484,488,727,453,3443
6286,717,1202,1689,2416,2837,,717,485,487,727,421,3449
6090,704,1137,1561,2248,2607,,704,433,424,687,359,3483
6287,716,1201,1690,2416,2838,,716,485,489,726,422,3449
6285,717,1202,1690,2413,2839,,717,485,488,723,426,3446
6285,716,1204,1690,2415,2837,,716,488,486,725,422,3448
6263,715,1200,1688,2414,2838,,715,485,488,726,424,3425
6222,716,1202,1667,2390,2812,,716,486,465,723,422,3410
6198,704,1179,1650,2345,2759,,704,475,471,695,414,3439
6254,705,1176,1650,2368,2769,,705,471,474,718,401,3485
6285,718,1203,1689,2414,2837,,718,485,486,725,423,3448
6315,721,1216,1704,2469,2890,,721,495,488,765,421,3425
6247,703,1176,1633,2366,2813,,703,473,457,733,447,3434
6257,704,1204,1677,2429,2848,,704,500,473,752,419,3409
5983,701,1201,1671,2346,2639,,701,500,470,675,293,3344
6274,705,1179,1651,2403,2824,,705,474,472,752,421,3450
5948,706,1179,1609,2245,2590,,706,473,430,636,345,3358
5920,696,1166,1572,2198,2533,,696,470,406,626,335,3387
5900,705,1134,1548,2184,2517,,705,429,414,636,333,3383
6265,644,1180,1649,2363,2783,,644,536,469,714,420,3482
6338,715,1253,1737,2447,2862,,715,538,484,710,415,3476
6373,722,1252,1763,2504,2897,,722,530,511,741,393,3476
6045,715,1179,1615,2272,2614,,715,464,436,657,342,3431
6204,705,1177,1649,2402,2822,,705,472,472,753,420,3382
6006,703,1201,1672,2346,2665,,703,498,471,674,319,3341
6146,706,1177,1606,2302,2697,,706,471,429,696,395,3449
6157,705,1177,1650,2403,2781,,705,472,473,753,378,3376
5989,702,1204,1635,2261,2595,,702,502,431,626,334,3394
6193,708,1208,1681,2434,2812,,708,500,473,753,378,3381
6246,703,1180,1652,2363,2802,,703,477,472,711,439,3444
6285,741,1224,1713,2425,2837,,741,483,489,712,412,3448
6365,718,1202,1718,2457,2887,,718,484,516,739,430,3478
6046,715,1177,1603,2250,2618,,715,462,426,647,368,3428
6183,704,1202,1673,2428,2806,,704,498,471,755,378,3377
6191,703,1203,1674,2428,2805,,703,500,471,754,377,3386
6247,707,1179,1650,2403,2823,,707,472,471,753,420,3424
6157,704,1178,1651,2366,2781,,704,474,473,715,415,3376
5956,702,1202,1630,2260,2594,,702,500,428,630,334,3362
6150,710,1166,1590,2294,2705,,710,456,424,704,411,3445
6312,716,1200,1688,2416,2841,,716,484,488,728,425,3471
6310,715,1199,1686,2415,2866,,715,484,487,729,451,3444
6338,716,1200,1687,2415,2865,,716,484,487,728,450,3473
6048,717,1204,1630,2275,2614,,717,487,426,645,339,3434
6181,703,1202,1674,2428,2808,,703,499,472,754,380,3373
6190,701,1201,1672,2426,2804,,701,500,471,754,378,3386
6155,704,1178,1650,2403,2780,,704,474,472,753,377,3375
6122,703,1177,1649,2345,2671,,703,474,472,696,326,3451
6160,704,1177,1647,2366,2779,,704,473,470,719,413,3381
5978,701,1200,1669,2345,2639,,701,499,469,676,294,3339
6161,705,1179,1651,2405,2782,,705,474,472,754,377,3379
6247,705,1176,1648,2402,2822,,705,471,472,754,420,3425
5929,704,1178,1608,2237,2568,,704,474,430,629,331,3361
6152,709,1209,1660,2295,2694,,709,500,451,635,399,3458
6162,699,1213,1684,2401,2793,,699,514,471,717,392,3369
6186,702,1202,1674,2425,2803,,702,500,472,751,378,3383
6271,706,1179,1651,2402,2821,,706,473,472,751,419,3450
6131,705,1178,1651,2367,2760,,705,473,473,716,393,3371
5945,702,1202,1631,2261,2589,,702,500,429,630,328,3356
6260,696,1212,1682,2437,2858,,696,516,470,755,421,3402
6161,704,1204,1675,2404,2783,,704,500,471,729,379,3378
6247,704,1178,1651,2403,2822,,704,474,473,752,419,3425
5929,706,1179,1610,2236,2569,,706,473,431,626,333,3360
5886,709,1207,1634,2242,2540,,709,498,427,608,298,3346
6168,697,1216,1688,2407,2796,,697,519,472,719,389,3372
6187,700,1200,1672,2426,2805,,700,500,472,754,379,3382
6247,705,1179,1651,2404,2824,,705,474,472,753,420,3423
6130,706,1177,1674,2360,2758,,706,471,497,686,398,3372
5978,702,1199,1629,2257,2591,,702,497,430,628,334,3387
5995,710,1210,1679,2352,2646,,710,500,469,673,294,3349
6312,717,1205,1717,2426,2839,,717,488,512,709,413,3473
6340,716,1224,1712,2421,2866,,716,508,488,709,445,3474
6349,723,1223,1711,2448,2870,,723,500,488,737,422,3479
6315,716,1225,1693,2391,2838,,716,509,468,698,447,3477
6285,716,1202,1687,2413,2837,,716,486,485,726,424,3448
6335,715,1199,1716,2454,2866,,715,484,517,738,412,3469
6248,747,1217,1702,2403,2825,,747,470,485,701,422,3423
6157,706,1177,1651,2402,2781,,706,471,474,751,379,3376
5959,701,1200,1630,2261,2592,,701,499,430,631,331,3367
6245,703,1202,1672,2428,2847,,703,499,470,756,419,3398
6287,706,1180,1652,2405,2805,,706,474,472,753,400,3482
6286,716,1201,1688,2415,2838,,716,485,487,727,423,3448
6285,715,1224,1712,2421,2837,,715,509,488,709,416,3448
6291,715,1199,1656,2367,2803,,715,484,457,711,436,3488
6312,716,1215,1704,2442,2864,,716,499,489,738,422,3448
6314,716,1201,1689,2417,2838,,716,485,488,728,421,3476
6312,717,1201,1690,2445,2864,,717,484,489,755,419,3448
6313,716,1201,1689,2415,2867,,716,485,488,726,452,3446
6313,716,1201,1689,2415,2837,,716,485,488,726,422,3476
6310,716,1200,1689,2413,2836,,716,484,489,724,423,3474
6336,716,1200,1689,2449,2864,,716,484,489,760,415,3472
6284,716,1203,1689,2415,2837,,716,487,486,726,422,3447
6336,717,1212,1701,2441,2860,,717,495,489,740,419,3476
6287,715,1224,1691,2355,2811,,715,509,467,664,456,3476
6284,717,1201,1689,2413,2836,,717,484,488,724,423,3448
6204,717,1200,1688,2414,2836,,717,483,488,726,422,3368
6287,716,1200,1689,2416,2838,,716,484,489,727,422,3449
6286,717,1226,1716,2425,2837,,717,509,490,709,412,3449
6308,717,1201,1689,2414,2865,,717,484,488,725,451,3443
6338,717,1256,1741,2451,2862,,717,539,485,710,411,3476
6353,746,1233,1718,2462,2908,,746,487,485,744,446,3445
6287,715,1229,1713,2422,2841,,715,514,484,709,419,3446
6339,717,1215,1703,2441,2864,,717,498,488,738,423,3475
6314,717,1201,1667,2415,2840,,717,484,466,748,425,3474
6340,717,1201,1689,2445,2862,,717,484,488,756,417,3478
6339,716,1201,1718,2456,2891,,716,485,517,738,435,3448
6317,744,1230,1716,2427,2839,,744,486,486,711,412,3478
6312,715,1216,1704,2441,2863,,715,501,488,737,422,3449
6314,716,1200,1688,2415,2866,,716,484,488,727,451,3448
6309,717,1203,1691,2446,2863,,717,486,488,755,417,3446
6360,717,1212,1700,2443,2889,,717,495,488,743,446,3471
6285,716,1200,1688,2414,2836,,716,484,488,726,422,3449
6344,712,1222,1711,2478,2896,,712,510,489,767,418,3448
6236,716,1227,1711,2420,2761,,716,511,484,709,341,3475
6288,716,1200,1690,2416,2839,,716,484,490,726,423,3449
6315,716,1201,1689,2416,2837,,716,485,488,727,421,3478
6286,718,1202,1691,2415,2838,,718,484,489,724,423,3448
6346,723,1225,1712,2477,2895,,723,502,487,765,418,3451
6323,717,1224,1713,2422,2838,,717,507,489,709,416,3485
6291,717,1230,1739,2410,2863,,717,513,509,671,453,3428
6316,677,1190,1679,2415,2839,,677,513,489,736,424,3477
6316,715,1228,1716,2424,2839,,715,513,488,708,415,3477
6389,719,1242,1754,2464,2915,,719,523,512,710,451,3474
6193,716,1200,1671,2382,2783,,716,484,471,711,401,3410
6119,668,1181,1653,2403,2731,,668,513,472,750,328,3388
6021,704,1205,1674,2348,2670,,704,501,469,674,322,3351
6250,706,1179,1651,2403,2824,,706,473,472,752,421,3426
6162,709,1182,1653,2370,2784,,709,473,471,717,414,3378
5953,700,1202,1636,2260,2595,,700,502,434,624,335,3358
6282,699,1211,1684,2437,2856,,699,512,473,753,419,3426
6159,697,1213,1685,2433,2807,,697,516,472,748,374,3352
6231,705,1178,1649,2403,2824,,705,473,471,754,421,3407
6128,705,1203,1633,2361,2760,,705,498,430,728,399,3368
6271,703,1202,1674,2427,2853,,703,499,472,753,426,3418
6211,656,1142,1630,2341,2753,,656,486,488,711,412,3458
6284,718,1203,1720,2440,2863,,718,485,517,720,423,3421
6341,716,1225,1743,2452,2863,,716,509,518,709,411,3478
6336,717,1201,1691,2444,2891,,717,484,490,753,447,3445
6285,716,1201,1689,2415,2838,,716,485,488,726,423,3447
6236,716,1199,1689,2417,2784,,716,483,490,728,367,3452
6285,697,1200,1709,2442,2865,,697,503,509,733,423,3420
6265,716,1202,1688,2416,2837,,716,486,486,728,421,3428
6218,715,1203,1661,2389,2811,,715,488,458,728,422,3407
6224,706,1180,1651,2404,2799,,706,474,471,753,395,3425
6159,661,1178,1652,2405,2780,,661,517,474,753,375,3379
6178,702,1203,1674,2426,2806,,702,501,471,752,380,3372
6159,706,1181,1651,2404,2781,,706,475,470,753,377,3378
6180,712,1210,1680,2378,2705,,712,498,470,698,327,3475
6156,704,1178,1675,2403,2781,,704,474,497,728,378,3375
6006,703,1205,1674,2347,2666,,703,502,469,673,319,3340
6102,632,1113,1585,2290,2708,,632,481,472,705,418,3394
6231,705,1179,1650,2405,2824,,705,474,471,755,419,3407
5954,703,1178,1610,2236,2571,,703,475,432,626,335,3383
6180,701,1159,1639,2300,2677,,701,458,480,661,377,3503
6264,743,1226,1716,2425,2838,,743,483,490,709,413,3426
6310,717,1202,1689,2414,2837,,717,485,487,725,423,3473
6309,716,1225,1713,2423,2865,,716,509,488,710,442,3444
6310,715,1224,1712,2449,2862,,715,509,488,737,413,3448
6314,717,1229,1713,2451,2893,,717,512,484,738,442,3421
6315,719,1202,1691,2415,2838,,719,483,489,724,423,3477
6299,702,1189,1677,2442,2863,,702,487,488,765,421,3436
6311,746,1240,1729,2440,2863,,746,494,489,711,423,3448
6228,716,1200,1669,2391,2811,,716,484,469,722,420,3417
6264,706,1179,1651,2404,2784,,706,473,472,753,380,3480
6221,744,1210,1693,2417,2818,,744,466,483,724,401,3403
6312,716,1200,1716,2425,2840,,716,484,516,709,415,3472
6337,717,1204,1719,2457,2888,,717,487,515,738,431,3449
6314,715,1198,1686,2415,2837,,715,483,488,729,422,3477
6316,716,1225,1741,2479,2888,,716,509,516,738,409,3428
6335,703,1176,1658,2415,2869,,703,473,482,757,454,3466
6286,716,1201,1688,2416,2839,,716,485,487,728,423,3447
6311,717,1201,1689,2415,2867,,717,484,488,726,452,3444
6227,715,1199,1668,2391,2811,,715,484,469,723,420,3416
6206,706,1180,1651,2405,2785,,706,474,471,754,380,3421
6242,741,1167,1675,2398,2821,,741,426,508,723,423,3421
6412,742,1253,1765,2502,2939,,742,511,512,737,437,3473
6311,716,1200,1667,2417,2869,,716,484,467,750,452,3442
6226,717,1201,1669,2390,2812,,717,484,468,721,422,3414
6160,706,1181,1654,2370,2783,,706,475,473,716,413,3377
5956,704,1204,1636,2263,2596,,704,500,432,627,333,3360
6303,699,1209,1682,2437,2859,,699,510,473,755,422,3444
6284,679,1189,1677,2414,2836,,679,510,488,737,422,3448
6285,716,1199,1687,2414,2837,,716,483,488,727,423,3448
6291,716,1229,1713,2424,2818,,716,513,484,711,394,3473
6313,717,1177,1664,2445,2865,,717,460,487,781,420,3448
6286,717,1200,1689,2416,2839,,717,483,489,727,423,3447
6288,718,1233,1717,2427,2838,,718,515,484,710,411,3450
6316,717,1216,1733,2443,2864,,717,499,517,710,421,3452
6290,716,1226,1713,2422,2837,,716,510,487,709,415,3453
6316,717,1202,1689,2416,2838,,717,485,487,727,422,3478
6148,687,1133,1619,2329,2725,,687,446,486,710,396,3423
6273,707,1178,1649,2405,2825,,707,471,471,756,420,3448
6130,707,1179,1650,2362,2761,,707,472,471,712,399,3369
6170,703,1159,1574,2278,2693,,703,456,415,704,415,3477
6162,647,1129,1565,2267,2707,,647,482,436,702,440,3455
6286,717,1227,1715,2425,2838,,717,510,488,710,413,3448
6335,716,1200,1688,2443,2892,,716,484,488,755,449,3443
6364,716,1213,1730,2467,2886,,716,497,517,737,419,3478
6311,718,1204,1690,2415,2866,,718,486,486,725,451,3445
6287,717,1226,1694,2415,2838,,717,509,468,721,423,3449
6150,705,1139,1617,2305,2699,,705,434,478,688,394,3451
6248,705,1178,1650,2405,2822,,705,473,472,755,417,3426
5931,705,1179,1610,2238,2570,,705,474,431,628,332,3361
6069,702,1159,1571,2251,2642,,702,457,412,680,391,3427
5984,645,1128,1531,2229,2604,,645,483,403,698,375,3380
6003,702,1202,1672,2345,2664,,702,500,470,673,319,3339
6247,704,1177,1676,2403,2822,,704,473,499,727,419,3425
6159,705,1179,1649,2404,2783,,705,474,470,755,379,3376
6152,702,1201,1672,2383,2783,,702,499,471,711,400,3369
5954,704,1204,1635,2265,2596,,704,500,431,630,331,3358
6120,699,1213,1657,2364,2757,,699,514,444,707,393,3363
6275,705,1181,1652,2406,2824,,705,476,471,754,418,3451
6132,707,1180,1653,2362,2761,,707,473,473,709,399,3371
6020,702,1161,1574,2186,2587,,702,459,413,612,401,3433
5982,645,1136,1551,2253,2603,,645,491,415,702,350,3379
5979,704,1204,1699,2347,2642,,704,500,495,648,295,3337
6275,706,1207,1678,2431,2850,,706,501,471,753,419,3425
6130,704,1178,1651,2362,2759,,704,474,473,711,397,3371
5955,703,1202,1631,2261,2594,,703,499,429,630,333,3361
5946,704,1137,1552,2187,2520,,704,433,415,635,333,3426
6248,644,1182,1664,2401,2823,,644,538,482,737,422,3425
6132,705,1179,1650,2361,2757,,705,474,471,711,396,3375
5958,703,1137,1573,2212,2545,,703,434,436,639,333,3413
6316,719,1203,1691,2415,2838,,719,484,488,724,423,3478
6240,741,1186,1627,2340,2751,,741,445,441,713,411,3489
6285,717,1201,1691,2416,2838,,717,484,490,725,422,3447
6317,746,1230,1718,2411,2840,,746,484,488,693,429,3477
6339,719,1204,1720,2458,2889,,719,485,516,738,431,3450
6362,743,1226,1714,2454,2918,,743,483,488,740,464,3444
6286,715,1199,1688,2416,2842,,715,484,489,728,426,3444
6172,717,1203,1633,2329,2750,,717,486,430,696,421,3422
6175,729,1205,1676,2406,2734,,729,476,471,730,328,3441
6131,705,1179,1652,2362,2760,,705,474,473,710,398,3371
6022,702,1202,1608,2235,2593,,702,500,406,627,358,3429
5930,663,1113,1525,2228,2556,,663,450,412,703,328,3374
6242,661,1145,1633,2347,2757,,661,484,488,714,410,3485
6317,715,1201,1688,2416,2838,,715,486,487,728,422,3479
6320,724,1224,1741,2449,2871,,724,500,517,708,422,3449
6284,716,1200,1690,2417,2836,,716,484,490,727,419,3448
6313,717,1201,1689,2446,2865,,717,484,488,757,419,3448
6246,716,1205,1650,2404,2828,,716,489,445,754,424,3418
5906,704,1177,1605,2237,2569,,704,473,428,632,332,3337
5731,625,1015,1410,2042,2384,,625,390,395,632,342,3347
5720,626,1042,1422,2025,2345,,626,416,380,603,320,3375
5750,638,1033,1411,2017,2316,,638,395,378,606,299,3434
6154,703,1178,1648,2360,2758,,703,475,470,712,398,3396
6162,711,1211,1684,2398,2792,,711,500,473,714,394,3370
6199,704,1178,1651,2360,2760,,704,474,473,709,400,3439
6210,704,1181,1654,2406,2824,,704,477,473,752,418,3386
5979,703,1203,1632,2264,2595,,703,500,429,632,331,3384
6193,699,1216,1688,2439,2819,,699,517,472,751,380,3374
6246,704,1178,1649,2404,2822,,704,474,471,755,418,3424
6134,705,1183,1654,2363,2761,,705,478,471,709,398,3373
6046,702,1202,1607,2236,2594,,702,500,405,629,358,3452
5846,665,1113,1525,2162,2506,,665,448,412,637,344,3340
6030,616,1101,1573,2276,2652,,616,485,472,703,376,3378
6306,712,1211,1682,2438,2856,,712,499,471,756,418,3450
6161,704,1180,1652,2382,2781,,704,476,472,730,399,3380
5954,703,1202,1632,2263,2596,,703,499,430,631,333,3358
5964,700,1214,1644,2271,2606,,700,514,430,627,335,3358
6197,699,1217,1690,2416,2818,,699,518,473,726,402,3379
6274,705,1179,1651,2403,2829,,705,474,472,752,426,3445
6132,705,1179,1676,2364,2762,,705,474,497,688,398,3370
5906,668,1074,1485,2122,2455,,668,406,411,637,333,3451
5880,702,1114,1525,2161,2515,,702,412,411,636,354,3365
6185,709,1209,1681,2435,2810,,709,500,472,754,375,3375
6367,750,1246,1763,2501,2919,,750,496,517,738,418,3448
6343,723,1223,1711,2477,2896,,723,500,488,766,419,3447
6287,716,1201,1689,2418,2839,,716,485,488,729,421,3448
6288,716,1200,1689,2416,2839,,716,484,489,727,423,3449
6269,716,1200,1652,2348,2827,,716,484,452,696,479,3442
6274,704,1179,1676,2403,2822,,704,475,497,727,419,3452
6134,705,1183,1654,2363,2761,,705,478,471,709,398,3373
6020,704,1202,1633,2262,2595,,704,498,431,629,333,3425
5955,702,1137,1548,2213,2550,,702,435,411,665,337,3405
6160,702,1202,1674,2391,2783,,702,500,472,717,392,3377
6249,704,1180,1651,2410,2823,,704,476,471,759,413,3426
6160,679,1179,1650,2367,2781,,679,500,471,717,414,3379
5952,702,1202,1631,2262,2592,,702,500,429,631,330,3360
5982,705,1205,1635,2264,2597,,705,500,430,629,333,3385
6156,700,1214,1710,2441,2814,,700,514,496,731,373,3342
6276,704,1179,1652,2407,2824,,704,475,473,755,417,3452
6129,706,1204,1675,2365,2760,,706,498,471,690,395,3369
5995,702,1201,1610,2234,2569,,702,499,409,624,335,3426
5958,670,1145,1558,2195,2528,,670,475,413,637,333,3430
6082,665,1136,1617,2328,2722,,665,471,481,711,394,3360
6274,705,1178,1650,2404,2823,,705,473,472,754,419,3451
6158,706,1178,1650,2404,2781,,706,472,472,754,377,3377
5955,702,1202,1637,2262,2596,,702,500,435,625,334,3359
5978,699,1214,1644,2272,2606,,699,515,430,628,334,3372
6215,699,1216,1688,2440,2819,,699,517,472,752,379,3396
6248,705,1180,1651,2405,2823,,705,475,471,754,418,3425
6132,704,1178,1649,2362,2760,,704,474,471,713,398,3372
5937,702,1201,1607,2235,2569,,702,499,406,628,334,3368
5985,713,1180,1588,2222,2556,,713,467,408,634,334,3429
6158,707,1179,1676,2406,2782,,707,472,497,730,376,3376
6311,650,1190,1679,2415,2866,,650,540,489,736,451,3445
6310,717,1214,1702,2439,2862,,717,497,488,737,423,3448
6311,716,1225,1713,2423,2866,,716,509,488,710,443,3445
6287,716,1199,1689,2416,2840,,716,483,490,727,424,3447
6209,715,1215,1703,2425,2812,,715,500,488,722,387,3397
6289,716,1200,1690,2417,2839,,716,484,490,727,422,3450
6319,725,1224,1740,2454,2871,,725,499,516,714,417,3448
6285,716,1201,1688,2417,2869,,716,485,487,729,452,3416
6236,743,1256,1716,2363,2786,,743,513,460,647,423,3450
6337,716,1199,1716,2428,2893,,716,483,517,712,465,3444
6344,718,1205,1691,2417,2868,,718,487,486,726,451,3476
6321,752,1237,1752,2462,2871,,752,485,515,710,409,3450
6283,716,1201,1689,2413,2835,,716,485,488,724,422,3448
6271,716,1207,1695,2416,2839,,716,491,488,721,423,3432
6317,710,1208,1679,2435,2857,,710,498,471,756,422,3460
6313,716,1201,1688,2446,2864,,716,485,487,758,418,3449
6319,724,1225,1713,2448,2871,,724,501,488,735,423,3448
6286,718,1202,1691,2445,2865,,718,484,489,754,420,3421
6217,715,1244,1703,2364,2734,,715,529,459,661,370,3483
6311,717,1201,1689,2417,2867,,717,484,488,728,450,3444
6287,717,1149,1667,2417,2839,,717,432,518,750,422,3448
6348,725,1278,1764,2476,2898,,725,553,486,712,422,3450
6343,717,1229,1715,2425,2868,,717,512,486,710,443,3475
6310,745,1264,1776,2461,2841,,745,519,512,685,380,3469
6304,748,1222,1704,2414,2860,,748,474,482,710,446,3444
6162,731,1206,1677,2405,2783,,731,475,471,728,378,3379
6219,706,1204,1676,2387,2783,,706,498,472,711,396,3436
5937,705,1179,1609,2239,2571,,705,474,430,630,332,3366
5923,656,1083,1498,2134,2474,,656,427,415,636,340,3449
6129,705,1181,1653,2349,2760,,705,476,472,696,411,3369
6225,706,1180,1637,2406,2793,,706,474,457,769,387,3432
6311,669,1189,1678,2444,2862,,669,520,489,766,418,3449
6287,717,1227,1713,2423,2839,,717,510,486,710,416,3448
6314,716,1225,1713,2423,2837,,716,509,488,710,414,3477
6327,726,1250,1738,2460,2897,,726,524,488,722,437,3430
6287,716,1224,1715,2424,2837,,716,508,491,709,413,3450
6316,716,1200,1688,2416,2838,,716,484,488,728,422,3478
6232,717,1200,1690,2401,2822,,717,483,490,711,421,3410
6260,716,1231,1691,2371,2808,,716,515,460,680,437,3452
6273,717,1202,1637,2404,2829,,717,485,435,767,425,3444
6138,707,1181,1593,2292,2703,,707,474,412,699,411,3435
6342,717,1202,1692,2445,2865,,717,485,490,753,420,3477
6288,716,1231,1717,2427,2839,,716,515,486,710,412,3449
6312,718,1202,1721,2443,2864,,718,484,519,722,421,3448
6287,718,1228,1715,2409,2819,,718,510,487,694,410,3468
6287,717,1202,1718,2428,2839,,717,485,516,710,411,3448
6312,717,1255,1739,2448,2865,,717,538,484,709,417,3447
6220,717,1200,1668,2392,2816,,717,483,468,724,424,3404
6086,714,1239,1668,2298,2634,,714,525,429,630,336,3452
6150,704,1202,1675,2391,2781,,704,498,473,716,390,3369
6240,704,1179,1627,2340,2752,,704,475,448,713,412,3488
6285,740,1255,1739,2449,2839,,740,515,484,710,390,3446
6288,717,1227,1715,2424,2839,,717,510,488,709,415,3449
6315,664,1192,1680,2417,2839,,664,528,488,737,422,3476
6248,747,1244,1730,2409,2808,,747,497,486,679,399,3440
6275,707,1179,1652,2404,2823,,707,472,473,752,419,3452
6163,712,1212,1684,2399,2791,,712,500,472,715,392,3372
5961,704,1203,1631,2262,2593,,704,499,428,631,331,3368
6197,691,1167,1664,2344,2759,,691,476,497,680,415,3438
6158,706,1179,1651,2404,2782,,706,473,472,753,378,3376
6273,704,1179,1650,2404,2827,,704,475,471,754,423,3446
6191,712,1213,1684,2437,2815,,712,501,471,753,378,3376
5954,705,1205,1636,2262,2594,,705,500,431,626,332,3360
6279,697,1212,1683,2434,2857,,697,515,471,751,423,3422
6015,647,1135,1608,2310,2658,,647,488,473,702,348,3357
6247,705,1179,1653,2404,2823,,705,474,474,751,419,3424
6192,716,1241,1713,2423,2821,,716,525,472,710,398,3371
5960,704,1204,1631,2261,2595,,704,500,427,630,334,3365
6001,704,1180,1588,2212,2561,,704,476,408,624,349,3440
6106,704,1178,1648,2362,2744,,704,474,470,714,382,3362
6209,706,1177,1648,2351,2758,,706,471,471,703,407,3451
6288,718,1201,1690,2419,2839,,718,483,489,729,420,3449
6285,716,1200,1688,2416,2837,,716,484,488,728,421,3448
6340,716,1200,1689,2416,2867,,716,484,489,727,451,3473
6250,662,1192,1679,2416,2806,,662,530,487,737,390,3444
6272,705,1177,1675,2402,2823,,705,472,498,727,421,3449
6133,706,1180,1652,2364,2760,,706,474,472,712,396,3373
5957,703,1202,1631,2261,2594,,703,499,429,630,333,3363
5997,700,1178,1608,2238,2571,,700,478,430,630,333,3426
6138,703,1178,1649,2347,2674,,703,475,471,698,327,3464
6243,719,1202,1690,2417,2746,,719,483,488,727,329,3497
6288,715,1199,1687,2416,2838,,715,484,488,729,422,3450
6287,717,1231,1715,2424,2840,,717,514,484,709,416,3447
6315,716,1200,1687,2416,2839,,716,484,487,729,423,3476
6262,685,1194,1681,2416,2819,,685,509,487,735,403,3443
6314,747,1242,1730,2441,2865,,747,495,488,711,424,3449
6341,717,1214,1703,2440,2862,,717,497,489,737,422,3479
6263,719,1203,1691,2417,2839,,719,484,488,726,422,3424
6202,671,1181,1652,2365,2762,,671,510,471,713,397,3440
5981,704,1180,1649,2324,2641,,704,476,469,675,317,3340
6238,706,1180,1653,2363,2771,,706,474,473,710,408,3467
6310,717,1214,1703,2439,2862,,717,497,489,736,423,3448
6289,717,1202,1688,2417,2839,,717,485,486,729,422,3450
6363,716,1225,1714,2423,2872,,716,509,489,709,449,3491
6288,674,1175,1658,2417,2840,,674,501,483,759,423,3448
6290,718,1202,1691,2417,2841,,718,484,489,726,424,3449
6320,724,1224,1713,2450,2871,,724,500,489,737,421,3449
6264,716,1201,1690,2418,2839,,716,485,489,728,421,3425
6263,716,1148,1638,2404,2801,,716,432,490,766,397,3462
6316,716,1199,1688,2415,2837,,716,483,489,727,422,3479
6287,717,1201,1689,2416,2838,,717,484,488,727,422,3449
6321,726,1225,1713,2451,2872,,726,499,488,738,421,3449
6284,716,1201,1690,2413,2835,,716,485,489,723,422,3449
6161,716,1180,1610,2316,2726,,716,464,430,706,410,3435
6150,688,1115,1592,2307,2703,,688,427,477,715,396,3447
6275,706,1180,1652,2405,2824,,706,474,472,753,419,3451
6133,705,1181,1653,2364,2762,,705,476,472,711,398,3371
5957,703,1203,1632,2261,2596,,703,500,429,629,335,3361
6002,705,1165,1592,2246,2569,,705,460,427,654,323,3433
5957,706,1181,1651,2326,2621,,706,475,470,675,295,3336
6252,708,1181,1652,2406,2827,,708,473,471,754,421,3425
6175,705,1197,1669,2385,2798,,705,492,472,716,413,3377
5955,704,1204,1634,2263,2597,,704,500,430,629,334,3358
6186,705,1162,1597,2298,2728,,705,457,435,701,430,3458
6344,744,1157,1641,2422,2870,,744,413,484,781,448,3474
6287,717,1203,1691,2420,2839,,717,486,488,729,419,3448
6012,657,1146,1617,2321,2620,,657,489,471,704,299,3392
5936,705,1180,1609,2240,2575,,705,475,429,631,335,3361
5999,705,1177,1599,2232,2551,,705,472,422,633,319,3448
5956,708,1180,1651,2324,2618,,708,472,471,673,294,3338
6064,705,1181,1651,2323,2656,,705,476,470,672,333,3408
6133,705,1181,1653,2370,2762,,705,476,472,717,392,3371
5953,702,1201,1630,2263,2592,,702,499,429,633,329,3361
6217,704,1180,1627,2327,2722,,704,476,447,700,395,3495
6187,742,1166,1625,2342,2754,,742,424,459,717,412,3433
6317,749,1272,1757,2468,2891,,749,523,485,711,423,3426
6288,718,1206,1691,2418,2841,,718,488,485,727,423,3447
6342,718,1231,1744,2454,2865,,718,513,513,710,411,3477
6263,703,1174,1638,2394,2803,,703,471,464,756,409,3460
6270,718,1203,1692,2417,2841,,718,485,489,725,424,3429
6224,706,1179,1650,2405,2783,,706,473,471,755,378,3441
6160,707,1192,1670,2365,2784,,707,485,478,695,419,3376
5956,703,1204,1635,2262,2594,,703,501,431,627,332,3362
6149,705,1163,1580,2296,2690,,705,458,417,716,394,3459
6120,646,1155,1578,2278,2698,,646,509,423,700,420,3422
6208,706,1181,1651,2406,2824,,706,475,470,755,418,3384
5934,705,1180,1610,2239,2572,,705,475,430,629,333,3362
5957,704,1204,1632,2263,2593,,704,500,428,631,330,3364
6200,704,1180,1650,2343,2756,,704,476,470,693,413,3444
6188,705,1205,1677,2431,2808,,705,500,472,754,377,3380
6251,706,1180,1652,2407,2825,,706,474,472,755,418,3426
6156,704,1177,1648,2367,2780,,704,473,471,719,413,3376
5955,705,1205,1636,2265,2596,,705,500,431,629,331,3359
6185,700,1157,1572,2221,2653,,700,457,415,649,432,3532
6214,718,1189,1605,2318,2727,,718,471,416,713,409,3487
6289,718,1227,1716,2425,2840,,718,509,489,709,415,3449
6325,725,1226,1713,2454,2874,,725,501,487,741,420,3451
6271,717,1200,1690,2417,2839,,717,483,490,727,422,3432
6262,717,1125,1644,2361,2823,,717,408,519,717,462,3439
6362,746,1242,1759,2468,2890,,746,496,517,709,422,3472
6288,718,1229,1715,2424,2839,,718,511,486,709,415,3449
6373,727,1284,1799,2536,2925,,727,557,515,737,389,3448
6320,717,1227,1715,2425,2841,,717,510,488,710,416,3479
6275,719,1204,1654,2411,2830,,719,485,450,757,419,3445
6127,646,1140,1613,2317,2727,,646,494,473,704,410,3400
6287,718,1202,1689,2417,2840,,718,484,487,728,423,3447
6284,718,1201,1689,2414,2836,,718,483,488,725,422,3448
6272,717,1202,1691,2400,2825,,717,485,489,709,425,3447
6219,718,1180,1641,2393,2800,,718,462,461,752,407,3419
6278,717,1200,1690,2417,2839,,717,483,490,727,422,3439
6317,718,1202,1689,2418,2840,,718,484,487,729,422,3477
6288,717,1230,1715,2425,2840,,717,513,485,710,415,3448
6236,718,1202,1670,2392,2812,,718,484,468,722,420,3424
6317,717,1201,1669,2417,2839,,717,484,468,748,422,3478
6365,743,1213,1656,2442,2891,,743,470,443,786,449,3474
6289,717,1231,1714,2423,2839,,717,514,483,709,416,3450
6308,716,1199,1688,2442,2860,,716,483,489,754,418,3448
6221,716,1200,1667,2392,2814,,716,484,467,725,422,3407
6287,718,1231,1715,2408,2840,,718,513,484,693,432,3447
6312,717,1202,1691,2445,2864,,717,485,489,754,419,3448
6288,718,1201,1692,2417,2840,,718,483,491,725,423,3448
6290,718,1232,1716,2454,2865,,718,514,484,738,411,3425
6251,719,1205,1676,2401,2809,,719,486,471,725,408,3442
6073,705,1179,1609,2240,2638,,705,474,430,631,398,3435
6023,662,1116,1551,2193,2591,,662,454,435,642,398,3432
6159,704,1180,1652,2404,2786,,704,476,472,752,382,3373
5867,637,1107,1533,2165,2497,,637,470,426,632,332,3370
5932,703,1180,1585,2212,2545,,703,477,405,627,333,3387
6262,717,1201,1669,2393,2815,,717,484,468,724,422,3447
6310,717,1246,1730,2442,2865,,717,529,484,712,423,3445
6289,720,1205,1692,2419,2841,,720,485,487,727,422,3448
6316,717,1226,1714,2424,2838,,717,509,488,710,414,3478
6235,716,1200,1667,2391,2815,,716,484,467,724,424,3420
6224,722,1216,1705,2383,2785,,722,494,489,678,402,3439
5946,702,1114,1531,2165,2538,,702,412,417,634,373,3408
6234,706,1182,1654,2406,2826,,706,476,472,752,420,3408
6090,713,1214,1684,2370,2706,,713,501,470,686,336,3384
5982,701,1199,1628,2284,2616,,701,498,429,656,332,3366
6222,704,1203,1677,2392,2787,,704,499,474,715,395,3435
6112,704,1204,1599,2303,2719,,704,500,395,704,416,3393
6249,705,1180,1653,2405,2824,,705,475,473,752,419,3425
6161,713,1215,1685,2402,2791,,713,502,470,717,389,3370
5962,710,1208,1636,2269,2600,,710,498,428,633,331,3362
5980,700,1168,1583,2219,2554,,700,468,415,636,335,3426
5977,664,1115,1545,2164,2527,,664,451,430,619,363,3450
6133,704,1178,1650,2368,2760,,704,474,472,718,392,3373
5971,702,1194,1623,2278,2611,,702,492,429,655,333,3360
5955,705,1203,1633,2265,2595,,705,498,430,632,330,3360
6128,707,1205,1676,2402,2758,,707,498,471,726,356,3370
6235,698,1212,1682,2435,2856,,698,514,470,753,421,3379
6273,708,1182,1654,2407,2826,,708,474,472,753,419,3447
6128,706,1178,1651,2367,2760,,706,472,473,716,393,3368
5980,702,1203,1634,2263,2595,,702,501,431,629,332,3385
6022,703,1204,1635,2261,2595,,703,501,431,626,334,3427
5948,664,1114,1524,2170,2507,,664,450,410,646,337,3441
6130,705,1179,1650,2366,2758,,705,474,471,716,392,3372
5953,703,1203,1632,2263,2594,,703,500,429,631,331,3359
5980,703,1203,1632,2262,2596,,703,500,429,630,334,3384
6170,699,1216,1687,2442,2818,,699,517,471,755,376,3352
5982,705,1180,1656,2325,2645,,705,475,476,669,320,3337
6274,708,1181,1652,2405,2825,,708,473,471,753,420,3449
6160,706,1182,1653,2406,2783,,706,476,471,753,377,3377
5954,705,1206,1636,2263,2596,,705,501,430,627,333,3358
5936,706,1164,1578,2214,2547,,706,458,414,636,333,3389
5948,705,1114,1525,2169,2499,,705,409,411,644,330,3449
6267,707,1180,1677,2396,2816,,707,473,497,719,420,3451
6159,706,1182,1653,2368,2782,,706,476,471,715,414,3377
5959,706,1204,1634,2266,2596,,706,498,430,632,330,3363
5987,707,1207,1637,2269,2600,,707,500,430,632,331,3387
6215,699,1214,1686,2439,2819,,699,515,472,753,380,3396
6248,706,1181,1653,2407,2826,,706,475,472,754,419,3422
6158,695,1181,1652,2370,2785,,695,486,471,718,415,3373
5957,706,1204,1634,2263,2595,,706,498,430,629,332,3362
5950,707,1139,1553,2189,2522,,707,432,414,636,333,3428
6168,664,1115,1576,2316,2656,,664,451,461,740,340,3512
6437,746,1285,1843,2555,2994,,746,539,558,712,439,3443
6313,708,1193,1681,2447,2865,,708,485,488,766,418,3448
6291,717,1227,1715,2425,2841,,717,510,488,710,416,3450
6285,717,1202,1690,2418,2840,,717,485,488,728,422,3445
6280,718,1202,1692,2419,2841,,718,484,490,727,422,3439
6240,716,1200,1687,2415,2839,,716,484,487,728,424,3401
6288,719,1203,1659,2418,2840,,719,484,456,759,422,3448
6290,719,1204,1691,2419,2842,,719,485,487,728,423,3448
6123,719,1204,1671,2323,2712,,719,485,467,652,389,3411
5975,708,1179,1583,2216,2548,,708,471,404,633,332,3427
6250,707,1183,1654,2407,2826,,707,476,471,753,419,3424
6220,715,1244,1714,2465,2844,,715,529,470,751,379,3376
5955,703,1204,1635,2263,2597,,703,501,431,628,334,3358
5970,701,1216,1646,2274,2608,,701,515,430,628,334,3362
6243,702,1213,1684,2438,2858,,702,511,471,754,420,3385
6251,706,1181,1654,2407,2827,,706,475,473,753,420,3424
6300,718,1204,1692,2429,2852,,718,486,488,737,423,3448
6288,718,1202,1690,2422,2841,,718,484,488,732,419,3447
6236,718,1203,1690,2417,2819,,718,485,487,727,402,3417
6268,718,1202,1666,2378,2798,,718,484,464,712,420,3470
6289,718,1231,1716,2426,2841,,718,513,485,710,415,3448
6290,718,1202,1691,2417,2841,,718,484,489,726,424,3449
6267,720,1205,1692,2417,2840,,720,485,487,725,423,3427
6263,719,1202,1691,2448,2846,,719,483,489,757,398,3417
6288,718,1227,1714,2425,2840,,718,509,487,711,415,3448
6317,719,1204,1692,2418,2840,,719,485,488,726,422,3477
6386,745,1228,1747,2496,2943,,745,483,519,749,447,3443
6268,720,1234,1719,2429,2842,,720,514,485,710,413,3426
6343,718,1202,1719,2456,2865,,718,484,517,737,409,3478
6268,718,1205,1715,2389,2801,,718,487,510,674,412,3467
6342,718,1203,1690,2446,2867,,718,485,487,756,421,3475
6338,719,1203,1721,2470,2890,,719,484,518,749,420,3448
6237,717,1202,1690,2417,2820,,717,485,488,727,403,3417
6253,717,1208,1698,2433,2836,,717,491,490,735,403,3417
6343,719,1232,1716,2454,2867,,719,513,484,738,413,3476
6338,747,1242,1759,2470,2891,,747,495,517,711,421,3447
6288,684,1192,1679,2417,2839,,684,508,487,738,422,3449
6282,747,1241,1727,2468,2866,,747,494,486,741,398,3416
6264,718,1202,1690,2418,2842,,718,484,488,728,424,3422
6244,718,1230,1742,2426,2768,,718,512,512,684,342,3476
6314,747,1231,1719,2429,2869,,747,484,488,710,440,3445
6345,721,1248,1732,2442,2865,,721,527,484,710,423,3480
6263,719,1232,1745,2454,2847,,719,513,513,709,393,3416
6289,719,1205,1692,2447,2866,,719,486,487,755,419,3423
6370,720,1232,1717,2456,2896,,720,512,485,739,440,3474
6338,748,1243,1731,2472,2890,,748,495,488,741,418,3448
6368,748,1243,1731,2444,2894,,748,495,488,713,450,3474
6262,718,1231,1715,2454,2845,,718,513,484,739,391,3417
6337,745,1238,1726,2438,2860,,745,493,488,712,422,3477
6266,745,1257,1741,2388,2763,,745,512,484,647,375,3503
6363,748,1243,1731,2444,2894,,748,495,488,713,450,3469
6344,719,1203,1721,2431,2866,,719,484,518,710,435,3478
6261,717,1231,1717,2427,2844,,717,514,486,710,417,3417
6234,718,1203,1719,2429,2820,,718,485,516,710,391,3414
6417,750,1270,1784,2521,2968,,750,520,514,737,447,3449
6313,718,1206,1691,2447,2865,,718,488,485,756,418,3448
6289,717,1201,1712,2422,2839,,717,484,511,710,417,3450
6292,719,1231,1717,2425,2870,,719,512,486,708,445,3422
6267,720,1203,1692,2419,2840,,720,483,489,727,421,3427
6239,747,1259,1772,2423,2803,,747,512,513,651,380,3436
6313,716,1200,1718,2426,2870,,716,484,518,708,444,3443
6365,718,1231,1715,2455,2888,,718,513,484,740,433,3477
6237,718,1202,1718,2428,2820,,718,484,516,710,392,3417
6287,718,1231,1743,2454,2845,,718,513,512,711,391,3442
6341,718,1203,1690,2447,2864,,718,485,487,757,417,3477
6364,719,1202,1720,2458,2921,,719,483,518,738,463,3443
6288,717,1231,1716,2426,2839,,717,514,485,710,413,3449
6265,716,1225,1714,2422,2839,,716,509,489,708,417,3426
6342,717,1225,1742,2451,2866,,717,508,517,709,415,3476
6319,747,1260,1743,2476,2853,,747,513,483,733,377,3466
6289,719,1203,1691,2417,2840,,719,484,488,726,423,3449
6288,717,1201,1690,2416,2840,,717,484,489,726,424,3448
6237,719,1202,1691,2417,2821,,719,483,489,726,404,3416
6264,686,1193,1681,2417,2840,,686,507,488,736,423,3424
6318,748,1232,1720,2430,2843,,748,484,488,710,413,3475
6318,718,1202,1690,2418,2840,,718,484,488,728,422,3478
6314,719,1203,1723,2443,2866,,719,484,520,720,423,3448
6267,718,1202,1721,2429,2841,,718,484,519,708,412,3426
6344,747,1231,1719,2456,2867,,747,484,488,737,411,3477
6318,747,1258,1772,2468,2848,,747,511,514,696,380,3470
6290,718,1202,1691,2418,2840,,718,484,489,727,422,3450
6288,693,1193,1681,2423,2843,,693,500,488,742,420,3445
6237,746,1230,1718,2407,2818,,746,484,488,689,411,3419
6303,722,1219,1708,2419,2870,,722,497,489,711,451,3433
6289,718,1232,1715,2424,2840,,718,514,483,709,416,3449
6339,718,1226,1715,2453,2899,,718,508,489,738,446,3440
6314,723,1247,1731,2443,2866,,723,524,484,712,423,3448
6318,718,1233,1717,2481,2891,,718,515,484,764,410,3427
6263,717,1202,1689,2418,2840,,717,485,487,729,422,3423
6313,746,1259,1771,2479,2867,,746,513,512,708,388,3446
6207,716,1210,1629,2338,2746,,716,494,419,709,408,3461
6291,720,1206,1693,2419,2843,,720,486,487,726,424,3448
6315,718,1227,1716,2426,2843,,718,509,489,710,417,3472
6251,719,1202,1691,2418,2842,,719,483,489,727,424,3409
6275,706,1182,1655,2407,2827,,706,476,473,752,420,3448
6270,703,1201,1671,2427,2846,,703,498,470,756,419,3424
6160,707,1188,1669,2408,2786,,707,481,481,739,378,3374
5955,704,1203,1632,2262,2596,,704,499,429,630,334,3359
5961,705,1182,1610,2240,2572,,705,477,428,630,332,3389
6013,704,1114,1532,2191,2567,,704,410,418,659,376,3446
6352,726,1227,1714,2450,2873,,726,501,487,736,423,3479
6338,718,1221,1714,2477,2890,,718,503,493,763,413,3448
6338,716,1255,1764,2473,2891,,716,539,509,709,418,3447
6233,718,1206,1690,2418,2840,,718,488,484,728,422,3393
6320,718,1201,1689,2417,2869,,718,483,488,728,452,3451
6319,718,1202,1693,2418,2841,,718,484,491,725,423,3478
6289,717,1202,1690,2419,2839,,717,485,488,729,420,3450
6313,717,1200,1689,2418,2868,,717,483,489,729,450,3445
6287,717,1200,1690,2418,2869,,717,483,490,728,451,3418
6365,747,1259,1772,2510,2917,,747,512,513,738,407,3448
6293,717,1201,1689,2417,2840,,717,484,488,728,423,3453
6343,748,1260,1745,2455,2866,,748,512,485,710,411,3477
6268,718,1201,1692,2418,2841,,718,483,491,726,423,3427
6232,718,1203,1690,2417,2840,,718,485,487,727,423,3392
6313,718,1203,1690,2418,2870,,718,485,487,728,452,3443
6364,747,1261,1774,2493,2916,,747,514,513,719,423,3448
6310,717,1245,1730,2440,2863,,717,528,485,710,423,3447
6266,717,1203,1690,2417,2841,,717,486,487,727,424,3425
6287,722,1235,1719,2429,2842,,722,513,484,710,413,3445
6362,747,1271,1754,2495,2915,,747,524,483,741,420,3447
6290,720,1229,1717,2427,2841,,720,509,488,710,414,3449
6289,746,1230,1719,2427,2841,,746,484,489,708,414,3448
6268,718,1202,1719,2428,2841,,718,484,517,709,413,3427
6228,721,1213,1701,2413,2835,,721,492,488,712,422,3393
6287,717,1201,1689,2417,2843,,717,484,488,728,426,3444
6316,717,1227,1717,2426,2841,,717,510,490,709,415,3475
6263,663,1193,1681,2419,2818,,663,530,488,738,399,3445
6318,746,1230,1746,2456,2895,,746,484,516,710,439,3423
6338,719,1232,1716,2426,2871,,719,513,484,710,445,3467
6364,746,1258,1742,2480,2915,,746,512,484,738,435,3449
6391,716,1243,1728,2495,2915,,716,527,485,767,420,3476
6289,742,1190,1674,2418,2841,,742,448,484,744,423,3448
6268,718,1203,1691,2419,2841,,718,485,488,728,422,3427
6234,719,1203,1692,2421,2841,,719,484,489,729,420,3393
6289,719,1233,1718,2427,2841,,719,514,485,709,414,3448
6365,716,1214,1702,2468,2887,,716,498,488,766,419,3478
6314,719,1205,1691,2447,2866,,719,486,486,756,419,3448
6267,717,1201,1691,2417,2840,,717,484,490,726,423,3427
6222,720,1204,1693,2419,2842,,720,484,489,726,423,3380
6201,708,1181,1653,2371,2762,,708,473,472,718,391,3439
6271,707,1182,1653,2402,2820,,707,475,471,749,418,3451
6135,709,1136,1631,2332,2753,,709,427,495,701,421,3382
6167,708,1183,1656,2370,2784,,708,475,473,714,414,3383
6122,707,1182,1597,2305,2695,,707,475,415,708,390,3427
6290,719,1228,1716,2424,2841,,719,509,488,708,417,3449
6289,719,1228,1715,2425,2841,,719,509,487,710,416,3448
6340,745,1175,1665,2440,2863,,745,430,490,775,423,3477
6290,718,1203,1690,2418,2842,,718,485,487,728,424,3448
6268,719,1204,1692,2418,2841,,719,485,488,726,423,3427
6312,718,1228,1715,2425,2871,,718,510,487,710,446,3441
6289,721,1204,1693,2419,2841,,721,483,489,726,422,3448
6311,718,1225,1744,2454,2866,,718,507,519,710,412,3445
6317,719,1256,1721,2428,2842,,719,537,465,707,414,3475
6252,717,1202,1632,2407,2831,,717,485,430,775,424,3421
5985,662,1161,1599,2260,2621,,662,499,438,661,361,3364
6175,715,1216,1712,2398,2796,,715,501,496,686,398,3379
6011,708,1166,1603,2268,2624,,708,458,437,665,356,3387
5956,707,1205,1635,2263,2597,,707,498,430,628,334,3359
5983,706,1206,1634,2267,2599,,706,500,428,633,332,3384
6201,709,1182,1653,2364,2763,,709,473,471,711,399,3438
6273,705,1205,1678,2430,2848,,705,500,473,752,418,3425
6161,708,1183,1655,2406,2785,,708,475,472,751,379,3376
6135,706,1181,1653,2370,2764,,706,475,472,717,394,3371
6131,709,1182,1655,2369,2764,,709,473,473,714,395,3367
6133,707,1182,1680,2364,2761,,707,475,498,684,397,3372
5959,655,1133,1608,2267,2601,,655,478,475,659,334,3358
6007,652,1127,1624,2290,2644,,652,475,497,666,354,3363
5954,728,1202,1633,2261,2594,,728,474,431,628,333,3360
5955,703,1204,1634,2263,2594,,703,501,430,629,331,3361
6229,711,1212,1684,2379,2792,,711,501,472,695,413,3437
6309,714,1216,1688,2439,2860,,714,502,472,751,421,3449
6161,709,1185,1657,2407,2788,,709,476,472,750,381,3373
6133,714,1187,1660,2364,2762,,714,473,473,704,398,3371
6339,662,1194,1681,2448,2897,,662,532,487,767,449,3442
6313,718,1232,1717,2452,2865,,718,514,485,735,413,3448
6373,715,1252,1739,2506,2925,,715,537,487,767,419,3448
6265,690,1192,1680,2417,2840,,690,502,488,737,423,3425
6290,718,1203,1690,2418,2843,,718,485,487,728,425,3447
6287,743,1227,1715,2426,2838,,743,484,488,711,412,3449
6287,717,1227,1714,2453,2865,,717,510,487,739,412,3422
6289,719,1202,1690,2417,2840,,719,483,488,727,423,3449
6315,668,1222,1731,2443,2865,,668,554,509,712,422,3450
6289,721,1232,1718,2411,2840,,721,511,486,693,429,3449
6290,719,1203,1692,2420,2842,,719,484,489,728,422,3448
6310,716,1244,1729,2440,2861,,716,528,485,711,421,3449
6290,718,1203,1689,2419,2841,,718,485,486,730,422,3449
6290,681,1193,1681,2419,2841,,681,512,488,738,422,3449
6269,719,1202,1692,2418,2842,,719,483,490,726,424,3427
6232,718,1203,1674,2401,2825,,718,485,471,727,424,3407
6136,707,1180,1650,2369,2762,,707,473,470,719,393,3374
6308,697,1213,1685,2438,2860,,697,516,472,753,422,3448
6276,707,1182,1655,2408,2829,,707,475,473,753,421,3447
5999,706,1181,1610,2240,2574,,706,475,429,630,334,3425
5884,669,1124,1528,2165,2500,,669,455,404,637,335,3384
5917,674,1172,1588,2223,2555,,674,498,416,635,332,3362
5881,709,1140,1554,2190,2523,,709,431,414,636,333,3358
5776,633,1054,1454,2086,2430,,633,421,400,632,344,3346
5884,708,1141,1554,2190,2524,,708,433,413,636,334,3360
5890,706,1139,1553,2188,2522,,706,433,414,635,334,3368
5889,707,1139,1554,2199,2529,,707,432,415,645,330,3360
5894,705,1150,1567,2199,2532,,705,445,417,632,333,3362
5876,707,1134,1551,2185,2529,,707,427,417,634,344,3347
5885,708,1139,1556,2191,2525,,708,431,417,635,334,3360
5889,706,1140,1555,2188,2528,,706,434,415,633,340,3361
5977,713,1170,1585,2223,2554,,713,457,415,638,331,3423
5839,657,1071,1467,2094,2437,,657,414,396,627,343,3402
5884,666,1141,1554,2195,2524,,666,475,413,641,329,3360
5856,667,1138,1554,2165,2500,,667,471,416,611,335,3356
5882,668,1139,1554,2190,2523,,668,471,415,636,333,3359
5914,667,1139,1554,2189,2538,,667,472,415,635,349,3376
5820,656,1124,1521,2154,2472,,656,468,397,633,318,3348
5886,671,1141,1554,2191,2524,,671,470,413,637,333,3362
5883,667,1139,1553,2190,2522,,667,472,414,637,332,3361
5860,665,1116,1527,2164,2498,,665,451,411,637,334,3362
5837,654,1088,1487,2095,2414,,654,434,399,608,319,3423
5886,708,1142,1555,2191,2524,,708,434,413,636,333,3362
6221,691,1177,1634,2397,2801,,691,486,457,763,404,3420
6314,719,1203,1692,2448,2866,,719,484,489,756,418,3448
6315,718,1257,1742,2452,2866,,718,539,485,710,414,3449
6318,718,1204,1692,2419,2842,,718,486,488,727,423,3476
6289,719,1231,1715,2425,2843,,719,512,484,710,418,3446
6163,685,1178,1598,2316,2726,,685,493,420,718,410,3437
6263,718,1201,1690,2402,2825,,718,483,489,712,423,3438
6215,719,1214,1702,2398,2766,,719,495,488,696,368,3449
6340,725,1246,1733,2471,2894,,725,521,487,738,423,3446
6267,719,1203,1692,2420,2841,,719,484,489,728,421,3426
6264,723,1156,1639,2419,2819,,723,433,483,780,400,3445
6289,719,1204,1692,2420,2842,,719,485,488,728,422,3447
6243,719,1204,1693,2398,2816,,719,485,489,705,418,3427
6290,721,1235,1721,2430,2842,,721,514,486,709,412,3448
6323,719,1234,1718,2428,2843,,719,515,484,710,415,3480
6294,722,1235,1718,2429,2844,,722,513,483,711,415,3450
6291,720,1205,1693,2420,2842,,720,485,488,727,422,3449
6341,718,1217,1705,2442,2865,,718,499,488,737,423,3476
6326,711,1230,1719,2455,2878,,711,519,489,736,423,3448
6291,719,1204,1693,2421,2842,,719,485,489,728,421,3449
6290,720,1171,1631,2373,2842,,720,451,460,742,469,3448
6290,719,1203,1692,2419,2842,,719,484,489,727,423,3448
6238,720,1206,1722,2411,2816,,720,486,516,689,405,3422
6290,720,1229,1718,2427,2842,,720,509,489,709,415,3448
6342,711,1223,1709,2476,2894,,711,512,486,767,418,3448
6291,719,1154,1643,2424,2841,,719,435,489,781,417,3450
6290,719,1203,1691,2420,2841,,719,484,488,729,421,3449
6290,718,1203,1691,2419,2842,,718,485,488,728,423,3448
6325,717,1228,1716,2453,2876,,717,511,488,737,423,3449
6291,719,1229,1720,2429,2842,,719,510,491,709,413,3449
6290,753,1247,1667,2419,2842,,753,494,420,752,423,3448
6267,720,1205,1693,2420,2842,,720,485,488,727,422,3425
6224,721,1205,1693,2402,2817,,721,484,488,709,415,3407
6317,738,1248,1737,2447,2868,,738,510,489,710,421,3449
6174,658,1085,1567,2282,2701,,658,427,482,715,419,3473
6321,709,1158,1641,2420,2843,,709,449,483,779,423,3478
6317,720,1258,1743,2452,2868,,720,538,485,709,416,3449
6319,748,1232,1720,2430,2842,,748,484,488,710,412,3477
6374,745,1282,1795,2535,2928,,745,537,513,740,393,3446
6376,727,1226,1714,2452,2906,,727,499,488,738,454,3470
6289,718,1202,1690,2387,2840,,718,484,488,697,453,3449
6289,718,1202,1690,2419,2842,,718,484,488,729,423,3447
6263,749,1243,1760,2451,2842,,749,494,517,691,391,3421
6291,719,1203,1690,2419,2842,,719,484,487,729,423,3449
6322,725,1153,1668,2405,2874,,725,428,515,737,469,3448
6288,711,1195,1682,2417,2840,,711,484,487,735,423,3448
6292,718,1203,1690,2446,2866,,718,485,487,756,420,3426
6315,708,1195,1683,2449,2868,,708,487,488,766,419,3447
6238,637,1138,1628,2340,2751,,637,501,490,712,411,3487
6429,717,1253,1742,2508,2954,,717,536,489,766,446,3475
6316,722,1207,1724,2444,2867,,722,485,517,720,423,3449
6290,720,1229,1717,2426,2842,,720,509,488,709,416,3448
6237,719,1228,1718,2408,2817,,719,509,490,690,409,3420
6290,703,1193,1682,2419,2842,,703,490,489,737,423,3448
6268,715,1242,1714,2467,2890,,715,527,472,753,423,3378
6237,709,1185,1657,2409,2831,,709,476,472,752,422,3406
6185,708,1181,1654,2408,2787,,708,473,473,754,379,3398
6087,708,1142,1578,2284,2636,,708,434,436,706,352,3451
6299,666,1204,1675,2430,2850,,666,538,471,755,420,3449
6185,708,1186,1657,2409,2788,,708,478,471,752,379,3397
6291,709,1145,1621,2381,2843,,709,436,476,760,462,3448
6320,719,1202,1691,2419,2842,,719,483,489,728,423,3478
6312,720,1262,1746,2455,2865,,720,542,484,709,410,3447
6314,719,1229,1717,2426,2870,,719,510,488,709,444,3444
6288,718,1182,1664,2417,2840,,718,464,482,753,423,3448
6289,719,1194,1707,2418,2840,,719,475,513,711,422,3449
6320,719,1204,1692,2421,2841,,719,485,488,729,420,3479
6315,747,1210,1695,2448,2866,,747,463,485,753,418,3449
6318,752,1237,1723,2448,2874,,752,485,486,725,426,3444
6319,721,1208,1693,2420,2842,,721,487,485,727,422,3477
6289,718,1205,1691,2418,2840,,718,487,486,727,422,3449
6338,747,1242,1730,2471,2890,,747,495,488,741,419,3448
6221,718,1202,1691,2396,2815,,718,484,489,705,419,3406
6316,708,1222,1710,2447,2869,,708,514,488,737,422,3447
6250,710,1167,1653,2410,2830,,710,457,486,757,420,3420
6344,709,1139,1630,2344,2871,,709,430,491,714,527,3473
6341,720,1204,1723,2461,2894,,720,484,519,738,433,3447
6289,719,1204,1693,2418,2842,,719,485,489,725,424,3447
6318,680,1194,1683,2447,2869,,680,514,489,764,422,3449
6370,725,1249,1762,2472,2893,,725,524,513,710,421,3477
6264,718,1202,1719,2429,2819,,718,484,517,710,390,3445
6222,719,1203,1670,2394,2818,,719,484,467,724,424,3404
6365,736,1221,1709,2476,2924,,736,485,488,767,448,3441
6203,718,1189,1639,2334,2753,,718,471,450,695,419,3450
6126,707,1197,1627,2323,2720,,707,490,430,696,397,3406
6194,708,1158,1600,2319,2756,,708,450,442,719,437,3438
6340,719,1229,1718,2456,2896,,719,510,489,738,440,3444
6351,727,1228,1715,2452,2875,,727,501,487,737,423,3476
6234,725,1171,1652,2365,2785,,725,446,481,713,420,3449
6163,706,1182,1677,2409,2787,,706,476,495,732,378,3376
6215,707,1183,1653,2387,2786,,707,476,470,734,399,3429
6317,718,1202,1689,2418,2840,,718,484,487,729,422,3477
6315,719,1234,1718,2428,2870,,719,515,484,710,442,3445
6340,748,1233,1720,2459,2896,,748,485,487,739,437,3444
6290,706,1179,1651,2419,2842,,706,473,472,768,423,3448
6290,713,1221,1710,2419,2843,,713,508,489,709,424,3447
6290,719,1203,1692,2420,2841,,719,484,489,728,421,3449
6305,744,1234,1722,2434,2856,,744,490,488,712,422,3449
6231,708,1195,1648,2359,2780,,708,487,453,711,421,3451
6150,706,1182,1653,2407,2778,,706,476,471,754,371,3372
6282,711,1209,1681,2391,2832,,711,498,472,710,441,3450
6292,721,1208,1693,2420,2842,,721,487,485,727,422,3450
6291,719,1230,1717,2426,2843,,719,511,487,709,417,3448
6317,720,1206,1694,2421,2844,,720,486,488,727,423,3473
6203,721,1221,1651,2359,2753,,721,500,430,708,394,3450
6252,708,1182,1654,2407,2827,,708,474,472,753,420,3425
6163,707,1183,1656,2372,2784,,707,476,473,716,412,3379
6155,707,1199,1629,2280,2679,,707,492,430,651,399,3476
6085,708,1163,1614,2308,2705,,708,455,451,694,397,3380
5957,707,1205,1635,2265,2599,,707,498,430,630,334,3358
6201,706,1181,1652,2370,2763,,706,475,471,718,393,3438
6211,708,1182,1654,2408,2827,,708,474,472,754,419,3384
5931,708,1182,1612,2242,2575,,708,474,430,630,333,3356
6222,702,1218,1692,2443,2863,,702,516,474,751,420,3359
6289,701,1220,1691,2445,2864,,701,519,471,754,419,3425
6177,708,1142,1622,2333,2729,,708,434,480,711,396,3448
6162,708,1184,1656,2367,2786,,708,476,472,711,419,3376
6140,709,1185,1657,2371,2763,,709,476,472,714,392,3377
6110,709,1182,1601,2310,2706,,709,473,419,709,396,3404
6159,707,1208,1680,2396,2788,,707,501,472,716,392,3371
6050,706,1205,1629,2258,2644,,706,499,424,629,386,3406
6290,719,1203,1692,2419,2842,,719,484,489,727,423,3448
6416,749,1287,1844,2558,2968,,749,538,557,714,410,3448
6309,715,1218,1733,2442,2863,,715,503,515,709,421,3446
6190,721,1128,1595,2320,2730,,721,407,467,725,410,3460
6153,707,1141,1619,2308,2704,,707,434,478,689,396,3449
6061,713,1209,1681,2337,2656,,713,496,472,656,319,3405
6167,709,1185,1657,2410,2788,,709,476,472,753,378,3379
6237,698,1183,1662,2409,2832,,698,485,479,747,423,3405
6167,705,1216,1687,2406,2797,,705,511,471,719,391,3370
6256,708,1184,1642,2371,2808,,708,476,458,729,437,3448
6291,719,1203,1693,2419,2843,,719,484,490,726,424,3448
6291,719,1229,1717,2426,2845,,719,510,488,709,419,3446
6339,746,1230,1718,2458,2866,,746,484,488,740,408,3473
6323,716,1211,1678,2453,2874,,716,495,467,775,421,3449
6176,705,1178,1607,2307,2726,,705,473,429,700,419,3450
6236,708,1182,1654,2409,2828,,708,474,472,755,419,3408
6166,708,1206,1677,2367,2784,,708,498,471,690,417,3382
6095,709,1170,1605,2309,2661,,709,461,435,704,352,3434
6170,706,1216,1688,2406,2799,,706,510,472,718,393,3371
6141,708,1184,1655,2371,2767,,708,476,471,716,396,3374
5963,698,1209,1640,2269,2601,,698,511,431,629,332,3362
5961,710,1210,1639,2269,2601,,710,500,429,630,332,3360
6175,658,1133,1604,2310,2705,,658,475,471,706,395,3470
6286,716,1216,1688,2440,2859,,716,500,472,752,419,3427
6278,709,1183,1656,2407,2829,,709,474,473,751,422,3449
6164,708,1184,1655,2368,2785,,708,476,471,713,417,3379
6166,709,1184,1657,2373,2785,,709,475,473,716,412,3381
6163,710,1181,1653,2409,2790,,710,471,472,756,381,3373
6044,706,1193,1665,2327,2666,,706,487,472,662,339,3378
6147,710,1184,1657,2375,2765,,710,474,473,718,390,3382
6136,709,1183,1657,2371,2764,,709,474,474,714,393,3372
5961,710,1184,1615,2242,2577,,710,474,431,627,335,3384
6191,657,1103,1584,2293,2704,,657,446,481,709,411,3487
6188,719,1217,1684,2337,2751,,719,498,467,653,414,3437
6290,705,1175,1686,2419,2841,,705,470,511,733,422,3449
6292,720,1204,1692,2419,2843,,720,484,488,727,424,3449
6292,697,1197,1685,2421,2843,,697,500,488,736,422,3449
6190,722,1155,1622,2320,2729,,722,433,467,698,409,3461
6319,719,1203,1691,2420,2842,,719,484,488,729,422,3477
6153,691,1123,1595,2284,2678,,691,432,472,689,394,3475
6135,710,1184,1658,2366,2764,,710,474,474,708,398,3371
6135,711,1208,1638,2349,2764,,711,497,430,711,415,3371
6149,658,1133,1605,2309,2731,,658,475,472,704,422,3418
6279,709,1185,1682,2386,2832,,709,476,497,704,446,3447
6253,708,1186,1658,2409,2828,,708,478,472,751,419,3425
6163,707,1184,1657,2407,2788,,707,477,473,750,381,3375
6164,691,1183,1654,2372,2786,,691,492,471,718,414,3378
6152,707,1182,1622,2321,2719,,707,475,440,699,398,3433
6164,709,1183,1655,2409,2786,,709,474,472,754,377,3378
6148,710,1185,1657,2375,2764,,710,475,472,718,389,3384
6136,709,1185,1657,2367,2766,,709,476,472,710,399,3370
5961,709,1184,1615,2244,2576,,709,475,431,629,332,3385
6392,675,1220,1707,2474,2921,,675,545,487,767,447,3471
6225,690,1179,1594,2304,2727,,690,489,415,710,423,3498
6152,706,1160,1598,2308,2703,,706,454,438,710,395,3449
6211,708,1183,1656,2409,2827,,708,475,473,753,418,3384
6162,707,1182,1653,2371,2784,,707,475,471,718,413,3378
6151,706,1180,1647,2409,2777,,706,474,467,762,368,3374
6269,676,1195,1683,2420,2844,,676,519,488,737,424,3425
6181,720,1183,1598,2310,2728,,720,463,415,712,418,3453
6140,708,1185,1657,2370,2765,,708,477,472,713,395,3375
5969,711,1210,1638,2267,2601,,711,499,428,629,334,3368
6296,710,1210,1681,2434,2856,,710,500,471,753,422,3440
6262,696,1192,1658,2391,2811,,696,496,466,733,420,3451
6290,747,1235,1660,2412,2829,,747,488,425,752,417,3461
6236,710,1210,1682,2409,2828,,710,500,472,727,419,3408
6163,709,1186,1657,2372,2786,,709,477,471,715,414,3377
6201,709,1185,1666,2370,2777,,709,476,481,704,407,3424
6164,720,1207,1679,2391,2788,,720,487,472,712,397,3376
6146,711,1183,1654,2367,2768,,711,472,471,713,401,3378
6135,710,1185,1659,2368,2766,,710,475,474,709,398,3369
5938,710,1183,1612,2243,2575,,710,473,429,631,332,3363
6308,709,1218,1697,2436,2856,,709,509,479,739,420,3452
6179,647,1135,1610,2311,2681,,647,488,475,701,370,3498
6278,708,1163,1645,2357,2832,,708,455,482,712,475,3446
6160,708,1183,1655,2367,2785,,708,475,472,712,418,3375
6163,707,1182,1654,2346,2786,,707,475,472,692,440,3377
6167,709,1183,1655,2374,2775,,709,474,472,719,401,3392
6190,711,1210,1706,2393,2812,,711,499,496,687,419,3378
6144,707,1196,1670,2366,2763,,707,489,474,696,397,3381
6137,710,1185,1657,2367,2765,,710,475,472,710,398,3372
6061,709,1209,1640,2350,2676,,709,500,431,710,326,3385
6068,656,1082,1541,2219,2575,,656,426,459,678,356,3493
6204,719,1205,1693,2402,2770,,719,486,488,709,368,3434
6254,710,1184,1655,2407,2828,,710,474,471,752,421,3426
6162,708,1208,1681,2366,2784,,708,500,473,685,418,3378
6000,709,1140,1619,2267,2624,,709,431,479,648,357,3376
6140,709,1184,1682,2369,2767,,709,475,498,687,398,3373
5968,706,1216,1646,2277,2608,,706,510,430,631,331,3360
6203,708,1184,1657,2366,2764,,708,476,473,709,398,3439
6163,709,1184,1657,2409,2786,,709,475,473,752,377,3377
6278,710,1184,1656,2410,2831,,710,474,472,754,421,3447
6152,649,1119,1598,2284,2675,,649,470,479,686,391,3477
6253,657,1224,1709,2420,2812,,657,567,485,711,392,3441
6127,708,1183,1622,2310,2705,,708,475,439,688,395,3422
6163,709,1184,1655,2410,2788,,709,475,471,755,378,3375
6141,710,1186,1660,2371,2765,,710,476,474,711,394,3376
6230,722,1230,1719,2406,2804,,722,508,489,687,398,3426
6185,707,1209,1680,2431,2810,,707,502,471,751,379,3375
6168,706,1183,1655,2367,2786,,706,477,472,712,419,3382
5932,706,1181,1612,2241,2574,,706,475,431,629,333,3358
6277,707,1209,1682,2434,2853,,707,502,473,752,419,3424
6152,647,1115,1597,2308,2699,,647,468,482,711,391,3453
6152,646,1131,1602,2304,2697,,646,485,471,702,393,3455
6212,708,1184,1655,2409,2828,,708,476,471,754,419,3384
6162,709,1183,1654,2371,2784,,709,474,471,717,413,3378
6138,710,1185,1681,2368,2767,,710,475,496,687,399,3371
6094,711,1211,1684,2328,2707,,711,500,473,644,379,3387
6172,706,1218,1688,2407,2799,,706,512,470,719,392,3373
6141,710,1185,1657,2371,2766,,710,475,472,714,395,3375
6292,750,1234,1721,2432,2846,,750,484,487,711,414,3446
6290,720,1234,1718,2427,2843,,720,514,484,709,416,3447
6319,744,1191,1650,2419,2841,,744,447,459,769,422,3478
6288,701,1245,1758,2447,2839,,701,544,513,689,392,3449
6321,721,1205,1674,2420,2843,,721,484,469,746,423,3478
6290,718,1202,1692,2418,2841,,718,484,490,726,423,3449
6262,705,1178,1692,2449,2845,,705,473,514,757,396,3417
6290,747,1256,1665,2451,2851,,747,509,409,786,400,3439
6315,719,1203,1692,2449,2866,,719,484,489,757,417,3449
6301,719,1228,1696,2448,2864,,719,509,468,752,416,3437
6162,709,1184,1657,2372,2785,,709,475,473,715,413,3377
6187,709,1184,1614,2310,2728,,709,475,430,696,418,3459
6094,649,1126,1530,2236,2653,,649,477,404,706,417,3441
6112,683,1113,1624,2309,2675,,683,430,511,685,366,3437
6202,709,1144,1624,2332,2752,,709,435,480,708,420,3450
6162,709,1184,1657,2409,2786,,709,475,473,752,377,3376
6137,711,1211,1667,2370,2766,,711,500,456,703,396,3371
6141,710,1185,1661,2370,2767,,710,475,476,709,397,3374
6135,708,1206,1679,2365,2763,,708,498,473,686,398,3372
6136,711,1187,1660,2368,2766,,711,476,473,708,398,3370
5961,711,1187,1618,2268,2602,,711,476,431,650,334,3359
6058,711,1210,1640,2271,2627,,711,499,430,631,356,3431
6218,744,1189,1606,2319,2730,,744,445,417,713,411,3488
6153,704,1125,1608,2320,2723,,704,421,483,712,403,3430
6253,709,1184,1655,2384,2830,,709,475,471,729,446,3423
6165,709,1185,1655,2410,2788,,709,476,470,755,378,3377
6094,710,1183,1652,2346,2676,,710,473,469,694,330,3418
6142,708,1184,1658,2372,2764,,708,476,474,714,392,3378
6137,709,1183,1656,2373,2767,,709,474,473,717,394,3370
5954,708,1183,1624,2256,2602,,708,475,441,632,346,3352
5962,709,1185,1614,2271,2602,,709,476,429,657,331,3360
6014,708,1209,1638,2269,2625,,708,501,429,631,356,3389
6053,667,1117,1529,2235,2625,,667,450,412,706,390,3428
6152,652,1116,1553,2258,2650,,652,464,437,705,392,3502
6237,709,1183,1666,2410,2828,,709,474,483,744,418,3409
6164,710,1185,1657,2367,2786,,710,475,472,710,419,3378
6165,708,1184,1656,2409,2791,,708,476,472,753,382,3374
6142,709,1184,1657,2373,2765,,709,475,473,716,392,3377
6138,676,1186,1658,2374,2766,,676,510,472,716,392,3372
6138,710,1187,1658,2371,2765,,710,477,471,713,394,3373
5986,709,1188,1618,2292,2629,,709,479,430,674,337,3357
6012,708,1209,1637,2270,2625,,708,501,428,633,355,3387
6027,668,1118,1529,2187,2578,,668,450,411,658,391,3449
6153,653,1121,1562,2259,2675,,653,468,441,697,416,3478
6238,708,1184,1656,2409,2830,,708,476,472,753,421,3408
6140,709,1184,1656,2373,2788,,709,475,472,717,415,3352
6166,711,1185,1656,2374,2786,,711,474,471,718,412,3380
6141,710,1185,1658,2374,2766,,710,475,473,716,392,3375
6137,711,1186,1657,2377,2765,,711,475,471,720,388,3372
6137,710,1185,1658,2372,2766,,710,475,473,714,394,3371
5937,709,1186,1617,2244,2577,,709,477,431,627,333,3360
6087,708,1208,1639,2268,2666,,708,500,431,629,398,3421
5983,667,1119,1529,2168,2553,,667,452,410,639,385,3430
6054,653,1118,1528,2230,2621,,653,465,410,702,391,3433
6237,709,1185,1657,2410,2829,,709,476,472,753,419,3408
6013,712,1184,1614,2267,2625,,712,472,430,653,358,3388
6165,710,1185,1657,2374,2787,,710,475,472,717,413,3378
6142,710,1185,1658,2376,2764,,710,475,473,718,388,3378
6162,709,1209,1681,2396,2789,,709,500,472,715,393,3373
6139,709,1183,1654,2366,2765,,709,474,471,712,399,3374
5959,709,1183,1612,2268,2600,,709,474,429,656,332,3359
5988,711,1210,1638,2269,2604,,711,499,428,631,335,3384
6004,708,1117,1528,2167,2573,,708,409,411,639,406,3431
6034,655,1097,1511,2189,2604,,655,442,414,678,415,3430
6237,710,1184,1654,2410,2830,,710,474,470,756,420,3407
6164,709,1183,1656,2367,2785,,709,474,473,711,418,3379
6136,710,1185,1657,2374,2766,,710,475,472,717,392,3370
6142,710,1185,1657,2373,2769,,710,475,472,716,396,3373
6136,710,1184,1654,2374,2768,,710,474,470,720,394,3368
6136,709,1185,1673,2369,2764,,709,476,488,696,395,3372
5934,708,1183,1614,2241,2574,,708,475,431,627,333,3360
6006,709,1209,1638,2269,2602,,709,500,429,631,333,3404
6084,719,1179,1625,2304,2683,,719,460,446,679,379,3401
6167,689,1160,1604,2303,2682,,689,471,444,699,379,3485
6177,720,1219,1632,2333,2726,,720,499,413,701,393,3451
6165,710,1184,1657,2371,2786,,710,474,473,714,415,3379
6146,711,1185,1657,2373,2765,,711,474,472,716,392,3381
6139,708,1183,1654,2367,2764,,708,475,471,713,397,3375
5963,709,1210,1641,2269,2604,,709,501,431,628,335,3359
6152,708,1183,1654,2359,2680,,708,475,471,705,321,3472
6166,711,1184,1657,2409,2788,,711,473,473,752,379,3378
5986,709,1185,1613,2244,2577,,709,476,428,631,333,3409
5928,709,1117,1527,2166,2499,,709,408,410,639,333,3429
5873,661,1076,1487,2101,2461,,661,415,411,614,360,3412
6256,710,1187,1658,2409,2829,,710,477,471,751,420,3427
6164,712,1184,1681,2410,2788,,712,472,497,729,378,3376
6163,709,1184,1681,2369,2788,,709,475,497,688,419,3375
6141,712,1184,1655,2373,2765,,712,472,471,718,392,3376
6169,703,1216,1688,2406,2798,,703,513,472,718,392,3371
6136,710,1184,1655,2374,2765,,710,474,471,719,391,3371
6135,711,1185,1657,2367,2765,,711,474,472,710,398,3370
5962,709,1210,1638,2267,2601,,709,501,428,629,334,3361
5953,709,1118,1530,2167,2502,,709,409,412,637,335,3451
5962,664,1076,1489,2125,2520,,664,412,413,636,395,3442
6279,709,1185,1656,2410,2829,,709,476,471,754,419,3450
6165,710,1186,1657,2369,2788,,710,476,471,712,419,3377
6154,710,1184,1656,2375,2779,,710,474,472,719,404,3375
6137,708,1183,1656,2370,2764,,708,475,473,714,394,3373
6022,705,1193,1665,2329,2662,,705,488,472,664,333,3360
6137,708,1183,1655,2370,2764,,708,475,472,715,394,3373
6135,710,1184,1657,2368,2765,,710,474,473,711,397,3370
5961,709,1209,1638,2269,2602,,709,500,429,631,333,3359
5928,708,1118,1528,2167,2501,,708,410,410,639,334,3427
6175,694,1189,1627,2265,2678,,694,495,438,638,413,3497
6253,720,1205,1692,2364,2833,,720,485,487,672,469,3420
6062,711,1184,1682,2337,2656,,711,473,498,655,319,3406
6155,712,1185,1657,2409,2783,,712,473,472,752,374,3372
6171,711,1186,1656,2374,2788,,711,475,470,718,414,3383
6139,662,1188,1670,2368,2764,,662,526,482,698,396,3375
6140,710,1184,1657,2368,2766,,710,474,473,711,398,3374
5962,709,1184,1615,2269,2605,,709,475,431,654,336,3357
5964,712,1210,1639,2270,2604,,712,498,429,631,334,3360
5978,710,1142,1557,2193,2528,,710,432,415,636,335,3450
5929,670,1119,1531,2167,2497,,670,449,412,636,330,3432
6252,709,1184,1655,2411,2828,,709,475,471,756,417,3424
6162,710,1184,1657,2367,2786,,710,474,473,710,419,3376
6163,711,1188,1660,2373,2790,,711,477,472,713,417,3373
6140,710,1185,1657,2373,2766,,710,475,472,716,393,3374
6166,686,1185,1657,2411,2791,,686,499,472,754,380,3375
6165,714,1185,1641,2412,2790,,714,471,456,771,378,3375
6135,707,1182,1655,2366,2764,,707,475,473,711,398,3371
5987,709,1210,1638,2269,2602,,709,501,428,631,333,3385
5979,710,1143,1557,2193,2549,,710,433,414,636,356,3430
5928,669,1119,1528,2165,2485,,669,450,409,637,320,3443
6255,710,1185,1657,2410,2828,,710,475,472,753,418,3427
6188,711,1185,1659,2371,2787,,711,474,474,712,416,3401
6169,711,1186,1659,2375,2790,,711,475,473,716,415,3379
6141,711,1186,1657,2373,2765,,711,475,471,716,392,3376
6167,698,1185,1657,2410,2792,,698,487,472,753,382,3375
6134,707,1182,1656,2370,2763,,707,475,474,714,393,3371
6137,710,1185,1656,2368,2767,,710,475,471,712,399,3370
5962,709,1209,1638,2270,2602,,709,500,429,632,332,3360
5955,709,1141,1555,2192,2527,,709,432,414,637,335,3428
5872,668,1119,1524,2163,2482,,668,451,405,639,319,3390
6256,711,1186,1658,2411,2830,,711,475,472,753,419,3426
6161,708,1183,1655,2368,2785,,708,475,472,713,417,3376
6143,711,1211,1684,2369,2777,,711,500,473,685,408,3366
6163,711,1185,1658,2374,2790,,711,474,473,716,416,3373
6135,710,1184,1657,2372,2763,,710,474,473,715,391,3372
6138,710,1185,1656,2371,2766,,710,475,471,715,395,3372
6138,712,1185,1658,2368,2767,,712,473,473,710,399,3371
5961,710,1209,1638,2268,2601,,710,499,429,630,333,3360
5952,709,1141,1555,2191,2514,,709,432,414,636,323,3438
5954,710,1122,1530,2168,2502,,710,412,408,638,334,3452
6280,711,1185,1660,2397,2834,,711,474,475,737,437,3446
6187,709,1188,1662,2370,2787,,709,479,474,708,417,3400
6165,710,1186,1659,2372,2787,,710,476,473,713,415,3378
6142,711,1186,1659,2375,2767,,711,475,473,716,392,3375
6089,710,1144,1621,2309,2666,,710,434,477,688,357,3423
6130,709,1185,1657,2370,2763,,709,476,472,713,393,3367
6175,705,1222,1694,2404,2804,,705,517,472,710,400,3371
5967,710,1211,1641,2270,2603,,710,501,430,629,333,3364
5977,708,1144,1557,2192,2527,,708,436,413,635,335,3450
5928,695,1132,1530,2163,2510,,695,437,398,633,347,3418
6280,709,1184,1656,2410,2831,,709,475,472,754,421,3449
6121,704,1203,1694,2376,2763,,704,499,491,682,387,3358
6167,711,1186,1658,2374,2789,,711,475,472,716,415,3378
6251,709,1208,1681,2397,2811,,709,499,473,716,414,3440
6166,658,1070,1589,2300,2732,,658,412,519,711,432,3434
6392,750,1288,1846,2557,2949,,750,538,558,711,392,3443
6290,718,1228,1715,2425,2841,,718,510,487,710,416,3449
6332,717,1228,1716,2482,2900,,717,511,488,766,418,3432
6292,746,1255,1771,2456,2823,,746,509,516,685,367,3469
6209,717,1201,1716,2387,2764,,717,484,515,671,377,3445
6124,703,1193,1612,2304,2696,,703,490,419,692,392,3428
6278,710,1185,1658,2410,2829,,710,475,473,752,419,3449
6162,710,1184,1656,2409,2787,,710,474,472,753,378,3375
6174,705,1219,1715,2402,2800,,705,514,496,687,398,3374
5986,712,1185,1633,2294,2628,,712,473,448,661,334,3358
6131,712,1187,1660,2361,2781,,712,475,473,701,420,3350
6138,712,1186,1657,2369,2767,,712,474,471,712,398,3371
5985,711,1212,1640,2269,2603,,711,501,428,629,334,3382
6002,712,1183,1611,2242,2575,,712,471,428,631,333,3427
5980,711,1142,1559,2195,2549,,711,431,417,636,354,3431
6280,711,1186,1657,2412,2831,,711,475,471,755,419,3449
6167,713,1186,1657,2369,2789,,713,473,471,712,420,3378
5996,710,1210,1640,2292,2629,,710,500,430,652,337,3367
6142,711,1185,1658,2367,2766,,711,474,473,709,399,3376
5959,711,1209,1641,2267,2601,,711,498,432,626,334,3358
6004,670,1183,1612,2246,2577,,670,513,429,634,331,3427
6165,667,1189,1660,2410,2789,,667,522,471,750,379,3376
6136,711,1185,1641,2352,2766,,711,474,456,711,414,3370
5979,708,1183,1587,2216,2550,,708,475,404,629,334,3429
5981,714,1170,1587,2222,2555,,714,456,417,635,333,3426
6280,709,1184,1655,2409,2830,,709,475,471,754,421,3450
6189,708,1183,1655,2370,2787,,708,475,472,715,417,3402
6164,709,1184,1656,2372,2787,,709,475,472,716,415,3377
6141,709,1184,1656,2372,2764,,709,475,472,716,392,3377
6137,710,1186,1660,2373,2766,,710,476,474,713,393,3371
6139,710,1185,1659,2371,2768,,710,475,474,712,397,3371
6136,675,1185,1656,2372,2766,,675,510,471,716,394,3370
5935,711,1184,1613,2246,2576,,711,473,429,633,330,3359
5953,709,1144,1555,2193,2526,,709,435,411,638,333,3427
5979,707,1165,1580,2217,2550,,707,458,415,637,333,3429
6254,710,1185,1656,2399,2829,,710,475,471,743,430,3425
6187,709,1184,1657,2368,2787,,709,475,473,711,419,3400
6141,710,1196,1672,2367,2767,,710,486,476,695,400,3374
6184,708,1208,1680,2397,2789,,708,500,472,717,392,3395
6288,719,1203,1691,2419,2841,,719,484,488,728,422,3447
6317,721,1208,1694,2422,2873,,721,487,486,728,451,3444
6323,696,1176,1659,2424,2846,,696,480,483,765,422,3477
6269,721,1205,1694,2421,2843,,721,484,489,727,422,3426
6243,751,1264,1748,2433,2802,,751,513,484,685,369,3441
6240,749,1261,1746,2430,2801,,749,512,485,684,371,3439
6317,750,1235,1701,2452,2870,,750,485,466,751,418,3447
6292,721,1206,1693,2422,2844,,721,485,487,729,422,3448
6317,719,1203,1720,2458,2892,,719,484,517,738,434,3425
6290,719,1230,1741,2479,2917,,719,511,511,738,438,3373
6179,712,1144,1623,2336,2731,,712,432,479,713,395,3448
6240,711,1185,1657,2410,2829,,711,474,472,753,419,3411
6163,709,1197,1673,2371,2789,,709,488,476,698,418,3374
5936,711,1186,1616,2245,2577,,711,475,430,629,332,3359
6154,709,1209,1679,2351,2681,,709,500,470,672,330,3473
5979,709,1186,1592,2217,2550,,709,477,406,625,333,3429
6279,710,1184,1656,2410,2833,,710,474,472,754,423,3446
6215,713,1185,1657,2411,2830,,713,472,472,754,419,3385
6194,710,1186,1657,2374,2789,,710,476,471,717,415,3405
6171,705,1219,1715,2406,2800,,705,514,496,691,394,3371
6138,677,1185,1659,2377,2765,,677,508,474,718,388,3373
6138,711,1185,1657,2373,2768,,711,474,472,716,395,3370
6012,713,1187,1632,2294,2632,,713,474,445,662,338,3380
5963,710,1211,1641,2270,2603,,710,501,430,629,333,3360
6200,709,1185,1655,2355,2764,,709,476,470,700,409,3436
6242,687,1198,1661,2379,2801,,687,511,463,718,422,3441
6318,720,1204,1672,2452,2869,,720,484,468,780,417,3449
6315,718,1203,1691,2448,2866,,718,485,488,757,418,3449
6265,719,1203,1692,2420,2821,,719,484,489,728,401,3444
6316,720,1234,1721,2460,2868,,720,514,487,739,408,3448
6320,721,1205,1694,2399,2843,,721,484,489,705,444,3477
6291,721,1205,1672,2420,2843,,721,484,467,748,423,3448
6152,718,1181,1607,2308,2727,,718,463,426,701,419,3425
6138,710,1185,1656,2368,2766,,710,475,471,712,398,3372
6129,709,1185,1655,2353,2677,,709,476,470,698,324,3452
5996,709,1187,1617,2243,2579,,709,478,430,626,336,3417
6255,710,1186,1661,2409,2830,,710,476,475,748,421,3425
6238,708,1183,1655,2409,2829,,708,475,472,754,420,3409
6166,711,1185,1682,2370,2787,,711,474,497,688,417,3379
6324,724,1234,1721,2430,2846,,724,510,487,709,416,3478
6343,721,1251,1772,2482,2894,,721,530,521,710,412,3449
6291,722,1206,1694,2395,2844,,722,484,488,701,449,3447
6279,722,1235,1665,2409,2832,,722,513,430,744,423,3447
6137,709,1184,1655,2367,2764,,709,475,471,712,397,3373
6204,711,1186,1658,2354,2768,,711,475,472,696,414,3436
6241,709,1193,1712,2396,2801,,709,484,519,684,405,3440
6217,719,1227,1684,2343,2755,,719,508,457,659,412,3462
6292,721,1231,1719,2428,2843,,721,510,488,709,415,3449
6269,723,1206,1695,2423,2824,,723,483,489,728,401,3445
6317,725,1209,1696,2422,2871,,725,484,487,726,449,3446
6293,721,1235,1721,2431,2843,,721,514,486,710,412,3450
6290,720,1205,1693,2420,2842,,720,485,488,727,422,3448
6120,721,1127,1596,2272,2681,,721,406,469,676,409,3439
6293,721,1231,1719,2428,2845,,721,510,488,709,417,3448
6236,721,1206,1673,2396,2816,,721,485,467,723,420,3420
6241,727,1222,1710,2420,2819,,727,495,488,710,399,3422
6269,722,1231,1724,2434,2825,,722,509,493,710,391,3444
6241,723,1210,1696,2400,2821,,723,487,486,704,421,3420
6292,722,1207,1693,2421,2845,,722,485,486,728,424,3447
6286,720,1206,1692,2420,2843,,720,486,486,728,423,3443
6292,723,1208,1696,2423,2845,,723,485,488,727,422,3447
6290,720,1203,1693,2421,2843,,720,483,490,728,422,3447
6238,721,1185,1669,2368,2832,,721,464,484,699,464,3406
5948,706,1194,1624,2255,2587,,706,488,430,631,332,3361
6201,711,1185,1656,2373,2769,,711,474,471,717,396,3432
5997,708,1183,1612,2244,2574,,708,475,429,632,330,3423
6155,709,1144,1624,2311,2707,,709,435,480,687,396,3448
6239,710,1186,1659,2411,2830,,710,476,473,752,419,3409
6165,708,1185,1656,2375,2788,,708,477,471,719,413,3377
6137,713,1184,1656,2374,2767,,713,471,472,718,393,3370
6167,711,1185,1658,2375,2793,,711,474,473,717,418,3374
6066,711,1168,1649,2296,2651,,711,457,481,647,355,3415
6132,710,1184,1656,2369,2768,,710,474,472,713,399,3364
5938,712,1187,1617,2245,2578,,712,475,430,628,333,3360
6167,712,1186,1659,2367,2767,,712,474,473,708,400,3400
6249,744,1284,1769,2457,2862,,744,540,485,688,405,3387
6292,722,1207,1695,2421,2844,,722,485,488,726,423,3448
5997,672,1105,1544,2204,2592,,672,433,439,660,388,3405
5998,668,1107,1545,2209,2595,,668,439,438,664,386,3403
5997,674,1132,1569,2231,2593,,674,458,437,662,362,3404
6273,709,1197,1689,2422,2846,,709,488,492,733,424,3427
6240,725,1210,1675,2374,2821,,725,485,465,699,447,3419
6194,723,1207,1725,2433,2747,,723,484,518,708,314,3447
6292,721,1205,1693,2422,2844,,721,484,488,729,422,3448
6318,722,1205,1694,2422,2845,,722,483,489,728,423,3473
6210,718,1229,1714,2422,2818,,718,511,485,708,396,3392
6279,711,1186,1659,2410,2831,,711,475,473,751,421,3448
6236,709,1183,1654,2410,2832,,709,474,471,756,422,3404
6137,710,1184,1654,2374,2764,,710,474,470,720,390,3373
6138,673,1186,1658,2370,2768,,673,513,472,712,398,3370
6172,701,1220,1717,2404,2801,,701,519,497,687,397,3371
6185,709,1210,1681,2392,2816,,709,501,471,711,424,3369
5969,706,1208,1639,2267,2599,,706,502,431,628,332,3370
5986,708,1209,1638,2268,2601,,708,501,429,630,333,3385
6209,712,1186,1658,2410,2788,,712,474,472,752,378,3421
6057,706,1195,1665,2305,2638,,706,489,470,640,333,3419
6292,722,1232,1717,2426,2842,,722,510,485,709,416,3450
6292,721,1206,1694,2421,2843,,721,485,488,727,422,3449
6289,719,1204,1692,2419,2841,,719,485,488,727,422,3448
6291,722,1231,1719,2428,2843,,722,509,488,709,415,3448
6289,722,1206,1694,2419,2842,,722,484,488,725,423,3447
6183,707,1179,1649,2388,2778,,707,472,470,739,390,3405
6231,724,1234,1720,2409,2807,,724,510,486,689,398,3424
6136,711,1186,1659,2368,2765,,711,475,473,709,397,3371
6188,711,1211,1681,2435,2811,,711,500,470,754,376,3377
6223,709,1184,1656,2367,2766,,709,475,472,711,399,3457
6229,723,1231,1720,2414,2792,,723,508,489,694,378,3437
6255,712,1185,1658,2412,2830,,712,473,473,754,418,3425
6168,711,1187,1659,2415,2789,,711,476,472,756,374,3379
6167,712,1185,1656,2410,2792,,712,473,471,754,382,3375
6117,703,1215,1660,2362,2741,,703,512,445,702,379,3376
6143,711,1187,1659,2375,2767,,711,476,472,716,392,3376
6143,714,1187,1658,2369,2767,,714,473,471,711,398,3376
5942,715,1189,1619,2248,2580,,715,474,430,629,332,3362
5959,657,1133,1605,2266,2603,,657,476,472,661,337,3356
6202,711,1187,1659,2356,2766,,711,476,472,697,410,3436
6279,710,1185,1656,2409,2830,,710,475,471,753,421,3449
6213,712,1185,1657,2410,2829,,712,473,472,753,419,3384
5991,711,1143,1625,2269,2625,,711,432,482,644,356,3366
6293,671,1183,1667,2423,2848,,671,512,484,756,425,3445
6254,721,1209,1696,2421,2812,,721,488,487,725,391,3442
6063,709,1185,1641,2352,2705,,709,476,456,711,353,3358
6142,710,1188,1685,2369,2766,,710,478,497,684,397,3376
5934,709,1182,1617,2241,2574,,709,473,435,624,333,3360
6159,712,1210,1682,2397,2791,,712,498,472,715,394,3368
6154,679,1185,1656,2352,2681,,679,506,471,696,329,3473
6271,704,1175,1646,2404,2824,,704,471,471,758,420,3447
6213,710,1184,1655,2409,2831,,710,474,471,754,422,3382
6165,710,1183,1654,2372,2786,,710,473,471,718,414,3379
6293,710,1142,1634,2348,2845,,710,432,492,714,497,3448
6292,716,1201,1690,2423,2845,,716,485,489,733,422,3447
6256,723,1206,1694,2369,2832,,723,483,488,675,463,3424
6170,710,1186,1684,2409,2787,,710,476,498,725,378,3383
5938,710,1185,1617,2243,2577,,710,475,432,626,334,3361
6037,711,1171,1649,2319,2655,,711,460,478,670,336,3382
6204,711,1188,1660,2369,2767,,711,477,472,709,398,3437
6230,711,1186,1657,2411,2806,,711,475,471,754,395,3424
6213,710,1186,1658,2411,2830,,710,476,472,753,419,3383
5993,711,1143,1582,2243,2601,,711,432,439,661,358,3392
6090,710,1144,1624,2334,2712,,710,434,480,710,378,3378
6151,705,1211,1684,2396,2774,,705,506,473,712,378,3377
6205,710,1185,1660,2372,2767,,710,475,475,712,395,3438
6143,711,1188,1687,2366,2766,,711,477,499,679,400,3377
5961,710,1210,1642,2270,2603,,710,500,432,628,333,3358
5962,658,1082,1551,2260,2587,,658,424,469,709,327,3375
6203,672,1188,1660,2376,2767,,672,516,472,716,391,3436
6258,712,1189,1660,2412,2830,,712,477,471,752,418,3428
6237,712,1186,1657,2412,2830,,712,474,471,755,418,3407
5967,711,1144,1583,2246,2600,,711,433,439,663,354,3367
6091,710,1145,1569,2263,2641,,710,435,424,694,378,3450
6292,710,1155,1639,2421,2843,,710,445,484,782,422,3449
6231,722,1208,1695,2422,2792,,722,486,487,727,370,3439
6171,712,1184,1656,2410,2787,,712,472,472,754,377,3384
5971,711,1186,1616,2247,2577,,711,475,430,631,330,3394
6163,701,1211,1684,2439,2783,,701,510,473,755,344,3380
6168,668,1183,1656,2372,2764,,668,515,473,716,392,3404
6281,711,1185,1657,2411,2831,,711,474,472,754,420,3450
6063,711,1185,1684,2339,2659,,711,474,499,655,320,3404
6167,711,1185,1656,2411,2791,,711,474,471,755,380,3376
6166,712,1185,1614,2320,2730,,712,473,429,706,410,3436
6164,715,1210,1634,2344,2738,,715,495,424,710,394,3426
6169,712,1185,1658,2374,2788,,712,473,473,716,414,3381
5968,710,1187,1618,2247,2580,,710,477,431,629,333,3388
5962,709,1208,1638,2269,2601,,709,499,430,631,332,3361
6162,711,1211,1683,2435,2791,,711,500,472,752,356,3371
6160,709,1210,1681,2435,2791,,709,501,471,754,356,3369
6257,709,1186,1685,2375,2834,,709,477,499,690,459,3423
6256,710,1185,1655,2410,2832,,710,475,470,755,422,3424
5965,711,1143,1581,2245,2599,,711,432,438,664,354,3366
6169,710,1186,1613,2322,2732,,710,476,427,709,410,3437
6299,716,1227,1716,2453,2855,,716,511,489,737,402,3444
6279,722,1206,1657,2356,2834,,722,484,451,699,478,3445
6142,711,1185,1658,2375,2765,,711,474,473,717,390,3377
5937,712,1186,1616,2246,2577,,712,474,430,630,331,3360
6187,711,1212,1683,2435,2812,,711,501,471,752,377,3375
6167,704,1218,1690,2443,2797,,704,514,472,753,354,3370
6257,710,1185,1656,2410,2831,,710,475,471,754,421,3426
6238,714,1186,1657,2411,2831,,714,472,471,754,420,3407
6139,711,1185,1656,2375,2766,,711,474,471,719,391,3373
5964,713,1146,1582,2247,2605,,713,433,436,665,358,3359
5897,676,1146,1575,2205,2536,,676,470,429,630,331,3361
6004,710,1186,1614,2244,2576,,710,476,428,630,332,3428
6165,706,1181,1678,2406,2762,,706,475,497,728,356,3403
5962,710,1210,1639,2268,2601,,710,500,429,629,333,3361
6190,688,1212,1684,2437,2814,,688,524,472,753,377,3376
6123,705,1205,1680,2370,2746,,705,500,475,690,376,3377
6298,705,1206,1677,2429,2857,,705,501,471,752,428,3441
6253,709,1183,1655,2410,2827,,709,474,472,755,417,3426
5992,712,1187,1619,2270,2625,,712,475,432,651,355,3367
6166,713,1187,1660,2412,2792,,713,474,473,752,380,3374
6024,706,1173,1644,2307,2641,,706,467,471,663,334,3383
6142,710,1186,1659,2369,2766,,710,476,473,710,397,3376
6143,711,1184,1655,2369,2768,,711,473,471,714,399,3375
6086,713,1186,1641,2352,2679,,713,473,455,711,327,3407
6188,711,1212,1709,2437,2814,,711,501,497,728,377,3374
6093,726,1170,1653,2341,2737,,726,444,483,688,396,3356
6255,712,1185,1659,2411,2831,,712,473,474,752,420,3424
6256,710,1187,1660,2412,2832,,710,477,473,752,420,3424
5992,713,1186,1617,2270,2626,,713,473,431,653,356,3366
6165,712,1214,1687,2412,2792,,712,502,473,725,380,3373
6101,704,1174,1646,2348,2700,,704,470,472,702,352,3401
6140,710,1185,1657,2374,2768,,710,475,472,717,394,3372
6142,712,1186,1657,2371,2768,,712,474,471,714,397,3374
5964,686,1185,1613,2245,2577,,686,499,428,632,332,3387
6113,659,1136,1608,2312,2686,,659,477,472,704,374,3427
6165,712,1186,1658,2413,2791,,712,474,472,755,378,3374
6280,712,1189,1662,2411,2831,,712,477,473,749,420,3449
6165,708,1186,1658,2373,2787,,708,478,472,715,414,3378
5938,710,1188,1619,2246,2581,,710,478,431,627,335,3357
6268,716,1185,1638,2371,2811,,716,469,453,733,440,3457
6195,717,1204,1643,2345,2739,,717,487,439,702,394,3456
6168,712,1212,1684,2410,2790,,712,500,472,726,380,3378
6139,711,1187,1660,2371,2767,,711,476,473,711,396,3372
5937,710,1188,1616,2245,2578,,710,478,428,629,333,3359
5861,657,1134,1605,2230,2523,,657,477,471,625,293,3338
6165,712,1187,1659,2411,2791,,712,475,472,752,380,3374
6256,712,1211,1682,2411,2832,,712,499,471,729,421,3424
6213,710,1185,1656,2387,2832,,710,475,471,731,445,3381
6077,711,1187,1617,2271,2649,,711,476,430,654,378,3428
6315,720,1206,1693,2421,2873,,720,486,487,728,452,3442
6328,702,1231,1719,2457,2879,,702,529,488,738,422,3449
6267,721,1205,1672,2422,2823,,721,484,467,750,401,3444
6291,721,1205,1693,2422,2844,,721,484,488,729,422,3447
6292,721,1207,1694,2380,2843,,721,486,487,686,463,3449
6319,722,1208,1696,2422,2845,,722,486,488,726,423,3474
6293,663,1183,1666,2423,2844,,663,520,483,757,421,3449
6230,724,1208,1674,2421,2780,,724,484,466,747,359,3450
6280,710,1186,1658,2410,2830,,710,476,472,752,420,3450
6164,711,1185,1658,2411,2790,,711,474,473,753,379,3374
6166,711,1185,1657,2375,2795,,711,474,472,718,420,3371
6203,662,1134,1592,2306,2745,,662,472,458,714,439,3458
6206,722,1209,1698,2382,2781,,722,487,489,684,399,3425
6173,712,1187,1658,2412,2790,,712,475,471,754,378,3383
6139,712,1186,1659,2369,2768,,712,474,473,710,399,3371
6191,711,1211,1681,2436,2815,,711,500,470,755,379,3376
6089,671,1187,1614,2311,2730,,671,516,427,697,419,3359
6257,719,1191,1663,2410,2831,,719,472,472,747,421,3426
6214,687,1186,1659,2412,2830,,687,499,473,753,418,3384
5992,712,1189,1620,2269,2625,,712,477,431,649,356,3367
6164,712,1185,1658,2375,2789,,712,473,473,717,414,3375
6238,671,1150,1611,2317,2728,,671,479,461,706,411,3510
6256,725,1237,1722,2432,2812,,725,512,485,710,380,3444
6167,714,1187,1661,2378,2793,,714,473,474,717,415,3374
5940,712,1187,1619,2246,2579,,712,475,432,627,333,3361
6164,713,1188,1660,2413,2793,,713,475,472,753,380,3371
6093,708,1130,1599,2308,2661,,708,422,469,709,353,3432
6301,709,1208,1678,2434,2853,,709,499,470,756,419,3448
6279,650,1186,1657,2411,2832,,650,536,471,754,421,3447
5866,713,1187,1618,2231,2526,,713,474,431,613,295,3340
6244,714,1187,1660,2390,2790,,714,473,473,730,400,3454
6193,714,1134,1619,2347,2759,,714,420,485,728,412,3434
6266,720,1203,1692,2419,2822,,720,483,489,727,403,3444
6292,723,1207,1696,2420,2844,,723,484,489,724,424,3448
6274,722,1207,1698,2422,2845,,722,485,491,724,423,3429
6214,712,1187,1659,2413,2832,,712,475,472,754,419,3382
6116,713,1144,1585,2289,2711,,713,431,441,704,422,3405
6214,704,1184,1656,2372,2764,,704,480,472,716,392,3450
6282,711,1187,1658,2411,2832,,711,476,471,753,421,3450
6169,711,1187,1659,2411,2789,,711,476,472,752,378,3380
6268,712,1187,1658,2390,2811,,712,475,471,732,421,3457
6076,660,1090,1500,2192,2600,,660,430,410,692,408,3476
6223,724,1207,1695,2421,2822,,724,483,488,726,401,3401
6318,709,1222,1711,2448,2870,,709,513,489,737,422,3448
6272,693,1197,1684,2422,2844,,693,504,487,738,422,3428
6323,723,1207,1695,2423,2845,,723,484,488,728,422,3478
6185,716,1198,1629,2321,2742,,716,482,431,692,421,3443
5981,710,1144,1564,2193,2542,,710,434,420,629,349,3439
6281,713,1187,1659,2412,2832,,713,474,472,753,420,3449
6173,709,1183,1656,2414,2786,,709,474,473,758,372,3387
6292,722,1206,1694,2423,2845,,722,484,488,729,422,3447
6300,715,1232,1697,2406,2852,,715,517,465,709,446,3448
6293,722,1231,1680,2394,2840,,722,509,449,714,446,3453
6292,720,1230,1720,2428,2843,,720,510,490,708,415,3449
6293,725,1210,1698,2423,2844,,725,485,488,725,421,3449
6322,724,1210,1698,2424,2846,,724,486,488,726,422,3476
6378,715,1245,1728,2484,2905,,715,530,483,756,421,3473
6156,721,1180,1654,2345,2678,,721,459,474,691,333,3478
6259,711,1186,1659,2412,2830,,711,475,473,753,418,3429
6167,713,1186,1657,2412,2792,,713,473,471,755,380,3375
6175,706,1219,1691,2400,2799,,706,513,472,709,399,3376
6069,650,1072,1519,2238,2633,,650,422,447,719,395,3436
6218,722,1234,1769,2441,2780,,722,512,535,672,339,3438
6294,722,1207,1695,2422,2845,,722,485,488,727,423,3449
6290,720,1204,1692,2420,2842,,720,484,488,728,422,3448
6293,723,1207,1695,2421,2845,,723,484,488,726,424,3448
6266,718,1197,1656,2369,2779,,718,479,459,713,410,3487
5980,722,1168,1593,2216,2536,,722,446,425,623,320,3444
6255,711,1185,1657,2412,2831,,711,474,472,755,419,3424
6165,711,1187,1661,2412,2791,,711,476,474,751,379,3374
6142,711,1187,1659,2369,2767,,711,476,472,710,398,3375
5866,649,1067,1464,2089,2432,,649,418,397,625,343,3434
6245,725,1238,1749,2419,2805,,725,513,511,670,386,3440
6293,724,1208,1697,2422,2846,,724,484,489,725,424,3447
6294,724,1207,1696,2423,2846,,724,483,489,727,423,3448
6291,723,1208,1696,2423,2845,,723,485,488,727,422,3446
6292,724,1187,1646,2423,2847,,724,463,459,777,424,3445
6057,723,1232,1673,2300,2632,,723,509,441,627,332,3425
6281,714,1185,1658,2412,2831,,714,471,473,754,419,3450
6167,714,1188,1660,2413,2792,,714,474,472,753,379,3375
6254,713,1189,1660,2372,2812,,713,476,471,712,440,3442
6168,675,1170,1627,2316,2711,,675,495,457,689,395,3457
6267,751,1235,1722,2417,2811,,751,484,487,695,394,3456
6294,723,1207,1694,2398,2847,,723,484,487,704,449,3447
6293,722,1231,1717,2428,2845,,722,509,486,711,417,3448
6293,722,1206,1694,2397,2845,,722,484,488,703,448,3448
6169,710,1201,1619,2302,2712,,710,491,418,683,410,3457
6181,722,1206,1641,2358,2762,,722,484,435,717,404,3419
6256,712,1187,1659,2412,2831,,712,475,472,753,419,3425
6141,711,1187,1659,2371,2767,,711,476,472,712,396,3374
6294,699,1212,1681,2438,2838,,699,513,469,757,400,3456
6220,713,1200,1659,2357,2762,,713,487,459,698,405,3458
6269,724,1239,1722,2431,2822,,724,515,483,709,391,3447
6322,724,1211,1696,2423,2846,,724,487,485,727,423,3476
6319,765,1250,1736,2449,2871,,765,485,486,713,422,3448
6292,722,1206,1692,2422,2845,,722,484,486,730,423,3447
6289,719,1204,1692,2393,2842,,719,485,488,701,449,3447
6051,728,1189,1599,2261,2601,,728,461,410,662,340,3450
6296,724,1209,1696,2424,2847,,724,485,487,728,423,3449
6295,725,1211,1698,2425,2846,,725,486,487,727,421,3449
6292,699,1198,1686,2423,2845,,699,499,488,737,422,3447
5996,724,1188,1619,2234,2611,,724,464,431,615,377,3385
5957,712,1144,1560,2195,2527,,712,432,416,635,332,3430
6283,713,1189,1661,2414,2832,,713,476,472,753,418,3451
6140,713,1189,1662,2372,2773,,713,476,473,710,401,3367
6239,701,1212,1684,2437,2857,,701,511,472,753,420,3382
6274,701,1220,1692,2450,2867,,701,519,472,758,417,3407
5984,700,1171,1584,2222,2554,,700,471,413,638,332,3430
6216,713,1188,1661,2414,2831,,713,475,473,753,417,3385
6167,712,1188,1660,2413,2791,,712,476,472,753,378,3376
6139,711,1186,1657,2370,2767,,711,475,471,713,397,3372
6001,649,1071,1538,2225,2605,,649,422,467,687,380,3396
6244,722,1206,1671,2380,2802,,722,484,465,709,422,3442
6318,752,1248,1736,2447,2870,,752,496,488,711,423,3448
6294,723,1232,1720,2429,2844,,723,509,488,709,415,3450
6321,723,1208,1695,2422,2845,,723,485,487,727,423,3476
6006,697,1142,1576,2208,2557,,697,445,434,632,349,3449
6008,678,1187,1593,2216,2567,,678,509,406,623,351,3441
6283,716,1189,1661,2415,2831,,716,473,472,754,416,3452
6170,713,1188,1660,2388,2793,,713,475,472,728,405,3377
6142,712,1188,1660,2373,2769,,712,476,472,713,396,3373
6227,700,1213,1664,2422,2831,,700,513,451,758,409,3396
6270,723,1237,1697,2382,2807,,723,514,460,685,425,3463
6293,723,1207,1695,2422,2845,,723,484,488,727,423,3448
6294,724,1209,1696,2423,2851,,724,485,487,727,428,3443
6347,753,1247,1735,2448,2870,,753,494,488,713,422,3477
6294,723,1232,1701,2400,2849,,723,509,469,699,449,3445
6183,706,1224,1687,2374,2720,,706,518,463,687,346,3463
6254,708,1183,1655,2411,2831,,708,475,472,756,420,3423
6166,712,1213,1686,2413,2791,,712,501,473,727,378,3375
6142,714,1189,1662,2371,2771,,714,475,473,709,400,3371
6077,700,1173,1594,2279,2671,,700,473,421,685,392,3406
6246,724,1231,1745,2417,2804,,724,507,514,672,387,3442
6294,723,1207,1695,2423,2846,,723,484,488,728,423,3448
6324,717,1229,1717,2454,2877,,717,512,488,737,423,3447
6292,722,1207,1720,2429,2845,,722,485,513,709,416,3447
6292,705,1197,1684,2421,2826,,705,492,487,737,405,3466
6271,714,1241,1699,2406,2829,,714,527,458,707,423,3442
6293,721,1207,1695,2422,2846,,721,486,488,727,424,3447
6242,724,1208,1699,2424,2825,,724,484,491,725,401,3417
6293,725,1208,1696,2424,2847,,725,483,488,728,423,3446
6120,711,1188,1594,2259,2639,,711,477,406,665,380,3481
6294,722,1206,1694,2450,2845,,722,484,488,756,395,3449
6293,724,1241,1725,2436,2846,,724,517,484,711,410,3447
6326,724,1208,1696,2423,2845,,724,484,488,727,422,3481
6270,723,1233,1720,2408,2822,,723,510,487,688,414,3448
6231,722,1211,1677,2400,2792,,722,489,466,723,392,3439
5957,712,1153,1561,2195,2530,,712,441,408,634,335,3427
6282,712,1187,1659,2412,2833,,712,475,472,753,421,3449
6166,712,1212,1683,2412,2792,,712,500,471,729,380,3374
6143,716,1188,1660,2369,2766,,716,472,472,709,397,3377
6106,701,1176,1603,2298,2687,,701,475,427,695,389,3419
6244,727,1210,1674,2385,2782,,727,483,464,711,397,3462
6293,724,1208,1697,2423,2846,,724,484,489,726,423,3447
6316,721,1221,1708,2446,2869,,721,500,487,738,423,3447
6291,720,1204,1692,2421,2843,,720,484,488,729,422,3448
6217,717,1209,1676,2394,2793,,717,492,467,718,399,3424
5983,713,1202,1609,2240,2558,,713,489,407,631,318,3425
6258,712,1186,1659,2411,2830,,712,474,473,752,419,3428
6167,711,1186,1657,2412,2791,,711,475,471,755,379,3376
6139,683,1183,1655,2368,2764,,683,500,472,713,396,3375
6001,661,1107,1564,2250,2589,,661,446,457,686,339,3412
6244,724,1208,1672,2381,2804,,724,484,464,709,423,3440
6295,724,1208,1697,2424,2846,,724,484,489,727,422,3449
6328,718,1231,1718,2456,2878,,718,513,487,738,422,3450
6295,723,1207,1696,2422,2846,,723,484,489,726,424,3449
6234,756,1228,1686,2384,2784,,756,472,458,698,400,3450
6220,673,1208,1670,2384,2772,,673,535,462,714,388,3448
6294,724,1233,1722,2432,2835,,724,509,489,710,403,3459
6295,723,1232,1720,2431,2847,,723,509,488,711,416,3448
6296,723,1233,1720,2429,2847,,723,510,487,709,418,3449
6232,724,1208,1696,2425,2790,,724,484,488,729,365,3442
5979,711,1186,1592,2218,2553,,711,475,406,626,335,3426
6257,712,1188,1660,2414,2836,,712,476,472,754,422,3421
6168,713,1188,1660,2412,2790,,713,475,472,752,378,3378
5991,712,1188,1619,2272,2604,,712,476,431,653,332,3387
5943,670,1096,1531,2215,2565,,670,426,435,684,350,3378
6056,699,1150,1560,2243,2614,,699,451,410,683,371,3442
6294,724,1209,1697,2423,2846,,724,485,488,726,423,3448
6290,718,1203,1691,2420,2841,,718,485,488,729,421,3449
6295,723,1209,1698,2423,2846,,723,486,489,725,423,3449
6249,724,1208,1699,2426,2768,,724,484,491,727,342,3481
6244,754,1276,1735,2404,2802,,754,522,459,669,398,3442
6295,723,1207,1696,2423,2846,,723,484,489,727,423,3449
6291,714,1239,1712,2463,2882,,714,525,473,751,419,3409
6141,712,1188,1660,2372,2768,,712,476,472,712,396,3373
6023,656,1097,1540,2240,2659,,656,441,443,700,419,3364
6016,696,1180,1615,2253,2571,,696,484,435,638,318,3445
6242,714,1188,1659,2414,2835,,714,474,471,755,421,3407
5963,712,1189,1618,2245,2580,,712,477,429,627,335,3383
6129,710,1186,1680,2355,2681,,710,476,494,675,326,3448
6060,680,1213,1619,2273,2615,,680,533,406,654,342,3445
6207,713,1187,1658,2370,2769,,713,474,471,712,399,3438
6256,713,1186,1659,2413,2832,,713,473,473,754,419,3424
6258,676,1189,1660,2387,2834,,676,513,471,727,447,3424
6140,714,1188,1661,2373,2771,,714,474,473,712,398,3369
6073,701,1174,1621,2311,2727,,701,473,447,690,416,3346
6009,697,1156,1561,2209,2581,,697,459,405,648,372,3428
6215,713,1187,1659,2413,2832,,713,474,472,754,419,3383
6165,713,1187,1659,2375,2789,,713,474,472,716,414,3376
6140,713,1187,1657,2369,2770,,713,474,470,712,401,3370
6182,700,1187,1635,2333,2750,,700,487,448,698,417,3432
6243,723,1207,1671,2380,2803,,723,484,464,709,423,3440
6294,724,1239,1724,2434,2847,,724,515,485,710,413,3447
6296,724,1210,1696,2424,2847,,724,486,486,728,423,3449
6294,724,1210,1697,2424,2846,,724,486,487,727,422,3448
6155,698,1204,1628,2337,2732,,698,506,424,709,395,3423
5981,712,1144,1558,2199,2552,,712,432,414,641,353,3429
6283,714,1187,1660,2411,2831,,714,473,473,751,420,3452
6141,714,1188,1660,2379,2769,,714,474,472,719,390,3372
5906,713,1187,1611,2241,2560,,713,474,424,630,319,3346
6091,698,1217,1651,2298,2658,,698,519,434,647,360,3433
6271,724,1209,1672,2381,2807,,724,485,463,709,426,3464
6294,723,1206,1696,2423,2847,,723,483,490,727,424,3447
6283,664,1188,1661,2414,2837,,664,524,473,753,423,3446
6140,711,1187,1660,2372,2769,,711,476,473,712,397,3371
6307,701,1214,1681,2403,2860,,701,513,467,722,457,3447
5883,647,1086,1483,2119,2439,,647,439,397,636,320,3444
6283,714,1190,1663,2415,2835,,714,476,473,752,420,3448
6167,713,1187,1658,2377,2789,,713,474,471,719,412,3378
6140,712,1188,1662,2370,2769,,712,476,474,708,399,3371
5959,701,1214,1647,2270,2588,,701,513,433,623,318,3371
5956,711,1121,1532,2169,2505,,711,410,411,637,336,3451
6256,711,1185,1656,2411,2831,,711,474,471,755,420,3425
6167,712,1188,1660,2377,2790,,712,476,472,717,413,3377
5962,712,1187,1620,2247,2581,,712,475,433,627,334,3381
5996,649,1084,1501,2157,2562,,649,435,417,656,405,3434
6106,649,1135,1599,2269,2656,,649,486,464,670,387,3450
6293,723,1208,1697,2423,2845,,723,485,489,726,422,3448
6295,725,1210,1696,2424,2846,,725,485,486,728,422,3449
6292,723,1208,1696,2423,2846,,723,485,488,727,423,3446
6242,726,1209,1641,2414,2792,,726,483,432,773,378,3450
6272,723,1207,1695,2403,2812,,723,484,488,708,409,3460
6294,725,1209,1696,2423,2848,,725,484,487,727,425,3446
6250,695,1246,1723,2420,2836,,695,551,477,697,416,3414
6171,713,1188,1661,2377,2791,,713,475,473,716,414,3380
6182,700,1214,1654,2331,2722,,700,514,440,677,391,3460
6031,669,1184,1612,2260,2596,,669,515,428,648,336,3435
6040,712,1189,1687,2341,2660,,712,477,498,654,319,3380
6138,714,1187,1659,2374,2768,,714,473,472,715,394,3370
6285,702,1213,1686,2437,2857,,702,511,473,751,420,3428
5811,630,1042,1439,2073,2390,,630,412,397,634,317,3421
6269,698,1198,1685,2422,2820,,698,500,487,737,398,3449
6294,724,1208,1698,2425,2847,,724,484,490,727,422,3447
6295,750,1188,1673,2425,2847,,750,438,485,752,422,3448
6296,726,1211,1698,2425,2847,,726,485,487,727,422,3449
6219,716,1260,1711,2369,2735,,716,544,451,658,366,3484
5995,663,1151,1579,2210,2571,,663,488,428,631,361,3424
6282,712,1187,1658,2413,2832,,712,475,471,755,419,3450
6169,712,1188,1661,2414,2790,,712,476,473,753,376,3379
5950,709,1206,1635,2265,2595,,709,497,429,630,330,3355
5914,657,1133,1563,2193,2525,,657,476,430,630,332,3389
5959,713,1146,1559,2195,2529,,713,433,413,636,334,3430
6258,714,1188,1661,2414,2835,,714,474,473,753,421,3423
6167,714,1189,1652,2414,2796,,714,475,463,762,382,3371
6138,713,1187,1659,2371,2769,,713,474,472,712,398,3369
5917,647,1138,1569,2222,2583,,647,491,431,653,361,3334
5945,628,1038,1453,2130,2497,,628,410,415,677,367,3448
6294,723,1208,1696,2423,2845,,723,485,488,727,422,3449
6293,723,1207,1695,2423,2846,,723,484,488,728,423,3447
6257,724,1211,1656,2413,2835,,724,487,445,757,422,3422
6069,713,1212,1642,2352,2681,,713,499,430,710,329,3388
5982,712,1189,1595,2220,2554,,712,477,406,625,334,3428
5989,712,1187,1657,2331,2650,,712,475,470,674,319,3339
6108,714,1189,1659,2373,2766,,714,475,470,714,393,3342
5965,697,1216,1647,2275,2608,,697,519,431,628,333,3357
6001,656,1132,1604,2226,2616,,656,476,472,622,390,3385
5909,630,1042,1509,2149,2480,,630,412,467,640,331,3429
5965,713,1188,1658,2333,2628,,713,475,470,675,295,3337
6140,713,1187,1659,2376,2767,,713,474,472,717,391,3373
5965,701,1212,1643,2274,2603,,701,511,431,631,329,3362
5814,667,1094,1491,2124,2442,,667,427,397,633,318,3372
6009,713,1189,1595,2222,2555,,713,476,406,627,333,3454
5964,713,1189,1659,2332,2626,,713,476,470,673,294,3338
6141,715,1189,1662,2379,2770,,715,474,473,717,391,3371
5988,710,1212,1643,2269,2604,,710,502,431,626,335,3384
5999,707,1158,1558,2207,2594,,707,451,400,649,387,3405
6271,724,1150,1663,2412,2811,,724,426,513,749,399,3460
6295,728,1211,1700,2424,2847,,728,483,489,724,423,3448
6296,724,1207,1695,2424,2847,,724,483,488,729,423,3449
6296,724,1209,1696,2425,2847,,724,485,487,729,422,3449
6268,712,1198,1686,2424,2847,,712,486,488,738,423,3421
6296,725,1233,1723,2459,2834,,725,508,490,736,375,3462
6294,724,1209,1698,2424,2847,,724,485,489,726,423,3447
6284,725,1210,1698,2375,2838,,725,485,488,677,463,3446
6137,710,1185,1657,2369,2767,,710,475,472,712,398,3370
6180,710,1172,1584,2285,2678,,710,462,412,701,393,3502
6007,655,1122,1598,2243,2580,,655,467,476,645,337,3427
6165,708,1182,1654,2408,2785,,708,474,472,754,377,3380
5962,713,1211,1644,2270,2603,,713,498,433,626,333,3359
6290,699,1220,1690,2447,2864,,699,521,470,757,417,3426
5978,630,1063,1454,2116,2502,,630,433,391,662,386,3476
6270,724,1210,1698,2424,2821,,724,486,488,726,397,3449
6295,725,1211,1699,2424,2849,,725,486,488,725,425,3446
6196,726,1151,1635,2329,2735,,726,425,484,694,406,3461
6295,728,1213,1701,2425,2848,,728,485,488,724,423,3447
6272,655,1158,1640,2411,2834,,655,503,482,771,423,3438
6007,654,1127,1571,2194,2564,,654,473,444,623,370,3443
6282,713,1189,1661,2413,2832,,713,476,472,752,419,3450
6139,712,1189,1660,2376,2769,,712,477,471,716,393,3370
5965,701,1213,1644,2272,2605,,701,512,431,628,333,3360
5957,700,1212,1634,2265,2609,,700,512,422,631,344,3348
5957,712,1143,1548,2171,2506,,712,431,405,623,335,3451
5990,714,1187,1658,2332,2652,,714,473,471,674,320,3338
6145,713,1189,1660,2377,2776,,713,476,471,717,399,3369
5913,713,1146,1584,2224,2556,,713,433,438,640,332,3357
6138,709,1165,1640,2320,2731,,709,456,475,680,411,3407
6124,680,1198,1615,2284,2672,,680,518,417,669,388,3452
6291,722,1206,1696,2421,2843,,722,484,490,725,422,3448
6296,725,1210,1696,2424,2846,,725,485,486,728,422,3450
6284,727,1210,1667,2425,2836,,727,483,457,758,411,3448
5969,712,1188,1624,2273,2603,,712,476,436,649,330,3366
5957,710,1145,1560,2195,2529,,710,435,415,635,334,3428
5990,713,1189,1660,2333,2652,,713,476,471,673,319,3338
6146,714,1189,1662,2377,2770,,714,475,473,715,393,3376
5964,714,1213,1643,2271,2605,,714,499,430,628,334,3359
6013,710,1170,1585,2224,2602,,710,460,415,639,378,3411
6173,671,1161,1606,2289,2658,,671,490,445,683,369,3515
6298,726,1210,1699,2426,2849,,726,484,489,727,423,3449
6296,725,1210,1699,2424,2848,,725,485,489,725,424,3448
6295,725,1210,1698,2425,2847,,725,485,488,727,422,3448
6293,724,1233,1643,2426,2847,,724,509,410,783,421,3446
6246,724,1208,1722,2394,2803,,724,484,514,672,409,3443
6297,724,1210,1697,2427,2847,,724,486,487,730,420,3450
6272,726,1212,1700,2427,2827,,726,486,488,727,400,3445
6273,724,1209,1697,2424,2847,,724,485,488,727,423,3426
6133,726,1211,1620,2303,2687,,726,485,409,683,384,3446
5983,657,1126,1558,2220,2556,,657,469,432,662,336,3427
5989,713,1188,1656,2332,2650,,713,475,468,676,318,3339
6169,713,1187,1660,2377,2791,,713,474,473,717,414,3378
5964,702,1212,1642,2272,2605,,702,510,430,630,333,3359
5995,702,1213,1640,2275,2605,,702,511,427,635,330,3390
5906,713,1126,1528,2164,2482,,713,413,402,636,318,3424
5965,715,1189,1659,2333,2627,,715,474,470,674,294,3338
6145,714,1188,1662,2376,2769,,714,474,474,714,393,3376
5944,713,1187,1619,2246,2579,,713,474,432,627,333,3365
6136,709,1209,1656,2298,2677,,709,500,447,642,379,3459
6268,750,1223,1667,2424,2821,,750,473,444,757,397,3447
6297,724,1208,1696,2425,2847,,724,484,488,729,422,3450
6295,725,1234,1721,2432,2846,,725,509,487,711,414,3449
6294,724,1206,1693,2424,2848,,724,482,487,731,424,3446
5942,704,1086,1480,2129,2520,,704,382,394,649,391,3422
6208,715,1189,1660,2412,2768,,715,474,471,752,356,3440
6282,713,1189,1660,2414,2832,,713,476,471,754,418,3450
6133,653,1121,1556,2263,2655,,653,468,435,707,392,3478
6139,712,1188,1661,2371,2768,,712,476,473,710,397,3371
6014,657,1133,1586,2219,2615,,657,476,453,633,396,3399
5961,670,1124,1532,2170,2507,,670,454,408,638,337,3454
6240,713,1187,1660,2412,2834,,713,474,473,752,422,3406
6140,713,1189,1661,2372,2768,,713,476,472,711,396,3372
5989,712,1213,1644,2271,2605,,712,501,431,627,334,3384
5969,712,1214,1642,2272,2602,,712,502,428,630,330,3367
5876,707,1117,1532,2165,2499,,707,410,415,633,334,3377
6298,726,1209,1697,2426,2848,,726,483,488,729,422,3450
6296,724,1209,1697,2425,2846,,724,485,488,728,421,3450
6296,725,1210,1697,2426,2848,,725,485,487,729,422,3448
6271,726,1210,1698,2427,2829,,726,484,488,729,402,3442
6073,726,1186,1631,2262,2625,,726,460,445,631,363,3448
6294,723,1208,1695,2423,2846,,723,485,487,728,423,3448
5885,673,1108,1525,2146,2489,,673,435,417,621,343,3396
6176,748,1218,1657,2381,2773,,748,470,439,724,392,3403
5961,666,1108,1546,2208,2573,,666,442,438,662,365,3388
6244,717,1200,1687,2405,2812,,717,483,487,718,407,3432
6274,725,1208,1696,2425,2848,,725,483,488,729,423,3426
6298,726,1209,1697,2426,2849,,726,483,488,729,423,3449
6296,726,1235,1723,2432,2849,,726,509,488,709,417,3447
6271,725,1235,1722,2432,2827,,725,510,487,710,395,3444
6058,696,1170,1648,2271,2633,,696,474,478,623,362,3425
6284,714,1187,1657,2413,2834,,714,473,470,756,421,3450
6167,714,1188,1660,2377,2790,,714,474,472,717,413,3377
6173,705,1221,1691,2404,2803,,705,516,470,713,399,3370
5919,666,1139,1568,2200,2532,,666,473,429,632,332,3387
6208,713,1187,1658,2368,2768,,713,474,471,710,400,3440
6296,668,1199,1687,2425,2847,,668,531,488,738,422,3449
6297,727,1211,1699,2425,2847,,727,484,488,726,422,3450
6296,725,1209,1697,2425,2847,,725,484,488,728,422,3449
6270,718,1202,1689,2425,2827,,718,484,487,736,402,3443
6008,696,1142,1572,2246,2580,,696,446,430,674,334,3428
6258,714,1188,1660,2412,2833,,714,474,472,752,421,3425
6140,713,1214,1686,2372,2770,,713,501,472,686,398,3370
6175,706,1223,1695,2406,2804,,706,517,472,711,398,3371
6168,701,1214,1688,2395,2795,,701,513,474,707,400,3373
6207,713,1188,1659,2355,2767,,713,475,471,696,412,3440
6283,714,1189,1661,2414,2833,,714,475,472,753,419,3450
6173,715,1188,1660,2377,2789,,715,473,472,717,412,3384
5940,714,1150,1627,2250,2580,,714,436,477,623,330,3360
5969,701,1214,1645,2272,2607,,701,513,431,627,335,3362
5959,713,1146,1564,2196,2529,,713,433,418,632,333,3430
6218,715,1214,1689,2415,2833,,715,499,475,726,418,3385
5941,713,1189,1620,2249,2580,,713,476,431,629,331,3361
6238,702,1218,1688,2410,2802,,702,516,470,722,392,3436
5981,663,1128,1604,2223,2557,,663,465,476,619,334,3424
6206,712,1188,1660,2412,2772,,712,476,472,752,360,3434
6157,715,1189,1619,2315,2706,,715,474,430,696,391,3451
5998,654,1123,1533,2215,2607,,654,469,410,682,392,3391
5993,673,1147,1626,2272,2626,,673,474,479,646,354,3367
6167,693,1129,1614,2322,2731,,693,436,485,708,409,3436
6245,725,1213,1668,2384,2784,,725,488,455,716,400,3461
6296,725,1209,1697,2426,2848,,725,484,488,729,422,3448
6296,724,1209,1698,2425,2847,,724,485,489,727,422,3449
6297,727,1236,1725,2434,2847,,727,509,489,709,413,3450
6167,726,1158,1637,2341,2760,,726,432,479,704,419,3407
6008,715,1187,1617,2249,2582,,715,472,430,632,333,3426
6258,713,1191,1662,2413,2833,,713,478,471,751,420,3425
6173,714,1189,1662,2414,2791,,714,475,473,752,377,3382
6139,714,1189,1662,2370,2769,,714,475,473,708,399,3370
5994,700,1214,1645,2273,2619,,700,514,431,628,346,3375
5956,713,1145,1562,2195,2529,,713,432,417,633,334,3427
6281,713,1189,1661,2414,2834,,713,476,472,753,420,3447
6168,713,1187,1659,2376,2788,,713,474,472,717,412,3380
6030,706,1197,1669,2331,2667,,706,491,472,662,336,3363
5958,700,1215,1646,2270,2589,,700,515,431,624,319,3369
5983,715,1188,1593,2222,2556,,715,473,405,629,334,3427
6283,715,1189,1661,2415,2834,,715,474,472,754,419,3449
5942,712,1189,1622,2246,2580,,712,477,433,624,334,3362
5939,712,1186,1617,2247,2578,,712,474,431,630,331,3361
5967,712,1213,1644,2274,2603,,712,501,431,630,329,3364
5936,714,1146,1558,2199,2530,,714,432,412,641,331,3406
6258,714,1188,1660,2413,2832,,714,474,472,753,419,3426
6168,713,1187,1658,2413,2791,,713,474,471,755,378,3377
6192,716,1240,1712,2424,2821,,716,524,472,712,397,3371
6170,701,1214,1667,2380,2794,,701,513,453,713,414,3376
6004,708,1183,1589,2216,2549,,708,475,406,627,333,3455
6282,714,1189,1660,2413,2837,,714,475,471,753,424,3445
6170,716,1189,1660,2378,2794,,716,473,471,718,416,3376
6139,713,1188,1684,2370,2768,,713,475,496,686,398,3371
6119,702,1215,1669,2377,2705,,702,513,454,708,328,3414
5992,715,1147,1561,2199,2531,,715,432,414,638,332,3461
6283,714,1189,1660,2414,2836,,714,475,471,754,422,3447
6168,713,1189,1661,2376,2792,,713,476,472,715,416,3376
6142,714,1189,1663,2372,2770,,714,475,474,709,398,3372
5975,700,1216,1645,2278,2609,,700,516,429,633,331,3366
6271,725,1223,1692,2410,2829,,725,498,469,718,419,3442
6298,726,1210,1698,2431,2849,,726,484,488,733,418,3449
6247,725,1211,1699,2425,2847,,725,486,488,726,422,3400
6297,727,1212,1699,2427,2850,,727,485,487,728,423,3447
6270,725,1212,1699,2426,2848,,725,487,487,727,422,3422
6171,712,1201,1610,2352,2723,,712,489,409,742,371,3448
6296,728,1212,1701,2425,2847,,728,484,489,724,422,3449
6294,722,1206,1694,2423,2846,,722,484,488,729,423,3448
6322,725,1209,1696,2425,2849,,725,484,487,729,424,3473
6344,695,1136,1643,2408,2872,,695,441,507,765,464,3472
6330,710,1236,1723,2461,2884,,710,526,487,738,423,3446
6272,724,1208,1696,2424,2847,,724,484,488,728,423,3425
6216,752,1197,1617,2325,2761,,752,445,420,708,436,3455
6296,726,1213,1698,2425,2847,,726,487,485,727,422,3449
6293,724,1209,1697,2425,2847,,724,485,488,728,422,3446
6169,725,1262,1694,2413,2773,,725,537,432,719,360,3396
6256,712,1186,1659,2411,2832,,712,474,473,752,421,3424
6168,713,1188,1660,2414,2793,,713,475,472,754,379,3375
6141,714,1189,1662,2371,2772,,714,475,473,709,401,3369
5868,649,1115,1545,2175,2508,,649,466,430,630,333,3360
6039,712,1219,1646,2280,2612,,712,507,427,634,332,3427
6257,714,1189,1661,2414,2833,,714,475,472,753,419,3424
6170,715,1192,1665,2378,2791,,715,477,473,713,413,3379
5909,667,1169,1577,2213,2546,,667,502,408,636,333,3363
5901,648,1117,1545,2177,2508,,648,469,428,632,331,3393
6035,687,1201,1648,2286,2606,,687,514,447,638,320,3429
5991,713,1188,1658,2332,2652,,713,475,470,674,320,3339
6141,714,1189,1662,2376,2769,,714,475,473,714,393,3372
5966,711,1211,1640,2270,2603,,711,500,429,630,333,3363
6259,671,1224,1712,2433,2853,,671,553,488,721,420,3406
6329,702,1185,1673,2411,2870,,702,483,488,738,459,3459
6296,725,1234,1722,2431,2848,,725,509,488,709,417,3448
6297,725,1209,1697,2425,2847,,725,484,488,728,422,3450
6298,725,1208,1698,2423,2848,,725,483,490,725,425,3450
6227,728,1225,1712,2424,2848,,728,497,487,712,424,3379
6146,726,1133,1597,2300,2686,,726,407,464,703,386,3460
6297,727,1213,1700,2425,2848,,727,486,487,725,423,3449
6298,727,1211,1701,2425,2849,,727,484,490,724,424,3449
6274,728,1225,1712,2424,2847,,728,497,487,712,423,3427
6274,726,1211,1699,2426,2850,,726,485,488,727,424,3424
6131,650,1057,1548,2258,2670,,650,407,491,710,412,3461
6298,727,1211,1700,2427,2851,,727,484,489,727,424,3447
6297,726,1235,1723,2434,2849,,726,509,488,711,415,3448
6295,726,1235,1723,2435,2843,,726,509,488,712,408,3452
6229,725,1209,1698,2427,2828,,725,484,489,729,401,3401
6272,726,1188,1670,2451,2835,,726,462,482,781,384,3437
6296,725,1234,1723,2434,2848,,725,509,489,711,414,3448
6297,727,1237,1723,2433,2849,,727,510,486,710,416,3448
6294,706,1199,1686,2424,2846,,706,493,487,738,422,3448
6206,716,1180,1670,2383,2793,,716,464,490,713,410,3413
6156,698,1142,1613,2313,2688,,698,444,471,700,375,3468
5991,713,1188,1657,2333,2652,,713,475,469,676,319,3339
6170,714,1191,1662,2377,2793,,714,477,471,715,416,3377
5964,713,1210,1643,2270,2606,,713,497,433,627,336,3358
6155,659,1088,1572,2272,2682,,659,429,484,700,410,3473
6271,726,1210,1698,2453,2835,,726,484,488,755,382,3436
6297,727,1211,1700,2426,2848,,727,484,489,726,422,3449
6297,727,1211,1700,2425,2849,,727,484,489,725,424,3448
6283,722,1193,1664,2414,2837,,722,471,471,750,423,3446
6120,648,1088,1615,2285,2648,,648,440,527,670,363,3472
6294,713,1185,1668,2426,2849,,713,472,483,758,423,3445
6296,726,1210,1698,2426,2849,,726,484,488,728,423,3447
6295,751,1196,1650,2425,2848,,751,445,454,775,423,3447
6322,725,1209,1697,2425,2876,,725,484,488,728,451,3446
6251,715,1231,1719,2440,2857,,715,516,488,721,417,3394
6274,725,1209,1698,2418,2813,,725,484,489,720,395,3461
6297,727,1212,1699,2426,2849,,727,485,487,727,423,3448
6296,727,1212,1701,2426,2848,,727,485,489,725,422,3448
6297,718,1202,1690,2425,2848,,718,484,488,735,423,3449
6231,706,1200,1657,2360,2771,,706,494,457,703,411,3460
6157,692,1187,1616,2310,2665,,692,495,429,694,355,3492
6284,714,1189,1661,2414,2833,,714,475,472,753,419,3451
6168,714,1189,1662,2378,2790,,714,475,473,716,412,3378
5990,704,1216,1645,2273,2606,,704,512,429,628,333,3384
6153,711,1169,1607,2303,2680,,711,458,438,696,377,3473
6210,725,1209,1667,2358,2765,,725,484,458,691,407,3445
5966,714,1189,1658,2333,2627,,714,475,469,675,294,3339
6142,715,1190,1662,2379,2771,,715,475,472,717,392,3371
6193,664,1124,1610,2322,2734,,664,460,486,712,412,3459
6271,722,1231,1723,2436,2845,,722,509,492,713,409,3426
6223,695,1203,1612,2327,2765,,695,508,409,715,438,3458
6298,726,1210,1700,2426,2849,,726,484,490,726,423,3449
6322,726,1211,1728,2437,2874,,726,485,517,709,437,3448
6298,727,1212,1699,2426,2849,,727,485,487,727,423,3449
6244,726,1236,1724,2427,2828,,726,510,488,703,401,3416
6235,726,1210,1663,2414,2795,,726,484,453,751,381,3440
5966,714,1188,1658,2332,2626,,714,474,470,674,294,3340
6142,715,1191,1663,2377,2771,,715,476,472,714,394,3371
5937,659,1108,1580,2243,2579,,659,449,472,663,336,3358
6024,660,1108,1566,2248,2628,,660,448,458,682,380,3396
6173,726,1191,1617,2326,2713,,726,465,426,709,387,3460
6296,725,1209,1699,2426,2848,,725,484,490,727,422,3448
6296,726,1208,1697,2425,2848,,726,482,489,728,423,3448
6294,723,1209,1696,2424,2846,,723,486,487,728,422,3448
6275,726,1211,1700,2429,2851,,726,485,489,729,422,3424
6271,725,1210,1676,2425,2825,,725,485,466,749,400,3446
6297,726,1211,1699,2425,2849,,726,485,488,726,424,3448
6297,725,1234,1723,2432,2848,,725,509,489,709,416,3449
6275,726,1212,1700,2426,2848,,726,486,488,726,422,3427
6297,727,1237,1726,2410,2849,,727,510,489,684,439,3448
6272,754,1217,1702,2426,2825,,754,463,485,724,399,3447
6297,726,1210,1698,2425,2848,,726,484,488,727,423,3449
6298,729,1214,1701,2426,2848,,729,485,487,725,422,3450
6322,726,1265,1750,2459,2872,,726,539,485,709,413,3450
6273,726,1209,1697,2424,2848,,726,483,488,727,424,3425
6271,726,1210,1677,2425,2825,,726,484,467,748,400,3446
6326,725,1208,1698,2425,2847,,725,483,490,727,422,3479
6273,724,1209,1697,2423,2846,,724,485,488,726,423,3427
6296,713,1150,1643,2427,2852,,713,437,493,784,425,3444
6146,707,1172,1627,2301,2685,,707,465,455,674,384,3461
6306,712,1216,1701,2418,2862,,712,504,485,717,444,3444
6240,713,1188,1662,2412,2833,,713,475,474,750,421,3407
5939,712,1147,1580,2224,2555,,712,435,433,644,331,3384
5887,712,1145,1559,2195,2529,,712,433,414,636,334,3358
5890,712,1145,1558,2194,2529,,712,433,413,636,335,3361
5921,714,1172,1584,2222,2553,,714,458,412,638,331,3368
5917,715,1149,1561,2198,2531,,715,434,412,637,333,3386
5889,714,1146,1560,2195,2531,,714,432,414,635,336,3358
6157,713,1145,1624,2311,2728,,713,432,479,687,417,3429
6200,714,1199,1663,2384,2803,,714,485,464,721,419,3397
6152,685,1203,1665,2353,2735,,685,518,462,688,382,3417
6282,728,1212,1701,2412,2835,,728,484,489,711,423,3447
6297,727,1236,1724,2434,2848,,727,509,488,710,414,3449
6297,726,1212,1699,2426,2848,,726,486,487,727,422,3449
6288,702,1201,1689,2411,2834,,702,499,488,722,423,3454
6227,726,1210,1698,2426,2836,,726,484,488,728,410,3391
5916,715,1147,1583,2223,2557,,715,432,436,640,334,3359
5890,713,1146,1560,2196,2530,,713,433,414,636,334,3360
6170,714,1145,1624,2325,2735,,714,431,479,701,410,3435
6276,693,1202,1689,2426,2850,,693,509,487,737,424,3426
6296,726,1210,1679,2426,2852,,726,484,469,747,426,3444
6297,726,1210,1698,2426,2847,,726,484,488,728,421,3450
6296,726,1211,1700,2426,2850,,726,485,489,726,424,3446
6255,711,1228,1715,2431,2846,,711,517,487,716,415,3409
6297,730,1241,1727,2437,2849,,730,511,486,710,412,3448
6232,725,1209,1697,2391,2794,,725,484,488,694,403,3438
6063,710,1186,1656,2344,2679,,710,476,470,688,335,3384
5892,715,1147,1563,2197,2531,,715,432,416,634,334,3361
6205,713,1145,1623,2351,2761,,713,432,478,728,410,3444
6279,724,1187,1670,2412,2830,,724,463,483,742,418,3449
6178,725,1209,1642,2361,2799,,725,484,433,719,438,3379
6092,716,1214,1643,2357,2683,,716,498,429,714,326,3409
5889,713,1146,1560,2196,2531,,713,433,414,636,335,3358
5917,715,1149,1561,2197,2532,,715,434,412,636,335,3385
5938,712,1139,1594,2221,2556,,712,427,455,627,335,3382
5917,714,1146,1561,2196,2554,,714,432,415,635,358,3363
5940,713,1146,1582,2223,2558,,713,433,436,641,335,3382
5916,714,1148,1563,2198,2532,,714,434,415,635,334,3384
6273,714,1164,1632,2350,2847,,714,450,468,718,497,3426
6210,728,1159,1638,2341,2761,,728,431,479,703,420,3449
6205,707,1221,1693,2445,2823,,707,514,472,752,378,3382
6168,714,1189,1662,2377,2791,,714,475,473,715,414,3377
6142,715,1189,1660,2375,2772,,715,474,471,715,397,3370
5967,674,1146,1584,2247,2582,,674,472,438,663,335,3385
6220,712,1169,1662,2374,2785,,712,457,493,712,411,3435
6280,710,1209,1676,2432,2836,,710,499,467,756,404,3444
6140,712,1187,1658,2372,2767,,712,475,471,714,395,3373
5962,711,1211,1639,2270,2602,,711,500,428,631,332,3360
6071,712,1143,1577,2257,2625,,712,431,434,680,368,3446
6184,658,1179,1628,2316,2734,,658,521,449,688,418,3450
6066,714,1188,1659,2338,2653,,714,474,471,679,315,3413
5941,715,1190,1619,2251,2583,,715,475,429,632,332,3358
5890,713,1148,1562,2196,2523,,713,435,414,634,327,3367
5890,674,1146,1561,2197,2531,,674,472,415,636,334,3359
6276,716,1168,1626,2352,2850,,716,452,458,726,498,3426
6146,687,1202,1667,2339,2728,,687,515,465,672,389,3418
6261,731,1215,1697,2413,2835,,731,484,482,716,422,3426
6327,729,1239,1727,2439,2849,,729,510,488,712,410,3478
6326,726,1211,1678,2424,2848,,726,485,467,746,424,3478
6297,727,1211,1633,2352,2849,,727,484,422,719,497,3448
6274,754,1237,1727,2414,2848,,754,483,490,687,434,3426
6295,724,1235,1721,2430,2846,,724,511,486,709,416,3449
6296,726,1211,1699,2427,2851,,726,485,488,728,424,3445
6276,716,1232,1719,2458,2859,,716,516,487,739,401,3417
6246,727,1213,1701,2427,2829,,727,486,488,726,402,3417
6232,725,1225,1712,2434,2856,,725,500,487,722,422,3376
5898,675,1145,1573,2204,2537,,675,470,428,631,333,3361
5890,716,1149,1561,2199,2532,,716,433,412,638,333,3358
6111,716,1144,1585,2287,2679,,716,428,441,702,392,3432
6296,726,1211,1645,2427,2849,,726,485,434,782,422,3447
6275,725,1208,1676,2405,2848,,725,483,468,729,443,3427
6278,727,1211,1699,2428,2850,,727,484,488,729,422,3428
6297,728,1237,1725,2434,2849,,728,509,488,709,415,3448
6290,716,1259,1749,2464,2882,,716,543,490,715,418,3408
6281,725,1210,1699,2414,2835,,725,485,489,715,421,3446
6268,725,1224,1741,2431,2847,,725,499,517,690,416,3421
6281,676,1224,1712,2433,2857,,676,548,488,721,424,3424
6320,755,1250,1738,2451,2873,,755,495,488,713,422,3447
6299,727,1236,1754,2463,2874,,727,509,518,709,411,3425
6296,726,1235,1706,2426,2848,,726,509,471,720,422,3448
6270,683,1224,1692,2425,2848,,683,541,468,733,423,3422
6276,727,1211,1699,2427,2849,,727,484,488,728,422,3427
6302,729,1213,1701,2427,2878,,729,484,488,726,451,3424
6275,725,1209,1697,2425,2847,,725,484,488,728,422,3428
6276,727,1210,1700,2427,2850,,727,483,490,727,423,3426
6274,726,1211,1698,2411,2851,,726,485,487,713,440,3423
6313,716,1233,1722,2443,2865,,716,517,489,721,422,3448
6276,727,1211,1699,2426,2848,,727,484,488,727,422,3428
6277,730,1213,1702,2427,2849,,730,483,489,725,422,3428
6276,727,1211,1702,2370,2849,,727,484,491,668,479,3427
6283,725,1209,1697,2424,2848,,725,484,488,727,424,3435
6276,726,1211,1698,2426,2848,,726,485,487,728,422,3428
6277,728,1212,1701,2427,2850,,728,484,489,726,423,3427
6288,717,1261,1749,2465,2881,,717,544,488,716,416,3407
6298,727,1210,1679,2428,2852,,727,483,469,749,424,3446
6282,725,1225,1712,2433,2855,,725,500,487,721,422,3427
6289,716,1234,1722,2443,2866,,716,518,488,721,423,3423
6250,727,1215,1702,2410,2834,,727,488,487,708,424,3416
5991,713,1189,1620,2274,2633,,713,476,431,654,359,3358
6147,689,1142,1582,2300,2710,,689,453,440,718,410,3437
6323,726,1227,1740,2450,2873,,726,501,513,710,423,3450
6352,727,1211,1728,2439,2875,,727,484,517,711,436,3477
6196,728,1212,1622,2326,2751,,728,484,410,704,425,3445
6274,676,1201,1689,2427,2849,,676,525,488,738,422,3425
6278,716,1204,1691,2428,2852,,716,488,487,737,424,3426
6253,715,1232,1719,2441,2846,,715,517,487,722,405,3407
6261,725,1162,1647,2418,2831,,725,437,485,771,413,3430
6236,725,1209,1699,2411,2829,,725,484,490,712,418,3407
6246,728,1211,1700,2427,2830,,728,483,489,727,403,3416
6276,728,1237,1724,2433,2850,,728,509,487,709,417,3426
6343,723,1225,1679,2477,2894,,723,502,454,798,417,3449
6297,727,1211,1699,2428,2849,,727,484,488,729,421,3448
6275,726,1209,1698,2425,2847,,726,483,489,727,422,3428
6298,714,1201,1690,2402,2849,,714,487,489,712,447,3449
6295,679,1199,1687,2400,2847,,679,520,488,713,447,3448
6289,716,1231,1719,2460,2848,,716,515,488,741,388,3441
6208,707,1227,1700,2416,2830,,707,520,473,716,414,3378
6163,712,1214,1685,2394,2791,,712,502,471,709,397,3372
6035,716,1191,1620,2259,2629,,716,475,429,639,370,3406
6230,726,1211,1699,2425,2826,,726,485,488,726,401,3404
6302,716,1234,1721,2458,2856,,716,518,487,737,398,3446
6296,725,1234,1722,2431,2848,,725,509,488,709,417,3448
6322,756,1253,1740,2453,2874,,756,497,487,713,421,3448
6275,725,1162,1646,2426,2849,,725,437,484,780,423,3426
6299,727,1212,1699,2428,2850,,727,485,487,729,422,3449
6279,714,1260,1747,2484,2873,,714,546,487,737,389,3406
6066,713,1213,1644,2356,2684,,713,500,431,712,328,3382
5890,713,1146,1561,2196,2529,,713,433,415,635,333,3361
5916,714,1146,1561,2197,2539,,714,432,415,636,342,3377
6151,698,1127,1601,2284,2718,,698,429,474,683,434,3433
6266,717,1237,1691,2436,2860,,717,520,454,745,424,3406
6258,728,1212,1700,2413,2834,,728,484,488,713,421,3424
6274,724,1208,1696,2423,2846,,724,484,488,727,423,3428
6275,725,1209,1698,2426,2848,,725,484,489,728,422,3427
6276,726,1216,1702,2425,2849,,726,490,486,723,424,3427
6148,714,1188,1661,2373,2770,,714,474,473,712,397,3378
5892,716,1147,1563,2202,2531,,716,431,416,639,329,3361
5892,714,1147,1562,2197,2535,,714,433,415,635,338,3357
5893,713,1146,1561,2196,2522,,713,433,415,635,326,3371
5866,674,1132,1546,2172,2508,,674,458,414,626,336,3358
5941,707,1166,1579,2222,2576,,707,459,413,643,354,3365
5916,715,1148,1560,2198,2532,,715,433,412,638,334,3384
5916,716,1173,1587,2222,2557,,716,457,414,635,335,3359
6028,716,1146,1572,2238,2626,,716,430,426,666,388,3402
6204,757,1252,1720,2403,2811,,757,495,468,683,408,3393
6245,744,1228,1717,2427,2829,,744,484,489,710,402,3416
6249,656,1202,1612,2357,2792,,656,546,410,745,435,3457
6298,727,1211,1699,2431,2850,,727,484,488,732,419,3448
6255,726,1210,1697,2430,2834,,726,484,487,733,404,3421
6097,726,1178,1621,2284,2655,,726,452,443,663,371,3442
6293,723,1208,1695,2423,2846,,723,485,487,728,423,3447
6159,714,1166,1615,2291,2661,,714,452,449,676,370,3498
6137,718,1190,1660,2373,2782,,718,472,470,713,409,3355
6128,715,1148,1585,2284,2660,,715,433,437,699,376,3468
6228,725,1209,1693,2406,2819,,725,484,484,713,413,3409
6240,703,1200,1688,2411,2830,,703,497,488,723,419,3410
6225,684,1182,1639,2398,2818,,684,498,457,759,420,3407
6254,726,1211,1699,2407,2832,,726,485,488,708,425,3422
6296,726,1236,1724,2434,2856,,726,510,488,710,422,3440
6273,728,1214,1700,2395,2825,,728,486,486,695,430,3448
6296,727,1212,1701,2426,2850,,727,485,489,725,424,3446
6298,726,1236,1724,2433,2849,,726,510,488,709,416,3449
6296,726,1210,1700,2427,2848,,726,484,490,727,421,3448
6299,728,1215,1701,2429,2851,,728,487,486,728,422,3448
6245,727,1213,1702,2427,2829,,727,486,489,725,402,3416
6247,719,1211,1678,2394,2839,,719,492,467,716,445,3408
6143,673,1189,1661,2375,2772,,673,516,472,714,397,3371
5914,713,1148,1561,2200,2530,,713,435,413,639,330,3384
5898,714,1146,1559,2197,2530,,714,432,413,638,333,3368
5893,715,1148,1562,2203,2535,,715,433,414,641,332,3358
5990,715,1146,1560,2202,2575,,715,431,414,642,373,3415
6276,727,1236,1726,2435,2850,,727,509,490,709,415,3426
6277,728,1213,1701,2427,2851,,728,485,488,726,424,3426
6233,716,1202,1691,2415,2826,,716,486,489,724,411,3407
6231,727,1211,1699,2405,2825,,727,484,488,706,420,3406
6201,692,1204,1690,2407,2810,,692,512,486,717,403,3391
6257,727,1160,1647,2412,2834,,727,433,487,765,422,3423
6274,727,1211,1698,2426,2848,,727,484,487,728,422,3426
6232,727,1212,1701,2428,2812,,727,485,489,727,384,3420
6146,728,1213,1702,2332,2725,,728,485,489,630,393,3421
6273,727,1212,1700,2404,2850,,727,485,488,704,446,3423
6277,728,1212,1699,2428,2850,,728,484,487,729,422,3427
6276,716,1204,1691,2428,2851,,716,488,487,737,423,3425
6233,728,1213,1701,2434,2829,,728,485,488,733,395,3404
6233,733,1228,1718,2382,2826,,733,495,490,664,444,3407
6135,705,1184,1642,2391,2786,,705,479,458,749,395,3349
6146,704,1155,1641,2274,2664,,704,451,486,633,390,3482
6277,727,1210,1698,2427,2849,,727,483,488,729,422,3428
6274,727,1210,1700,2427,2852,,727,483,490,727,425,3422
6255,725,1209,1696,2408,2821,,725,484,487,712,413,3434
6274,725,1210,1698,2426,2852,,725,485,488,728,426,3422
6275,727,1214,1698,2427,2851,,727,487,484,729,424,3424
6277,727,1212,1700,2430,2853,,727,485,488,730,423,3424
6283,717,1240,1728,2449,2853,,717,523,488,721,404,3430
6277,714,1188,1671,2440,2850,,714,474,483,769,410,3427
6260,716,1191,1676,2415,2835,,716,475,485,739,420,3425
6256,726,1210,1697,2412,2834,,726,484,487,715,422,3422
6233,725,1210,1676,2402,2825,,725,485,466,726,423,3408
6005,715,1190,1620,2250,2583,,715,475,430,630,333,3422
5859,675,1128,1538,2167,2510,,675,453,410,629,343,3349
6128,674,1188,1618,2314,2692,,674,514,430,696,378,3436
6265,722,1207,1695,2422,2824,,722,485,488,727,402,3441
6154,726,1213,1698,2427,2785,,726,487,485,729,358,3369
6140,705,1191,1621,2293,2665,,705,486,430,672,372,3475
6275,671,1202,1689,2426,2849,,671,531,487,737,423,3426
6107,716,1149,1629,2316,2671,,716,433,480,687,355,3436
5886,703,1151,1573,2220,2541,,703,448,422,647,321,3345
5891,691,1150,1562,2198,2531,,691,459,412,636,333,3360
5895,713,1148,1560,2197,2532,,713,435,412,637,335,3363
6231,677,1201,1667,2388,2809,,677,524,466,721,421,3422
6254,716,1203,1690,2412,2829,,716,487,487,722,417,3425
6299,741,1228,1716,2432,2851,,741,487,488,716,419,3448
6298,727,1211,1699,2427,2848,,727,484,488,728,421,3450
6298,728,1212,1699,2427,2849,,728,484,487,728,422,3449
6299,726,1190,1649,2427,2850,,726,464,459,778,423,3449
6285,725,1178,1675,2415,2837,,725,453,497,740,422,3448
6174,719,1190,1617,2327,2685,,719,471,427,710,358,3489
6277,727,1210,1698,2428,2850,,727,483,488,730,422,3427
6297,728,1212,1699,2427,2849,,728,484,487,728,422,3448
6300,727,1217,1700,2456,2874,,727,490,483,756,418,3426
6246,756,1195,1689,2409,2813,,756,439,494,720,404,3433
6282,714,1189,1660,2413,2832,,714,475,471,753,419,3450
6216,716,1215,1687,2390,2838,,716,499,472,703,448,3378
5979,704,1191,1621,2250,2583,,704,487,430,629,333,3396
6141,698,1138,1624,2325,2720,,698,440,486,701,395,3421
6244,728,1236,1703,2401,2829,,728,508,467,698,428,3415
6175,717,1184,1641,2354,2688,,717,467,457,713,334,3487
6298,726,1235,1724,2434,2849,,726,509,489,710,415,3449
6298,727,1211,1700,2427,2850,,727,484,489,727,423,3448
6276,729,1213,1700,2427,2849,,729,484,487,727,422,3427
6275,717,1203,1691,2429,2851,,717,486,488,738,422,3424
6278,716,1203,1691,2428,2850,,716,487,488,737,422,3428
6296,755,1238,1726,2434,2849,,755,483,488,708,415,3447
6298,726,1211,1700,2427,2849,,726,485,489,727,422,3449
6276,726,1189,1648,2426,2848,,726,463,459,778,422,3428
6196,727,1211,1631,2327,2738,,727,484,420,696,411,3458
6237,729,1193,1651,2429,2797,,729,464,458,778,368,3440
5942,715,1192,1622,2252,2582,,715,477,430,630,330,3360
5897,707,1148,1562,2201,2532,,707,441,414,639,331,3365
6199,716,1167,1627,2328,2738,,716,451,460,701,410,3461
6294,727,1211,1699,2428,2850,,727,484,488,729,422,3444
6297,726,1211,1699,2426,2849,,726,485,488,727,423,3448
6300,727,1212,1700,2427,2851,,727,485,488,727,424,3449
6300,727,1212,1699,2426,2851,,727,485,487,727,425,3449
6258,727,1212,1647,2413,2835,,727,485,435,766,422,3423
6297,728,1212,1701,2428,2849,,728,484,489,727,421,3448
6331,717,1234,1721,2443,2881,,717,517,487,722,438,3450
6276,727,1212,1702,2427,2850,,727,485,490,725,423,3426
6372,728,1265,1782,2529,2925,,728,537,517,747,396,3447
6173,729,1161,1593,2279,2687,,729,432,432,686,408,3486
6273,727,1213,1673,2426,2849,,727,486,460,753,423,3424
6288,705,1191,1663,2417,2835,,705,486,472,754,418,3453
5945,714,1189,1619,2249,2582,,714,475,430,630,333,3363
5900,714,1146,1561,2199,2530,,714,432,415,638,331,3370
6126,716,1149,1584,2291,2697,,716,433,435,707,406,3429
6299,717,1228,1715,2428,2851,,717,511,487,713,423,3448
6206,718,1234,1691,2349,2755,,718,516,457,658,406,3451
6297,727,1211,1699,2426,2849,,727,484,488,727,423,3448
6298,727,1213,1702,2427,2850,,727,486,489,725,423,3448
6275,728,1237,1726,2436,2849,,728,509,489,710,413,3426
6302,716,1203,1691,2402,2831,,716,487,488,711,429,3471
6063,716,1204,1661,2363,2702,,716,488,457,702,339,3361
5917,714,1174,1588,2223,2557,,714,460,414,635,334,3360
5902,715,1146,1562,2198,2531,,715,431,416,636,333,3371
5892,714,1148,1563,2203,2531,,714,434,415,640,328,3361
6021,705,1179,1595,2236,2608,,705,474,416,641,372,3413
6289,716,1261,1750,2471,2889,,716,545,489,721,418,3400
6229,727,1212,1701,2406,2821,,727,485,489,705,415,3408
6298,727,1236,1725,2434,2850,,727,509,489,709,416,3448
6299,726,1211,1701,2425,2850,,726,485,490,724,425,3449
6296,727,1212,1700,2427,2850,,727,485,488,727,423,3446
6299,728,1213,1701,2428,2850,,728,485,488,727,422,3449
6298,726,1235,1723,2433,2849,,726,509,488,710,416,3449
6323,758,1251,1740,2453,2875,,758,493,489,713,422,3448
6247,728,1213,1731,2409,2826,,728,485,518,678,417,3421
6274,717,1203,1691,2415,2851,,717,486,488,724,436,3423
6121,732,1228,1700,2386,2766,,732,496,472,686,380,3355
5893,705,1150,1563,2199,2534,,705,445,413,636,335,3359
5896,714,1148,1561,2197,2531,,714,434,413,636,334,3365
5896,715,1149,1561,2198,2530,,715,434,412,637,332,3366
5898,704,1150,1563,2204,2533,,704,446,413,641,329,3365
5893,715,1148,1562,2173,2507,,715,433,414,611,334,3386
6167,714,1214,1685,2402,2795,,714,500,471,717,393,3372
5902,704,1148,1563,2198,2532,,704,444,415,635,334,3370
5964,714,1149,1562,2198,2539,,714,435,413,636,341,3425
6244,718,1218,1684,2420,2828,,718,500,466,736,408,3416
6224,728,1211,1700,2391,2777,,728,483,489,691,386,3447
6298,727,1216,1699,2428,2850,,727,489,483,729,422,3448
6298,727,1211,1699,2427,2849,,727,484,488,728,422,3449
6285,728,1213,1700,2428,2839,,728,485,487,728,411,3446
6274,728,1237,1724,2427,2850,,728,509,487,703,423,3424
6277,717,1205,1690,2427,2850,,717,488,485,737,423,3427
6298,728,1213,1729,2440,2850,,728,485,516,711,410,3448
6296,725,1209,1699,2425,2848,,725,484,490,726,423,3448
6245,728,1237,1726,2382,2825,,728,509,489,656,443,3420
6213,727,1210,1698,2427,2798,,727,483,488,729,371,3415
6211,716,1205,1691,2413,2817,,716,489,486,722,404,3394
5944,704,1193,1622,2249,2582,,704,489,429,627,333,3362
5922,715,1149,1562,2199,2532,,715,434,413,637,333,3390
5911,677,1147,1561,2192,2536,,677,470,414,631,344,3375
6149,704,1149,1606,2314,2728,,704,445,457,708,414,3421
6298,727,1237,1726,2436,2851,,727,510,489,710,415,3447
6221,728,1212,1700,2430,2823,,728,484,488,730,393,3398
5948,717,1191,1622,2250,2583,,717,474,431,628,333,3365
6204,707,1203,1669,2390,2810,,707,496,466,721,420,3394
6229,725,1209,1698,2404,2820,,725,484,489,706,416,3409
6262,727,1211,1698,2412,2833,,727,484,487,714,421,3429
6274,724,1208,1696,2429,2847,,724,484,488,733,418,3427
6274,728,1212,1701,2426,2849,,728,484,489,725,423,3425
6276,716,1206,1691,2429,2852,,716,490,485,738,423,3424
6247,716,1203,1691,2428,2830,,716,487,488,737,402,3417
6300,715,1203,1691,2429,2851,,715,488,488,738,422,3449
6298,730,1242,1728,2438,2850,,730,512,486,710,412,3448
6272,727,1236,1723,2431,2849,,727,509,487,708,418,3423
6299,727,1212,1700,2428,2850,,727,485,488,728,422,3449
6298,718,1203,1691,2429,2851,,718,485,488,738,422,3447
6112,646,1141,1613,2315,2710,,646,495,472,702,395,3402
6140,714,1188,1661,2376,2769,,714,474,473,715,393,3371
5810,648,1070,1466,2094,2437,,648,422,396,628,343,3373
5721,631,1031,1428,2053,2368,,631,400,397,625,315,3353
5962,663,1126,1537,2173,2520,,663,463,411,636,347,3442
6287,716,1190,1662,2417,2835,,716,474,472,755,418,3452
6007,716,1191,1620,2252,2607,,716,475,429,632,355,3400
6206,701,1200,1669,2402,2810,,701,499,469,733,408,3396
6169,712,1212,1684,2375,2795,,712,500,472,691,420,3374
5903,715,1150,1565,2199,2533,,715,435,415,634,334,3370
5890,717,1140,1537,2170,2514,,717,423,397,633,344,3376
5892,665,1148,1563,2199,2533,,665,483,415,636,334,3359
5898,715,1147,1563,2199,2533,,715,432,416,636,334,3365
5885,715,1148,1560,2193,2511,,715,433,412,633,318,3374
5874,717,1147,1562,2173,2506,,717,430,415,611,333,3368
5892,715,1149,1563,2199,2534,,715,434,414,636,335,3358
5918,717,1149,1565,2199,2534,,717,432,416,634,335,3384
5899,715,1149,1562,2199,2531,,715,434,413,637,332,3368
6205,727,1215,1675,2402,2809,,727,488,460,727,407,3396
6254,756,1241,1757,2455,2848,,756,485,516,698,393,3406
6289,745,1259,1744,2482,2864,,745,514,485,738,382,3425
5942,716,1191,1621,2249,2582,,716,475,430,628,333,3360
5897,716,1149,1562,2200,2533,,716,433,413,638,333,3364
5860,714,1148,1559,2170,2513,,714,434,411,611,343,3347
5900,704,1150,1563,2199,2523,,704,446,413,636,324,3377
5892,705,1150,1564,2200,2534,,705,445,414,636,334,3358
5893,703,1149,1565,2200,2534,,703,446,416,635,334,3359
5891,722,1155,1569,2197,2533,,722,433,414,628,336,3358
5896,720,1149,1564,2205,2534,,720,429,415,641,329,3362
5926,676,1147,1564,2198,2545,,676,471,417,634,347,3381
5930,703,1138,1592,2226,2561,,703,435,454,634,335,3369
5916,715,1148,1563,2198,2533,,715,433,415,635,335,3383
5922,703,1146,1562,2197,2544,,703,443,416,635,347,3378
5882,715,1146,1562,2199,2527,,715,431,416,637,328,3355
5899,705,1150,1564,2200,2533,,705,445,414,636,333,3366
5894,705,1150,1563,2199,2534,,705,445,413,636,335,3360
5898,704,1150,1563,2200,2534,,704,446,413,637,334,3364
5894,717,1150,1565,2200,2532,,717,433,415,635,332,3362
5893,651,1147,1563,2202,2533,,651,496,416,639,331,3360
6221,679,1188,1652,2389,2813,,679,509,464,737,424,3408
6095,729,1155,1638,2341,2718,,729,426,483,703,377,3377
5918,706,1151,1586,2227,2559,,706,445,435,641,332,3359
5895,704,1150,1563,2198,2532,,704,446,413,635,334,3363
5894,716,1147,1562,2204,2532,,716,431,415,642,328,3362
5875,675,1146,1550,2173,2507,,675,471,404,623,334,3368
5916,675,1148,1561,2199,2537,,675,473,413,638,338,3379
5893,664,1147,1564,2199,2533,,664,483,417,635,334,3360
5918,716,1148,1563,2198,2532,,716,432,415,635,334,3386
5843,674,1132,1537,2146,2469,,674,458,405,609,323,3374
5906,664,1147,1564,2199,2532,,664,483,417,635,333,3374
5903,707,1150,1565,2203,2534,,707,443,415,638,331,3369
5893,704,1150,1563,2199,2531,,704,446,413,636,332,3362
5897,715,1147,1562,2198,2531,,715,432,415,636,333,3366
5920,704,1150,1563,2199,2538,,704,446,413,636,339,3382
5895,704,1149,1563,2199,2532,,704,445,414,636,333,3363
5917,714,1149,1561,2198,2531,,714,435,412,637,333,3386
5891,714,1147,1562,2198,2529,,714,433,415,636,331,3362
5893,715,1149,1562,2199,2531,,715,434,413,637,332,3362
5919,665,1149,1564,2200,2536,,665,484,415,636,336,3383
5933,665,1151,1585,2225,2558,,665,486,434,640,333,3375
5904,718,1147,1570,2202,2534,,718,429,423,632,332,3370
5892,714,1148,1561,2198,2531,,714,434,413,637,333,3361
5896,716,1148,1562,2198,2531,,716,432,414,636,333,3365
5916,716,1149,1563,2199,2545,,716,433,414,636,346,3371
5898,705,1151,1562,2199,2531,,705,446,411,637,332,3367
5889,713,1146,1561,2196,2529,,713,433,415,635,333,3360
5893,716,1149,1562,2199,2534,,716,433,413,637,335,3359
5891,705,1150,1562,2199,2533,,705,445,412,637,334,3358
5873,680,1134,1539,2175,2508,,680,454,405,636,333,3365
5952,665,1154,1585,2227,2560,,665,489,431,642,333,3392
5902,705,1149,1564,2202,2533,,705,444,415,638,331,3369
5917,715,1149,1563,2199,2533,,715,434,414,636,334,3384
5923,716,1149,1562,2197,2545,,716,433,413,635,348,3378
5923,705,1150,1564,2199,2534,,705,445,414,635,335,3389
5930,715,1146,1562,2196,2544,,715,431,416,634,348,3386
6228,726,1226,1693,2411,2834,,726,500,467,718,423,3394
6277,741,1229,1717,2429,2852,,741,488,488,712,423,3425
6325,746,1255,1744,2455,2877,,746,509,489,711,422,3448
6146,716,1204,1671,2351,2753,,716,488,467,680,402,3393
6001,676,1191,1620,2273,2608,,676,515,429,653,335,3393
5902,704,1150,1563,2203,2533,,704,446,413,640,330,3369
5915,716,1148,1560,2198,2533,,716,432,412,638,335,3382
5956,716,1147,1562,2202,2533,,716,431,415,640,331,3423
5885,697,1141,1566,2194,2538,,697,444,425,628,344,3347
5899,704,1151,1565,2200,2533,,704,447,414,635,333,3366
5892,723,1153,1565,2199,2533,,723,430,412,634,334,3359
5895,675,1147,1563,2198,2533,,675,472,416,635,335,3362
5892,665,1148,1562,2200,2533,,665,483,414,638,333,3359
5984,667,1154,1587,2225,2560,,667,487,433,638,335,3424
5900,676,1151,1564,2199,2533,,676,475,413,635,334,3367
5903,705,1152,1565,2203,2534,,705,447,413,638,331,3369
5941,716,1173,1587,2224,2559,,716,457,414,637,335,3382
5896,719,1148,1562,2197,2530,,719,429,414,635,333,3366
5836,704,1143,1540,2169,2487,,704,439,397,629,318,3349
5901,705,1150,1564,2200,2534,,705,445,414,636,334,3367
6171,717,1191,1662,2380,2793,,717,474,471,718,413,3378
6143,704,1192,1665,2380,2771,,704,488,473,715,391,3372
6168,714,1189,1662,2376,2792,,714,475,473,714,416,3376
5968,715,1151,1628,2274,2611,,715,436,477,646,337,3357
6198,651,1072,1563,2275,2686,,651,421,491,712,411,3512
6298,716,1203,1691,2417,2850,,716,487,488,726,433,3448
6321,726,1210,1699,2426,2878,,726,484,489,727,452,3443
6347,756,1253,1739,2482,2900,,756,497,486,743,418,3447
6094,714,1139,1613,2315,2668,,714,425,474,702,353,3426
6153,705,1190,1662,2358,2686,,705,485,472,696,328,3467
6277,709,1216,1697,2434,2856,,709,507,481,737,422,3421
6171,705,1192,1666,2418,2795,,705,487,474,752,377,3376
5941,715,1148,1586,2223,2556,,715,433,438,637,333,3385
5894,704,1151,1567,2199,2536,,704,447,416,632,337,3358
5920,673,1170,1585,2221,2551,,673,497,415,636,330,3369
5919,664,1149,1564,2200,2536,,664,485,415,636,336,3383
5894,704,1151,1564,2200,2533,,704,447,413,636,333,3361
5895,705,1149,1564,2201,2533,,705,444,415,637,332,3362
5897,704,1149,1566,2202,2534,,704,445,417,636,332,3363
5895,715,1148,1563,2202,2533,,715,433,415,639,331,3362
5893,715,1148,1567,2199,2533,,715,433,419,632,334,3360
5893,705,1149,1564,2199,2532,,705,444,415,635,333,3361
5895,705,1151,1564,2201,2532,,705,446,413,637,331,3363
5885,704,1148,1566,2195,2539,,704,444,418,629,344,3346
5900,716,1149,1565,2198,2532,,716,433,416,633,334,3368
5902,704,1148,1563,2198,2532,,704,444,415,635,334,3370
5893,704,1151,1564,2200,2534,,704,447,413,636,334,3359
5894,704,1149,1563,2199,2535,,704,445,414,636,336,3359
6086,718,1191,1677,2364,2686,,718,473,486,687,322,3400
6173,704,1192,1663,2379,2794,,704,488,471,716,415,3379
6145,715,1190,1664,2380,2773,,715,475,474,716,393,3372
6143,715,1192,1664,2378,2773,,715,477,472,714,395,3370
6143,718,1192,1666,2376,2773,,718,474,474,710,397,3370
6168,703,1217,1690,2405,2797,,703,514,473,715,392,3371
6194,712,1214,1686,2399,2795,,712,502,472,713,396,3399
5977,702,1217,1648,2276,2608,,702,515,431,628,332,3369
5968,701,1217,1648,2276,2608,,701,516,431,628,332,3360
6008,713,1187,1613,2251,2583,,713,474,426,638,332,3425
6247,704,1190,1663,2409,2809,,704,486,473,746,400,3438
6299,715,1204,1691,2404,2851,,715,489,487,713,447,3448
6262,703,1202,1682,2418,2841,,703,499,480,736,423,3421
5950,703,1190,1619,2250,2582,,703,487,429,631,332,3368
5918,704,1150,1563,2200,2534,,704,446,413,637,334,3384
5894,705,1149,1564,2202,2534,,705,444,415,638,332,3360
5902,715,1149,1565,2199,2532,,715,434,416,634,333,3370
5917,662,1148,1563,2199,2546,,662,486,415,636,347,3371
5921,704,1150,1585,2226,2557,,704,446,435,641,331,3364
5896,716,1150,1564,2200,2533,,716,434,414,636,333,3363
5894,705,1152,1563,2204,2538,,705,447,411,641,334,3356
5902,716,1148,1562,2198,2534,,716,432,414,636,336,3368
5862,706,1141,1565,2194,2514,,706,435,424,629,320,3348
5894,704,1149,1564,2202,2534,,704,445,415,638,332,3360
5895,705,1151,1565,2201,2534,,705,446,414,636,333,3361
5895,705,1151,1563,2200,2538,,705,446,412,637,338,3357
5895,704,1150,1564,2205,2534,,704,446,414,641,329,3361
6237,714,1235,1701,2434,2843,,714,521,466,733,409,3394
6239,717,1204,1691,2414,2831,,717,487,487,723,417,3408
6321,727,1236,1724,2462,2874,,727,509,488,738,412,3447
6283,706,1205,1691,2418,2836,,706,499,486,727,418,3447
6326,716,1230,1713,2427,2850,,716,514,483,714,423,3476
6283,745,1209,1693,2429,2850,,745,464,484,736,421,3433
6278,716,1202,1690,2428,2851,,716,486,488,738,423,3427
6300,717,1205,1717,2430,2854,,717,488,512,713,424,3446
6305,745,1235,1724,2460,2857,,745,490,489,736,397,3448
6177,714,1202,1634,2342,2761,,714,488,432,708,419,3416
6259,703,1203,1691,2416,2834,,703,500,488,725,418,3425
6297,726,1235,1723,2434,2848,,726,509,488,711,414,3449
6321,728,1212,1701,2428,2853,,728,484,489,727,425,3468
6248,728,1217,1702,2428,2798,,728,489,485,726,370,3450
6297,728,1238,1726,2435,2850,,728,510,488,709,415,3447
6199,728,1134,1626,2332,2739,,728,406,492,706,407,3460
6300,727,1211,1700,2427,2850,,727,484,489,727,423,3450
6329,717,1204,1692,2428,2851,,717,487,488,736,423,3478
6278,717,1204,1692,2428,2857,,717,487,488,736,429,3421
6084,702,1186,1595,2290,2679,,702,484,409,695,389,3405
6303,715,1205,1694,2405,2830,,715,490,489,711,425,3473
6347,715,1203,1719,2456,2903,,715,488,516,737,447,3444
6324,746,1254,1742,2452,2876,,746,508,488,710,424,3448
6299,727,1211,1700,2427,2850,,727,484,489,727,423,3449
6297,717,1202,1691,2428,2850,,717,485,489,737,422,3447
6086,702,1149,1590,2250,2652,,702,447,441,660,402,3434
6172,705,1192,1663,2418,2796,,705,487,471,755,378,3376
6150,706,1193,1663,2381,2772,,706,487,470,718,391,3378
6035,706,1206,1637,2289,2653,,706,500,431,652,364,3382
5944,704,1192,1622,2253,2584,,704,488,430,631,331,3360
6172,705,1219,1691,2443,2798,,705,514,472,752,355,3374
6261,705,1193,1665,2418,2836,,705,488,472,753,418,3425
6245,716,1192,1669,2418,2837,,716,476,477,749,419,3408
6299,680,1202,1690,2426,2830,,680,522,488,736,404,3469
6294,726,1236,1723,2433,2847,,726,510,487,710,414,3447
6011,727,1159,1586,2237,2576,,727,432,427,651,339,3435
6178,704,1193,1666,2417,2794,,704,489,473,751,377,3384
6144,704,1192,1665,2380,2772,,704,488,473,715,392,3372
6143,719,1197,1667,2374,2770,,719,478,470,707,396,3373
6000,705,1191,1621,2253,2586,,705,486,430,632,333,3414
6255,711,1228,1718,2453,2851,,711,517,490,735,398,3404
6355,745,1234,1722,2487,2907,,745,489,488,765,420,3448
6303,727,1211,1700,2426,2849,,727,484,489,726,423,3454
6320,710,1204,1688,2453,2871,,710,494,484,765,418,3449
6215,715,1202,1689,2428,2853,,715,487,487,739,425,3362
6075,702,1187,1580,2263,2626,,702,485,393,683,363,3449
6300,716,1204,1692,2430,2852,,716,488,488,738,422,3448
6300,716,1203,1692,2404,2852,,716,487,489,712,448,3448
6152,646,1103,1591,2304,2714,,646,457,488,713,410,3438
6133,716,1126,1592,2279,2666,,716,410,466,687,387,3467
6147,705,1192,1664,2380,2773,,705,487,472,716,393,3374
6286,706,1193,1668,2418,2837,,706,487,475,750,419,3449
6146,705,1191,1662,2380,2774,,705,486,471,718,394,3372
6017,701,1166,1639,2300,2636,,701,465,473,661,336,3381
5953,702,1191,1618,2251,2584,,702,489,427,633,333,3369
6204,706,1193,1620,2315,2732,,706,487,427,695,417,3472
6324,717,1203,1719,2458,2875,,717,486,516,739,417,3449
6330,716,1203,1691,2429,2851,,716,487,488,738,422,3479
6147,710,1151,1632,2317,2737,,710,441,481,685,420,3410
5943,706,1193,1624,2253,2584,,706,487,431,629,331,3359
6183,704,1229,1701,2415,2810,,704,525,472,714,395,3373
6252,707,1183,1655,2383,2826,,707,476,472,728,443,3426
6243,715,1192,1665,2416,2836,,715,477,473,751,420,3407
6174,705,1192,1666,2378,2793,,705,487,474,712,415,3381
6145,703,1192,1664,2375,2772,,703,489,472,711,397,3373
6134,706,1149,1587,2271,2686,,706,443,438,684,415,3448
6299,717,1203,1691,2428,2851,,717,486,488,737,423,3448
6300,716,1206,1691,2428,2851,,716,490,485,737,423,3449
6104,786,1213,1637,2341,2693,,786,427,424,704,352,3411
5992,703,1216,1647,2277,2615,,703,513,431,630,338,3377
6180,703,1227,1700,2415,2808,,703,524,473,715,393,3372
6286,704,1192,1665,2392,2839,,704,488,473,727,447,3447
6242,718,1192,1663,2417,2834,,718,474,471,754,417,3408
6096,704,1193,1634,2343,2722,,704,489,441,709,379,3374
6147,705,1191,1663,2381,2772,,705,486,472,718,391,3375
6172,713,1188,1659,2373,2792,,713,475,471,714,419,3380
6141,705,1191,1664,2375,2773,,705,486,473,711,398,3368
6167,701,1215,1686,2398,2797,,701,514,471,712,399,3370
5884,700,1169,1588,2218,2536,,700,469,419,630,318,3348
5971,697,1220,1649,2278,2614,,697,523,429,629,336,3357
6106,702,1228,1725,2394,2721,,702,526,497,669,327,3385
6257,715,1189,1662,2415,2834,,715,474,473,753,419,3423
6173,703,1192,1665,2416,2794,,703,489,473,751,378,3379
6029,704,1193,1622,2285,2643,,704,489,429,663,358,3386
6145,706,1192,1666,2381,2772,,706,486,474,715,391,3373
6098,705,1194,1665,2335,2711,,705,489,471,670,376,3387
6150,705,1195,1666,2381,2773,,705,490,471,715,392,3377
6168,702,1216,1688,2397,2795,,702,514,472,709,398,3373
5934,702,1187,1607,2218,2563,,702,485,420,611,345,3371
5971,698,1217,1647,2278,2613,,698,519,430,631,335,3358
6208,703,1228,1698,2453,2830,,703,525,470,755,377,3378
6263,704,1192,1666,2415,2839,,704,488,474,749,424,3424
6244,705,1191,1664,2417,2838,,705,486,473,753,421,3406
6173,706,1192,1665,2382,2794,,706,486,473,717,412,3379
6069,705,1194,1667,2352,2685,,705,489,473,685,333,3384
6186,701,1219,1648,2301,2683,,701,518,429,653,382,3503
6329,715,1231,1716,2430,2852,,715,516,485,714,422,3477
6300,718,1230,1717,2433,2851,,718,512,487,716,418,3449
6149,717,1182,1641,2251,2663,,717,465,459,610,412,3486
6222,671,1197,1669,2418,2842,,671,526,472,749,424,3380
6197,701,1217,1691,2441,2820,,701,516,474,750,379,3377
6261,704,1189,1660,2412,2835,,704,485,471,752,423,3426
6247,705,1192,1664,2418,2837,,705,487,472,754,419,3410
6138,705,1167,1634,2304,2702,,705,462,467,670,398,3436
6172,705,1190,1663,2417,2792,,705,485,473,754,375,3380
6281,714,1215,1687,2403,2841,,714,501,472,716,438,3440
6300,716,1205,1693,2430,2853,,716,489,488,737,423,3447
6299,716,1207,1693,2429,2853,,716,491,486,736,424,3446
6012,716,1183,1590,2239,2579,,716,467,407,649,340,3433
6148,707,1193,1646,2374,2776,,707,486,453,728,402,3372
6208,703,1228,1701,2452,2829,,703,525,473,751,377,3379
6288,706,1193,1661,2414,2838,,706,487,468,753,424,3450
6246,704,1190,1661,2417,2837,,704,486,471,756,420,3409
6172,705,1192,1664,2379,2798,,705,487,472,715,419,3374
6145,704,1191,1663,2374,2773,,704,487,472,711,399,3372
6234,704,1192,1664,2377,2799,,704,488,472,713,422,3435
6301,717,1203,1692,2429,2851,,717,486,489,737,422,3450
6350,716,1204,1691,2429,2881,,716,488,487,738,452,3469
6288,716,1205,1643,2419,2841,,716,489,438,776,422,3447
6144,705,1194,1665,2377,2778,,705,489,471,712,401,3366
6197,700,1217,1689,2442,2822,,700,517,472,753,380,3375
6314,702,1220,1691,2445,2864,,702,518,471,754,419,3450
5968,704,1192,1661,2337,2631,,704,488,469,676,294,3337
6171,714,1215,1686,2402,2794,,714,501,471,716,392,3377
6143,705,1193,1665,2381,2773,,705,488,472,716,392,3370
6274,705,1193,1664,2396,2837,,705,488,471,732,441,3437
6325,716,1204,1692,2429,2881,,716,488,488,737,452,3444
6300,716,1204,1692,2429,2851,,716,488,488,737,422,3449
6187,716,1204,1656,2369,2750,,716,488,452,713,381,3437
6148,706,1193,1665,2373,2772,,706,487,472,708,399,3376
6207,704,1229,1702,2453,2831,,704,525,473,751,378,3376
6262,705,1198,1680,2415,2837,,705,493,482,735,422,3425
6259,705,1193,1664,2418,2837,,705,488,471,754,419,3422
6121,705,1193,1623,2273,2657,,705,488,430,650,384,3464
6363,717,1237,1725,2461,2885,,717,520,488,736,424,3478
6355,716,1232,1716,2458,2877,,716,516,484,742,419,3478
6300,716,1203,1692,2428,2851,,716,487,489,736,423,3449
6298,716,1231,1745,2434,2851,,716,515,514,689,417,3447
6134,716,1184,1638,2332,2717,,716,468,454,694,385,3417
6146,705,1194,1666,2377,2774,,705,489,472,711,397,3372
6256,701,1226,1698,2454,2875,,701,525,472,756,421,3381
6286,704,1191,1662,2414,2835,,704,487,471,752,421,3451
6244,705,1192,1664,2417,2836,,705,487,472,753,419,3408
5999,704,1179,1632,2302,2635,,704,475,453,670,333,3364
6168,702,1218,1690,2400,2799,,702,516,472,710,399,3369
6182,705,1224,1696,2407,2805,,705,519,472,711,398,3377
6166,701,1214,1685,2396,2795,,701,513,471,711,399,3371
6165,702,1215,1687,2398,2796,,702,513,472,711,398,3369
5936,702,1216,1640,2269,2588,,702,514,424,629,319,3348
5997,697,1219,1654,2303,2636,,697,522,435,649,333,3361
6257,704,1227,1700,2453,2873,,704,523,473,753,420,3384
6295,703,1226,1697,2451,2871,,703,523,471,754,420,3424
6142,704,1191,1662,2374,2774,,704,487,471,712,400,3368
6256,703,1217,1670,2435,2841,,703,514,453,765,406,3415
6042,704,1173,1643,2285,2617,,704,469,470,642,332,3425
6206,704,1224,1697,2401,2773,,704,520,473,704,372,3433
6300,716,1203,1692,2429,2852,,716,487,489,737,423,3448
6300,715,1204,1693,2429,2852,,715,489,489,736,423,3448
6163,716,1183,1617,2317,2673,,716,467,434,700,356,3490
5946,705,1193,1621,2252,2583,,705,488,428,631,331,3363
6256,703,1228,1700,2454,2876,,703,525,472,754,422,3380
6293,698,1227,1723,2445,2868,,698,529,496,722,423,3425
6263,711,1235,1708,2461,2879,,711,524,473,753,418,3384
6088,705,1195,1669,2367,2706,,705,490,474,698,339,3382
5994,705,1194,1625,2276,2613,,705,489,431,651,337,3381
6331,725,1276,1763,2485,2907,,725,551,487,722,422,3424
6299,716,1204,1691,2430,2851,,716,488,487,739,421,3448
6300,716,1205,1692,2430,2852,,716,489,487,738,422,3448
6236,716,1228,1637,2382,2798,,716,512,409,745,416,3438
6146,704,1192,1665,2380,2772,,704,488,473,715,392,3374
6270,700,1218,1688,2443,2862,,700,518,470,755,419,3408
6321,702,1226,1696,2449,2870,,702,524,470,753,421,3451
6248,706,1194,1665,2419,2841,,706,488,471,754,422,3407
6061,706,1193,1689,2369,2694,,706,487,496,680,325,3367
6148,704,1194,1665,2382,2776,,704,490,471,717,394,3372
6261,715,1190,1662,2373,2814,,715,475,472,711,441,3447
6300,716,1233,1717,2430,2851,,716,517,484,713,421,3449
6300,716,1204,1692,2430,2851,,716,488,488,738,421,3449
6164,716,1183,1643,2355,2729,,716,467,460,712,374,3435
5947,705,1192,1624,2252,2584,,705,487,432,628,332,3363
6270,703,1228,1701,2453,2871,,703,525,473,752,418,3399
6143,705,1193,1666,2377,2773,,705,488,473,711,396,3370
6010,701,1191,1618,2250,2584,,701,490,427,632,334,3426
6236,706,1194,1666,2419,2800,,706,488,472,753,381,3436
6167,705,1190,1664,2420,2806,,705,485,474,756,386,3361
6174,724,1219,1691,2401,2798,,724,495,472,710,397,3376
6173,703,1216,1688,2399,2796,,703,513,472,711,397,3377
6167,702,1215,1686,2396,2795,,702,513,471,710,399,3372
6023,703,1214,1647,2278,2636,,703,511,433,631,358,3387
5969,703,1216,1646,2275,2607,,703,513,430,629,332,3362
6231,704,1229,1702,2453,2873,,704,525,473,751,420,3358
6289,703,1219,1691,2440,2863,,703,516,472,749,423,3426
6219,706,1196,1670,2418,2837,,706,490,474,748,419,3382
6164,705,1194,1666,2386,2789,,705,489,472,720,403,3375
6144,680,1194,1670,2377,2774,,680,514,476,707,397,3370
6148,704,1196,1667,2375,2775,,704,492,471,708,400,3373
6167,704,1214,1687,2398,2796,,704,510,473,711,398,3371
6169,703,1215,1687,2399,2797,,703,512,472,712,398,3372
5985,703,1217,1648,2275,2627,,703,514,431,627,352,3358
5998,698,1219,1652,2308,2635,,698,521,433,656,327,3363
6279,703,1228,1700,2454,2873,,703,525,472,754,419,3406
6214,700,1168,1638,2342,2758,,700,468,470,704,416,3456
6246,704,1193,1666,2419,2837,,704,489,473,753,418,3409
6181,704,1194,1665,2376,2799,,704,490,471,711,423,3382
6145,708,1192,1665,2377,2774,,708,484,473,712,397,3371
6148,689,1192,1663,2380,2775,,689,503,471,717,395,3373
6145,704,1193,1666,2375,2772,,704,489,473,709,397,3373
6167,703,1214,1686,2397,2795,,703,511,472,711,398,3372
5977,701,1215,1643,2274,2605,,701,514,428,631,331,3372
5969,713,1213,1645,2271,2603,,713,500,432,626,332,3366
6231,701,1227,1723,2452,2870,,701,526,496,729,418,3361
6301,704,1231,1700,2451,2874,,704,527,469,751,423,3427
6244,705,1193,1666,2418,2839,,705,488,473,752,421,3405
6174,706,1193,1665,2380,2794,,706,487,472,715,414,3380
6094,705,1194,1670,2349,2683,,705,489,476,679,334,3411
6173,706,1194,1666,2418,2798,,706,488,472,752,380,3375
6145,706,1193,1666,2378,2776,,706,487,473,712,398,3369
6167,703,1215,1688,2399,2797,,703,512,473,711,398,3370
5972,703,1216,1646,2274,2606,,703,513,430,628,332,3366
6019,702,1216,1646,2299,2631,,702,514,430,653,332,3388
6234,703,1229,1726,2454,2873,,703,526,497,728,419,3361
6323,705,1229,1697,2451,2876,,705,524,468,754,425,3447
6222,705,1193,1665,2419,2837,,705,488,472,754,418,3385
6178,706,1193,1666,2381,2795,,706,487,473,715,414,3383
5992,706,1162,1634,2301,2635,,706,456,472,667,334,3357
6138,709,1194,1666,2389,2773,,709,485,472,723,384,3365
6173,697,1220,1693,2403,2801,,697,523,473,710,398,3372
6200,683,1222,1695,2406,2822,,683,539,473,711,416,3378
6000,702,1215,1645,2273,2608,,702,513,430,628,335,3392
5993,715,1215,1645,2274,2605,,715,500,430,629,331,3388
6280,704,1229,1700,2455,2872,,704,525,471,755,417,3408
6074,608,1076,1546,2254,2644,,608,468,470,708,390,3430
6245,706,1193,1665,2419,2838,,706,487,472,754,419,3407
6075,704,1172,1652,2324,2660,,704,468,480,672,336,3415
6146,705,1204,1682,2378,2774,,705,499,478,696,396,3372
6150,705,1181,1657,2376,2774,,705,476,476,719,398,3376
6149,706,1194,1666,2376,2772,,706,488,472,710,396,3377
6168,701,1215,1688,2398,2796,,701,514,473,710,398,3372
5985,703,1227,1651,2285,2633,,703,524,424,634,348,3352
6000,697,1220,1650,2279,2612,,697,523,430,629,333,3388
5880,651,1127,1596,2224,2545,,651,476,469,628,321,3335
6171,652,1124,1622,2326,2721,,652,472,498,704,395,3450
5996,706,1193,1664,2339,2658,,706,487,471,675,319,3338
6174,705,1194,1665,2381,2796,,705,489,471,716,415,3378
6144,706,1193,1665,2381,2773,,706,487,472,716,392,3371
6145,705,1193,1665,2381,2772,,705,488,472,716,391,3373
5944,705,1193,1622,2252,2583,,705,488,429,630,331,3361
6166,701,1217,1688,2400,2796,,701,516,471,712,396,3370
5997,702,1215,1651,2300,2632,,702,513,436,649,332,3365
5972,701,1216,1647,2275,2609,,701,515,431,628,334,3363
6280,702,1227,1699,2451,2871,,702,525,472,752,420,3409
6252,700,1225,1694,2445,2868,,700,525,469,751,423,3384
6142,715,1189,1663,2374,2772,,715,474,474,711,398,3370
6027,702,1218,1665,2305,2640,,702,516,447,640,335,3387
6009,714,1190,1618,2249,2581,,714,476,428,631,332,3428
6187,705,1194,1647,2419,2746,,705,489,453,772,327,3441
6173,705,1193,1665,2380,2795,,705,488,472,715,415,3378
6166,702,1214,1690,2397,2795,,702,512,476,707,398,3371
5996,704,1216,1646,2303,2635,,704,512,430,657,332,3361
5971,706,1219,1650,2274,2608,,706,513,431,624,334,3363
5908,706,1182,1652,2275,2570,,706,476,470,623,295,3338
6279,701,1228,1701,2452,2871,,701,527,473,751,419,3408
5996,707,1194,1667,2337,2657,,707,487,473,670,320,3339
6199,698,1221,1694,2412,2824,,698,523,473,718,412,3375
6145,706,1193,1674,2379,2773,,706,487,481,705,394,3372
6086,705,1193,1667,2368,2689,,705,488,474,701,321,3397
5972,697,1222,1654,2283,2612,,697,525,432,629,329,3360
6167,702,1216,1690,2398,2796,,702,514,474,708,398,3371
5973,701,1216,1645,2278,2608,,701,515,429,633,330,3365
5894,651,1142,1571,2198,2534,,651,491,429,627,336,3360
5940,636,1123,1516,2112,2505,,636,487,393,596,393,3435
6126,648,1110,1584,2270,2688,,648,462,474,686,418,3438
6243,716,1192,1665,2416,2836,,716,476,473,751,420,3407
6197,731,1217,1690,2409,2819,,731,486,473,719,410,3378
6070,689,1182,1639,2343,2721,,689,493,457,704,378,3349
6147,705,1191,1662,2383,2775,,705,486,471,721,392,3372
6144,705,1193,1666,2377,2774,,705,488,473,711,397,3370
6167,704,1217,1689,2399,2796,,704,513,472,710,397,3371
5983,702,1215,1645,2274,2622,,702,513,430,629,348,3361
5972,699,1220,1649,2278,2611,,699,521,429,629,333,3361
6278,701,1227,1698,2452,2869,,701,526,471,754,417,3409
5961,633,1071,1489,2170,2559,,633,438,418,681,389,3402
6300,716,1235,1719,2431,2854,,716,519,484,712,423,3446
6239,716,1203,1692,2377,2801,,716,487,489,685,424,3438
6173,705,1193,1665,2418,2797,,705,488,472,753,379,3376
6145,705,1193,1666,2382,2775,,705,488,473,716,393,3370
6149,705,1194,1667,2376,2774,,705,489,473,709,398,3375
5968,702,1217,1646,2277,2608,,702,515,429,631,331,3360
6157,702,1216,1688,2399,2796,,702,514,472,711,397,3361
6099,698,1220,1677,2387,2714,,698,522,457,710,327,3385
6319,702,1227,1698,2451,2871,,702,525,471,753,420,3448
6027,648,1133,1625,2283,2639,,648,485,492,658,356,3388
5970,704,1194,1665,2340,2634,,704,490,471,675,294,3336
6207,704,1226,1698,2451,2833,,704,522,472,753,382,3374
6144,706,1193,1664,2377,2773,,706,487,471,713,396,3371
6171,703,1218,1691,2404,2799,,703,515,473,713,395,3372
6171,702,1217,1689,2404,2800,,702,515,472,715,396,3371
6167,715,1215,1687,2397,2795,,715,500,472,710,398,3372
5997,727,1215,1647,2277,2608,,727,488,432,630,331,3389
5999,702,1217,1648,2302,2635,,702,515,431,654,333,3364
6108,651,1085,1555,2265,2657,,651,434,470,710,392,3451
5905,648,1071,1514,2164,2529,,648,423,443,650,365,3376
5997,706,1194,1664,2340,2659,,706,488,470,676,319,3338
6201,705,1195,1668,2419,2797,,705,490,473,751,378,3404
6174,705,1194,1667,2380,2794,,705,489,473,713,414,3380
6166,732,1221,1693,2408,2800,,732,489,472,715,392,3366
6147,704,1195,1666,2378,2774,,704,491,471,712,396,3373
6110,702,1217,1697,2379,2704,,702,515,480,682,325,3406
5998,699,1220,1652,2281,2611,,699,521,432,629,330,3387
5973,699,1218,1650,2278,2610,,699,519,432,628,332,3363
6182,669,1158,1629,2336,2756,,669,489,471,707,420,3426
6219,702,1193,1668,2401,2819,,702,491,475,733,418,3400
5995,705,1193,1664,2337,2657,,705,488,471,673,320,3338
6177,704,1194,1667,2421,2796,,704,490,473,754,375,3381
6146,705,1193,1666,2376,2775,,705,488,473,710,399,3371
6148,705,1195,1667,2378,2778,,705,490,472,711,400,3370
6171,703,1216,1688,2400,2797,,703,513,472,712,397,3374
6170,703,1217,1690,2399,2796,,703,514,473,709,397,3374
5971,704,1215,1649,2277,2608,,704,511,434,628,331,3363
5970,703,1218,1648,2276,2608,,703,515,430,628,332,3362
6163,704,1180,1657,2344,2735,,704,476,477,687,391,3428
5832,636,1045,1467,2116,2455,,636,409,422,649,339,3377
5996,704,1194,1665,2338,2658,,704,490,471,673,320,3338
6177,706,1197,1670,2419,2798,,706,491,473,749,379,3379
6146,708,1194,1668,2376,2776,,708,486,474,708,400,3370
6148,705,1193,1665,2377,2776,,705,488,472,712,399,3372
6144,705,1193,1665,2381,2774,,705,488,472,716,393,3370
6149,710,1194,1666,2376,2774,,710,484,472,710,398,3375
5999,703,1219,1647,2279,2611,,703,516,428,632,332,3388
5972,703,1217,1648,2277,2608,,703,514,431,629,331,3364
6161,700,1179,1591,2295,2686,,700,479,412,704,391,3475
5932,645,1053,1539,2191,2555,,645,408,486,652,364,3377
6083,706,1193,1663,2338,2656,,706,487,470,675,318,3427
6200,719,1227,1705,2399,2819,,719,508,478,694,420,3381
6170,665,1194,1665,2419,2808,,665,529,471,754,389,3362
6148,704,1193,1664,2381,2774,,704,489,471,717,393,3374
6150,703,1195,1666,2377,2776,,703,492,471,711,399,3374
6145,703,1193,1666,2376,2775,,703,490,473,710,399,3370
5985,702,1216,1640,2270,2614,,702,514,424,630,344,3371
5972,699,1220,1651,2278,2612,,699,521,431,627,334,3360
6161,701,1178,1587,2291,2682,,701,477,409,704,391,3479
5921,644,1050,1512,2164,2518,,644,406,462,652,354,3403
5995,705,1195,1665,2340,2660,,705,490,470,675,320,3335
6204,707,1225,1697,2451,2830,,707,518,472,754,379,3374
6150,704,1194,1666,2375,2774,,704,490,472,709,399,3376
6147,694,1192,1664,2374,2774,,694,498,472,710,400,3373
6174,702,1218,1691,2401,2800,,702,516,473,710,399,3374
6168,703,1218,1691,2400,2797,,703,515,473,709,397,3371
5984,704,1215,1653,2312,2634,,704,511,438,659,322,3350
5979,698,1221,1652,2281,2613,,698,523,431,629,332,3366
6188,704,1177,1594,2295,2686,,704,473,417,701,391,3502
5896,646,1053,1463,2127,2486,,646,407,410,664,359,3410
6069,703,1192,1665,2358,2686,,703,489,473,693,328,3383
5734,635,1055,1450,2065,2382,,635,420,395,615,317,3352
5767,629,1025,1420,2048,2338,,629,396,395,628,290,3429
6030,706,1144,1568,2238,2625,,706,438,424,670,387,3405
5982,668,1115,1554,2214,2575,,668,447,439,660,361,3407
6358,716,1207,1695,2433,2883,,716,491,488,738,450,3475
6300,717,1232,1640,2429,2850,,717,515,408,789,421,3450
6324,718,1204,1723,2461,2878,,718,486,519,738,417,3446
6328,691,1204,1675,2429,2852,,691,513,471,754,423,3476
6278,740,1189,1607,2357,2796,,740,449,418,750,439,3482
6329,717,1204,1693,2429,2853,,717,487,489,736,424,3476
6229,716,1204,1614,2330,2739,,716,488,410,716,409,3490
6275,715,1233,1720,2430,2832,,715,518,487,710,402,3443
6326,703,1205,1693,2457,2877,,703,502,488,764,420,3449
6325,716,1259,1744,2455,2877,,716,543,485,711,422,3448
6299,744,1230,1716,2430,2852,,744,486,486,714,422,3447
6161,716,1127,1598,2305,2740,,716,411,471,707,435,3421
6300,716,1204,1692,2430,2853,,716,488,488,738,423,3447
6287,698,1194,1669,2368,2842,,698,496,475,699,474,3445
6002,647,1052,1464,2159,2535,,647,405,412,695,376,3467
6300,717,1204,1692,2428,2852,,717,487,488,736,424,3448
6125,745,1153,1643,2334,2716,,745,408,490,691,382,3409
6302,716,1204,1692,2430,2853,,716,488,488,738,423,3449
6189,671,1167,1639,2345,2740,,671,496,472,706,395,3449
6173,705,1195,1667,2382,2796,,705,490,472,715,414,3377
6145,705,1192,1663,2376,2774,,705,487,471,713,398,3371
6168,701,1217,1689,2404,2796,,701,516,472,715,392,3372
5971,701,1218,1648,2278,2611,,701,517,430,630,333,3360
6078,702,1168,1585,2223,2610,,702,466,417,638,387,3468
6090,739,1199,1638,2336,2673,,739,460,439,698,337,3417
6377,743,1256,1769,2507,2902,,743,513,513,738,395,3475
6303,718,1218,1707,2423,2856,,718,500,489,716,433,3447
6247,708,1194,1671,2392,2842,,708,486,477,721,450,3405
6176,706,1193,1665,2382,2795,,706,487,472,717,413,3381
6150,706,1193,1665,2376,2775,,706,487,472,711,399,3375
6171,704,1220,1693,2401,2798,,704,516,473,708,397,3373
6196,702,1216,1687,2398,2825,,702,514,471,711,427,3371
6121,702,1235,1664,2378,2710,,702,533,429,714,332,3411
5896,650,1072,1472,2097,2442,,650,422,400,625,345,3454
5964,663,1129,1539,2177,2510,,663,466,410,638,333,3454
5970,706,1193,1664,2339,2633,,706,487,471,675,294,3337
5997,706,1193,1623,2278,2611,,706,487,430,655,333,3386
5922,704,1152,1587,2230,2560,,704,448,435,643,330,3362
5901,705,1152,1567,2203,2537,,705,447,415,636,334,3364
5911,711,1167,1582,2218,2551,,711,456,415,636,333,3360
5895,665,1151,1566,2202,2537,,665,486,415,636,335,3358
5900,665,1150,1564,2202,2536,,665,485,414,638,334,3364
5899,705,1153,1565,2201,2535,,705,448,412,636,334,3364
5920,665,1154,1566,2205,2540,,665,489,412,639,335,3380
5929,706,1191,1600,2236,2570,,706,485,409,636,334,3359
5921,705,1151,1566,2202,2536,,705,446,415,636,334,3385
5902,704,1150,1565,2202,2535,,704,446,415,637,333,3367
5895,705,1151,1566,2201,2535,,705,446,415,635,334,3360
5898,705,1150,1563,2177,2511,,705,445,413,614,334,3387
5895,704,1152,1566,2201,2534,,704,448,414,635,333,3361
5920,706,1153,1565,2201,2549,,706,447,412,636,348,3371
5899,705,1150,1566,2200,2536,,705,445,416,634,336,3363
5941,705,1152,1566,2201,2535,,705,447,414,635,334,3406
5894,663,1136,1540,2175,2518,,663,473,404,635,343,3376
5788,659,1091,1490,2121,2441,,659,432,399,631,320,3347
5895,665,1151,1567,2205,2536,,665,486,416,638,331,3359
5898,731,1158,1561,2175,2510,,731,427,403,614,335,3388
5896,665,1150,1564,2200,2524,,665,485,414,636,324,3372
5896,664,1149,1564,2202,2534,,664,485,415,638,332,3362
5921,704,1151,1566,2202,2537,,704,447,415,636,335,3384
5893,665,1149,1563,2200,2533,,665,484,414,637,333,3360
5900,704,1152,1564,2201,2534,,704,448,412,637,333,3366
5895,705,1152,1565,2202,2535,,705,447,413,637,333,3360
5925,705,1160,1566,2202,2534,,705,455,406,636,332,3391
5898,706,1154,1565,2202,2537,,706,448,411,637,335,3361
5896,707,1152,1565,2202,2535,,707,445,413,637,333,3361
5924,705,1152,1565,2202,2561,,705,447,413,637,359,3363
5897,703,1151,1565,2201,2536,,703,448,414,636,335,3361
5898,667,1152,1567,2204,2536,,667,485,415,637,332,3362
5896,663,1153,1566,2203,2537,,663,490,413,637,334,3359
5899,665,1153,1565,2201,2537,,665,488,412,636,336,3362
5875,666,1152,1568,2179,2513,,666,486,416,611,334,3362
5893,705,1150,1567,2202,2535,,705,445,417,635,333,3358
5839,665,1130,1534,2171,2490,,665,465,404,637,319,3349
5910,667,1154,1567,2205,2537,,667,487,413,638,332,3373
5872,707,1150,1564,2178,2510,,707,443,414,614,332,3362
5902,711,1153,1571,2203,2538,,711,442,418,632,335,3364
5897,664,1155,1568,2203,2536,,664,491,413,635,333,3361
5901,706,1152,1564,2205,2537,,706,446,412,641,332,3364
5861,704,1147,1545,2173,2518,,704,443,398,628,345,3343
5922,665,1151,1567,2203,2538,,665,486,416,636,335,3384
5897,704,1152,1571,2203,2538,,704,448,419,632,335,3359
5895,706,1152,1565,2203,2540,,706,446,413,638,337,3355
5900,705,1152,1568,2201,2535,,705,447,416,633,334,3365
5908,678,1152,1566,2203,2538,,678,474,414,637,335,3370
5895,666,1150,1566,2201,2536,,666,484,416,635,335,3359
5893,673,1152,1566,2203,2532,,673,479,414,637,329,3361
5900,705,1153,1567,2205,2536,,705,448,414,638,331,3364
6149,705,1194,1666,2384,2775,,705,489,472,718,391,3374
6009,706,1183,1655,2313,2652,,706,477,472,658,339,3357
6145,704,1193,1665,2383,2774,,704,489,472,718,391,3371
6176,703,1195,1692,2419,2799,,703,492,497,727,380,3377
6151,705,1194,1665,2378,2774,,705,489,471,713,396,3377
6022,701,1177,1616,2277,2613,,701,476,439,661,336,3409
5976,724,1226,1656,2281,2614,,724,502,430,625,333,3362
5997,698,1221,1651,2281,2615,,698,523,430,630,334,3382
6000,703,1218,1648,2279,2610,,703,515,430,631,331,3390
6324,746,1231,1748,2486,2879,,746,485,517,738,393,3445
6301,716,1205,1693,2389,2852,,716,489,488,696,463,3449
6165,704,1151,1632,2321,2716,,704,447,481,689,395,3449
6173,703,1193,1664,2381,2796,,703,490,471,717,415,3377
5897,706,1153,1565,2206,2536,,706,447,412,641,330,3361
5893,706,1152,1566,2201,2535,,706,446,414,635,334,3358
5926,706,1153,1565,2206,2538,,706,447,412,641,332,3388
5906,704,1156,1567,2202,2535,,704,452,411,635,333,3371
5897,705,1153,1565,2201,2536,,705,448,412,636,335,3361
5838,706,1149,1548,2163,2485,,706,443,399,615,322,3353
5898,705,1153,1568,2204,2536,,705,448,415,636,332,3362
5899,666,1152,1565,2201,2536,,666,486,413,636,335,3363
6207,689,1204,1673,2405,2812,,689,515,469,732,407,3395
6236,718,1206,1696,2411,2827,,718,488,490,715,416,3409
6166,716,1207,1694,2392,2792,,716,491,487,698,400,3374
5924,704,1153,1568,2204,2537,,704,449,415,636,333,3387
5899,704,1152,1567,2203,2536,,704,448,415,636,333,3363
5791,658,1072,1467,2095,2438,,658,414,395,628,343,3353
5897,664,1152,1568,2204,2537,,664,488,416,636,333,3360
5896,705,1155,1567,2202,2539,,705,450,412,635,337,3357
5898,705,1152,1565,2203,2536,,705,447,413,638,333,3362
5903,667,1153,1565,2202,2536,,667,486,412,637,334,3367
6109,689,1206,1632,2292,2654,,689,517,426,660,362,3455
6263,716,1208,1694,2416,2837,,716,492,486,722,421,3426
6236,717,1235,1698,2406,2828,,717,518,463,708,422,3408
5992,716,1240,1669,2303,2632,,716,524,429,634,329,3360
5900,703,1151,1565,2203,2534,,703,448,414,638,331,3366
5898,705,1153,1568,2203,2537,,705,448,415,635,334,3361
5902,703,1152,1567,2202,2524,,703,449,415,635,322,3378
5903,705,1166,1571,2204,2537,,705,461,405,633,333,3366
5923,665,1142,1572,2205,2564,,665,477,430,633,359,3359
5901,705,1153,1567,2203,2536,,705,448,414,636,333,3365
5897,670,1153,1566,2203,2536,,670,483,413,637,333,3361
5896,705,1153,1567,2202,2537,,705,448,414,635,335,3359
5900,705,1151,1566,2177,2512,,705,446,415,611,335,3388
5920,706,1151,1566,2201,2536,,706,445,415,635,335,3384
5899,706,1153,1566,2204,2535,,706,447,413,638,331,3364
5987,705,1152,1583,2198,2542,,705,447,431,615,344,3445
5795,647,1055,1465,2102,2435,,647,408,410,637,333,3360
5900,665,1154,1567,2202,2537,,665,489,413,635,335,3363
5871,706,1153,1565,2177,2511,,706,447,412,612,334,3360
5899,706,1155,1571,2203,2537,,706,449,416,632,334,3362
5897,706,1156,1568,2205,2537,,706,450,412,637,332,3360
5897,706,1153,1567,2203,2536,,706,447,414,636,333,3361
5901,707,1152,1566,2204,2537,,707,445,414,638,333,3364
5862,673,1140,1539,2172,2516,,673,467,399,633,344,3346
5900,664,1154,1567,2205,2537,,664,490,413,638,332,3363
5893,665,1151,1566,2202,2531,,665,486,415,636,329,3362
5922,704,1152,1565,2204,2536,,704,448,413,639,332,3386
5896,705,1152,1566,2201,2534,,705,447,414,635,333,3362
5896,704,1153,1564,2202,2535,,704,449,411,638,333,3361
5896,705,1152,1567,2202,2536,,705,447,415,635,334,3360
5920,705,1146,1580,2205,2540,,705,441,434,625,335,3380
5899,703,1151,1566,2201,2536,,703,448,415,635,335,3363
5902,704,1152,1568,2207,2538,,704,448,416,639,331,3364
5865,715,1142,1542,2174,2517,,715,427,400,632,343,3348
5903,704,1153,1570,2206,2537,,704,449,417,636,331,3366
5906,704,1152,1566,2204,2535,,704,448,414,638,331,3371
5852,664,1106,1522,2156,2493,,664,442,416,634,337,3359
5897,665,1149,1567,2201,2536,,665,484,418,634,335,3361
5898,705,1154,1566,2203,2536,,705,449,412,637,333,3362
5873,670,1148,1564,2176,2510,,670,478,416,612,334,3363
5921,705,1152,1570,2202,2539,,705,447,418,632,337,3382
5921,704,1151,1565,2201,2548,,704,447,414,636,347,3373
5899,706,1151,1565,2202,2535,,706,445,414,637,333,3364
5873,706,1159,1568,2178,2512,,706,453,409,610,334,3361
5926,704,1155,1566,2204,2540,,704,451,411,638,336,3386
5910,705,1152,1565,2206,2538,,705,447,413,641,332,3372
5896,665,1153,1566,2201,2535,,665,488,413,635,334,3361
5923,664,1150,1564,2203,2535,,664,486,414,639,332,3388
5922,665,1151,1567,2203,2536,,665,486,416,636,333,3386
5900,705,1153,1565,2202,2536,,705,448,412,637,334,3364
5924,705,1152,1565,2203,2537,,705,447,413,638,334,3387
5898,704,1142,1572,2201,2535,,704,438,430,629,334,3363
5899,705,1151,1567,2202,2536,,705,446,416,635,334,3363
5914,704,1166,1571,2197,2541,,704,462,405,626,344,3373
5902,704,1152,1568,2203,2543,,704,448,416,635,340,3359
5907,705,1151,1565,2199,2527,,705,446,414,634,328,3380
5907,707,1151,1565,2201,2534,,707,444,414,636,333,3373
5830,643,1052,1465,2104,2438,,643,409,413,639,334,3392
5912,663,1152,1568,2198,2542,,663,489,416,630,344,3370
5899,708,1155,1568,2203,2542,,708,447,413,635,339,3357
5900,706,1153,1567,2205,2536,,706,447,414,638,331,3364
5897,705,1151,1567,2202,2536,,705,446,416,635,334,3361
5897,705,1153,1569,2205,2538,,705,448,416,636,333,3359
5895,705,1152,1572,2203,2537,,705,447,420,631,334,3358
5899,705,1152,1566,2205,2540,,705,447,414,639,335,3359
5908,662,1152,1567,2204,2539,,662,490,415,637,335,3369
5896,704,1151,1564,2202,2536,,704,447,413,638,334,3360
5922,665,1151,1567,2206,2537,,665,486,416,639,331,3385
5895,704,1152,1564,2202,2535,,704,448,412,638,333,3360
6148,707,1196,1668,2386,2776,,707,489,472,718,390,3372
6151,704,1195,1666,2384,2774,,704,491,471,718,390,3377
6146,704,1197,1669,2383,2776,,704,493,472,714,393,3370
6094,705,1193,1664,2356,2689,,705,488,471,692,333,3405
6112,703,1218,1692,2366,2710,,703,515,474,674,344,3402
6002,697,1220,1648,2303,2636,,697,523,428,655,333,3366
6179,701,1216,1689,2400,2801,,701,515,473,711,401,3378
5973,702,1218,1648,2278,2610,,702,516,430,630,332,3363
5912,701,1178,1591,2226,2558,,701,477,413,635,332,3354
6142,705,1194,1666,2361,2688,,705,489,472,695,327,3454
6264,704,1196,1668,2421,2839,,704,492,472,753,418,3425
6174,705,1191,1662,2382,2794,,705,486,471,720,412,3380
5920,703,1151,1565,2200,2535,,703,448,414,635,335,3385
5896,705,1153,1568,2204,2542,,705,448,415,636,338,3354
5898,705,1155,1567,2207,2537,,705,450,412,640,330,3361
5903,663,1152,1569,2204,2538,,663,489,417,635,334,3365
5905,707,1154,1567,2203,2535,,707,447,413,636,332,3370
5896,706,1154,1568,2204,2536,,706,448,414,636,332,3360
5897,704,1154,1564,2205,2540,,704,450,410,641,335,3357
5897,706,1154,1568,2203,2537,,706,448,414,635,334,3360
5898,704,1153,1567,2201,2536,,704,449,414,634,335,3362
5898,705,1152,1568,2204,2539,,705,447,416,636,335,3359
5923,706,1153,1567,2207,2540,,706,447,414,640,333,3383
5920,704,1152,1565,2200,2541,,704,448,413,635,341,3379
5890,706,1153,1566,2209,2534,,706,447,413,643,325,3356
5899,704,1153,1566,2202,2524,,704,449,413,636,322,3375
5905,705,1153,1567,2203,2536,,705,448,414,636,333,3369
5898,705,1153,1567,2206,2538,,705,448,414,639,332,3360
6165,705,1195,1693,2382,2779,,705,490,498,689,397,3386
6168,704,1217,1689,2400,2797,,704,513,472,711,397,3371
6147,706,1193,1665,2383,2774,,706,487,472,718,391,3373
6148,706,1194,1667,2379,2777,,706,488,473,712,398,3371
6146,704,1193,1664,2378,2774,,704,489,471,714,396,3372
6174,702,1217,1689,2403,2799,,702,515,472,714,396,3375
6140,705,1197,1668,2384,2774,,705,492,471,716,390,3366
6125,699,1222,1677,2388,2714,,699,523,455,711,326,3411
5972,701,1217,1646,2277,2608,,701,516,429,631,331,3364
6010,702,1192,1619,2252,2583,,702,490,427,633,331,3427
6203,705,1196,1670,2420,2799,,705,491,474,750,379,3404
6188,704,1195,1675,2386,2796,,704,491,480,711,410,3392
5948,706,1195,1626,2254,2586,,706,489,431,628,332,3362
5901,705,1154,1563,2202,2536,,705,449,409,639,334,3365
5893,704,1150,1564,2199,2533,,704,446,414,635,334,3360
5900,705,1152,1565,2203,2537,,705,447,413,638,334,3363
5894,704,1151,1566,2202,2536,,704,447,415,636,334,3358
5876,703,1152,1558,2179,2512,,703,449,406,621,333,3364
5908,665,1153,1567,2203,2535,,665,488,414,636,332,3373
5896,664,1152,1567,2203,2537,,664,488,415,636,334,3359
5901,706,1153,1569,2204,2543,,706,447,416,635,339,3358
5920,705,1152,1569,2201,2536,,705,447,417,632,335,3384
5906,707,1153,1567,2202,2538,,707,446,414,635,336,3368
5901,706,1154,1568,2204,2536,,706,448,414,636,332,3365
5924,706,1154,1567,2203,2538,,706,448,413,636,335,3386
5897,703,1150,1563,2199,2533,,703,447,413,636,334,3364
5899,704,1150,1565,2200,2538,,704,446,415,635,338,3361
5893,704,1152,1566,2202,2536,,704,448,414,636,334,3357
5944,705,1154,1568,2203,2538,,705,449,414,635,335,3406
6260,716,1206,1693,2415,2838,,716,490,487,722,423,3422
6254,716,1207,1695,2374,2844,,716,491,488,679,470,3410
5947,705,1154,1589,2230,2563,,705,449,435,641,333,3384
5898,705,1150,1565,2201,2536,,705,445,415,636,335,3362
5899,704,1152,1567,2202,2535,,704,448,415,635,333,3364
5897,704,1152,1566,2204,2537,,704,448,414,638,333,3360
5924,705,1152,1566,2201,2559,,705,447,414,635,358,3365
5902,704,1152,1566,2204,2537,,704,448,414,638,333,3365
5898,664,1150,1567,2202,2536,,664,486,417,635,334,3362
5899,704,1153,1566,2203,2537,,704,449,413,637,334,3362
5896,705,1152,1566,2202,2537,,705,447,414,636,335,3359
5924,731,1159,1574,2201,2542,,731,428,415,627,341,3382
5924,705,1152,1564,2201,2535,,705,447,412,637,334,3389
5873,666,1135,1541,2176,2511,,666,469,406,635,335,3362
5898,664,1151,1567,2202,2536,,664,487,416,635,334,3362
5922,705,1151,1566,2203,2537,,705,446,415,637,334,3385
5900,705,1153,1566,2201,2535,,705,448,413,635,334,3365
5899,704,1151,1565,2201,2537,,704,447,414,636,336,3362
5896,705,1151,1565,2201,2535,,705,446,414,636,334,3361
5924,705,1153,1567,2203,2537,,705,448,414,636,334,3387
5897,705,1152,1566,2202,2537,,705,447,414,636,335,3360
5928,704,1153,1565,2202,2547,,704,449,412,637,345,3381
5923,704,1153,1566,2203,2540,,704,449,413,637,337,3383
5899,705,1151,1569,2204,2540,,705,446,418,635,336,3359
5874,708,1152,1567,2177,2512,,708,444,415,610,335,3362
5888,705,1152,1568,2199,2518,,705,447,416,631,319,3370
5900,705,1151,1566,2203,2538,,705,446,415,637,335,3362
5901,703,1152,1567,2202,2536,,703,449,415,635,334,3365
5900,706,1154,1568,2204,2538,,706,448,414,636,334,3362
5900,665,1152,1567,2203,2535,,665,487,415,636,332,3365
5899,706,1155,1568,2204,2538,,706,449,413,636,334,3361
5900,705,1154,1567,2206,2537,,705,449,413,639,331,3363
5922,705,1152,1568,2208,2538,,705,447,416,640,330,3384
5952,707,1197,1627,2256,2589,,707,490,430,629,333,3363
5926,704,1152,1566,2205,2537,,704,448,414,639,332,3389
5898,705,1154,1567,2204,2536,,705,449,413,637,332,3362
5898,705,1155,1570,2207,2538,,705,450,415,637,331,3360
5931,705,1154,1567,2202,2536,,705,449,413,635,334,3395
5899,704,1151,1568,2204,2538,,704,447,417,636,334,3361
5901,707,1155,1568,2203,2536,,707,448,413,635,333,3365
5923,705,1154,1569,2203,2538,,705,449,415,634,335,3385
5923,705,1154,1567,2205,2537,,705,449,413,638,332,3386
5921,704,1150,1566,2202,2536,,704,446,416,636,334,3385
6150,704,1195,1668,2383,2776,,704,491,473,715,393,3374
6149,706,1194,1667,2382,2776,,706,488,473,715,394,3373
6175,706,1197,1670,2384,2799,,706,491,473,714,415,3376
6147,708,1197,1670,2386,2778,,708,489,473,716,392,3369
6151,707,1195,1667,2379,2775,,707,488,472,712,396,3376
6175,701,1223,1695,2403,2800,,701,522,472,708,397,3375
6175,702,1222,1694,2404,2802,,702,520,472,710,398,3373
5998,702,1221,1649,2279,2611,,702,519,428,630,332,3387
5996,702,1217,1646,2279,2616,,702,515,429,633,337,3380
6012,703,1193,1622,2253,2586,,703,490,429,631,333,3426
6298,704,1195,1640,2384,2853,,704,491,445,744,469,3445
6325,715,1206,1694,2432,2882,,715,491,488,738,450,3443
6332,715,1207,1694,2432,2854,,715,492,487,738,422,3478
6331,717,1207,1673,2408,2854,,717,490,466,735,446,3477
6328,716,1206,1722,2460,2880,,716,490,516,738,420,3448
6303,744,1233,1748,2456,2858,,744,489,515,708,402,3445
6357,745,1231,1719,2460,2879,,745,486,488,741,419,3478
6300,716,1205,1693,2429,2852,,716,489,488,736,423,3448
6126,718,1206,1617,2305,2713,,718,488,411,688,408,3413
6281,716,1208,1697,2433,2856,,716,492,489,736,423,3425
6384,709,1262,1772,2483,2908,,709,553,510,711,425,3476
6333,746,1238,1726,2463,2886,,746,492,488,737,423,3447
6327,716,1205,1723,2432,2882,,716,489,518,709,450,3445
6307,745,1265,1671,2432,2834,,745,520,406,761,402,3473
6302,715,1207,1697,2431,2854,,715,492,490,734,423,3448
6306,716,1206,1724,2433,2833,,716,490,518,709,400,3473
6328,745,1232,1748,2458,2879,,745,487,516,710,421,3449
6333,719,1207,1694,2432,2854,,719,488,487,738,422,3479
6228,715,1237,1643,2408,2786,,715,522,406,765,378,3442
6327,745,1260,1745,2457,2880,,745,515,485,712,423,3447
6300,716,1208,1693,2430,2854,,716,492,485,737,424,3446
6332,716,1206,1695,2431,2856,,716,490,489,736,425,3476
6304,716,1206,1695,2432,2856,,716,490,489,737,424,3448
6273,716,1232,1696,2406,2828,,716,516,464,710,422,3445
6281,716,1206,1695,2433,2855,,716,490,489,738,422,3426
6252,715,1207,1694,2432,2835,,715,492,487,738,403,3417
6306,717,1207,1695,2432,2883,,717,490,488,737,451,3423
6302,716,1226,1714,2433,2855,,716,510,488,719,422,3447
6247,716,1206,1672,2406,2828,,716,490,466,734,422,3419
6151,716,1207,1643,2346,2741,,716,491,436,703,395,3410
5962,713,1211,1641,2270,2603,,713,498,430,629,333,3359
5930,705,1156,1568,2203,2537,,705,451,412,635,334,3393
5896,705,1155,1565,2202,2536,,705,450,410,637,334,3360
5925,705,1151,1567,2203,2536,,705,446,416,636,333,3389
5903,704,1152,1566,2203,2525,,704,448,414,637,322,3378
5902,665,1154,1569,2204,2536,,665,489,415,635,332,3366
5900,664,1152,1567,2203,2537,,664,488,415,636,334,3363
5921,664,1152,1568,2203,2536,,664,488,416,635,333,3385
5899,704,1151,1567,2203,2536,,704,447,416,636,333,3363
5898,707,1154,1568,2205,2539,,707,447,414,637,334,3359
5902,731,1160,1578,2204,2537,,731,429,418,626,333,3365
6097,705,1128,1584,2273,2664,,705,423,456,689,391,3433
6234,716,1205,1722,2410,2828,,716,489,517,688,418,3406
6265,716,1208,1697,2417,2839,,716,492,489,720,422,3426
6306,717,1207,1695,2462,2880,,717,490,488,767,418,3426
6280,716,1206,1695,2431,2854,,716,490,489,736,423,3426
6282,717,1208,1696,2433,2855,,717,491,488,737,422,3427
6327,745,1232,1720,2431,2884,,745,487,488,711,453,3443
6278,717,1235,1720,2411,2830,,717,518,485,691,419,3448
6353,745,1231,1747,2486,2904,,745,486,516,739,418,3449
6323,718,1206,1723,2464,2879,,718,488,517,741,415,3444
6282,716,1238,1727,2491,2911,,716,522,489,764,420,3371
6332,717,1201,1688,2433,2856,,717,484,487,745,423,3476
6202,716,1207,1723,2433,2778,,716,491,516,710,345,3424
6354,744,1232,1749,2458,2885,,744,488,517,709,427,3469
6354,715,1232,1745,2455,2876,,715,517,513,710,421,3478
6301,716,1208,1694,2432,2855,,716,492,486,738,423,3446
6330,744,1260,1744,2485,2905,,744,516,484,741,420,3425
6277,716,1235,1721,2411,2831,,716,519,486,690,420,3446
6304,718,1206,1696,2432,2855,,718,488,490,736,423,3449
6391,716,1269,1785,2494,2913,,716,553,516,709,419,3478
6307,716,1297,1781,2492,2918,,716,581,484,711,426,3389
6328,744,1232,1721,2433,2884,,744,488,489,712,451,3444
6250,717,1206,1695,2431,2833,,717,489,489,736,402,3417
6279,716,1208,1697,2408,2856,,716,492,489,711,448,3423
6287,715,1206,1695,2432,2857,,715,491,489,737,425,3430
6278,716,1208,1695,2432,2856,,716,492,487,737,424,3422
6281,716,1207,1695,2433,2855,,716,491,488,738,422,3426
6254,715,1206,1693,2431,2834,,715,491,487,738,403,3420
6306,718,1208,1696,2434,2885,,718,490,488,738,451,3421
6352,716,1231,1748,2459,2907,,716,515,517,711,448,3445
6166,712,1211,1684,2396,2792,,712,499,473,712,396,3374
5899,707,1154,1572,2203,2541,,707,447,418,631,338,3358
5900,704,1153,1567,2203,2536,,704,449,414,636,333,3364
5896,705,1151,1565,2202,2537,,705,446,414,637,335,3359
5981,702,1224,1655,2285,2617,,702,522,431,630,332,3364
5902,704,1153,1565,2205,2536,,704,449,412,640,331,3366
5962,664,1151,1566,2206,2537,,664,487,415,640,331,3425
5900,663,1137,1566,2206,2537,,663,474,429,640,331,3363
5896,665,1151,1567,2207,2538,,665,486,416,640,331,3358
5899,709,1155,1568,2204,2538,,709,446,413,636,334,3361
5892,706,1157,1567,2203,2537,,706,451,410,636,334,3355
5921,716,1152,1567,2204,2544,,716,436,415,637,340,3377
5924,667,1153,1567,2208,2539,,667,486,414,641,331,3385
5896,704,1153,1568,2203,2537,,704,449,415,635,334,3359
5856,664,1110,1527,2162,2495,,664,446,417,635,333,3361
5903,706,1154,1567,2204,2537,,706,448,413,637,333,3366
5895,703,1150,1565,2200,2535,,703,447,415,635,335,3360
5900,705,1152,1568,2189,2519,,705,447,416,621,330,3381
5896,706,1153,1568,2203,2536,,706,447,415,635,333,3360
6152,704,1195,1669,2383,2776,,704,491,474,714,393,3376
6149,705,1196,1670,2384,2775,,705,491,474,714,391,3374
6177,706,1196,1668,2386,2800,,706,490,472,718,414,3377
6174,705,1194,1666,2369,2802,,705,489,472,703,433,3372
6145,705,1194,1668,2377,2775,,705,489,474,709,398,3370
6186,706,1230,1702,2415,2810,,706,524,472,713,395,3376
6174,701,1220,1695,2404,2802,,701,519,475,709,398,3372
5971,701,1221,1650,2281,2612,,701,520,429,631,331,3359
5972,727,1216,1644,2277,2611,,727,489,428,633,334,3361
6069,704,1226,1653,2284,2618,,704,522,427,631,334,3451
6287,703,1218,1691,2444,2863,,703,515,473,753,419,3424
6175,669,1196,1671,2382,2798,,669,527,475,711,416,3377
5898,704,1154,1568,2204,2536,,704,450,414,636,332,3362
6003,704,1195,1627,2278,2618,,704,491,432,651,340,3385
5949,707,1195,1626,2254,2589,,707,488,431,628,335,3360
5911,706,1139,1552,2189,2522,,706,433,413,637,333,3389
5921,705,1151,1565,2202,2537,,705,446,414,637,335,3384
5955,703,1187,1600,2236,2570,,703,484,413,636,334,3385
5876,704,1150,1556,2179,2511,,704,446,406,623,332,3365
5923,665,1153,1568,2207,2537,,665,488,415,639,330,3386
5957,705,1188,1602,2237,2585,,705,483,414,635,348,3372
5866,708,1144,1541,2173,2518,,708,436,397,632,345,3348
5898,664,1152,1568,2203,2537,,664,488,416,635,334,3361
5877,704,1152,1568,2179,2513,,704,448,416,611,334,3364
5898,705,1153,1568,2205,2538,,705,448,415,637,333,3360
5913,673,1168,1584,2218,2551,,673,495,416,634,333,3362
5898,705,1153,1567,2204,2537,,705,448,414,637,333,3361
5854,666,1112,1525,2161,2493,,666,446,413,636,332,3361
6147,705,1193,1665,2380,2772,,705,488,472,715,392,3375
6145,705,1194,1665,2381,2774,,705,489,471,716,393,3371
6208,704,1229,1700,2418,2833,,704,525,471,718,415,3375
6145,705,1195,1667,2383,2776,,705,490,472,716,393,3369
6148,706,1197,1668,2381,2777,,706,491,471,713,396,3371
6083,702,1219,1650,2304,2675,,702,517,431,654,371,3408
6354,716,1208,1695,2464,2910,,716,492,487,769,446,3444
6334,716,1208,1726,2435,2858,,716,492,518,709,423,3476
6405,745,1260,1745,2456,2908,,745,515,485,711,452,3497
6349,744,1257,1769,2507,2902,,744,513,512,738,395,3447
6276,716,1207,1724,2412,2831,,716,491,517,688,419,3445
6330,717,1208,1695,2461,2881,,717,491,487,766,420,3449
6385,715,1235,1723,2460,2913,,715,520,488,737,453,3472
6326,715,1178,1668,2431,2882,,715,463,490,763,451,3444
6302,716,1206,1694,2432,2854,,716,490,488,738,422,3448
6305,744,1232,1720,2416,2854,,744,488,488,696,438,3451
6304,717,1207,1696,2432,2855,,717,490,489,736,423,3449
6329,716,1225,1713,2462,2880,,716,509,488,749,418,3449
6291,716,1237,1724,2461,2868,,716,521,487,737,407,3423
6282,717,1207,1695,2432,2856,,717,490,488,737,424,3426
6253,746,1234,1721,2412,2831,,746,488,487,691,419,3422
6328,717,1207,1725,2435,2885,,717,490,518,710,450,3443
6332,717,1207,1725,2434,2855,,717,490,518,709,421,3477
6148,715,1154,1633,2322,2740,,715,439,479,689,418,3408
5948,705,1196,1624,2257,2587,,705,491,428,633,330,3361
5901,704,1155,1567,2205,2540,,704,451,412,638,335,3361
6151,707,1198,1671,2382,2777,,707,491,473,711,395,3374
5930,707,1187,1599,2235,2569,,707,480,412,636,334,3361
5922,704,1153,1569,2204,2538,,704,449,416,635,334,3384
5922,707,1175,1591,2228,2561,,707,468,416,637,333,3361
5928,704,1152,1568,2206,2539,,704,448,416,638,333,3389
5871,707,1154,1565,2176,2510,,707,447,411,611,334,3361
5898,703,1152,1566,2203,2537,,703,449,414,637,334,3361
5895,704,1151,1569,2200,2535,,704,447,418,631,335,3360
5922,706,1152,1566,2201,2549,,706,446,414,635,348,3373
5901,705,1154,1568,2204,2538,,705,449,414,636,334,3363
5923,705,1153,1567,2204,2538,,705,448,414,637,334,3385
5898,666,1154,1567,2203,2537,,666,488,413,636,334,3361
5897,664,1154,1568,2204,2537,,664,490,414,636,333,3360
5857,666,1110,1526,2161,2494,,666,444,416,635,333,3363
5902,705,1154,1566,2203,2537,,705,449,412,637,334,3365
5923,665,1154,1568,2204,2562,,665,489,414,636,358,3361
5931,704,1190,1600,2238,2572,,704,486,410,638,334,3359
5896,703,1152,1566,2201,2536,,703,449,414,635,335,3360
5898,705,1154,1566,2203,2537,,705,449,412,637,334,3361
5902,706,1153,1570,2204,2537,,706,447,417,634,333,3365
5844,667,1077,1487,2129,2466,,667,410,410,642,337,3378
5830,667,1089,1500,2136,2471,,667,422,411,636,335,3359
5813,658,1090,1489,2125,2455,,658,432,399,636,330,3358
5831,663,1087,1502,2138,2471,,663,424,415,636,333,3360
5925,665,1154,1568,2203,2552,,665,489,414,635,349,3373
5897,705,1154,1569,2207,2538,,705,449,415,638,331,3359
5932,708,1188,1602,2237,2571,,708,480,414,635,334,3361
5874,703,1155,1568,2184,2514,,703,452,413,616,330,3360
5903,665,1152,1564,2209,2539,,665,487,412,645,330,3364
5903,706,1155,1569,2207,2540,,706,449,414,638,333,3363
5898,704,1154,1566,2204,2538,,704,450,412,638,334,3360
5847,655,1077,1476,2108,2452,,655,422,399,632,344,3395
5900,668,1155,1569,2205,2539,,668,487,414,636,334,3361
5957,709,1212,1626,2262,2595,,709,503,414,636,333,3362
5911,705,1153,1568,2207,2538,,705,448,415,639,331,3373
5914,705,1154,1566,2203,2537,,705,449,412,637,334,3377
5797,628,1053,1470,2104,2438,,628,425,417,634,334,3359
5921,665,1153,1568,2207,2564,,665,488,415,639,357,3357
5897,705,1154,1567,2203,2538,,705,449,413,636,335,3359
5895,705,1151,1562,2201,2536,,705,446,411,639,335,3359
5922,707,1155,1569,2204,2539,,707,448,414,635,335,3383
6178,709,1196,1668,2382,2799,,709,487,472,714,417,3379
5897,706,1154,1575,2204,2538,,706,448,421,629,334,3359
5852,677,1084,1500,2132,2479,,677,407,416,632,347,3373
6200,703,1221,1694,2396,2825,,703,518,473,702,429,3375
6150,707,1195,1666,2384,2776,,707,488,471,718,392,3374
6303,669,1209,1697,2434,2856,,669,540,488,737,422,3447
6304,744,1232,1718,2432,2855,,744,488,486,714,423,3449
6328,747,1261,1746,2458,2880,,747,514,485,712,422,3448
6303,716,1208,1674,2408,2856,,716,492,466,734,448,3447
6332,715,1207,1695,2432,2855,,715,492,488,737,423,3477
6363,715,1238,1728,2465,2888,,715,523,490,737,423,3475
6303,705,1208,1696,2434,2855,,705,503,488,738,421,3448
6355,716,1210,1697,2434,2887,,716,494,487,737,453,3468
6279,716,1207,1676,2408,2859,,716,491,469,732,451,3420
6208,670,1119,1558,2259,2698,,670,449,439,701,439,3510
6332,749,1232,1719,2432,2855,,749,483,487,713,423,3477
6178,713,1209,1673,2356,2744,,713,496,464,683,388,3434
6255,745,1235,1701,2411,2833,,745,490,466,710,422,3422
5879,645,1053,1454,2062,2396,,645,408,401,608,334,3483
6304,716,1208,1696,2433,2856,,716,492,488,737,423,3448
6277,715,1206,1698,2431,2853,,715,491,492,733,422,3424
6333,708,1209,1696,2433,2856,,708,501,487,737,423,3477
6282,716,1209,1695,2434,2855,,716,493,486,739,421,3427
6220,716,1209,1697,2434,2790,,716,493,488,737,356,3430
6268,706,1199,1671,2423,2841,,706,493,472,752,418,3427
6176,707,1199,1672,2428,2803,,707,492,473,756,375,3373
6144,705,1200,1672,2397,2795,,705,495,472,725,398,3349
6192,713,1216,1687,2399,2813,,713,503,471,712,414,3379
6154,706,1198,1669,2387,2778,,706,492,471,718,391,3376
6147,705,1198,1673,2381,2777,,705,493,475,708,396,3370
5955,705,1190,1626,2265,2595,,705,485,436,639,330,3360
6316,701,1223,1694,2447,2871,,701,522,471,753,424,3445
6292,660,1198,1670,2422,2842,,660,538,472,752,420,3450
6255,706,1198,1669,2423,2842,,706,492,471,754,419,3413
6177,705,1197,1671,2422,2799,,705,492,474,751,377,3378
6237,683,1127,1639,2394,2800,,683,444,512,755,406,3437
6304,714,1207,1676,2432,2858,,714,493,469,756,426,3446
6325,716,1257,1742,2454,2876,,716,541,485,712,422,3449
6303,716,1207,1695,2462,2859,,716,491,488,767,397,3444
6302,715,1206,1724,2433,2853,,715,491,518,709,420,3449
6328,715,1232,1715,2493,2912,,715,517,483,778,419,3416
6257,714,1157,1644,2357,2768,,714,443,487,713,411,3489
6266,657,1196,1667,2422,2846,,657,539,471,755,424,3420
6196,704,1198,1671,2422,2841,,704,494,473,751,419,3355
6128,706,1197,1629,2280,2685,,706,491,432,651,405,3443
6177,721,1197,1669,2385,2799,,721,476,472,716,414,3378
6145,705,1199,1672,2386,2779,,705,494,473,714,393,3366
6200,704,1220,1695,2408,2823,,704,516,475,713,415,3377
6153,704,1196,1667,2386,2779,,704,492,471,719,393,3374
6150,704,1199,1671,2381,2779,,704,495,472,710,398,3371
5923,706,1225,1645,2257,2576,,706,519,420,612,319,3347
6210,644,1093,1575,2285,2695,,644,449,482,710,410,3515
6303,678,1207,1695,2432,2857,,678,529,488,737,425,3446
6333,745,1233,1721,2433,2856,,745,488,488,712,423,3477
6328,747,1232,1719,2432,2884,,747,485,487,713,452,3444
6337,703,1192,1673,2434,2886,,703,489,481,761,452,3451
6275,715,1241,1729,2433,2833,,715,526,488,704,400,3442
6131,675,1146,1619,2319,2672,,675,471,473,700,353,3459
6152,705,1196,1668,2384,2777,,705,491,472,716,393,3375
6150,705,1201,1674,2383,2779,,705,496,473,709,396,3371
6150,705,1190,1661,2363,2742,,705,485,471,702,379,3408
6140,705,1141,1582,2297,2692,,705,436,441,715,395,3448
6287,662,1211,1683,2418,2838,,662,549,472,735,420,3449
6289,705,1196,1668,2421,2840,,705,491,472,753,419,3449
6228,665,1153,1647,2359,2769,,665,488,494,712,410,3459
6257,716,1187,1649,2359,2768,,716,471,462,710,409,3489
6300,716,1240,1728,2432,2854,,716,524,488,704,422,3446
6176,706,1198,1669,2423,2798,,706,492,471,754,375,3378
6154,704,1198,1670,2385,2776,,704,494,472,715,391,3378
6148,705,1199,1670,2380,2779,,705,494,471,710,399,3369
5999,704,1232,1681,2309,2630,,704,528,449,628,321,3369
6359,701,1202,1644,2389,2883,,701,501,442,745,494,3476
6335,687,1181,1698,2433,2858,,687,494,517,735,425,3477
6306,715,1207,1723,2432,2834,,715,492,516,709,402,3472
6303,717,1208,1695,2433,2855,,717,491,487,738,422,3448
6290,716,1225,1700,2420,2844,,716,509,475,720,424,3446
6196,715,1215,1686,2440,2817,,715,500,471,754,377,3379
6088,668,1173,1647,2315,2672,,668,505,474,668,357,3416
6155,704,1197,1669,2386,2779,,704,493,472,717,393,3376
6150,705,1198,1672,2381,2779,,705,493,474,709,398,3371
5900,681,1101,1527,2177,2541,,681,420,426,650,364,3359
6180,704,1198,1626,2314,2719,,704,494,428,688,405,3461
6203,699,1139,1621,2332,2766,,699,440,482,711,434,3437
6325,715,1207,1694,2432,2884,,715,492,487,738,452,3441
6303,746,1237,1723,2433,2855,,746,491,486,710,422,3448
6166,716,1176,1593,2296,2716,,716,460,417,703,420,3450
6177,708,1194,1666,2421,2797,,708,486,472,755,376,3380
6173,704,1220,1649,2343,2763,,704,516,429,694,420,3410
6154,706,1198,1671,2386,2778,,706,492,473,715,392,3376
6148,706,1198,1671,2382,2778,,706,492,473,711,396,3370
6152,706,1229,1656,2365,2743,,706,523,427,709,378,3409
6191,706,1200,1632,2348,2764,,706,494,432,716,416,3427
6125,644,1056,1486,2207,2642,,644,412,430,721,435,3483
6266,716,1207,1695,2438,2855,,716,491,488,743,417,3411
6301,746,1230,1748,2457,2854,,746,484,518,709,397,3447
6253,723,1187,1647,2359,2797,,723,464,460,712,438,3456
6333,715,1207,1694,2418,2854,,715,492,487,724,436,3479
6333,705,1191,1675,2432,2856,,705,486,484,757,424,3477
6327,744,1231,1719,2391,2883,,744,487,488,672,492,3444
6333,715,1206,1695,2432,2855,,715,491,489,737,423,3478
6248,743,1211,1674,2422,2847,,743,468,463,748,425,3401
6140,706,1197,1628,2322,2714,,706,491,431,694,392,3426
5900,653,1063,1474,2082,2470,,653,410,411,608,388,3430
6266,705,1197,1668,2423,2842,,705,492,471,755,419,3424
6175,703,1196,1669,2422,2800,,703,493,473,753,378,3375
6199,706,1220,1692,2408,2820,,706,514,472,716,412,3379
6151,705,1196,1668,2385,2777,,705,491,472,717,392,3374
6176,706,1197,1664,2386,2800,,706,491,467,722,414,3376
6150,705,1198,1672,2387,2781,,705,493,474,715,394,3369
6149,704,1198,1671,2382,2779,,704,494,473,711,397,3370
6101,657,1085,1556,2255,2650,,657,428,471,699,395,3451
6141,706,1199,1630,2322,2716,,706,493,431,692,394,3425
5982,646,1065,1476,2178,2594,,646,419,411,702,416,3388
5950,704,1198,1628,2257,2589,,704,494,430,629,332,3361
6216,703,1197,1667,2367,2777,,703,494,470,700,410,3439
6325,706,1232,1704,2431,2878,,706,526,472,727,447,3447
6181,705,1198,1695,2422,2799,,705,493,497,727,377,3382
6176,705,1195,1668,2421,2804,,705,490,473,753,383,3372
6148,704,1197,1671,2380,2778,,704,493,474,709,398,3370
6150,706,1197,1669,2381,2778,,706,491,472,712,397,3372
6057,706,1187,1668,2341,2675,,706,481,481,673,334,3382
6091,701,1222,1650,2283,2651,,701,521,428,633,368,3440
5999,645,1064,1476,2177,2569,,645,419,412,701,392,3430
6215,706,1200,1672,2424,2841,,706,494,472,752,417,3374
6178,705,1199,1673,2423,2801,,705,494,474,750,378,3377
6210,705,1231,1702,2417,2832,,705,526,471,715,415,3378
6152,694,1200,1673,2386,2778,,694,506,473,713,392,3374
6148,704,1197,1669,2386,2776,,704,493,472,717,390,3372
6154,705,1198,1670,2383,2778,,705,493,472,713,395,3376
6147,704,1196,1669,2379,2778,,704,492,473,710,399,3369
6071,707,1184,1597,2297,2664,,707,477,413,700,367,3407
6280,717,1238,1723,2435,2839,,717,521,485,712,404,3441
6204,741,1195,1632,2305,2744,,741,454,437,673,439,3460
6255,716,1236,1720,2431,2834,,716,520,484,711,403,3421
6306,748,1235,1724,2435,2857,,748,487,489,711,422,3449
6204,718,1230,1639,2329,2720,,718,512,409,690,391,3484
6278,702,1208,1695,2433,2835,,702,506,487,738,402,3443
6143,702,1199,1629,2275,2670,,702,497,430,646,395,3473
6177,705,1198,1669,2421,2798,,705,493,471,752,377,3379
6151,705,1199,1671,2381,2780,,705,494,472,710,399,3371
6254,704,1195,1624,2362,2798,,704,491,429,738,436,3456
6258,717,1238,1722,2434,2794,,717,521,484,712,360,3464
6180,740,1195,1658,2328,2728,,740,455,463,670,400,3452
6312,716,1209,1696,2435,2857,,716,493,487,739,422,3455
6304,716,1209,1697,2434,2864,,716,493,488,737,430,3440
6180,717,1210,1618,2335,2669,,717,493,408,717,334,3511
6280,716,1210,1696,2435,2835,,716,494,486,739,400,3445
6092,717,1155,1595,2257,2658,,717,438,440,662,401,3434
6179,730,1227,1700,2423,2801,,730,497,473,723,378,3378
6152,705,1199,1672,2381,2777,,705,494,473,709,396,3375
5966,705,1179,1615,2275,2598,,705,474,436,660,323,3368
6135,701,1224,1652,2284,2666,,701,523,428,632,382,3469
6042,714,1184,1597,2241,2605,,714,470,413,644,364,3437
6294,705,1197,1669,2422,2842,,705,492,472,753,420,3452
6177,706,1200,1672,2425,2803,,706,494,472,753,378,3374
6214,706,1234,1664,2331,2700,,706,528,430,667,369,3514
6305,746,1237,1722,2433,2856,,746,491,485,711,423,3449
6305,716,1190,1646,2408,2846,,716,474,456,762,438,3459
6325,716,1233,1746,2455,2858,,716,517,513,709,403,3467
6306,746,1235,1722,2435,2858,,746,489,487,713,423,3448
6283,715,1210,1696,2420,2856,,715,495,486,724,436,3427
6303,716,1208,1696,2434,2856,,716,492,488,738,422,3447
6055,715,1175,1599,2231,2614,,715,460,424,632,383,3441
6324,717,1208,1676,2411,2885,,717,491,468,735,474,3439
6166,716,1209,1664,2332,2702,,716,493,455,668,370,3464
6286,704,1229,1700,2411,2833,,704,525,471,711,422,3453
6194,688,1152,1637,2324,2743,,688,464,485,687,419,3451
6093,706,1198,1672,2373,2713,,706,492,474,701,340,3380
6153,706,1198,1671,2388,2779,,706,492,473,717,391,3374
6151,703,1197,1669,2382,2780,,703,494,472,713,398,3371
6022,708,1183,1631,2298,2646,,708,475,448,667,348,3376
6018,708,1199,1629,2257,2592,,708,491,430,628,335,3426
6018,690,1140,1544,2247,2593,,690,450,404,703,346,3425
6292,705,1197,1670,2423,2842,,705,492,473,753,419,3450
6176,704,1196,1669,2422,2801,,704,492,473,753,379,3375
6382,718,1265,1750,2462,2913,,718,547,485,712,451,3469
6192,703,1156,1637,2349,2768,,703,453,481,712,419,3424
6181,708,1197,1670,2422,2801,,708,489,473,752,379,3380
6156,705,1198,1670,2386,2780,,705,493,472,716,394,3376
6150,665,1197,1694,2381,2779,,665,532,497,687,398,3371
6081,704,1198,1646,2311,2654,,704,494,448,665,343,3427
6304,715,1209,1698,2434,2856,,715,494,489,736,422,3448
6294,717,1208,1697,2433,2860,,717,491,489,736,427,3434
6232,705,1200,1671,2424,2844,,705,495,471,753,420,3388
6192,713,1213,1685,2400,2818,,713,500,472,715,418,3374
6201,704,1198,1670,2383,2801,,704,494,472,713,418,3400
6202,704,1198,1672,2425,2804,,704,494,474,753,379,3398
6194,714,1218,1689,2441,2818,,714,504,471,752,377,3376
6204,704,1198,1669,2423,2802,,704,494,471,754,379,3402
6177,663,1197,1668,2424,2802,,663,534,471,756,378,3375
6156,705,1199,1628,2298,2675,,705,494,429,670,377,3481
6303,716,1209,1697,2434,2856,,716,493,488,737,422,3447
6191,716,1208,1697,2420,2794,,716,492,489,723,374,3397
6234,705,1197,1669,2422,2841,,705,492,472,753,419,3393
6302,704,1220,1693,2403,2845,,704,516,473,710,442,3457
6305,716,1198,1684,2434,2857,,716,482,486,750,423,3448
6178,716,1176,1595,2310,2720,,716,460,419,715,410,3458
6230,716,1209,1698,2349,2778,,716,493,489,651,429,3452
6303,716,1209,1697,2412,2856,,716,493,488,715,444,3447
6305,718,1210,1698,2434,2857,,718,492,488,736,423,3448
6156,716,1209,1620,2251,2666,,716,493,411,631,415,3490
6252,747,1235,1722,2413,2833,,747,488,487,691,420,3419
6233,716,1186,1649,2393,2781,,716,470,463,744,388,3452
6309,716,1209,1697,2413,2834,,716,493,488,716,421,3475
6305,717,1211,1697,2435,2852,,717,494,486,738,417,3453
6309,716,1238,1751,2461,2882,,716,522,513,710,421,3427
6329,715,1238,1747,2459,2882,,715,523,509,712,423,3447
6302,749,1233,1648,2417,2856,,749,484,415,769,439,3446
6217,715,1209,1676,2409,2789,,715,494,467,733,380,3428
6177,705,1198,1670,2387,2800,,705,493,472,717,413,3377
5932,709,1143,1579,2236,2574,,709,434,436,657,338,3358
5982,703,1196,1626,2255,2590,,703,493,430,629,335,3392
6079,666,1139,1602,2270,2638,,666,473,463,668,368,3441
6307,746,1261,1775,2485,2829,,746,515,514,710,344,3478
6241,715,1208,1724,2411,2798,,715,493,516,687,387,3443
6315,718,1219,1736,2442,2854,,718,501,517,706,412,3461
6304,717,1209,1697,2434,2858,,717,492,488,737,424,3446
6255,715,1210,1697,2434,2808,,715,495,487,737,374,3447
6178,716,1239,1724,2355,2685,,716,523,485,631,330,3493
6280,716,1213,1697,2419,2841,,716,497,484,722,422,3439
6329,718,1208,1677,2409,2873,,718,490,469,732,464,3456
6281,716,1209,1676,2434,2857,,716,493,467,758,423,3424
6068,703,1158,1636,2307,2644,,703,455,478,671,337,3424
6294,705,1198,1669,2424,2842,,705,493,471,755,418,3452
6269,706,1199,1670,2423,2843,,706,493,471,753,420,3426
6154,705,1199,1671,2382,2779,,705,494,472,711,397,3375
6113,704,1158,1595,2298,2650,,704,454,437,703,352,3463
6283,703,1198,1670,2399,2801,,703,495,472,729,402,3482
6229,715,1208,1696,2434,2778,,715,493,488,738,344,3451
6331,716,1209,1697,2464,2885,,716,493,488,767,421,3446
6316,715,1236,1721,2399,2862,,715,521,485,678,463,3454
6158,706,1199,1670,2379,2777,,706,493,471,709,398,3381
5991,702,1195,1603,2229,2563,,702,493,408,626,334,3428
6293,704,1199,1670,2423,2843,,704,495,471,753,420,3450
6250,704,1198,1669,2423,2842,,704,494,471,754,419,3408
6267,704,1197,1668,2386,2822,,704,493,471,718,436,3445
6358,715,1238,1752,2462,2881,,715,523,514,710,419,3477
6330,740,1235,1722,2435,2885,,740,495,487,713,450,3445
6279,715,1210,1696,2433,2835,,715,495,486,737,402,3444
6356,716,1239,1752,2462,2911,,716,523,513,710,449,3445
6230,712,1209,1697,2418,2769,,712,497,488,721,351,3461
6240,716,1209,1697,2435,2836,,716,493,488,738,401,3404
6103,744,1202,1606,2281,2652,,744,458,404,675,371,3451
6267,745,1237,1723,2436,2825,,745,492,486,713,389,3442
6268,706,1221,1691,2447,2824,,706,515,470,756,377,3444
6287,704,1155,1651,2360,2800,,704,451,496,709,440,3487
6305,716,1239,1724,2435,2857,,716,523,485,711,422,3448
6306,718,1211,1698,2436,2860,,718,493,487,738,424,3446
6310,716,1209,1698,2435,2836,,716,493,489,737,401,3474
6355,716,1208,1697,2433,2886,,716,492,489,736,453,3469
6279,716,1209,1675,2409,2831,,716,493,466,734,422,3448
6240,716,1211,1697,2413,2832,,716,495,486,716,419,3408
6257,715,1239,1699,2393,2815,,715,524,460,694,422,3442
6281,716,1211,1699,2435,2836,,716,495,488,736,401,3445
6305,716,1209,1697,2435,2857,,716,493,488,738,422,3448
6305,716,1210,1699,2411,2859,,716,494,489,712,448,3446
6302,716,1201,1689,2433,2855,,716,485,488,744,422,3447
6239,716,1209,1697,2412,2831,,716,493,488,715,419,3408
6180,705,1198,1669,2424,2802,,705,493,471,755,378,3378
6150,706,1198,1671,2386,2781,,706,492,473,715,395,3369
6230,710,1186,1662,2350,2751,,710,476,476,688,401,3479
5958,704,1199,1629,2257,2589,,704,495,430,628,332,3369
6157,705,1175,1643,2342,2711,,705,470,468,699,369,3446
6304,715,1209,1697,2433,2856,,715,494,488,736,423,3448
6294,748,1236,1722,2463,2846,,748,488,486,741,383,3448
6240,705,1196,1668,2421,2800,,705,491,472,753,379,3440
6173,704,1228,1657,2353,2717,,704,524,429,696,364,3456
6331,716,1209,1726,2465,2882,,716,493,517,739,417,3449
6356,747,1235,1753,2490,2908,,747,488,518,737,418,3448
6306,744,1235,1723,2434,2858,,744,491,488,711,424,3448
6243,716,1209,1697,2400,2802,,716,493,488,703,402,3441
6159,705,1197,1669,2382,2779,,705,492,472,713,397,3380
5992,704,1156,1592,2237,2563,,704,452,436,645,326,3429
6292,705,1198,1670,2424,2843,,705,493,472,754,419,3449
6227,703,1199,1673,2424,2843,,703,496,474,751,419,3384
6182,704,1199,1672,2425,2802,,704,495,473,753,377,3380
6178,704,1199,1670,2385,2800,,704,495,471,715,415,3378
6181,705,1199,1671,2386,2801,,705,494,472,715,415,3380
6154,704,1197,1668,2386,2777,,704,493,471,718,391,3377
6148,704,1195,1668,2380,2776,,704,491,473,712,396,3372
6163,706,1199,1670,2381,2779,,706,493,471,711,398,3384
6013,700,1226,1655,2286,2619,,700,526,429,631,333,3394
6158,705,1157,1612,2296,2669,,705,452,455,684,373,3489
6355,746,1263,1776,2486,2907,,746,517,513,710,421,3448
6304,717,1208,1696,2434,2857,,717,491,488,738,423,3447
6330,711,1209,1697,2434,2885,,711,498,488,737,451,3445
6268,745,1237,1724,2463,2827,,745,492,487,739,364,3441
6222,704,1217,1688,2443,2821,,704,513,471,755,378,3401
6153,704,1198,1670,2388,2778,,704,494,472,718,390,3375
6152,704,1200,1672,2383,2780,,704,496,472,711,397,3372
6161,690,1198,1694,2381,2781,,690,508,496,687,400,3380
5982,700,1223,1649,2287,2614,,700,523,426,638,327,3368
6283,705,1198,1645,2383,2820,,705,493,447,738,437,3463
6315,717,1210,1698,2434,2874,,717,493,488,736,440,3441
6293,704,1197,1669,2424,2841,,704,493,472,755,417,3452
6181,705,1198,1651,2423,2802,,705,493,453,772,379,3379
6181,730,1201,1672,2389,2801,,730,471,471,717,412,3380
6154,706,1198,1671,2387,2778,,706,492,473,716,391,3376
6143,705,1197,1668,2385,2778,,705,492,471,717,393,3365
6151,705,1199,1697,2384,2782,,705,494,498,687,398,3369
6185,705,1224,1696,2405,2803,,705,519,472,709,398,3382
5983,701,1225,1653,2283,2617,,701,524,428,630,334,3366
6056,703,1198,1627,2258,2614,,703,495,429,631,356,3442
6229,718,1210,1698,2435,2780,,718,492,488,737,345,3449
6304,716,1209,1697,2409,2856,,716,493,488,712,447,3448
6302,717,1208,1696,2433,2856,,717,491,488,737,423,3446
6336,717,1212,1699,2414,2859,,717,495,487,715,445,3477
6358,715,1209,1700,2434,2886,,715,494,491,734,452,3472
6256,717,1210,1697,2463,2805,,717,493,487,766,342,3451
6254,746,1235,1723,2434,2837,,746,489,488,711,403,3417
6281,715,1209,1698,2434,2856,,715,494,489,736,422,3425
6332,716,1239,1748,2489,2908,,716,523,509,741,419,3424
6357,744,1264,1776,2514,2905,,744,520,512,738,391,3452
6258,716,1210,1698,2440,2780,,716,494,488,742,340,3478
6354,744,1262,1775,2512,2911,,744,518,513,737,399,3443
6305,716,1214,1699,2437,2858,,716,498,485,738,421,3447
6361,715,1210,1698,2419,2886,,715,495,488,721,467,3475
6303,716,1208,1697,2435,2856,,716,492,489,738,421,3447
6260,715,1209,1697,2435,2779,,715,494,488,738,344,3481
6264,717,1210,1698,2419,2843,,717,493,488,721,424,3421
6303,715,1207,1696,2434,2856,,715,492,489,738,422,3447
6278,717,1208,1695,2433,2855,,717,491,487,738,422,3423
6352,743,1260,1744,2486,2904,,743,517,484,742,418,3448
6227,717,1206,1695,2431,2776,,717,489,489,736,345,3451
6335,716,1210,1699,2434,2860,,716,494,489,735,426,3475
6288,661,1210,1698,2420,2842,,661,549,488,722,422,3446
6267,716,1210,1698,2436,2827,,716,494,488,738,391,3440
6234,704,1199,1678,2423,2802,,704,495,479,745,379,3432
6281,718,1210,1727,2415,2833,,718,492,517,688,418,3448
6282,716,1210,1695,2433,2855,,716,494,485,738,422,3427
6233,719,1209,1696,2435,2826,,719,490,487,739,391,3407
6275,716,1240,1724,2434,2857,,716,524,484,710,423,3418
6330,716,1240,1723,2465,2883,,716,524,483,742,418,3447
6279,715,1209,1696,2435,2837,,715,494,487,739,402,3442
6330,716,1209,1697,2434,2885,,716,493,488,737,451,3445
6266,717,1210,1698,2420,2842,,717,493,488,722,422,3424
6267,716,1210,1698,2435,2823,,716,494,488,737,388,3444
6179,705,1200,1671,2424,2800,,705,495,471,753,376,3379
6154,705,1199,1672,2384,2778,,705,494,473,712,394,3376
6149,704,1200,1671,2383,2782,,704,496,471,712,399,3367
6004,704,1171,1643,2307,2642,,704,467,472,664,335,3362
5974,705,1222,1651,2280,2614,,705,517,429,629,334,3360
6216,703,1198,1668,2380,2779,,703,495,470,712,399,3437
6270,706,1199,1671,2426,2843,,706,493,472,755,417,3427
6307,716,1209,1698,2434,2857,,716,493,489,736,423,3450
6303,717,1210,1698,2439,2858,,717,493,488,741,419,3445
6283,715,1209,1698,2434,2857,,715,494,489,736,423,3426
6268,718,1213,1725,2436,2859,,718,495,512,711,423,3409
6281,716,1211,1699,2437,2838,,716,495,488,738,401,3443
6253,717,1210,1698,2435,2836,,717,493,488,737,401,3417
6306,716,1211,1699,2434,2858,,716,495,488,735,424,3448
6285,719,1211,1699,2435,2858,,719,492,488,736,423,3427
6305,717,1210,1698,2435,2859,,717,493,488,737,424,3446
6231,715,1210,1727,2435,2779,,715,495,517,708,344,3452
6306,716,1210,1698,2435,2857,,716,494,488,737,422,3449
6263,716,1209,1698,2421,2842,,716,493,489,723,421,3421
6285,718,1241,1730,2467,2869,,718,523,489,737,402,3416
6267,715,1210,1698,2435,2858,,715,495,488,737,423,3409
6282,716,1211,1698,2438,2840,,716,495,487,740,402,3442
6263,717,1208,1697,2418,2841,,717,491,489,721,423,3422
6305,717,1238,1722,2434,2856,,717,521,484,712,422,3449
6306,716,1209,1696,2434,2857,,716,493,487,738,423,3449
6303,715,1209,1697,2435,2857,,715,494,488,738,422,3446
6282,716,1208,1696,2434,2837,,716,492,488,738,403,3445
6305,716,1211,1697,2435,2857,,716,495,486,738,422,3448
6299,683,1209,1696,2435,2857,,683,526,487,739,422,3442
6292,716,1210,1698,2435,2857,,716,494,488,737,422,3435
6265,720,1208,1695,2433,2855,,720,488,487,738,422,3410
6307,716,1213,1698,2435,2858,,716,497,485,737,423,3449
6240,715,1211,1698,2414,2832,,715,496,487,716,418,3408
6307,660,1241,1724,2436,2858,,660,581,483,712,422,3449
6284,715,1210,1697,2434,2856,,715,495,487,737,422,3428
6282,715,1209,1697,2434,2857,,715,494,488,737,423,3425
6282,716,1212,1699,2436,2837,,716,496,487,737,401,3445
6338,718,1243,1730,2468,2890,,718,525,487,738,422,3448
6311,716,1211,1699,2436,2858,,716,495,488,737,422,3453
6286,716,1211,1699,2436,2860,,716,495,488,737,424,3426
6237,717,1210,1698,2412,2833,,717,493,488,714,421,3404
6337,717,1212,1699,2436,2859,,717,495,487,737,423,3478
6308,717,1213,1698,2436,2858,,717,496,485,738,422,3450
6282,718,1212,1699,2437,2838,,718,494,487,738,401,3444
6241,717,1211,1700,2419,2834,,717,494,489,719,415,3407
6280,716,1211,1699,2436,2837,,716,495,488,737,401,3443
6307,716,1210,1699,2436,2859,,716,494,489,737,423,3448
6306,717,1212,1699,2435,2858,,717,495,487,736,423,3448
6304,717,1221,1707,2434,2856,,717,504,486,727,422,3448
6278,716,1238,1724,2464,2861,,716,522,486,740,397,3417
6247,715,1211,1698,2427,2859,,715,496,487,729,432,3388
6308,717,1212,1699,2438,2862,,717,495,487,739,424,3446
6307,717,1211,1688,2436,2858,,717,494,477,748,422,3449
6180,629,1033,1552,2260,2671,,629,404,519,708,411,3509
6285,717,1211,1704,2436,2858,,717,494,493,732,422,3427
6282,715,1211,1698,2436,2834,,715,496,487,738,398,3448
6282,716,1211,1681,2436,2840,,716,495,470,755,404,3442
6330,716,1234,1725,2459,2881,,716,518,491,734,422,3449
6231,719,1189,1648,2360,2771,,719,470,459,712,411,3460
6284,717,1210,1698,2436,2858,,717,493,488,738,422,3426
6239,717,1211,1678,2411,2835,,717,494,467,733,424,3404
6320,712,1236,1725,2440,2879,,712,524,489,715,439,3441
6178,705,1198,1671,2423,2801,,705,493,473,752,378,3377
5976,704,1200,1630,2283,2617,,704,496,430,653,334,3359
5901,649,1125,1555,2185,2516,,649,476,430,630,331,3385
6169,704,1199,1672,2389,2778,,704,495,473,717,389,3391
6262,716,1210,1699,2439,2781,,716,494,489,740,342,3481
6335,716,1212,1699,2437,2859,,716,496,487,738,422,3476
6359,744,1234,1722,2464,2883,,744,490,488,742,419,3476
6336,665,1239,1723,2436,2857,,665,574,484,713,421,3479
6335,716,1210,1699,2436,2858,,716,494,489,737,422,3477
6279,745,1235,1722,2412,2833,,745,490,487,690,421,3446
6333,744,1232,1720,2466,2849,,744,488,488,746,383,3484
6231,641,1135,1623,2340,2772,,641,494,488,717,432,3459
6283,717,1211,1696,2434,2855,,717,494,485,738,421,3428
6238,716,1211,1700,2436,2859,,716,495,489,736,423,3379
6269,706,1201,1675,2426,2845,,706,495,474,751,419,3424
6180,706,1198,1670,2387,2800,,706,492,472,717,413,3380
6152,710,1200,1698,2383,2780,,710,490,498,685,397,3372
6155,705,1203,1674,2389,2779,,705,498,471,715,390,3376
6152,729,1201,1673,2388,2780,,729,472,472,715,392,3372
6156,704,1202,1673,2387,2779,,704,498,471,714,392,3377
6151,704,1200,1672,2388,2779,,704,496,472,716,391,3372
5955,666,1201,1630,2262,2591,,666,535,429,632,329,3364
5877,648,1124,1558,2184,2516,,648,476,434,626,332,3361
6188,704,1228,1701,2455,2810,,704,524,473,754,355,3378
6295,705,1199,1671,2425,2846,,705,494,472,754,421,3449
6179,705,1200,1673,2425,2802,,705,495,473,752,377,3377
6152,703,1199,1698,2385,2780,,703,496,499,687,395,3372
6153,707,1201,1672,2389,2781,,707,494,471,717,392,3372
6153,705,1200,1671,2388,2782,,705,495,471,717,394,3371
6155,730,1202,1675,2386,2779,,730,472,473,711,393,3376
6152,705,1199,1671,2383,2778,,705,494,472,712,395,3374
6003,664,1156,1636,2284,2641,,664,492,480,648,357,3362
6151,704,1200,1674,2383,2780,,704,496,474,709,397,3371
6156,705,1199,1672,2387,2781,,705,494,473,715,394,3375
6155,706,1199,1671,2388,2779,,706,493,472,717,391,3376
6154,706,1200,1671,2388,2779,,706,494,471,717,391,3375
6152,705,1200,1670,2387,2779,,705,495,470,717,392,3373
6152,705,1199,1673,2388,2780,,705,494,474,715,392,3372
6153,705,1199,1671,2387,2781,,705,494,472,716,394,3372
6154,706,1199,1670,2388,2781,,706,493,471,718,393,3373
6153,706,1199,1671,2383,2781,,706,493,472,712,398,3372
6153,663,1199,1671,2386,2778,,663,536,472,715,392,3375
6151,706,1201,1673,2383,2778,,706,495,472,710,395,3373
6161,703,1201,1671,2388,2780,,703,498,470,717,392,3381
6156,704,1201,1673,2387,2779,,704,497,472,714,392,3377
6176,706,1221,1694,2410,2802,,706,515,473,716,392,3374
6152,706,1198,1669,2396,2781,,706,492,471,727,385,3371
6151,704,1197,1671,2386,2780,,704,493,474,715,394,3371
6151,705,1198,1669,2388,2779,,705,493,471,719,391,3372
6155,705,1200,1671,2391,2782,,705,495,471,720,391,3373
6152,705,1199,1670,2384,2780,,705,494,471,714,396,3372
6005,668,1200,1631,2287,2622,,668,532,431,656,335,3383
6150,704,1200,1673,2384,2780,,704,496,473,711,396,3370
6157,704,1198,1669,2387,2778,,704,494,471,718,391,3379
6155,704,1199,1670,2387,2778,,704,495,471,717,391,3377
6161,711,1211,1682,2398,2791,,711,500,471,716,393,3370
5870,702,1149,1564,2195,2516,,702,447,415,631,321,3354
6335,705,1156,1678,2437,2860,,705,451,522,759,423,3475
6188,708,1182,1655,2357,2733,,708,474,473,702,376,3455
6156,705,1201,1674,2387,2780,,705,496,473,713,393,3376
6148,707,1198,1670,2383,2780,,707,491,472,713,397,3368
6164,705,1202,1674,2387,2781,,705,497,472,713,394,3383
6151,704,1199,1671,2386,2780,,704,495,472,715,394,3371
6158,705,1200,1671,2388,2778,,705,495,471,717,390,3380
6156,705,1200,1671,2389,2782,,705,495,471,718,393,3374
6148,707,1195,1666,2382,2776,,707,488,471,716,394,3372
6152,704,1199,1670,2388,2780,,704,495,471,718,392,3372
6152,706,1200,1672,2388,2780,,706,494,472,716,392,3372
6152,704,1200,1672,2388,2780,,704,496,472,716,392,3372
6157,705,1200,1672,2390,2781,,705,495,472,718,391,3376
6152,705,1200,1672,2384,2780,,705,495,472,712,396,3372
6104,664,1187,1662,2348,2725,,664,523,475,686,377,3379
6152,670,1200,1671,2385,2780,,670,530,471,714,395,3372
6156,705,1198,1670,2387,2780,,705,493,472,717,393,3376
6155,706,1198,1672,2387,2781,,706,492,474,715,394,3374
6153,705,1198,1670,2388,2781,,705,493,472,718,393,3372
6152,707,1204,1689,2383,2780,,707,497,485,694,397,3372
6152,705,1200,1673,2388,2781,,705,495,473,715,393,3371
6151,705,1199,1670,2386,2780,,705,494,471,716,394,3371
6152,705,1199,1671,2387,2779,,705,494,472,716,392,3373
6154,705,1200,1673,2385,2781,,705,495,473,712,396,3373
6153,665,1198,1672,2389,2779,,665,533,474,717,390,3374
6331,680,1242,1756,2465,2884,,680,562,514,709,419,3447
6329,718,1240,1724,2436,2888,,718,522,484,712,452,3441
6332,716,1238,1751,2461,2884,,716,522,513,710,423,3448
6409,744,1235,1751,2489,2936,,744,491,516,738,447,3473
6411,746,1236,1768,2486,2939,,746,490,532,718,453,3472
6340,715,1210,1728,2437,2858,,715,495,518,709,421,3482
6335,716,1239,1704,2440,2886,,716,523,465,736,446,3449
6368,749,1246,1763,2473,2924,,749,497,517,710,451,3444
6360,744,1264,1749,2461,2884,,744,520,485,712,423,3476
6360,720,1240,1708,2436,2888,,720,520,468,728,452,3472
6339,718,1243,1731,2468,2890,,718,525,488,737,422,3449
6333,715,1241,1725,2436,2888,,715,526,484,711,452,3445
6334,715,1211,1698,2435,2858,,715,496,487,737,423,3476
6355,744,1234,1750,2489,2906,,744,490,516,739,417,3449
6336,718,1210,1699,2379,2858,,718,492,489,680,479,3478
6301,716,1209,1696,2433,2855,,716,493,487,737,422,3446
6253,692,1203,1674,2427,2848,,692,511,471,753,421,3405
6187,704,1200,1672,2387,2802,,704,496,472,715,415,3385
6151,704,1197,1671,2387,2780,,704,493,474,716,393,3371
6262,655,1166,1650,2363,2777,,655,511,484,713,414,3485
6258,707,1228,1725,2454,2876,,707,521,497,729,422,3382
6184,704,1200,1672,2387,2801,,704,496,472,715,414,3383
6160,705,1199,1670,2383,2779,,705,494,471,713,396,3381
6151,705,1199,1673,2388,2780,,705,494,474,715,392,3371
6149,664,1200,1672,2387,2778,,664,536,472,715,391,3371
6208,703,1199,1627,2340,2747,,703,496,428,713,407,3461
6308,725,1244,1729,2438,2861,,725,519,485,709,423,3447
6383,746,1261,1746,2458,2909,,746,515,485,712,451,3474
6389,744,1236,1724,2467,2912,,744,492,488,743,445,3477
6332,716,1209,1698,2434,2859,,716,493,489,736,425,3473
6307,746,1236,1723,2436,2859,,746,490,487,713,423,3448
6315,719,1243,1731,2467,2890,,719,524,488,736,423,3425
6294,718,1211,1699,2422,2844,,718,493,488,723,422,3450
6303,712,1238,1753,2464,2857,,712,526,515,711,393,3446
5921,674,1122,1562,2219,2531,,674,448,440,657,312,3390
6013,672,1120,1558,2220,2607,,672,448,438,662,387,3406
5988,672,1124,1563,2221,2582,,672,452,439,658,361,3406
6336,714,1239,1727,2464,2886,,714,525,488,737,422,3450
6316,745,1235,1751,2461,2867,,745,490,516,710,406,3449
6330,747,1209,1728,2466,2884,,747,462,519,738,418,3446
6309,717,1198,1682,2437,2859,,717,481,484,755,422,3450
6339,717,1269,1754,2465,2888,,717,552,485,711,423,3451
6333,713,1238,1726,2463,2886,,713,525,488,737,423,3447
6333,672,1212,1731,2440,2889,,672,540,519,709,449,3444
6357,747,1239,1757,2491,2909,,747,492,518,734,418,3448
6329,717,1234,1723,2459,2882,,717,517,489,736,423,3447
6337,715,1183,1673,2436,2859,,715,468,490,763,423,3478
6332,717,1211,1699,2435,2887,,717,494,488,736,452,3445
6256,745,1236,1723,2416,2834,,745,491,487,693,418,3422
6359,744,1265,1751,2461,2883,,744,521,486,710,422,3476
6306,675,1179,1673,2437,2859,,675,504,494,764,422,3447
6362,721,1267,1714,2416,2914,,721,546,447,702,498,3448
6308,717,1212,1700,2438,2861,,717,495,488,738,423,3447
6308,725,1213,1701,2437,2860,,725,488,488,736,423,3448
6308,717,1212,1712,2438,2860,,717,495,500,726,422,3448
6308,716,1211,1700,2437,2859,,716,495,489,737,422,3449
6307,718,1213,1699,2436,2860,,718,495,486,737,424,3447
6307,717,1212,1700,2437,2859,,717,495,488,737,422,3448
6331,717,1212,1698,2435,2886,,717,495,486,737,451,3445
6283,716,1211,1665,2437,2858,,716,495,454,772,421,3425
6247,716,1196,1681,2421,2839,,716,480,485,740,418,3408
6359,715,1239,1751,2487,2883,,715,524,512,736,396,3476
6308,716,1213,1701,2438,2860,,716,497,488,737,422,3448
6308,678,1212,1701,2438,2859,,678,534,489,737,421,3449
6307,718,1211,1699,2437,2860,,718,493,488,738,423,3447
6308,718,1213,1700,2437,2860,,718,495,487,737,423,3448
6309,718,1212,1700,2438,2859,,718,494,488,738,421,3450
6333,748,1262,1751,2463,2886,,748,514,489,712,423,3447
6309,718,1212,1701,2438,2861,,718,494,489,737,423,3448
6284,717,1212,1699,2436,2860,,717,495,487,737,424,3424
6050,646,1060,1540,2246,2636,,646,414,480,706,390,3414
6297,706,1201,1673,2426,2845,,706,495,472,753,419,3452
6158,704,1200,1672,2388,2781,,704,496,472,716,393,3377
6181,664,1200,1671,2427,2807,,664,536,471,756,380,3374
6179,665,1201,1674,2428,2807,,665,536,473,754,379,3372
6134,706,1199,1628,2280,2697,,706,493,429,652,417,3437
6333,745,1237,1698,2466,2885,,745,492,461,768,419,3448
6323,757,1199,1688,2456,2875,,757,442,489,768,419,3448
6335,719,1239,1725,2436,2860,,719,520,486,711,424,3475
6233,716,1178,1692,2436,2859,,716,462,514,744,423,3374
6336,717,1190,1662,2415,2859,,717,473,472,753,444,3477
6332,732,1270,1754,2467,2884,,732,538,484,713,417,3448
6332,715,1240,1725,2436,2888,,715,525,485,711,452,3444
6360,716,1211,1698,2466,2883,,716,495,487,768,417,3477
6332,717,1214,1700,2436,2889,,717,497,486,736,453,3443
6330,720,1234,1722,2460,2882,,720,514,488,738,422,3448
6356,747,1265,1755,2495,2908,,747,518,490,740,413,3448
6335,715,1209,1726,2435,2857,,715,494,517,709,422,3478
6279,744,1234,1751,2461,2862,,744,490,517,710,401,3417
6308,718,1210,1699,2436,2859,,718,492,489,737,423,3449
6285,747,1268,1731,2438,2860,,747,521,463,707,422,3425
6308,669,1211,1700,2436,2859,,669,542,489,736,423,3449
6379,716,1224,1751,2491,2911,,716,508,527,740,420,3468
6330,743,1204,1696,2466,2882,,743,461,492,770,416,3448
6333,716,1211,1699,2437,2888,,716,495,488,738,451,3445
6369,719,1245,1732,2470,2893,,719,526,487,738,423,3476
6386,716,1240,1725,2466,2913,,716,524,485,741,447,3473
6411,725,1212,1677,2466,2914,,725,487,465,789,448,3497
6266,717,1212,1699,2423,2842,,717,495,487,724,419,3424
6287,717,1211,1648,2362,2800,,717,494,437,714,438,3487
6208,715,1210,1622,2338,2773,,715,495,412,716,435,3435
6306,717,1210,1698,2436,2858,,717,493,488,738,422,3448
6307,717,1213,1702,2438,2861,,717,496,489,736,423,3446
6336,716,1216,1701,2436,2859,,716,500,485,735,423,3477
6337,717,1212,1706,2437,2860,,717,495,494,731,423,3477
6309,719,1213,1702,2438,2861,,719,494,489,736,423,3448
6307,710,1212,1700,2419,2856,,710,502,488,719,437,3451
6308,719,1213,1700,2438,2860,,719,494,487,738,422,3448
6337,718,1215,1699,2437,2859,,718,497,484,738,422,3478
6210,716,1180,1649,2361,2773,,716,464,469,712,412,3437
6243,717,1213,1677,2413,2837,,717,496,464,736,424,3406
6106,705,1174,1645,2350,2727,,705,469,471,705,377,3379
6275,708,1233,1705,2416,2836,,708,525,472,711,420,3439
6287,705,1155,1649,2363,2800,,705,450,494,714,437,3487
6308,717,1210,1727,2436,2848,,717,493,517,709,412,3460
6173,713,1184,1681,2385,2736,,713,471,497,704,351,3437
6259,705,1224,1654,2364,2770,,705,519,430,710,406,3489
6308,717,1191,1650,2389,2860,,717,474,459,739,471,3448
6332,717,1241,1725,2438,2887,,717,524,484,713,449,3445
6338,716,1212,1729,2441,2859,,716,496,517,712,418,3479
6336,718,1189,1674,2435,2858,,718,471,485,761,423,3478
6126,716,1156,1638,2326,2721,,716,440,482,688,395,3405
6219,708,1237,1709,2421,2836,,708,529,472,712,415,3383
6332,707,1156,1649,2436,2888,,707,449,493,787,452,3444
6307,716,1209,1698,2436,2859,,716,493,489,738,423,3448
6306,717,1210,1698,2434,2858,,717,493,488,736,424,3448
6307,715,1210,1699,2440,2858,,715,495,489,741,418,3449
6208,717,1158,1651,2335,2746,,717,441,493,684,411,3462
6257,717,1241,1726,2437,2840,,717,524,485,711,403,3417
6333,719,1204,1700,2437,2890,,719,485,496,737,453,3443
6338,717,1211,1700,2392,2860,,717,494,489,692,468,3478
6177,746,1180,1653,2350,2770,,746,434,473,697,420,3407
6052,708,1186,1656,2294,2628,,708,478,470,638,334,3424
6309,710,1176,1683,2418,2823,,710,466,507,735,405,3486
6306,716,1210,1698,2436,2858,,716,494,488,738,422,3448
6337,717,1213,1729,2437,2860,,717,496,516,708,423,3477
6332,717,1211,1700,2436,2877,,717,494,489,736,441,3455
6332,718,1212,1728,2443,2888,,718,494,516,715,445,3444
6285,717,1212,1700,2438,2859,,717,495,488,738,421,3426
6357,716,1212,1700,2467,2913,,716,496,488,767,446,3444
6333,746,1239,1724,2397,2887,,746,493,485,673,490,3446
6357,718,1196,1661,2468,2914,,718,478,465,807,446,3443
6336,716,1238,1723,2435,2857,,716,522,485,712,422,3479
6307,715,1212,1701,2437,2859,,715,497,489,736,422,3448
6178,716,1210,1645,2359,2749,,716,494,435,714,390,3429
6333,715,1211,1699,2466,2883,,715,496,488,767,417,3450
6283,715,1210,1698,2436,2816,,715,495,488,738,380,3467
6307,717,1213,1686,2438,2864,,717,496,473,752,426,3443
6256,715,1212,1730,2446,2835,,715,497,518,716,389,3421
6362,715,1211,1705,2437,2889,,715,496,494,732,452,3473
6258,717,1242,1751,2443,2801,,717,525,509,692,358,3457
6294,718,1243,1652,2426,2847,,718,525,409,774,421,3447
6200,715,1213,1684,2444,2821,,715,498,471,760,377,3379
6182,706,1160,1596,2342,2751,,706,454,436,746,409,3431
6336,717,1242,1727,2436,2859,,717,525,485,709,423,3477
6338,713,1212,1727,2437,2860,,713,499,515,710,423,3478
6362,746,1266,1751,2461,2889,,746,520,485,710,428,3473
6333,718,1239,1754,2465,2887,,718,521,515,711,422,3446
6256,716,1212,1699,2437,2838,,716,496,487,738,401,3418
6362,744,1239,1726,2437,2889,,744,495,487,711,452,3473
6286,716,1212,1700,2403,2800,,716,496,488,703,397,3486
6195,718,1192,1615,2326,2745,,718,474,423,711,419,3450
6186,706,1200,1673,2425,2804,,706,494,473,752,379,3382
6239,687,1200,1628,2337,2747,,687,513,428,709,410,3492
6311,717,1211,1698,2435,2837,,717,494,487,737,402,3474
6307,717,1210,1699,2436,2859,,717,493,489,737,423,3448
6308,716,1213,1699,2437,2859,,716,497,486,738,422,3449
6308,718,1212,1699,2436,2858,,718,494,487,737,422,3450
6257,716,1241,1726,2437,2840,,716,525,485,711,403,3417
6287,720,1158,1650,2363,2801,,720,438,492,713,438,3486
6311,717,1212,1700,2398,2833,,717,495,488,698,435,3478
6296,747,1217,1662,2379,2850,,747,470,445,717,471,3446
6256,673,1201,1673,2424,2848,,673,528,472,751,424,3408
6262,707,1201,1632,2337,2778,,707,494,431,705,441,3484
6358,748,1244,1760,2469,2914,,748,496,516,709,445,3444
6333,745,1237,1754,2463,2885,,745,492,517,709,422,3448
6359,717,1233,1752,2461,2883,,717,516,519,709,422,3476
6308,718,1211,1699,2437,2861,,718,493,488,738,424,3447
6257,716,1241,1724,2436,2842,,716,525,483,712,406,3415
6387,745,1240,1754,2463,2914,,745,495,514,709,451,3473
6311,715,1239,1724,2415,2834,,715,524,485,691,419,3477
6334,717,1240,1704,2438,2888,,717,523,464,734,450,3446
6191,668,1149,1621,2323,2743,,668,481,472,702,420,3448
6207,705,1200,1628,2338,2771,,705,495,428,710,433,3436
6306,745,1234,1723,2434,2858,,745,489,489,711,424,3448
6308,716,1223,1737,2447,2859,,716,507,514,710,412,3449
6357,744,1237,1755,2493,2909,,744,493,518,738,416,3448
6336,716,1242,1726,2442,2860,,716,526,484,716,418,3476
6310,744,1234,1752,2462,2882,,744,490,518,710,420,3428
6364,716,1212,1652,2438,2889,,716,496,440,786,451,3475
6338,716,1213,1700,2437,2862,,716,497,487,737,425,3476
6337,715,1212,1699,2414,2859,,715,497,487,715,445,3478
6379,703,1263,1749,2459,2912,,703,560,486,710,453,3467
6334,718,1211,1729,2468,2885,,718,493,518,739,417,3449
6304,718,1212,1701,2436,2859,,718,494,489,735,423,3445
6357,717,1214,1727,2436,2891,,717,497,513,709,455,3466
6386,745,1235,1725,2491,2909,,745,490,490,766,418,3477
6308,718,1242,1726,2437,2845,,718,524,484,711,408,3463
6257,716,1244,1728,2417,2836,,716,528,484,689,419,3421
6309,717,1213,1700,2438,2862,,717,496,487,738,424,3447
6307,745,1238,1725,2416,2851,,745,493,487,691,435,3456
6336,718,1211,1678,2379,2858,,718,493,467,701,479,3478
6306,668,1188,1702,2437,2859,,668,520,514,735,422,3447
6332,717,1240,1754,2464,2884,,717,523,514,710,420,3448
6337,745,1236,1755,2489,2909,,745,491,519,734,420,3428
6336,716,1212,1729,2439,2859,,716,496,517,710,420,3477
6370,725,1245,1732,2470,2892,,725,520,487,738,422,3478
6364,717,1212,1699,2465,2887,,717,495,487,766,422,3477
6256,716,1211,1699,2436,2838,,716,495,488,737,402,3418
6309,745,1240,1727,2437,2860,,745,495,487,710,423,3449
6300,746,1237,1727,2491,2862,,746,491,490,764,371,3438
6333,715,1242,1725,2437,2875,,715,527,483,712,438,3458
6218,703,1185,1667,2374,2768,,703,482,482,707,394,3450
6211,665,1201,1673,2425,2848,,665,536,472,752,423,3363
6247,703,1201,1674,2384,2804,,703,498,473,710,420,3443
6356,732,1216,1738,2456,2879,,732,484,522,718,423,3477
6341,721,1245,1734,2469,2893,,721,524,489,735,424,3448
6334,745,1238,1724,2465,2885,,745,493,486,741,420,3449
6363,746,1265,1750,2462,2885,,746,519,485,712,423,3478
6333,746,1239,1725,2436,2888,,746,493,486,711,452,3445
6308,745,1237,1724,2437,2860,,745,492,487,713,423,3448
6257,746,1237,1726,2437,2817,,746,491,489,711,380,3440
6341,748,1207,1689,2469,2894,,748,459,482,780,425,3447
6337,717,1213,1700,2439,2860,,717,496,487,739,421,3477
6312,716,1211,1699,2437,2889,,716,495,488,738,452,3423
6311,716,1213,1703,2440,2860,,716,497,490,737,420,3451
6371,750,1245,1732,2470,2892,,750,495,487,738,422,3479
6308,744,1237,1723,2436,2862,,744,493,486,713,426,3446
6256,745,1238,1727,2437,2840,,745,493,489,710,403,3416
6308,716,1241,1726,2438,2861,,716,525,485,712,423,3447
6309,716,1212,1729,2439,2860,,716,496,517,710,421,3449
6307,716,1212,1699,2436,2859,,716,496,487,737,423,3448
6040,645,1064,1494,2192,2603,,645,419,430,698,411,3437
6282,719,1213,1700,2390,2840,,719,494,487,690,450,3442
6263,717,1213,1653,2364,2773,,717,496,440,711,409,3490
6308,716,1212,1702,2437,2860,,716,496,490,735,423,3448
6378,742,1259,1745,2511,2929,,742,517,486,766,418,3449
6308,717,1213,1730,2440,2860,,717,496,517,710,420,3448
6308,716,1212,1701,2438,2860,,716,496,489,737,422,3448
6337,717,1212,1701,2437,2859,,717,495,489,736,422,3478
6308,747,1240,1726,2439,2860,,747,493,486,713,421,3448
6311,745,1238,1726,2437,2860,,745,493,488,711,423,3451
6403,757,1263,1692,2479,2926,,757,506,429,787,447,3477
6337,718,1241,1726,2439,2861,,718,523,485,713,422,3476
6337,718,1212,1701,2437,2861,,718,494,489,736,424,3476
6309,717,1213,1700,2438,2861,,717,496,487,738,423,3448
6306,722,1209,1699,2436,2858,,722,487,490,737,422,3448
6309,717,1213,1702,2413,2861,,717,496,489,711,448,3448
6306,718,1210,1698,2435,2858,,718,492,488,737,423,3448
6310,717,1213,1702,2439,2863,,717,496,489,737,424,3447
6310,717,1215,1700,2467,2885,,717,498,485,767,418,3425
6337,716,1211,1700,2416,2860,,716,495,489,716,444,3477
6255,748,1195,1614,2360,2797,,748,447,419,746,437,3458
6309,716,1212,1700,2413,2861,,716,496,488,713,448,3448
6308,717,1213,1700,2437,2860,,717,496,487,737,423,3448
6309,718,1213,1701,2440,2861,,718,495,488,739,421,3448
6315,718,1242,1731,2467,2891,,718,524,489,736,424,3424
6309,717,1214,1705,2438,2861,,717,497,491,733,423,3448
6309,717,1213,1701,2437,2862,,717,496,488,736,425,3447
6309,716,1213,1702,2437,2864,,716,497,489,735,427,3445
6241,718,1212,1703,2416,2832,,718,494,491,713,416,3409
6407,744,1266,1780,2518,2959,,744,522,514,738,441,3448
6258,742,1197,1590,2339,2802,,742,455,393,749,463,3456
6283,716,1212,1701,2437,2846,,716,496,489,736,409,3437
6309,717,1213,1701,2438,2859,,717,496,488,737,421,3450
6306,720,1242,1727,2406,2862,,720,522,485,679,456,3444
6309,716,1212,1702,2438,2861,,716,496,490,736,423,3448
6333,718,1213,1700,2469,2885,,718,495,487,769,416,3448
6309,717,1213,1701,2439,2860,,717,496,488,738,421,3449
6333,716,1213,1697,2469,2885,,716,497,484,772,416,3448
6309,716,1212,1700,2439,2890,,716,496,488,739,451,3419
6310,716,1214,1702,2417,2861,,716,498,488,715,444,3449
6237,741,1198,1640,2314,2750,,741,457,442,674,436,3487
6259,718,1214,1701,2438,2811,,718,496,487,737,373,3448
6337,717,1213,1702,2437,2860,,717,496,489,735,423,3477
6336,716,1241,1725,2436,2859,,716,525,484,711,423,3477
6308,717,1214,1702,2438,2862,,717,497,488,736,424,3446
6308,716,1214,1700,2414,2861,,716,498,486,714,447,3447
6311,717,1214,1703,2439,2861,,717,497,489,736,422,3450
6310,717,1213,1702,2412,2860,,717,496,489,710,448,3450
6304,717,1210,1723,2433,2856,,717,493,513,710,423,3448
6308,717,1217,1702,2416,2861,,717,500,485,714,445,3447
6188,741,1185,1624,2275,2707,,741,444,439,651,432,3481
6307,745,1236,1725,2437,2861,,745,491,489,712,424,3446
6364,716,1242,1756,2466,2884,,716,526,514,710,418,3480
6312,717,1213,1700,2438,2862,,717,496,487,738,424,3450
6307,704,1212,1701,2438,2860,,704,508,489,737,422,3447
6307,717,1213,1700,2438,2861,,717,496,487,738,423,3446
6338,717,1213,1730,2440,2861,,717,496,517,710,421,3477
6337,716,1212,1700,2438,2861,,716,496,488,738,423,3476
6282,715,1212,1699,2438,2860,,715,497,487,739,422,3422
6309,715,1213,1702,2424,2864,,715,498,489,722,440,3445
6186,672,1179,1625,2281,2704,,672,507,446,656,423,3482
6308,716,1212,1701,2437,2859,,716,496,489,736,422,3449
6309,717,1212,1700,2413,2859,,717,495,488,713,446,3450
6259,717,1212,1702,2437,2805,,717,495,490,735,368,3454
6306,706,1213,1701,2438,2861,,706,507,488,737,423,3445
6326,747,1231,1720,2456,2880,,747,484,489,736,424,3446
6310,717,1213,1701,2439,2861,,717,496,488,738,422,3449
6308,716,1212,1701,2410,2860,,716,496,489,709,450,3448
6234,716,1213,1700,2437,2861,,716,497,487,737,424,3373
6258,717,1213,1700,2417,2821,,717,496,487,717,404,3437
6185,742,1213,1659,2323,2702,,742,471,446,664,379,3483
6309,717,1213,1701,2438,2861,,717,496,488,737,423,3448
6337,716,1211,1700,2439,2860,,716,495,489,739,421,3477
6309,718,1212,1701,2437,2861,,718,494,489,736,424,3448
6307,746,1238,1726,2437,2860,,746,492,488,711,423,3447
6279,748,1237,1755,2465,2887,,748,489,518,710,422,3392
6333,717,1213,1701,2438,2891,,717,496,488,737,453,3442
6293,717,1213,1700,2438,2851,,717,496,487,738,413,3442
6241,717,1212,1679,2413,2835,,717,495,467,734,422,3406
5961,705,1203,1631,2263,2595,,705,498,428,632,332,3366
5993,704,1143,1572,2205,2545,,704,439,429,633,340,3448
6336,706,1141,1655,2438,2861,,706,435,514,783,423,3475
6388,745,1238,1757,2496,2911,,745,493,519,739,415,3477
6338,717,1243,1726,2439,2859,,717,526,483,713,420,3479
6308,716,1223,1708,2438,2859,,716,507,485,730,421,3449
6330,715,1212,1699,2451,2888,,715,497,487,752,437,3442
6257,716,1212,1701,2438,2840,,716,496,489,737,402,3417
6308,715,1212,1703,2438,2861,,715,497,491,735,423,3447
6286,715,1212,1700,2437,2860,,715,497,488,737,423,3426
6282,716,1215,1703,2422,2842,,716,499,488,719,420,3440
6020,701,1215,1622,2254,2574,,701,514,407,632,320,3446
6294,706,1200,1672,2426,2848,,706,494,472,754,422,3446
6188,704,1161,1615,2313,2724,,704,457,454,698,411,3464
6331,715,1241,1726,2437,2888,,715,526,485,711,451,3443
6237,703,1129,1610,2312,2778,,703,426,481,702,466,3459
6236,716,1239,1725,2435,2834,,716,523,486,710,399,3402
6322,717,1242,1726,2469,2886,,717,525,484,743,417,3436
6338,720,1212,1701,2437,2860,,720,492,489,736,423,3478
6337,717,1213,1701,2438,2860,,717,496,488,737,422,3477
6216,715,1212,1680,2412,2820,,715,497,468,732,408,3396
6114,717,1157,1637,2261,2623,,717,440,480,624,362,3491
6411,744,1264,1748,2490,2937,,744,520,484,742,447,3474
6335,721,1209,1698,2437,2857,,721,488,489,739,420,3478
6308,715,1238,1724,2440,2857,,715,523,486,716,417,3451
6178,704,1160,1638,2350,2769,,704,456,478,712,419,3409
6154,702,1201,1672,2387,2781,,702,499,471,715,394,3373
6228,705,1201,1673,2425,2846,,705,496,472,752,421,3382
6181,705,1200,1671,2426,2807,,705,495,471,755,381,3374
5983,704,1200,1630,2260,2593,,704,496,430,630,333,3390
5988,703,1228,1658,2286,2621,,703,525,430,628,335,3367
6033,703,1157,1577,2210,2566,,703,454,420,633,356,3467
6359,745,1237,1755,2463,2915,,745,492,518,708,452,3444
6335,716,1210,1697,2379,2858,,716,494,487,682,479,3477
6363,747,1238,1725,2467,2885,,747,491,487,742,418,3478
6129,717,1161,1639,2327,2746,,717,444,478,688,419,3383
5981,706,1201,1630,2259,2595,,706,495,429,629,336,3386
6297,705,1201,1671,2427,2846,,705,496,470,756,419,3451
6029,703,1201,1631,2284,2650,,703,498,430,653,366,3379
5982,703,1200,1630,2261,2593,,703,497,430,631,332,3389
5989,702,1228,1659,2286,2618,,702,526,431,627,332,3371
5969,704,1142,1546,2186,2517,,704,438,404,640,331,3452
6312,704,1202,1673,2426,2829,,704,498,471,753,403,3483
6363,717,1211,1700,2469,2887,,717,494,489,769,418,3476
6338,716,1213,1700,2438,2863,,716,497,487,738,425,3475
6087,715,1179,1627,2326,2704,,715,464,448,699,378,3383
5959,704,1203,1630,2262,2594,,704,499,427,632,332,3365
6194,706,1199,1670,2426,2751,,706,493,471,756,325,3443
6205,705,1201,1672,2389,2815,,705,496,471,717,426,3390
5983,704,1202,1632,2262,2594,,704,498,430,630,332,3389
5983,698,1224,1650,2282,2615,,698,526,426,632,333,3368
5946,704,1143,1549,2161,2518,,704,439,406,612,357,3428
6333,706,1181,1675,2418,2886,,706,475,494,743,468,3447
6333,716,1213,1702,2468,2885,,716,497,489,766,417,3448
6333,717,1214,1700,2467,2886,,717,497,486,767,419,3447
6161,717,1197,1615,2314,2726,,717,480,418,699,412,3435
6196,716,1213,1702,2415,2819,,716,497,489,713,404,3377
6338,718,1245,1760,2471,2889,,718,527,515,711,418,3449
6309,717,1215,1702,2440,2862,,717,498,487,738,422,3447
6338,716,1213,1703,2440,2862,,716,497,490,737,422,3476
6215,716,1213,1701,2416,2821,,716,497,488,715,405,3394
6260,715,1243,1649,2411,2820,,715,528,406,762,409,3440
6310,719,1213,1700,2439,2861,,719,494,487,739,422,3449
6311,718,1214,1702,2440,2862,,718,496,488,738,422,3449
6339,716,1213,1701,2439,2861,,716,497,488,738,422,3478
6283,718,1210,1698,2434,2857,,718,492,488,736,423,3426
6222,717,1212,1701,2438,2840,,717,495,489,737,402,3382
6309,717,1217,1703,2439,2862,,717,500,486,736,423,3447
6309,717,1213,1701,2438,2860,,717,496,488,737,422,3449
6285,716,1212,1701,2437,2862,,716,496,489,736,425,3423
6241,717,1213,1700,2415,2833,,717,496,487,715,418,3408
6314,745,1239,1648,2390,2824,,745,494,409,742,434,3490
6310,718,1213,1704,2438,2862,,718,495,491,734,424,3448
6310,702,1213,1701,2412,2861,,702,511,488,711,449,3449
6310,717,1212,1703,2440,2861,,717,495,491,737,421,3449
6309,716,1212,1702,2438,2861,,716,496,490,736,423,3448
6308,717,1214,1703,2440,2864,,717,497,489,737,424,3444
6309,716,1214,1701,2438,2863,,716,498,487,737,425,3446
6309,716,1214,1705,2416,2862,,716,498,491,711,446,3447
6287,716,1212,1699,2436,2860,,716,496,487,737,424,3427
6284,743,1239,1727,2438,2861,,743,496,488,711,423,3423
6288,746,1238,1705,2398,2818,,746,492,467,693,420,3470
6310,721,1213,1701,2439,2861,,721,492,488,738,422,3449
6338,716,1213,1701,2438,2861,,716,497,488,737,423,3477
6339,717,1215,1703,2439,2862,,717,498,488,736,423,3477
6310,717,1214,1702,2439,2861,,717,497,488,737,422,3449
6309,716,1214,1702,2441,2862,,716,498,488,739,421,3447
6309,716,1214,1702,2440,2861,,716,498,488,738,421,3448
6281,716,1215,1701,2439,2850,,716,499,486,738,411,3431
6286,715,1213,1700,2438,2861,,715,498,487,738,423,3425
6218,717,1214,1701,2417,2821,,717,497,487,716,404,3397
6258,716,1212,1679,2410,2817,,716,496,467,731,407,3441
6359,717,1212,1701,2440,2890,,717,495,489,739,450,3469
6258,717,1243,1728,2438,2812,,717,526,485,710,374,3446
6334,716,1213,1701,2439,2890,,716,497,488,738,451,3444
6348,728,1225,1714,2443,2900,,728,497,489,729,457,3448
6310,717,1215,1702,2439,2863,,717,498,487,737,424,3447
6306,716,1210,1700,2439,2857,,716,494,490,739,418,3449
6308,717,1213,1704,2439,2861,,717,496,491,735,422,3447
6286,718,1215,1701,2439,2860,,718,497,486,738,421,3426
6233,716,1214,1702,2417,2833,,716,498,488,715,416,3400
6259,718,1214,1703,2413,2818,,718,496,489,710,405,3441
6309,717,1242,1715,2438,2862,,717,525,473,723,424,3447
6336,717,1213,1701,2468,2886,,717,496,488,767,418,3450
6339,716,1213,1702,2439,2861,,716,497,489,737,422,3478
6348,723,1223,1711,2447,2871,,723,500,488,736,424,3477
6310,716,1214,1703,2439,2862,,716,498,489,736,423,3448
6308,716,1213,1701,2438,2860,,716,497,488,737,422,3448
6298,716,1212,1700,2438,2863,,716,496,488,738,425,3435
6277,745,1236,1726,2448,2864,,745,491,490,722,416,3413
6247,717,1212,1701,2424,2840,,717,495,489,723,416,3407
6221,715,1241,1726,2438,2786,,715,526,485,712,348,3435
6228,705,1201,1673,2425,2843,,705,496,472,752,418,3385
6253,704,1199,1671,2393,2849,,704,495,472,722,456,3404
6182,709,1201,1672,2388,2803,,709,492,471,716,415,3379
6004,706,1201,1631,2285,2611,,706,495,430,654,326,3393
6160,704,1201,1673,2388,2781,,704,497,472,715,393,3379
6152,706,1202,1675,2390,2784,,706,496,473,715,394,3368
6002,701,1227,1656,2285,2630,,701,526,429,629,345,3372
5902,649,1122,1551,2179,2512,,649,473,429,628,333,3390
6215,711,1237,1710,2462,2840,,711,526,473,752,378,3375
6020,704,1201,1630,2260,2594,,704,497,429,630,334,3426
6046,704,1201,1631,2259,2606,,704,497,430,628,347,3440
6213,666,1157,1633,2314,2700,,666,491,476,681,386,3513
6339,716,1214,1731,2440,2862,,716,498,517,709,422,3477
6389,745,1269,1782,2491,2903,,745,524,513,709,412,3486
6307,716,1212,1700,2437,2861,,716,496,488,737,424,3446
6333,717,1212,1700,2466,2885,,717,495,488,766,419,3448
6357,716,1241,1725,2438,2906,,716,525,484,713,468,3451
6004,717,1186,1658,2305,2639,,717,469,472,647,334,3365
6013,701,1187,1660,2322,2657,,701,486,473,662,335,3356
6022,703,1203,1631,2260,2591,,703,500,428,629,331,3431
6232,706,1204,1674,2428,2848,,706,498,470,754,420,3384
6171,705,1203,1633,2328,2682,,705,498,430,695,354,3489
6333,716,1213,1701,2469,2886,,716,497,488,768,417,3447
6337,715,1212,1729,2439,2861,,715,497,517,710,422,3476
6338,716,1214,1701,2438,2862,,716,498,487,737,424,3476
6387,719,1213,1700,2466,2914,,719,494,487,766,448,3473
6339,716,1214,1702,2439,2860,,716,498,488,737,421,3479
6268,717,1214,1701,2468,2866,,717,497,487,767,398,3402
6217,717,1214,1682,2414,2832,,717,497,468,732,418,3385
6360,745,1266,1779,2516,2910,,745,521,513,737,394,3450
6388,746,1239,1755,2464,2915,,746,493,516,709,451,3473
6336,745,1238,1726,2438,2860,,745,493,488,712,422,3476
6286,717,1215,1702,2439,2861,,717,498,487,737,422,3425
6336,716,1243,1757,2467,2888,,716,527,514,710,421,3448
6308,720,1214,1700,2437,2860,,720,494,486,737,423,3448
6311,717,1214,1701,2438,2861,,717,497,487,737,423,3450
6391,717,1214,1701,2467,2916,,717,497,487,766,449,3475
6267,715,1212,1700,2422,2844,,715,497,488,722,422,3423
6230,742,1256,1720,2428,2836,,742,514,464,708,408,3394
6181,692,1215,1677,2362,2732,,692,523,462,685,370,3449
6311,747,1241,1735,2446,2863,,747,494,494,711,417,3448
6388,744,1238,1754,2493,2910,,744,494,516,739,417,3478
6310,747,1238,1726,2440,2891,,747,491,488,714,451,3419
6310,714,1215,1702,2440,2862,,714,501,487,738,422,3448
6388,717,1243,1760,2499,2911,,717,526,517,739,412,3477
6391,716,1241,1729,2497,2913,,716,525,488,768,416,3478
6286,715,1213,1700,2404,2860,,715,498,487,704,456,3426
6244,717,1214,1702,2439,2842,,717,497,488,737,403,3402
6219,746,1240,1707,2415,2834,,746,494,467,708,419,3385
6254,716,1209,1697,2416,2819,,716,493,488,719,403,3435
6334,744,1238,1727,2438,2890,,744,494,489,711,452,3444
6310,716,1244,1729,2440,2863,,716,528,485,711,423,3447
6256,745,1239,1726,2439,2840,,745,494,487,713,401,3416
6364,746,1269,1754,2464,2887,,746,523,485,710,423,3477
6310,746,1240,1732,2441,2862,,746,494,492,709,421,3448
6422,751,1247,1735,2447,2923,,751,496,488,712,476,3499
6339,716,1213,1701,2439,2861,,716,497,488,738,422,3478
6106,651,1127,1599,2303,2683,,651,476,472,704,380,3423
6025,652,1127,1598,2302,2650,,652,475,471,704,348,3375
6221,704,1203,1674,2390,2784,,704,499,471,716,394,3437
6298,704,1202,1673,2427,2850,,704,498,471,754,423,3448
6217,705,1179,1647,2354,2725,,705,474,468,707,371,3492
6388,715,1242,1726,2467,2915,,715,527,484,741,448,3473
6364,716,1241,1726,2467,2886,,716,525,485,741,419,3478
6362,717,1266,1750,2462,2884,,717,549,484,712,422,3478
6372,721,1247,1735,2472,2894,,721,526,488,737,422,3478
6307,718,1211,1698,2435,2849,,718,493,487,737,414,3458
6244,690,1212,1700,2438,2840,,690,522,488,738,402,3404
6242,711,1212,1678,2413,2834,,711,501,466,735,421,3408
5965,704,1204,1633,2261,2594,,704,500,429,628,333,3371
6297,704,1203,1673,2428,2847,,704,499,470,755,419,3450
6289,704,1202,1676,2405,2805,,704,498,474,729,400,3484
6312,717,1213,1700,2438,2860,,717,496,487,738,422,3452
6336,747,1238,1728,2438,2888,,747,491,490,710,450,3448
6331,745,1239,1726,2468,2887,,745,494,487,742,419,3444
6420,724,1274,1761,2528,2976,,724,550,487,767,448,3444
6309,716,1242,1727,2438,2859,,716,526,485,711,421,3450
6361,720,1212,1699,2466,2884,,720,492,487,767,418,3477
6244,722,1214,1681,2413,2836,,722,492,467,732,423,3408
6227,705,1203,1674,2390,2783,,705,498,471,716,393,3444
6358,715,1213,1701,2468,2916,,715,498,488,767,448,3442
6388,716,1241,1751,2490,2909,,716,525,510,739,419,3479
6287,716,1243,1727,2438,2889,,716,527,484,711,451,3398
6340,717,1217,1703,2440,2863,,717,500,486,737,423,3477
6381,716,1235,1723,2461,2914,,716,519,488,738,453,3467
6362,718,1210,1724,2436,2887,,718,492,514,712,451,3475
6309,718,1213,1726,2439,2861,,718,495,513,713,422,3448
6253,717,1212,1699,2437,2839,,717,495,487,738,402,3414
6167,715,1188,1653,2338,2748,,715,473,465,685,410,3419
6185,704,1203,1674,2428,2784,,704,499,471,754,356,3401
6138,714,1189,1661,2364,2760,,714,475,472,703,396,3378
6209,704,1203,1674,2428,2808,,704,499,471,754,380,3401
6182,705,1201,1675,2390,2804,,705,496,474,715,414,3378
6160,704,1202,1675,2391,2783,,704,498,473,716,392,3377
6160,704,1204,1676,2390,2784,,704,500,472,714,394,3376
6155,705,1203,1676,2391,2784,,705,498,473,715,393,3371
6310,707,1204,1654,2370,2863,,707,497,450,716,493,3447
6284,716,1213,1702,2438,2862,,716,497,489,736,424,3422
6283,717,1216,1703,2440,2863,,717,499,487,737,423,3420
6245,717,1214,1703,2440,2839,,717,497,489,737,399,3406
6364,747,1240,1757,2466,2888,,747,493,517,709,422,3476
6310,716,1244,1729,2440,2862,,716,528,485,711,422,3448
6310,716,1214,1702,2439,2862,,716,498,488,737,423,3448
6309,716,1212,1702,2438,2860,,716,496,490,736,422,3449
6310,716,1214,1702,2439,2862,,716,498,488,737,423,3448
6310,726,1214,1730,2439,2861,,726,488,516,709,422,3449
6311,717,1214,1701,2439,2879,,717,497,487,738,440,3432
6265,702,1204,1690,2441,2841,,702,502,486,751,400,3424
6335,716,1215,1696,2441,2863,,716,499,481,745,422,3472
6260,715,1244,1729,2439,2861,,715,529,485,710,422,3399
6339,716,1213,1703,2468,2863,,716,497,490,765,395,3476
6282,717,1211,1699,2440,2831,,717,494,488,741,391,3451
6066,716,1187,1633,2294,2655,,716,471,446,661,361,3411
6016,673,1123,1561,2222,2608,,673,450,438,661,386,3408
6018,676,1124,1562,2223,2609,,676,448,438,661,386,3409
6314,721,1242,1729,2465,2887,,721,521,487,736,422,3427
6311,718,1215,1704,2415,2866,,718,497,489,711,451,3445
6312,742,1172,1665,2441,2861,,742,430,493,776,420,3451
6336,717,1215,1704,2440,2861,,717,498,489,736,421,3475
6290,716,1215,1703,2440,2862,,716,499,488,737,422,3428
6309,718,1214,1703,2440,2862,,718,496,489,737,422,3447
6311,716,1216,1702,2439,2862,,716,500,486,737,423,3449
6314,716,1215,1703,2440,2862,,716,499,488,737,422,3452
6310,716,1215,1702,2440,2862,,716,499,487,738,422,3448
6308,722,1212,1700,2438,2862,,722,490,488,738,424,3446
6310,717,1214,1703,2439,2862,,717,497,489,736,423,3448
6310,716,1214,1702,2440,2862,,716,498,488,738,422,3448
6288,718,1219,1708,2440,2863,,718,501,489,732,423,3425
6244,718,1215,1682,2418,2838,,718,497,467,736,420,3406
6310,717,1215,1703,2440,2863,,717,498,488,737,423,3447
6335,721,1215,1703,2469,2888,,721,494,488,766,419,3447
6308,716,1213,1701,2437,2861,,716,497,488,736,424,3447
6311,717,1215,1703,2441,2863,,717,498,488,738,422,3448
6310,717,1214,1702,2440,2862,,717,497,488,738,422,3448
6311,718,1215,1703,2439,2864,,718,497,488,736,425,3447
6302,718,1178,1669,2431,2854,,718,460,491,762,423,3448
6286,716,1213,1702,2439,2862,,716,497,489,737,423,3424
6282,717,1215,1703,2438,2862,,717,498,488,735,424,3420
6253,716,1216,1683,2416,2837,,716,500,467,733,421,3416
6261,718,1214,1705,2439,2863,,718,496,491,734,424,3398
6299,719,1238,1720,2434,2885,,719,519,482,714,451,3414
6332,743,1254,1768,2516,2911,,743,511,514,748,395,3421
6359,716,1243,1755,2493,2912,,716,527,512,738,419,3447
6390,744,1267,1781,2490,2911,,744,523,514,709,421,3479
6338,714,1213,1701,2438,2861,,714,499,488,737,423,3477
6306,717,1211,1698,2434,2859,,717,494,487,736,425,3447
6310,716,1214,1731,2441,2849,,716,498,517,710,408,3461
6335,715,1245,1729,2440,2863,,715,530,484,711,423,3472
6254,716,1213,1681,2386,2838,,716,497,468,705,452,3416
6298,716,1244,1728,2440,2891,,716,528,484,712,451,3407
6302,704,1204,1675,2428,2849,,704,500,471,753,421,3453
6221,705,1203,1675,2428,2803,,705,498,472,753,375,3418
6181,704,1203,1674,2428,2806,,704,499,471,754,378,3375
6160,704,1205,1676,2391,2785,,704,501,471,715,394,3375
6156,691,1199,1671,2383,2780,,691,508,472,712,397,3376
6309,687,1214,1647,2392,2862,,687,527,433,745,470,3447
6339,717,1243,1728,2439,2857,,717,526,485,711,418,3482
6104,715,1198,1634,2327,2722,,715,483,436,693,395,3382
6155,705,1202,1631,2328,2682,,705,497,429,697,354,3473
6362,747,1240,1758,2468,2888,,747,493,518,710,420,3474
6339,716,1214,1701,2466,2885,,716,498,487,765,419,3454
6311,745,1239,1726,2439,2861,,745,494,487,713,422,3450
6309,717,1214,1702,2439,2861,,717,497,488,737,422,3448
6308,746,1241,1725,2438,2860,,746,495,484,713,422,3448
6207,656,1138,1627,2339,2749,,656,482,489,712,410,3458
6313,722,1214,1703,2439,2863,,722,492,489,736,424,3450
6287,717,1213,1702,2439,2861,,717,496,489,737,422,3426
6283,717,1214,1679,2440,2863,,717,497,465,761,423,3420
6229,717,1215,1681,2416,2802,,717,498,466,735,386,3427
6309,717,1215,1704,2441,2863,,717,498,489,737,422,3446
6310,716,1214,1702,2440,2862,,716,498,488,738,422,3448
6310,717,1214,1703,2440,2862,,717,497,489,737,422,3448
6311,743,1227,1715,2439,2863,,743,484,488,724,424,3448
6338,717,1214,1703,2440,2863,,717,497,489,737,423,3475
6258,717,1215,1702,2439,2862,,717,498,487,737,423,3396
6309,716,1213,1701,2438,2861,,716,497,488,737,423,3448
6247,717,1215,1703,2440,2842,,717,498,488,737,402,3405
6285,717,1217,1704,2440,2864,,717,500,487,736,424,3421
6256,717,1215,1682,2416,2838,,717,498,467,734,422,3418
6311,716,1217,1703,2439,2862,,716,501,486,736,423,3449
6340,717,1216,1705,2441,2864,,717,499,489,736,423,3476
6312,716,1216,1702,2439,2862,,716,500,486,737,423,3450
6340,717,1215,1703,2440,2863,,717,498,488,737,423,3477
6310,719,1214,1702,2440,2862,,719,495,488,738,422,3448
6309,717,1228,1714,2439,2863,,717,511,486,725,424,3446
6312,717,1165,1655,2439,2862,,717,448,490,784,423,3450
6246,717,1214,1703,2440,2841,,717,497,489,737,401,3405
6250,717,1215,1704,2426,2843,,717,498,489,722,417,3407
6252,717,1215,1681,2414,2838,,717,498,466,733,424,3414
6334,717,1214,1702,2440,2864,,717,497,488,738,424,3470
6335,715,1213,1702,2387,2863,,715,498,489,685,476,3472
6336,717,1215,1703,2441,2892,,717,498,488,738,451,3444
6361,717,1243,1728,2441,2892,,717,526,485,713,451,3469
6310,653,1140,1657,2365,2863,,653,487,517,708,498,3447
6335,717,1215,1702,2440,2891,,717,498,487,738,451,3444
6308,716,1213,1700,2438,2861,,716,497,487,738,423,3447
6219,717,1215,1702,2440,2817,,717,498,487,738,377,3402
6289,717,1215,1704,2442,2863,,717,498,489,738,421,3426
6259,717,1216,1685,2415,2837,,717,499,469,730,422,3422
6292,717,1215,1703,2440,2862,,717,498,488,737,422,3430
6311,717,1214,1703,2440,2862,,717,497,489,737,422,3449
6274,717,1215,1704,2440,2862,,717,498,489,736,422,3412
6339,717,1213,1702,2441,2862,,717,496,489,739,421,3477
6310,719,1215,1704,2440,2862,,719,496,489,736,422,3448
6335,745,1239,1756,2466,2887,,745,494,517,710,421,3448
6186,716,1215,1667,2365,2734,,716,499,452,698,369,3452
6288,717,1215,1702,2439,2863,,717,498,487,737,424,3425
6132,717,1217,1623,2315,2700,,717,500,406,692,385,3432
6244,715,1215,1681,2415,2838,,715,500,466,734,423,3406
6188,704,1204,1676,2426,2806,,704,500,472,750,380,3382
6222,702,1201,1672,2385,2784,,702,499,471,713,399,3438
6248,705,1206,1679,2428,2808,,705,501,473,749,380,3440
6181,704,1204,1675,2427,2806,,704,500,471,752,379,3375
6184,705,1201,1698,2386,2805,,705,496,497,688,419,3379
6187,706,1163,1582,2290,2731,,706,457,419,708,441,3456
6334,715,1243,1728,2439,2865,,715,528,485,711,426,3469
6256,716,1213,1701,2438,2840,,716,497,488,737,402,3416
6312,716,1214,1703,2468,2887,,716,498,489,765,419,3425
6337,715,1243,1755,2494,2912,,715,528,512,739,418,3425
6358,741,1237,1754,2461,2885,,741,496,517,707,424,3473
6363,716,1242,1727,2438,2894,,716,526,485,711,456,3469
6310,717,1213,1730,2439,2861,,717,496,517,709,422,3449
6256,716,1214,1672,2429,2851,,716,498,458,757,422,3405
6209,705,1204,1676,2391,2807,,705,499,472,715,416,3402
6390,747,1240,1730,2439,2891,,747,493,490,709,452,3499
6310,716,1214,1701,2438,2861,,716,498,487,737,423,3449
6312,720,1213,1733,2443,2889,,720,493,520,710,446,3423
6340,714,1214,1703,2438,2862,,714,500,489,735,424,3478
6257,715,1214,1731,2418,2838,,715,499,517,687,420,3419
6360,718,1241,1729,2466,2889,,718,523,488,737,423,3471
6364,715,1214,1701,2439,2891,,715,499,487,738,452,3473
6335,715,1215,1703,2469,2888,,715,500,488,766,419,3447
6335,716,1214,1701,2440,2892,,716,498,487,739,452,3443
6339,716,1214,1701,2440,2892,,716,498,487,739,452,3447
6333,746,1240,1726,2439,2891,,746,494,486,713,452,3442
6364,715,1213,1701,2473,2887,,715,498,488,772,414,3477
6337,716,1244,1728,2468,2916,,716,528,484,740,448,3421
6284,744,1239,1727,2428,2862,,744,495,488,701,434,3422
6232,743,1254,1718,2413,2822,,743,511,464,695,409,3410
6334,716,1215,1704,2440,2863,,716,499,489,736,423,3471
6360,717,1214,1702,2440,2891,,717,497,488,738,451,3469
6307,718,1241,1725,2435,2859,,718,523,484,710,424,3448
6362,716,1214,1701,2468,2887,,716,498,487,767,419,3475
6363,716,1240,1726,2463,2885,,716,524,486,737,422,3478
6309,717,1214,1704,2440,2863,,717,497,490,736,423,3446
6312,718,1215,1732,2444,2862,,718,497,517,712,418,3450
6287,715,1214,1704,2438,2861,,715,499,490,734,423,3426
6284,717,1214,1702,2440,2862,,717,497,488,738,422,3422
6258,717,1248,1712,2418,2839,,717,531,464,706,421,3419
6385,720,1240,1758,2496,2913,,720,520,518,738,417,3472
6388,744,1269,1753,2493,2911,,744,525,484,740,418,3477
6389,745,1239,1728,2467,2915,,745,494,489,739,448,3474
6309,715,1244,1728,2439,2865,,715,529,484,711,426,3444
6357,744,1237,1724,2462,2884,,744,493,487,738,422,3473
6384,744,1239,1756,2511,2936,,744,495,517,755,425,3448
6365,717,1214,1730,2468,2892,,717,497,516,738,424,3473
6243,717,1214,1681,2415,2837,,717,497,467,734,422,3406
6249,704,1203,1674,2388,2852,,704,499,471,714,464,3397
6295,704,1203,1675,2428,2848,,704,499,472,753,420,3447
6218,639,1119,1608,2320,2732,,639,480,489,712,412,3486
6335,716,1241,1727,2439,2890,,716,525,486,712,451,3445
6310,717,1213,1701,2467,2865,,717,496,488,766,398,3445
6391,745,1268,1782,2492,2913,,745,523,514,710,421,3478
6211,650,1141,1628,2341,2751,,650,491,487,713,410,3460
6318,717,1216,1702,2441,2863,,717,499,486,739,422,3455
6311,717,1216,1703,2440,2864,,717,499,487,737,424,3447
6246,717,1214,1702,2439,2840,,717,497,488,737,401,3406
6285,717,1218,1704,2441,2867,,717,501,486,737,426,3418
6259,717,1216,1704,2419,2839,,717,499,488,715,420,3420
6311,718,1217,1704,2441,2864,,718,499,487,737,423,3447
6312,718,1216,1704,2441,2863,,718,498,488,737,422,3449
6312,716,1215,1702,2440,2863,,716,499,487,738,423,3449
6311,716,1215,1702,2439,2863,,716,499,487,737,424,3448
6307,747,1235,1724,2440,2859,,747,488,489,716,419,3448
6361,717,1215,1702,2440,2877,,717,498,487,738,437,3484
6312,716,1218,1703,2440,2864,,716,502,485,737,424,3448
6311,717,1215,1703,2442,2867,,717,498,488,739,425,3444
6241,718,1215,1703,2441,2807,,718,497,488,738,366,3434
6255,716,1214,1702,2417,2837,,716,498,488,715,420,3418
6336,716,1215,1703,2441,2863,,716,499,488,738,422,3473
6334,717,1213,1701,2468,2887,,717,496,488,767,419,3447
6310,716,1214,1702,2439,2862,,716,498,488,737,423,3448
6339,716,1214,1702,2439,2862,,716,498,488,737,423,3477
6184,700,1193,1610,2342,2713,,700,493,417,732,371,3471
6245,716,1215,1703,2441,2819,,716,499,488,738,378,3426
6288,717,1216,1704,2440,2863,,717,499,488,736,423,3425
6183,741,1212,1655,2366,2755,,741,471,443,711,389,3428
6249,717,1215,1681,2392,2835,,717,498,466,711,443,3414
6187,705,1204,1678,2429,2809,,705,499,474,751,380,3378
6047,704,1181,1654,2286,2623,,704,477,473,632,337,3424
6120,660,1132,1580,2260,2624,,660,472,448,680,364,3496
6312,716,1216,1702,2440,2863,,716,500,486,738,423,3449
6340,715,1214,1703,2441,2863,,715,499,489,738,422,3477
6278,723,1248,1736,2473,2875,,723,525,488,737,402,3403
6342,745,1268,1752,2465,2862,,745,523,484,713,397,3480
6341,715,1215,1702,2439,2864,,715,500,487,737,425,3477
6248,715,1244,1729,2420,2824,,715,529,485,691,404,3424
6285,705,1203,1674,2387,2808,,705,498,471,713,421,3477
6335,716,1214,1703,2439,2862,,716,498,489,736,423,3473
6175,686,1157,1628,2327,2681,,686,471,471,699,354,3494
6297,704,1204,1677,2427,2847,,704,500,473,750,420,3450
6187,705,1205,1677,2429,2808,,705,500,472,752,379,3379
6155,706,1206,1677,2386,2786,,706,500,471,709,400,3369
5878,651,1127,1557,2185,2518,,651,476,430,628,333,3360
6048,704,1203,1654,2288,2620,,704,499,451,634,332,3428
6314,705,1204,1677,2427,2830,,705,499,473,750,403,3484
6312,746,1240,1729,2469,2867,,746,494,489,740,398,3445
6322,717,1246,1783,2493,2880,,717,529,537,710,387,3442
6190,706,1202,1675,2427,2806,,706,496,473,752,379,3384
6174,705,1202,1699,2371,2697,,705,497,497,672,326,3477
6244,703,1224,1695,2413,2805,,703,521,471,718,392,3439
6298,704,1203,1674,2429,2846,,704,499,471,755,417,3452
6157,707,1203,1676,2393,2783,,707,496,473,717,390,3374
5955,706,1203,1632,2264,2594,,706,497,429,632,330,3361
6025,705,1204,1632,2263,2596,,705,499,428,631,333,3429
6210,704,1204,1675,2429,2808,,704,500,471,754,379,3402
6163,704,1204,1676,2386,2787,,704,500,472,710,401,3376
6336,704,1229,1700,2411,2853,,704,525,471,711,442,3483
6284,716,1214,1703,2440,2862,,716,498,489,737,422,3422
6210,743,1206,1590,2315,2751,,743,463,384,725,436,3459
6330,723,1235,1722,2461,2884,,723,512,487,739,423,3446
6298,716,1242,1728,2469,2851,,716,526,486,741,382,3447
6182,705,1203,1675,2429,2805,,705,498,472,754,376,3377
5965,713,1214,1645,2272,2605,,713,501,431,627,333,3360
6224,704,1203,1674,2427,2784,,704,499,471,753,357,3440
6206,704,1204,1677,2431,2808,,704,500,473,754,377,3398
6159,705,1205,1677,2386,2785,,705,500,472,709,399,3374
6230,703,1228,1699,2413,2830,,703,525,471,714,417,3400
6183,704,1203,1675,2430,2808,,704,499,472,755,378,3375
6221,703,1201,1672,2379,2779,,703,498,471,707,400,3442
6274,705,1203,1677,2429,2848,,705,498,474,752,419,3426
6187,704,1203,1677,2430,2807,,704,499,474,753,377,3380
6158,706,1207,1682,2388,2786,,706,501,475,706,398,3372
5980,705,1229,1658,2290,2620,,705,524,429,632,330,3360
6225,703,1203,1674,2391,2783,,703,500,471,717,392,3442
6235,704,1207,1677,2406,2849,,704,503,470,729,443,3386
6161,704,1204,1677,2386,2785,,704,500,473,709,399,3376
6231,704,1228,1700,2459,2833,,704,524,472,759,374,3398
6187,705,1205,1674,2429,2808,,705,500,469,755,379,3379
6221,705,1206,1677,2390,2784,,705,501,471,713,394,3437
6299,709,1203,1676,2429,2859,,709,494,473,753,430,3440
6186,704,1202,1675,2428,2806,,704,498,473,753,378,3380
6155,704,1203,1674,2386,2784,,704,499,471,712,398,3371
5946,705,1205,1628,2257,2577,,705,500,423,629,320,3369
6225,706,1205,1677,2396,2786,,706,499,472,719,390,3439
6175,714,1188,1659,2363,2739,,714,474,471,704,376,3436
5984,706,1204,1634,2263,2595,,706,498,430,629,332,3389
6231,704,1228,1701,2454,2832,,704,524,473,753,378,3399
6182,703,1203,1675,2428,2805,,703,500,472,753,377,3377
6221,705,1204,1676,2388,2786,,705,499,472,712,398,3435
6297,668,1204,1677,2429,2848,,668,536,473,752,419,3449
6188,705,1204,1675,2431,2807,,705,499,471,756,376,3381
6156,705,1205,1677,2386,2784,,705,500,472,709,398,3372
5917,634,1051,1467,2148,2510,,634,417,416,681,362,3407
6334,715,1241,1758,2492,2893,,715,526,517,734,401,3441
6334,747,1269,1754,2465,2888,,747,522,485,711,423,3446
6286,717,1214,1703,2441,2841,,717,497,489,738,400,3445
6335,715,1244,1727,2440,2890,,715,529,483,713,450,3445
6340,715,1214,1703,2439,2862,,715,499,489,736,423,3478
6338,715,1214,1703,2416,2863,,715,499,489,713,447,3475
6311,714,1214,1702,2439,2861,,714,500,488,737,422,3450
6298,716,1241,1729,2466,2855,,716,525,488,737,389,3443
6183,704,1203,1700,2386,2805,,704,499,497,686,419,3378
5980,711,1204,1633,2264,2598,,711,493,429,631,334,3382
6246,705,1203,1673,2429,2808,,705,498,470,756,379,3438
6211,704,1204,1675,2428,2793,,704,500,471,753,365,3418
6286,716,1216,1704,2470,2869,,716,500,488,766,399,3417
6361,746,1242,1758,2467,2889,,746,496,516,709,422,3472
6361,716,1215,1703,2470,2919,,716,499,488,767,449,3442
6337,717,1215,1682,2387,2863,,717,498,467,705,476,3474
6356,716,1260,1748,2485,2908,,716,544,488,737,423,3448
6306,715,1237,1723,2461,2862,,715,522,486,738,401,3444
6311,716,1215,1704,2442,2863,,716,499,489,738,421,3448
6341,716,1216,1703,2440,2863,,716,500,487,737,423,3478
6353,746,1238,1727,2464,2915,,746,492,489,737,451,3438
6291,716,1217,1733,2443,2862,,716,501,516,710,419,3429
6337,716,1215,1703,2441,2891,,716,499,488,738,450,3446
6338,716,1216,1702,2439,2861,,716,500,486,737,422,3477
6311,717,1216,1702,2439,2861,,717,499,486,737,422,3450
6418,718,1246,1731,2469,2923,,718,528,485,738,454,3495
6373,749,1220,1710,2473,2900,,749,471,490,763,427,3473
6310,715,1267,1751,2463,2865,,715,552,484,712,402,3445
6312,716,1215,1703,2440,2864,,716,499,488,737,424,3448
6315,668,1241,1668,2417,2825,,668,573,427,749,408,3490
6357,715,1237,1727,2492,2940,,715,522,490,765,448,3417
6256,716,1243,1728,2440,2842,,716,527,485,712,402,3414
6238,716,1182,1630,2344,2777,,716,466,448,714,433,3461
6365,716,1214,1702,2441,2890,,716,498,488,739,449,3475
6367,716,1244,1729,2473,2888,,716,528,485,744,415,3479
6364,744,1268,1783,2516,2895,,744,524,515,733,379,3469
6079,746,1170,1635,2307,2646,,746,424,465,672,339,3433
6258,704,1204,1676,2428,2848,,704,500,472,752,420,3410
6155,704,1203,1674,2385,2785,,704,499,471,711,400,3370
6007,704,1159,1641,2287,2623,,704,455,482,646,336,3384
6226,704,1205,1676,2385,2786,,704,501,471,709,401,3440
6255,706,1205,1676,2428,2849,,706,499,471,752,421,3406
6160,706,1203,1673,2385,2785,,706,497,470,712,400,3375
6257,705,1229,1703,2454,2874,,705,524,474,751,420,3383
6156,703,1204,1674,2392,2785,,703,501,470,718,393,3371
6024,705,1204,1635,2263,2597,,705,499,431,628,334,3427
6051,647,1065,1509,2205,2621,,647,418,444,696,416,3430
6208,703,1202,1674,2432,2806,,703,499,472,758,374,3402
6156,703,1205,1676,2387,2785,,703,502,471,711,398,3371
6096,653,1080,1589,2292,2681,,653,427,509,703,389,3415
6337,744,1228,1744,2453,2887,,744,484,516,709,434,3450
6362,715,1215,1730,2439,2893,,715,500,515,709,454,3469
6285,715,1214,1702,2403,2848,,715,499,488,701,445,3437
6340,716,1215,1703,2441,2863,,716,499,488,738,422,3477
6340,717,1215,1703,2441,2864,,717,498,488,738,423,3476
6366,744,1257,1770,2492,2890,,744,513,513,722,398,3476
6222,663,1066,1485,2228,2688,,663,403,419,743,460,3534
6272,744,1228,1715,2440,2829,,744,484,487,725,389,3443
6184,705,1204,1676,2429,2806,,705,499,472,753,377,3378
5956,706,1205,1635,2263,2596,,706,499,430,628,333,3360
6222,703,1202,1672,2389,2782,,703,499,470,717,393,3440
6281,705,1203,1675,2429,2848,,705,498,472,754,419,3433
6284,743,1241,1728,2465,2867,,743,498,487,737,402,3417
6366,716,1216,1705,2471,2889,,716,500,489,766,418,3477
6365,717,1215,1704,2440,2892,,717,498,489,736,452,3473
6364,717,1244,1731,2441,2887,,717,527,487,710,446,3477
6242,675,1190,1599,2315,2751,,675,515,409,716,436,3491
6274,715,1218,1704,2441,2830,,715,503,486,737,389,3444
6186,705,1205,1677,2429,2805,,705,500,472,752,376,3381
6007,705,1203,1650,2312,2648,,705,498,447,662,336,3359
6224,703,1203,1673,2390,2787,,703,500,470,717,397,3437
6252,705,1203,1674,2430,2851,,705,498,471,756,421,3401
6311,716,1242,1756,2495,2895,,716,526,514,739,400,3416
6366,717,1245,1729,2470,2889,,717,528,484,741,419,3477
6311,745,1245,1730,2441,2863,,745,500,485,711,422,3448
6313,741,1225,1714,2441,2838,,741,484,489,727,397,3475
6211,741,1190,1602,2345,2753,,741,449,412,743,408,3458
6334,716,1238,1727,2495,2889,,716,522,489,768,394,3445
6311,717,1215,1703,2440,2862,,717,498,488,737,422,3449
6157,716,1214,1649,2353,2751,,716,498,435,704,398,3406
6222,704,1205,1677,2390,2785,,704,501,472,713,395,3437
6255,705,1207,1679,2431,2850,,705,502,472,752,419,3405
6159,703,1203,1673,2385,2783,,703,500,470,712,398,3376
6255,705,1228,1700,2454,2873,,705,523,472,754,419,3382
6221,703,1201,1671,2370,2784,,703,498,470,699,414,3437
6203,712,1235,1707,2403,2728,,712,523,472,696,325,3475
5937,639,1040,1436,2089,2503,,639,401,396,653,414,3434
6258,705,1205,1677,2429,2849,,705,500,472,752,420,3409
6156,705,1203,1676,2388,2784,,705,498,473,712,396,3372
6117,706,1205,1607,2305,2657,,706,499,402,698,352,3460
6223,704,1204,1675,2387,2785,,704,500,471,712,398,3438
6257,704,1203,1675,2428,2848,,704,499,472,753,420,3409
6161,706,1205,1676,2386,2787,,706,499,471,710,401,3374
6214,704,1229,1702,2454,2833,,704,525,473,752,379,3381
6158,705,1205,1676,2390,2787,,705,500,471,714,397,3371
6244,704,1228,1701,2409,2808,,704,524,473,708,399,3436
5973,651,1071,1477,2125,2545,,651,420,406,648,420,3428
6260,705,1204,1677,2431,2848,,705,499,473,754,417,3412
6006,706,1205,1635,2286,2622,,706,499,430,651,336,3384
6118,704,1204,1635,2320,2722,,704,500,431,685,402,3396
6255,712,1237,1735,2418,2819,,712,525,498,683,401,3436
6231,704,1205,1678,2428,2849,,704,501,473,750,421,3382
5963,703,1203,1632,2263,2596,,703,500,429,631,333,3367
6259,703,1228,1698,2454,2872,,703,525,470,756,418,3387
6158,705,1205,1676,2393,2786,,705,500,471,717,393,3372
6254,711,1238,1710,2426,2818,,711,527,472,716,392,3436
6111,662,1140,1574,2234,2652,,662,478,434,660,418,3459
6346,724,1250,1738,2474,2897,,724,526,488,736,423,3449
6313,719,1216,1704,2442,2864,,719,497,488,738,422,3449
6289,717,1216,1704,2441,2863,,717,499,488,737,422,3426
6258,716,1216,1703,2418,2823,,716,500,487,715,405,3435
6310,717,1216,1703,2439,2863,,717,499,487,736,424,3447
6338,717,1247,1761,2471,2889,,717,530,514,710,418,3449
6365,716,1218,1730,2469,2889,,716,502,512,739,420,3476
6341,716,1215,1704,2442,2863,,716,499,489,738,421,3478
6254,745,1228,1716,2441,2865,,745,483,488,725,424,3389
6185,715,1189,1637,2275,2659,,715,474,448,638,384,3526
6376,726,1275,1764,2501,2902,,726,549,489,737,401,3474
6337,716,1216,1704,2470,2888,,716,500,488,766,418,3449
6246,716,1216,1704,2408,2840,,716,500,488,704,432,3406
6234,745,1240,1729,2420,2839,,745,495,489,691,419,3395
6312,717,1217,1705,2442,2865,,717,500,488,737,423,3447
6312,717,1215,1704,2441,2867,,717,498,489,737,426,3445
6340,718,1215,1703,2441,2863,,718,497,488,738,422,3477
6366,718,1214,1704,2469,2887,,718,496,490,765,418,3479
6286,715,1223,1707,2464,2886,,715,508,484,757,422,3400
6091,703,1132,1540,2221,2597,,703,429,408,681,376,3494
6324,724,1223,1711,2450,2850,,724,499,488,739,400,3474
6339,716,1214,1702,2439,2862,,716,498,488,737,423,3477
6240,716,1180,1628,2368,2750,,716,464,448,740,382,3490
6251,715,1217,1704,2426,2849,,715,502,487,722,423,3402
6340,716,1217,1704,2441,2864,,716,501,487,737,423,3476
6262,744,1253,1702,2360,2804,,744,509,449,658,444,3458
6341,746,1241,1728,2440,2864,,746,495,487,712,424,3477
6249,716,1216,1674,2429,2852,,716,500,458,755,423,3397
6171,704,1203,1674,2368,2694,,704,499,471,694,326,3477
5949,706,1147,1554,2185,2504,,706,441,407,631,319,3445
6273,705,1205,1679,2429,2849,,705,500,474,750,420,3424
6156,706,1203,1674,2386,2785,,706,497,471,712,399,3371
6043,706,1204,1633,2264,2642,,706,498,429,631,378,3401
6314,715,1215,1731,2472,2865,,715,500,516,741,393,3449
6337,716,1216,1704,2470,2889,,716,500,488,766,419,3448
6313,715,1216,1703,2441,2864,,715,501,487,738,423,3449
6340,716,1215,1702,2439,2863,,716,499,487,737,424,3477
6307,716,1235,1722,2460,2882,,716,519,487,738,422,3425
6412,745,1266,1776,2487,2936,,745,521,510,711,449,3476
6234,744,1228,1661,2412,2802,,744,484,433,751,390,3432
6312,717,1215,1703,2440,2862,,717,498,488,737,422,3450
6313,717,1216,1704,2441,2863,,717,499,488,737,422,3450
6259,715,1215,1703,2424,2835,,715,500,488,721,411,3424
6285,718,1217,1704,2472,2865,,718,499,487,768,393,3420
6314,718,1247,1731,2442,2864,,718,529,484,711,422,3450
6326,747,1243,1731,2468,2890,,747,496,488,737,422,3436
6385,744,1255,1767,2503,2942,,744,511,512,736,439,3443
6381,718,1236,1750,2461,2908,,718,518,514,711,447,3473
6364,708,1245,1756,2494,2938,,708,537,511,738,444,3426
6294,717,1246,1697,2416,2802,,717,529,451,719,386,3492
6315,716,1215,1731,2441,2842,,716,499,516,710,401,3473
6341,716,1215,1703,2440,2863,,716,499,488,737,423,3478
6323,716,1245,1758,2468,2891,,716,529,513,710,423,3432
6386,744,1228,1746,2494,2944,,744,484,518,748,450,3442
6313,745,1230,1716,2442,2864,,745,485,486,726,422,3449
6337,717,1217,1705,2470,2890,,717,500,488,765,420,3447
6335,716,1213,1730,2440,2859,,716,497,517,710,419,3476
6289,716,1216,1703,2440,2864,,716,500,487,737,424,3425
6391,708,1244,1730,2470,2918,,708,536,486,740,448,3473
6208,715,1243,1683,2400,2800,,715,528,440,717,400,3408
6340,743,1252,1740,2479,2888,,743,509,488,739,409,3452
6338,716,1244,1729,2440,2892,,716,528,485,711,452,3446
6313,716,1215,1704,2441,2891,,716,499,489,737,450,3422
6436,744,1281,1794,2531,2992,,744,537,513,737,461,3444
6312,716,1216,1704,2441,2863,,716,500,488,737,422,3449
6311,717,1215,1703,2441,2863,,717,498,488,738,422,3448
6342,716,1217,1703,2441,2863,,716,501,486,738,422,3479
6311,716,1215,1702,2439,2863,,716,499,487,737,424,3448
6209,717,1146,1630,2339,2775,,717,429,484,709,436,3434
6226,745,1283,1742,2409,2821,,745,538,459,667,412,3405
6274,671,1208,1681,2430,2850,,671,537,473,749,420,3424
6183,705,1205,1677,2393,2808,,705,500,472,716,415,3375
5961,706,1204,1634,2264,2596,,706,498,430,630,332,3365
6287,706,1204,1715,2442,2839,,706,498,511,727,397,3448
6337,716,1245,1729,2442,2894,,716,529,484,713,452,3443
6346,725,1278,1764,2474,2898,,725,553,486,710,424,3448
6339,746,1241,1729,2442,2865,,746,495,488,713,423,3474
6335,746,1240,1758,2467,2888,,746,494,518,709,421,3447
6309,717,1218,1731,2440,2863,,717,501,513,709,423,3446
6160,700,1190,1649,2326,2680,,700,490,459,677,354,3480
6342,707,1216,1705,2443,2863,,707,509,489,738,420,3479
6311,716,1216,1705,2441,2863,,716,500,489,736,422,3448
6274,716,1214,1675,2430,2852,,716,498,461,755,422,3422
6311,705,1160,1654,2367,2863,,705,455,494,713,496,3448
6312,716,1217,1705,2441,2864,,716,501,488,736,423,3448
6320,724,1249,1737,2474,2875,,724,525,488,737,401,3445
6389,716,1215,1703,2469,2916,,716,499,488,766,447,3473
6290,722,1218,1705,2442,2864,,722,496,487,737,422,3426
6363,716,1216,1699,2441,2893,,716,500,483,742,452,3470
6225,716,1245,1706,2399,2821,,716,529,461,693,422,3404
6313,666,1247,1731,2441,2863,,666,581,484,710,422,3450
6337,716,1216,1704,2470,2888,,716,500,488,766,418,3449
6290,717,1246,1729,2442,2868,,717,529,483,713,426,3422
6315,717,1217,1705,2442,2843,,717,500,488,737,401,3472
6341,716,1214,1704,2440,2864,,716,498,490,736,424,3477
6374,727,1306,1789,2503,2904,,727,579,483,714,401,3470
6362,716,1215,1703,2471,2888,,716,499,488,768,417,3474
6313,723,1217,1705,2441,2863,,723,494,488,736,422,3450
6364,716,1216,1708,2441,2865,,716,500,492,733,424,3499
6236,746,1270,1730,2376,2822,,746,524,460,646,446,3414
6312,746,1229,1717,2446,2865,,746,483,488,729,419,3447
6311,715,1214,1703,2441,2862,,715,499,489,738,421,3449
6314,717,1219,1704,2470,2888,,717,502,485,766,418,3426
6285,716,1216,1653,2395,2863,,716,500,437,742,468,3422
6313,717,1217,1704,2442,2866,,717,500,487,738,424,3447
6288,717,1217,1706,2417,2843,,717,500,489,711,426,3445
6339,716,1216,1703,2417,2864,,716,500,487,714,447,3475
6311,718,1217,1705,2441,2864,,718,499,488,736,423,3447
6320,718,1216,1705,2442,2864,,718,498,489,737,422,3456
6177,724,1248,1711,2414,2770,,724,524,463,703,356,3407
6300,705,1206,1678,2430,2853,,705,501,472,752,423,3447
6183,707,1205,1678,2393,2807,,707,498,473,715,414,3376
5961,706,1205,1635,2263,2597,,706,499,430,628,334,3364
6167,705,1188,1624,2344,2755,,705,483,436,720,411,3412
6342,717,1217,1735,2444,2865,,717,500,518,709,421,3477
6337,745,1229,1746,2465,2889,,745,484,517,719,424,3448
6309,716,1215,1732,2441,2863,,716,499,517,709,422,3446
6362,718,1216,1703,2441,2893,,718,498,487,738,452,3469
6309,717,1216,1704,2460,2890,,717,499,488,756,430,3419
6260,718,1245,1705,2399,2824,,718,527,460,694,425,3436
6312,745,1243,1726,2441,2863,,745,498,483,715,422,3449
6366,716,1216,1703,2471,2889,,716,500,487,768,418,3477
6215,716,1179,1622,2311,2684,,716,463,443,689,373,3531
6340,717,1216,1705,2472,2888,,717,499,489,767,416,3452
6311,716,1246,1730,2441,2864,,716,530,484,711,423,3447
6369,714,1247,1736,2480,2925,,714,533,489,744,445,3444
6255,716,1215,1701,2442,2861,,716,499,486,741,419,3394
6365,715,1215,1733,2440,2893,,715,500,518,707,453,3472
6257,716,1246,1730,2444,2893,,716,530,484,714,449,3364
6050,693,1205,1656,2304,2625,,693,512,451,648,321,3425
6364,706,1191,1679,2470,2888,,706,485,488,791,418,3476
6312,747,1270,1755,2445,2864,,747,523,485,690,419,3448
6337,716,1216,1703,2474,2888,,716,500,487,771,414,3449
6311,745,1241,1729,2441,2863,,745,496,488,712,422,3448
6343,716,1219,1731,2441,2863,,716,503,512,710,422,3480
6348,723,1248,1764,2473,2875,,723,525,516,709,402,3473
6337,716,1217,1733,2471,2888,,716,501,516,738,417,3449
6312,742,1226,1743,2452,2864,,742,484,517,709,412,3448
6260,716,1215,1705,2441,2835,,716,499,490,736,394,3425
6226,716,1244,1707,2416,2822,,716,528,463,709,406,3404
6213,705,1161,1655,2367,2777,,705,456,494,712,410,3436
6311,745,1229,1717,2441,2864,,745,484,488,724,423,3447
6337,716,1216,1704,2441,2892,,716,500,488,737,451,3445
6312,717,1217,1707,2441,2866,,717,500,490,734,425,3446
6337,718,1216,1706,2471,2889,,718,498,490,765,418,3448
6422,755,1275,1764,2530,2977,,755,520,489,766,447,3445
6339,716,1216,1704,2440,2863,,716,500,488,736,423,3476
6362,741,1204,1689,2470,2918,,741,463,485,781,448,3444
6285,715,1242,1728,2439,2863,,715,527,486,711,424,3422
6366,748,1270,1785,2519,2902,,748,522,515,734,383,3464
6368,717,1218,1706,2405,2894,,717,501,488,699,489,3474
6313,717,1215,1704,2442,2864,,717,498,489,738,422,3449
6019,680,1127,1591,2250,2615,,680,447,464,659,365,3404
5994,652,1102,1541,2205,2594,,652,450,439,664,389,3400
5975,677,1125,1565,2227,2590,,677,448,440,662,363,3385
5993,680,1106,1545,2225,2586,,680,426,439,680,361,3407
6370,719,1244,1734,2470,2893,,719,525,490,736,423,3477
6289,742,1197,1690,2442,2864,,742,455,493,752,422,3425
6313,718,1218,1706,2443,2893,,718,500,488,737,450,3420
6335,715,1243,1756,2495,2888,,715,528,513,739,393,3447
6342,745,1229,1719,2442,2864,,745,484,490,723,422,3478
6338,716,1216,1704,2470,2890,,716,500,488,766,420,3448
6312,717,1246,1730,2442,2864,,717,529,484,712,422,3448
6365,716,1217,1704,2464,2890,,716,501,487,760,426,3475
6313,716,1216,1702,2444,2892,,716,500,486,742,448,3421
6290,716,1217,1705,2441,2864,,716,501,488,736,423,3426
6341,717,1220,1704,2444,2864,,717,503,484,740,420,3477
6211,740,1165,1647,2367,2776,,740,425,482,720,409,3435
6284,716,1213,1702,2439,2860,,716,497,489,737,421,3424
6390,745,1268,1780,2519,2912,,745,523,512,739,393,3478
6338,716,1214,1705,2438,2861,,716,498,491,733,423,3477
6367,716,1246,1760,2471,2890,,716,530,514,711,419,3477
6367,717,1217,1736,2469,2890,,717,500,519,733,421,3477
6311,716,1217,1706,2441,2851,,716,501,489,735,410,3460
6290,717,1245,1729,2441,2864,,717,528,484,712,423,3426
6313,717,1218,1707,2443,2868,,717,501,489,736,425,3445
6416,750,1270,1756,2496,2944,,750,520,486,740,448,3472
6312,702,1204,1714,2469,2865,,702,502,510,755,396,3447
6339,717,1216,1704,2442,2864,,717,499,488,738,422,3475
6212,702,1216,1641,2343,2753,,702,514,425,702,410,3459
6318,717,1216,1700,2442,2866,,717,499,484,742,424,3452
6313,717,1216,1705,2442,2864,,717,499,489,737,422,3449
6313,719,1218,1706,2454,2866,,719,499,488,748,412,3447
6310,717,1216,1704,2441,2849,,717,499,488,737,408,3461
6312,718,1217,1704,2442,2864,,718,499,487,738,422,3448
6367,663,1216,1706,2471,2889,,663,553,490,765,418,3478
6342,718,1217,1705,2442,2864,,718,499,488,737,422,3478
6338,704,1200,1683,2471,2891,,704,496,483,788,420,3447
6197,718,1215,1683,2416,2835,,718,497,468,733,419,3362
6311,716,1216,1733,2470,2865,,716,500,517,737,395,3446
6338,718,1217,1705,2472,2890,,718,499,488,767,418,3448
6324,717,1204,1692,2459,2877,,717,487,488,767,418,3447
6312,716,1217,1704,2441,2864,,716,501,487,737,423,3448
6318,717,1216,1706,2442,2864,,717,499,490,736,422,3454
6313,717,1216,1705,2441,2863,,717,499,489,736,422,3450
6314,718,1217,1705,2442,2865,,718,499,488,737,423,3449
6314,717,1217,1707,2441,2864,,717,500,490,734,423,3450
6315,718,1218,1707,2443,2866,,718,500,489,736,423,3449
6247,717,1220,1684,2417,2838,,717,503,464,733,421,3409
6288,747,1243,1731,2442,2844,,747,496,488,711,402,3444
6338,717,1217,1735,2469,2895,,717,500,518,734,426,3443
6313,718,1217,1734,2443,2866,,718,499,517,709,423,3447
6311,718,1218,1706,2442,2865,,718,500,488,736,423,3446
6313,718,1217,1705,2442,2865,,718,499,488,737,423,3448
6312,716,1216,1705,2441,2865,,716,500,489,736,424,3447
6338,717,1208,1692,2443,2895,,717,491,484,751,452,3443
6314,718,1218,1706,2443,2865,,718,500,488,737,422,3449
6313,718,1218,1685,2444,2868,,718,500,467,759,424,3445
6248,719,1218,1706,2421,2837,,719,499,488,715,416,3411
6287,717,1219,1706,2444,2841,,717,502,487,738,397,3446
6338,717,1218,1706,2472,2891,,717,501,488,766,419,3447
6312,717,1217,1704,2442,2864,,717,500,487,738,422,3448
6312,717,1217,1705,2442,2865,,717,500,488,737,423,3447
6311,718,1218,1704,2441,2865,,718,500,486,737,424,3446
6313,718,1217,1705,2442,2865,,718,499,488,737,423,3448
6312,717,1217,1705,2423,2864,,717,500,488,718,441,3448
6314,717,1218,1705,2443,2865,,717,501,487,738,422,3449
6234,719,1218,1657,2431,2854,,719,499,439,774,423,3380
5968,706,1206,1636,2263,2596,,706,500,430,627,333,3372
6189,705,1207,1676,2394,2788,,705,502,469,718,394,3401
6299,706,1208,1680,2430,2853,,706,502,472,750,423,3446
6232,706,1206,1677,2430,2850,,706,500,471,753,420,3382
6080,705,1185,1668,2346,2687,,705,480,483,678,341,3393
6188,704,1204,1674,2392,2805,,704,500,470,718,413,3383
6187,708,1206,1678,2395,2811,,708,498,472,717,416,3376
6201,706,1164,1621,2347,2767,,706,458,457,726,420,3434
6186,705,1206,1678,2395,2806,,705,501,472,717,411,3380
6156,705,1204,1681,2388,2785,,705,499,477,707,397,3371
5971,706,1206,1636,2263,2595,,706,500,430,627,332,3376
6325,654,1172,1657,2441,2840,,654,518,485,784,399,3485
6304,717,1218,1705,2473,2890,,717,501,487,768,417,3414
6315,718,1219,1706,2443,2865,,718,501,487,737,422,3450
6311,716,1216,1688,2441,2864,,716,500,472,753,423,3447
6312,716,1216,1704,2442,2864,,716,500,488,738,422,3448
6330,716,1233,1721,2459,2881,,716,517,488,738,422,3449
6289,718,1218,1707,2442,2841,,718,500,489,735,399,3448
6313,717,1217,1706,2442,2864,,717,500,489,736,422,3449
6216,718,1217,1628,2344,2753,,718,499,411,716,409,3463
6248,717,1217,1705,2420,2840,,717,500,488,715,420,3408
6312,719,1218,1706,2443,2868,,719,499,488,737,425,3444
6342,719,1218,1707,2440,2865,,719,499,489,733,425,3477
6315,720,1218,1738,2448,2867,,720,498,520,710,419,3448
6312,720,1217,1710,2444,2865,,720,497,493,734,421,3447
6313,718,1218,1706,2442,2865,,718,500,488,736,423,3448
6312,721,1216,1704,2440,2863,,721,495,488,736,423,3449
6315,747,1243,1731,2443,2866,,747,496,488,712,423,3449
6315,719,1219,1708,2444,2866,,719,500,489,736,422,3449
6218,717,1217,1627,2343,2752,,717,500,410,716,409,3466
6416,716,1244,1757,2495,2943,,716,528,513,738,448,3473
6361,745,1257,1770,2508,2917,,745,512,513,738,409,3444
6312,718,1217,1706,2419,2866,,718,499,489,713,447,3446
6313,718,1216,1705,2443,2866,,718,498,489,738,423,3447
6311,719,1219,1707,2444,2866,,719,500,488,737,422,3445
6312,748,1243,1731,2443,2865,,748,495,488,712,422,3447
6313,717,1217,1734,2445,2867,,717,500,517,711,422,3446
6312,716,1214,1703,2440,2862,,716,498,489,737,422,3450
6307,716,1212,1700,2437,2859,,716,496,488,737,422,3448
6313,717,1200,1665,2443,2864,,717,483,465,778,421,3449
6286,716,1217,1704,2442,2863,,716,501,487,738,421,3423
6310,717,1218,1706,2443,2866,,717,501,488,737,423,3444
6335,717,1246,1730,2442,2892,,717,529,484,712,450,3443
6313,718,1217,1706,2442,2865,,718,499,489,736,423,3448
6315,746,1230,1719,2442,2864,,746,484,489,723,422,3451
6311,719,1221,1706,2443,2864,,719,502,485,737,421,3447
6367,746,1231,1718,2442,2893,,746,485,487,724,451,3474
6311,716,1217,1706,2430,2864,,716,501,489,724,434,3447
6312,717,1216,1703,2442,2864,,717,499,487,739,422,3448
6342,717,1245,1709,2442,2866,,717,528,464,733,424,3476
6312,718,1217,1734,2444,2867,,718,499,517,710,423,3445
6431,715,1240,1728,2465,2916,,715,525,488,737,451,3515
6312,717,1217,1734,2445,2865,,717,500,517,711,420,3447
6312,745,1229,1717,2442,2866,,745,484,488,725,424,3446
6317,718,1215,1704,2443,2892,,718,497,489,739,449,3425
6193,718,1170,1644,2357,2751,,718,452,474,713,394,3442
6188,682,1208,1681,2432,2810,,682,526,473,751,378,3378
6190,705,1205,1676,2394,2814,,705,500,471,718,420,3376
6157,704,1205,1676,2394,2785,,704,501,471,718,391,3372
6163,707,1210,1678,2393,2788,,707,503,468,715,395,3375
5967,707,1206,1639,2265,2598,,707,499,433,626,333,3369
6218,709,1232,1703,2457,2834,,709,523,471,754,377,3384
6301,707,1206,1662,2431,2853,,707,499,456,769,422,3448
6299,706,1204,1675,2428,2849,,706,498,471,753,421,3450
6134,706,1207,1637,2331,2714,,706,501,430,694,383,3420
6189,709,1207,1678,2396,2810,,709,498,471,718,414,3379
6159,716,1206,1679,2394,2786,,716,490,473,715,392,3373
6343,708,1207,1680,2434,2850,,708,499,473,754,416,3493
6339,720,1217,1706,2442,2895,,720,497,489,736,453,3444
6277,716,1214,1732,2441,2862,,716,498,518,709,421,3415
6169,706,1205,1676,2393,2785,,706,499,471,717,392,3384
6186,706,1231,1701,2419,2813,,706,525,470,718,394,3373
6191,704,1205,1633,2331,2708,,704,501,428,698,377,3483
6343,718,1246,1730,2442,2868,,718,528,484,712,426,3475
6338,746,1230,1718,2446,2895,,746,484,488,728,449,3443
6336,717,1217,1705,2443,2895,,717,500,488,738,452,3441
6344,717,1220,1705,2442,2866,,717,503,485,737,424,3478
6338,717,1217,1705,2472,2890,,717,500,488,767,418,3448
6313,716,1217,1704,2442,2865,,716,501,487,738,423,3448
6312,716,1217,1705,2421,2865,,716,501,488,716,444,3447
6253,716,1216,1704,2441,2864,,716,500,488,737,423,3389
6312,749,1275,1760,2470,2893,,749,526,485,710,423,3419
6311,717,1216,1704,2441,2864,,717,499,488,737,423,3447
6335,716,1214,1702,2468,2887,,716,498,488,766,419,3448
6367,717,1217,1705,2442,2894,,717,500,488,737,452,3473
6343,717,1218,1707,2442,2867,,717,501,489,735,425,3476
6336,718,1216,1704,2469,2889,,718,498,488,765,420,3447
6310,744,1230,1716,2441,2863,,744,486,486,725,422,3447
6361,746,1271,1755,2467,2919,,746,525,484,712,452,3442
6201,747,1261,1714,2371,2766,,747,514,453,657,395,3435
6157,707,1206,1678,2390,2788,,707,499,472,712,398,3369
6190,707,1231,1702,2457,2813,,707,524,471,755,356,3377
6265,706,1207,1677,2409,2810,,706,501,470,732,401,3455
6312,716,1245,1729,2441,2864,,716,529,484,712,423,3448
6311,717,1216,1704,2442,2864,,717,499,488,738,422,3447
6342,717,1217,1705,2442,2865,,717,500,488,737,423,3477
6132,672,1158,1642,2330,2725,,672,486,484,688,395,3407
6192,707,1206,1678,2394,2812,,707,499,472,716,418,3380
6159,707,1206,1676,2392,2789,,707,499,470,716,397,3370
6160,707,1207,1680,2390,2790,,707,500,473,710,400,3370
5959,708,1207,1638,2266,2598,,708,499,431,628,332,3361
6186,707,1232,1704,2420,2811,,707,525,472,716,391,3375
6191,706,1206,1635,2308,2723,,706,500,429,673,415,3468
6341,715,1216,1732,2441,2863,,715,501,516,709,422,3478
6312,717,1220,1692,2390,2864,,717,503,472,698,474,3448
6313,717,1216,1704,2441,2863,,717,499,488,737,422,3450
6200,716,1161,1643,2355,2748,,716,445,482,712,393,3452
6250,706,1207,1679,2388,2810,,706,501,472,709,422,3440
6310,717,1218,1731,2440,2863,,717,501,513,709,423,3447
6343,716,1246,1709,2417,2864,,716,530,463,708,447,3479
6312,716,1215,1733,2443,2864,,716,499,518,710,421,3448
6289,726,1252,1738,2486,2888,,726,526,486,748,402,3401
6313,717,1216,1734,2442,2866,,717,499,518,708,424,3447
6312,717,1216,1703,2442,2864,,717,499,487,739,422,3448
6362,745,1230,1746,2496,2896,,745,485,516,750,400,3466
6390,717,1217,1704,2470,2891,,717,500,487,766,421,3499
6300,745,1196,1676,2431,2853,,745,451,480,755,422,3447
6190,707,1209,1680,2396,2810,,707,502,471,716,414,3380
6157,708,1206,1678,2392,2787,,708,498,472,714,395,3370
6159,708,1207,1679,2389,2791,,708,499,472,710,402,3368
5961,704,1207,1636,2264,2599,,704,503,429,628,335,3362
6258,707,1233,1705,2458,2877,,707,526,472,753,419,3381
6362,745,1229,1746,2466,2918,,745,484,517,720,452,3444
6311,716,1214,1703,2439,2862,,716,498,489,736,423,3449
6334,716,1245,1757,2467,2889,,716,529,512,710,422,3445
6309,716,1214,1703,2442,2862,,716,498,489,739,420,3447
6175,703,1201,1618,2330,2725,,703,498,417,712,395,3450
6191,706,1206,1677,2394,2808,,706,500,471,717,414,3383
6158,706,1208,1679,2390,2788,,706,502,471,711,398,3370
6160,709,1208,1680,2390,2788,,709,499,472,710,398,3372
5962,707,1205,1635,2266,2598,,707,498,430,631,332,3364
6182,708,1207,1679,2394,2786,,708,499,472,715,392,3396
6301,708,1208,1679,2389,2851,,708,500,471,710,462,3450
6311,748,1245,1728,2440,2862,,748,497,483,712,422,3449
6312,717,1216,1704,2443,2864,,717,499,488,739,421,3448
6341,717,1247,1731,2441,2864,,717,530,484,710,423,3477
6300,716,1215,1652,2431,2854,,716,499,437,779,423,3446
5963,706,1206,1636,2268,2597,,706,500,430,632,329,3366
6158,706,1206,1703,2389,2787,,706,500,497,686,398,3371
6162,706,1206,1677,2391,2786,,706,500,471,714,395,3376
5963,706,1208,1637,2265,2596,,706,502,429,628,331,3367
6258,708,1232,1705,2459,2877,,708,524,473,754,418,3381
6274,707,1206,1679,2433,2851,,707,499,473,754,418,3423
6274,706,1206,1678,2430,2850,,706,500,472,752,420,3424
6185,706,1206,1678,2430,2810,,706,500,472,752,380,3375
6190,705,1204,1676,2396,2809,,705,499,472,720,413,3381
6160,707,1207,1680,2397,2788,,707,500,473,717,391,3372
6163,707,1206,1679,2395,2787,,707,499,473,716,392,3376
6157,708,1205,1678,2389,2787,,708,497,473,711,398,3370
6160,707,1206,1677,2389,2785,,707,499,471,712,396,3375
5958,707,1206,1637,2263,2587,,707,499,431,626,324,3371
6235,714,1231,1704,2456,2877,,714,517,473,752,421,3358
6299,708,1207,1679,2432,2855,,708,499,472,753,423,3444
6278,710,1208,1681,2433,2852,,710,498,473,752,419,3426
6186,710,1207,1679,2431,2809,,710,497,472,752,378,3377
6163,707,1206,1679,2395,2787,,707,499,473,716,392,3376
5984,707,1207,1637,2293,2627,,707,500,430,656,334,3357
6177,707,1207,1678,2391,2788,,707,500,471,713,397,3389
5940,697,1164,1618,2249,2582,,697,467,454,631,333,3358
6225,706,1205,1674,2388,2788,,706,499,469,714,400,3437
6160,706,1206,1678,2393,2789,,706,500,472,715,396,3371
6261,706,1203,1677,2384,2879,,706,497,474,707,495,3382
6293,706,1207,1678,2432,2831,,706,501,471,754,399,3462
6342,716,1217,1705,2442,2865,,716,501,488,737,423,3477
6263,717,1217,1704,2425,2799,,717,500,487,721,374,3464
6255,717,1216,1704,2441,2863,,717,499,488,737,422,3392
6311,716,1216,1703,2443,2863,,716,500,487,740,420,3448
6312,718,1218,1705,2443,2865,,718,500,487,738,422,3447
6313,717,1217,1705,2442,2864,,717,500,488,737,422,3449
6240,719,1219,1707,2444,2789,,719,500,488,737,345,3451
6313,717,1217,1705,2441,2865,,717,500,488,736,424,3448
6340,720,1195,1681,2445,2867,,720,475,486,764,422,3473
6314,719,1250,1734,2443,2867,,719,531,484,709,424,3447
6344,719,1219,1707,2444,2865,,719,500,488,737,421,3479
6316,722,1220,1707,2444,2867,,722,498,487,737,423,3449
6309,719,1218,1706,2443,2866,,719,499,488,737,423,3443
6165,720,1218,1628,2319,2729,,720,498,410,691,410,3436
6285,748,1244,1732,2444,2865,,748,496,488,712,421,3420
6211,710,1233,1707,2459,2840,,710,523,474,752,381,3371
6159,705,1205,1676,2389,2786,,705,500,471,713,397,3373
5983,705,1232,1660,2291,2622,,705,527,428,631,331,3361
6041,701,1189,1661,2362,2686,,701,488,472,701,324,3355
6167,710,1207,1679,2433,2810,,710,497,472,754,377,3357
6394,707,1165,1657,2398,2898,,707,458,492,741,500,3496
6314,719,1218,1706,2443,2866,,719,499,488,737,423,3448
6339,719,1217,1734,2472,2890,,719,498,517,738,418,3449
6315,748,1272,1736,2443,2866,,748,524,464,707,423,3449
6309,720,1217,1705,2442,2865,,720,497,488,737,423,3444
6310,716,1213,1703,2440,2861,,716,497,490,737,421,3449
6335,716,1240,1728,2448,2888,,716,524,488,720,440,3447
6261,717,1216,1705,2442,2843,,717,499,489,737,401,3418
6364,747,1222,1710,2471,2892,,747,475,488,761,421,3472
6398,754,1249,1766,2475,2926,,754,495,517,709,451,3472
6391,717,1245,1760,2469,2918,,717,528,515,709,449,3473
6313,718,1217,1706,2442,2864,,718,499,489,736,422,3449
6312,717,1218,1734,2444,2865,,717,501,516,710,421,3447
6319,718,1247,1711,2442,2837,,718,529,464,731,395,3482
6333,716,1215,1704,2468,2888,,716,499,489,764,420,3445
6340,747,1272,1759,2468,2885,,747,525,487,709,417,3455
6365,717,1269,1753,2444,2890,,717,552,484,691,446,3475
6247,717,1217,1706,2442,2844,,717,500,489,736,402,3403
6396,726,1250,1724,2504,2923,,726,524,474,780,419,3473
6396,754,1277,1765,2506,2954,,754,523,488,741,448,3442
6342,718,1217,1705,2442,2865,,718,499,488,737,423,3477
6050,746,1198,1617,2277,2620,,746,452,419,660,343,3430
6186,708,1207,1678,2433,2811,,708,499,471,755,378,3375
6165,707,1207,1679,2395,2788,,707,500,472,716,393,3377
6165,705,1206,1680,2394,2786,,705,501,474,714,392,3379
6159,706,1206,1678,2395,2787,,706,500,472,717,392,3372
6162,705,1206,1676,2391,2786,,705,501,470,715,395,3376
5985,706,1232,1660,2290,2623,,706,526,428,630,333,3362
6183,702,1146,1583,2287,2689,,702,444,437,704,402,3494
6314,707,1219,1692,2444,2866,,707,512,473,752,422,3448
6013,707,1209,1640,2290,2646,,707,502,431,650,356,3367
6252,707,1206,1678,2391,2810,,707,499,472,713,419,3442
6313,717,1217,1704,2444,2865,,717,500,487,740,421,3448
6251,719,1246,1760,2449,2825,,719,527,514,689,376,3426
6192,707,1210,1681,2433,2811,,707,503,471,752,378,3381
6163,707,1208,1680,2397,2788,,707,501,472,717,391,3375
5962,708,1209,1635,2266,2599,,708,501,426,631,333,3363
5986,708,1232,1661,2291,2625,,708,524,429,630,334,3361
6090,700,1187,1683,2387,2710,,700,487,496,704,323,3380
6278,707,1207,1680,2433,2853,,707,500,473,753,420,3425
6188,706,1206,1703,2433,2812,,706,500,497,730,379,3376
6157,707,1206,1678,2395,2787,,707,499,472,717,392,3370
6160,708,1207,1679,2396,2789,,708,499,472,717,393,3371
6163,706,1207,1678,2396,2788,,706,501,471,718,392,3375
6164,708,1209,1682,2395,2786,,708,501,473,713,391,3378
6160,707,1207,1681,2397,2788,,707,500,474,716,391,3372
6186,708,1232,1706,2415,2814,,708,524,474,709,399,3372
6009,707,1231,1661,2315,2650,,707,524,430,654,335,3359
6023,706,1207,1637,2268,2597,,706,501,430,631,329,3426
6263,708,1210,1682,2434,2852,,708,502,472,752,418,3411
6152,709,1207,1681,2392,2802,,709,498,474,711,410,3350
6159,708,1207,1678,2396,2787,,708,499,471,718,391,3372
6184,704,1231,1703,2420,2811,,704,527,472,717,391,3373
6164,708,1210,1682,2396,2789,,708,502,472,714,393,3375
6164,706,1206,1679,2396,2787,,706,500,473,717,391,3377
6159,709,1208,1680,2397,2788,,709,499,472,717,391,3371
6194,708,1209,1684,2392,2795,,708,501,475,708,403,3399
6009,707,1232,1665,2290,2623,,707,525,433,625,333,3386
6284,709,1233,1705,2460,2878,,709,524,472,755,418,3406
6300,695,1206,1678,2431,2855,,695,511,472,753,424,3445
6188,707,1206,1678,2434,2810,,707,499,472,756,376,3378
6158,709,1209,1680,2396,2787,,709,500,471,716,391,3371
6197,716,1240,1711,2429,2821,,716,524,471,718,392,3376
6163,711,1208,1681,2396,2789,,711,497,473,715,393,3374
6164,709,1208,1681,2395,2788,,709,499,473,714,393,3376
6160,707,1209,1681,2398,2789,,707,502,472,717,391,3371
6025,705,1195,1666,2326,2664,,705,490,471,660,338,3361
5983,709,1232,1663,2291,2623,,709,523,431,628,332,3360
5882,644,1131,1601,2222,2543,,644,487,470,621,321,3339
6304,710,1209,1682,2434,2856,,710,499,473,752,422,3448
6162,707,1208,1679,2407,2810,,707,501,471,728,403,3352
6159,707,1208,1681,2395,2788,,707,501,473,714,393,3371
6192,717,1241,1714,2430,2819,,717,524,473,716,389,3373
6164,708,1209,1681,2393,2790,,708,501,472,712,397,3374
6164,709,1207,1679,2395,2789,,709,498,472,716,394,3375
6158,706,1206,1677,2395,2787,,706,500,471,718,392,3371
6165,709,1209,1680,2392,2788,,709,500,471,712,396,3377
5959,707,1206,1638,2265,2597,,707,499,432,627,332,3362
6204,712,1238,1662,2362,2731,,712,526,424,700,369,3473
6278,711,1212,1684,2434,2853,,711,501,472,750,419,3425
6191,709,1208,1680,2434,2811,,709,499,472,754,377,3380
6164,708,1208,1679,2395,2788,,708,500,471,716,393,3376
6044,705,1193,1666,2328,2663,,705,488,473,662,335,3381
6164,709,1208,1682,2397,2789,,709,499,474,715,392,3375
6167,709,1208,1681,2396,2788,,709,499,473,715,392,3379
6160,708,1210,1684,2396,2788,,708,502,474,712,392,3372
6162,706,1206,1678,2390,2787,,706,500,472,712,397,3375
5984,707,1232,1661,2292,2625,,707,525,429,631,333,3359
6306,713,1236,1708,2463,2867,,713,523,472,755,404,3439
6115,709,1187,1671,2382,2772,,709,478,484,711,390,3343
6187,708,1209,1682,2435,2811,,708,501,473,753,376,3376
6157,707,1206,1677,2394,2787,,707,499,471,717,393,3370
6390,717,1214,1731,2469,2916,,717,497,517,738,447,3474
6345,718,1218,1735,2444,2866,,718,500,517,709,422,3479
6312,719,1218,1735,2445,2868,,719,499,517,710,423,3444
6339,720,1217,1708,2471,2891,,720,497,491,763,420,3448
6163,706,1185,1657,2358,2753,,706,479,472,701,395,3410
5962,707,1206,1635,2265,2598,,707,499,429,630,333,3364
6282,710,1239,1710,2463,2884,,710,529,471,753,421,3398
6327,708,1234,1706,2459,2878,,708,526,472,753,419,3449
6178,708,1207,1704,2444,2803,,708,499,497,740,359,3375
6159,708,1209,1682,2397,2791,,708,501,473,715,394,3368
6160,709,1208,1680,2397,2790,,709,499,472,717,393,3370
6161,708,1208,1680,2395,2787,,708,500,472,715,392,3374
6165,710,1209,1679,2397,2788,,710,499,470,718,391,3377
6161,709,1209,1681,2397,2790,,709,500,472,716,393,3371
6161,710,1208,1681,2393,2790,,710,498,473,712,397,3371
6007,707,1230,1660,2291,2622,,707,523,430,631,331,3385
6218,709,1250,1722,2459,2878,,709,541,472,737,419,3340
5871,698,1165,1558,2155,2451,,698,467,393,597,296,3420
6391,717,1245,1758,2498,2915,,717,528,513,740,417,3476
6339,717,1217,1734,2474,2889,,717,500,517,740,415,3450
6314,718,1218,1734,2445,2865,,718,500,516,711,420,3449
6316,720,1220,1736,2444,2867,,720,500,516,708,423,3449
6339,744,1228,1716,2440,2863,,744,484,488,724,423,3476
6394,720,1273,1785,2496,2916,,720,553,512,711,420,3478
6340,719,1218,1706,2443,2895,,719,499,488,737,452,3445
6290,718,1219,1705,2443,2865,,718,501,486,738,422,3425
6206,712,1185,1659,2363,2782,,712,473,474,704,419,3424
6173,702,1193,1665,2368,2759,,702,491,472,703,391,3414
6344,747,1243,1731,2443,2866,,747,496,488,712,423,3478
6315,719,1203,1670,2444,2866,,719,484,467,774,422,3449
6365,748,1233,1748,2469,2921,,748,485,515,721,452,3444
6343,746,1233,1719,2443,2865,,746,487,486,724,422,3478
6295,716,1217,1705,2427,2830,,716,501,488,722,403,3465
6365,744,1241,1757,2466,2889,,744,497,516,709,423,3476
6364,725,1220,1706,2474,2921,,725,495,486,768,447,3443
6367,719,1247,1733,2471,2891,,719,528,486,738,420,3476
6292,705,1199,1678,2420,2816,,705,494,479,742,396,3476
6226,720,1229,1680,2384,2804,,720,509,451,704,420,3422
6187,708,1208,1679,2432,2811,,708,500,471,753,379,3376
6166,708,1208,1705,2393,2809,,708,500,497,688,416,3357
6367,687,1219,1737,2446,2895,,687,532,518,709,449,3472
6343,718,1218,1706,2443,2867,,718,500,488,737,424,3476
6340,717,1217,1735,2444,2865,,717,500,518,709,421,3475
6404,740,1255,1772,2510,2927,,740,515,517,738,417,3477
6260,672,1205,1676,2430,2853,,672,533,471,754,423,3407
5960,707,1208,1638,2265,2599,,707,501,430,627,334,3361
6251,707,1232,1665,2382,2802,,707,525,433,717,420,3449
5997,700,1165,1639,2340,2663,,700,465,474,701,323,3334
6188,708,1208,1679,2434,2812,,708,500,471,755,378,3376
6161,711,1208,1682,2395,2788,,711,497,474,713,393,3373
6158,704,1205,1676,2393,2785,,704,501,471,717,392,3373
6162,707,1208,1679,2395,2788,,707,501,471,716,393,3374
6164,707,1206,1677,2395,2788,,707,499,471,718,393,3376
6159,707,1208,1681,2393,2788,,707,501,473,712,395,3371
5986,710,1232,1661,2296,2625,,710,522,429,635,329,3361
6136,707,1233,1686,2392,2725,,707,526,453,706,333,3411
6025,705,1206,1633,2271,2598,,705,501,427,638,327,3427
5883,661,1140,1637,2265,2557,,661,479,497,628,292,3326
6189,707,1207,1678,2433,2809,,707,500,471,755,376,3380
6009,709,1167,1645,2293,2626,,709,458,478,648,333,3383
6189,709,1208,1681,2434,2813,,709,499,473,753,379,3376
6196,715,1239,1711,2427,2821,,715,524,472,716,394,3375
6166,708,1209,1681,2401,2789,,708,501,472,720,388,3377
6160,707,1206,1677,2396,2787,,707,499,471,719,391,3373
6163,707,1207,1680,2390,2788,,707,500,473,710,398,3375
6019,705,1230,1659,2289,2624,,705,525,429,630,335,3395
6326,709,1233,1706,2458,2882,,709,524,473,752,424,3444
6041,672,1140,1612,2315,2682,,672,468,472,703,367,3359
6338,717,1242,1730,2442,2890,,717,525,488,712,448,3448
6344,717,1219,1734,2443,2865,,717,502,515,709,422,3479
6239,718,1193,1682,2443,2866,,718,475,489,761,423,3373
6338,722,1248,1734,2473,2893,,722,526,486,739,420,3445
6307,720,1217,1735,2445,2866,,720,497,518,710,421,3441
6342,718,1218,1705,2443,2865,,718,500,487,738,422,3477
6315,719,1222,1736,2446,2866,,719,503,514,710,420,3449
6259,719,1218,1706,2444,2865,,719,499,488,738,421,3394
6251,718,1218,1677,2379,2806,,718,500,459,702,427,3445
6082,698,1168,1639,2344,2645,,698,470,471,705,301,3437
6313,718,1218,1705,2442,2866,,718,500,487,737,424,3447
6314,718,1218,1706,2443,2866,,718,500,488,737,423,3448
6292,719,1219,1706,2444,2866,,719,500,487,738,422,3426
6314,720,1220,1708,2445,2867,,720,500,488,737,422,3447
6312,716,1215,1703,2443,2863,,716,499,488,740,420,3449
6245,721,1219,1709,2426,2839,,721,498,490,717,413,3406
6313,746,1243,1754,2467,2866,,746,497,511,713,399,3447
6315,718,1218,1707,2422,2866,,718,500,489,715,444,3449
6077,719,1198,1643,2304,2628,,719,479,445,661,324,3449
6167,749,1215,1698,2391,2737,,749,466,483,693,346,3430
6235,709,1208,1684,2434,2852,,709,499,476,750,418,3383
6162,709,1209,1680,2395,2788,,709,500,471,715,393,3374
6085,709,1167,1646,2332,2710,,709,458,479,686,378,3375
6197,716,1240,1711,2431,2823,,716,524,471,720,392,3374
6162,709,1210,1681,2399,2791,,709,501,471,718,392,3371
6221,729,1243,1718,2441,2845,,729,514,475,723,404,3376
6087,707,1190,1671,2340,2699,,707,483,481,669,359,3388
5984,708,1233,1663,2292,2622,,708,525,430,629,330,3362
6076,654,1078,1551,2257,2649,,654,424,473,706,392,3427
6037,646,1058,1527,2231,2622,,646,412,469,704,391,3415
6316,719,1219,1708,2444,2870,,719,500,489,736,426,3446
6315,719,1218,1706,2443,2867,,719,499,488,737,424,3448
6316,719,1219,1707,2445,2868,,719,500,488,738,423,3448
6337,719,1219,1707,2475,2893,,719,500,488,768,418,3444
6313,720,1220,1708,2446,2869,,720,500,488,738,423,3444
6316,724,1219,1707,2444,2867,,724,495,488,737,423,3449
6178,707,1169,1646,2333,2733,,707,462,477,687,400,3445
6160,707,1208,1679,2389,2789,,707,501,471,710,400,3371
6202,710,1196,1672,2360,2754,,710,486,476,688,394,3448
6077,652,1067,1548,2259,2650,,652,415,481,711,391,3427
6191,710,1209,1681,2397,2810,,710,499,472,716,413,3381
6157,706,1207,1678,2393,2787,,706,501,471,715,394,3370
6316,707,1208,1670,2445,2868,,707,501,462,775,423,3448
6313,719,1219,1707,2445,2867,,719,500,488,738,422,3446
6291,719,1219,1707,2444,2866,,719,500,488,737,422,3425
6175,705,1194,1668,2369,2790,,705,489,474,701,421,3385
6156,707,1206,1680,2391,2785,,707,499,474,711,394,3371
5989,709,1234,1661,2292,2624,,709,525,427,631,332,3365
6201,709,1196,1607,2308,2699,,709,487,411,701,391,3502
6013,650,1067,1523,2233,2649,,650,417,456,710,416,3364
6305,707,1208,1705,2433,2853,,707,501,497,728,420,3452
6059,708,1165,1604,2265,2666,,708,457,439,661,401,3393
6240,708,1207,1635,2348,2782,,708,499,428,713,434,3458
6281,716,1242,1726,2464,2887,,716,526,484,738,423,3394
6187,709,1210,1682,2409,2812,,709,501,472,727,403,3375
6010,708,1185,1657,2315,2650,,708,477,472,658,335,3360
6161,710,1211,1682,2392,2789,,710,501,471,710,397,3372
5959,710,1209,1642,2267,2601,,710,499,433,625,334,3358
6176,709,1234,1665,2359,2749,,709,525,431,694,390,3427
5863,646,1041,1453,2120,2477,,646,395,412,667,357,3386
6165,708,1208,1680,2391,2790,,708,500,472,711,399,3375
6204,721,1222,1632,2334,2767,,721,501,410,702,433,3437
6216,708,1208,1636,2346,2756,,708,500,428,710,410,3460
6314,720,1218,1706,2443,2865,,720,498,488,737,422,3449
6289,719,1218,1707,2444,2845,,719,499,489,737,401,3444
6177,707,1165,1644,2357,2751,,707,458,479,713,394,3426
6188,708,1211,1684,2395,2810,,708,503,473,711,415,3378
5962,708,1209,1640,2267,2602,,708,501,431,627,335,3360
6176,710,1237,1668,2329,2707,,710,527,431,661,378,3469
6050,648,1091,1505,2207,2622,,648,443,414,702,415,3428
6211,709,1207,1679,2432,2810,,709,498,472,753,378,3401
6192,671,1167,1605,2263,2670,,671,496,438,658,407,3522
6312,720,1218,1706,2443,2866,,720,498,488,737,423,3446
6314,718,1218,1705,2444,2866,,718,500,487,739,422,3448
6312,718,1218,1707,2443,2866,,718,500,489,736,423,3446
6315,706,1218,1692,2443,2866,,706,512,474,751,423,3449
6313,718,1217,1695,2444,2867,,718,499,478,749,423,3446
6312,718,1217,1705,2444,2867,,718,499,488,739,423,3445
6285,716,1215,1703,2441,2842,,716,499,488,738,401,3443
6137,743,1190,1607,2319,2732,,743,447,417,712,413,3405
6276,707,1209,1680,2433,2851,,707,502,471,753,418,3425
6237,709,1210,1682,2433,2854,,709,501,472,751,421,3383
5961,704,1192,1622,2233,2583,,704,488,430,611,350,3378
6188,709,1211,1682,2439,2812,,709,502,471,757,373,3376
6161,707,1206,1677,2395,2787,,707,499,471,718,392,3374
5960,678,1166,1604,2268,2599,,678,488,438,664,331,3361
6163,709,1207,1682,2393,2789,,709,498,475,711,396,3374
5958,709,1209,1642,2268,2600,,709,500,433,626,332,3358
6127,711,1235,1664,2295,2692,,711,524,429,631,397,3435
6076,665,1146,1553,2258,2649,,665,481,407,705,391,3427
6277,709,1209,1682,2433,2853,,709,500,473,751,420,3424
6097,709,1210,1639,2316,2676,,709,501,429,677,360,3421
5909,710,1167,1582,2217,2558,,710,457,415,635,341,3351
5737,636,1045,1441,2070,2388,,636,409,396,629,318,3349
5721,623,1022,1419,2047,2389,,623,399,397,628,342,3332
5740,643,1051,1448,2074,2393,,643,408,397,626,319,3347
5964,696,1185,1615,2275,2606,,696,489,430,660,331,3358
6190,708,1208,1681,2390,2790,,708,500,473,709,400,3400
6313,718,1218,1706,2429,2867,,718,500,488,723,438,3446
6215,703,1173,1638,2345,2754,,703,470,465,707,409,3461
6313,717,1217,1705,2443,2866,,717,500,488,738,423,3447
6315,722,1218,1707,2412,2866,,722,496,489,705,454,3449
6320,718,1217,1707,2444,2865,,718,499,490,737,421,3455
6313,719,1218,1706,2443,2865,,719,499,488,737,422,3448
6313,718,1217,1705,2443,2865,,718,499,488,738,422,3448
6240,719,1198,1657,2372,2780,,719,479,459,715,408,3460
6169,718,1181,1621,2307,2727,,718,463,440,686,420,3442
6188,708,1209,1681,2397,2810,,708,501,472,716,413,3378
6148,710,1233,1661,2294,2691,,710,523,428,633,397,3457
6076,720,1163,1592,2214,2632,,720,443,429,622,418,3444
6279,711,1210,1683,2433,2854,,711,499,473,750,421,3425
6235,708,1208,1679,2433,2853,,708,500,471,754,420,3382
6187,708,1208,1679,2396,2814,,708,500,471,717,418,3373
6188,708,1207,1679,2433,2816,,708,499,472,754,383,3372
6187,707,1207,1679,2395,2810,,707,500,472,716,415,3377
6159,706,1210,1682,2402,2788,,706,504,472,720,386,3371
6166,710,1210,1680,2394,2791,,710,500,470,714,397,3375
6159,708,1210,1681,2389,2788,,708,502,471,708,399,3371
5951,708,1208,1639,2271,2599,,708,500,431,632,328,3352
6268,723,1236,1719,2472,2881,,723,513,483,753,409,3387
6280,709,1210,1681,2435,2854,,709,501,471,754,419,3426
5911,709,1209,1642,2279,2574,,709,500,433,637,295,3337
6184,708,1208,1680,2433,2815,,708,500,472,753,382,3369
6190,709,1208,1679,2434,2813,,709,499,471,755,379,3377
6189,708,1208,1679,2397,2810,,708,500,471,718,413,3379
6160,708,1208,1679,2395,2791,,708,500,471,716,396,3369
6161,708,1208,1681,2393,2789,,708,500,473,712,396,3372
6161,710,1208,1681,2392,2790,,710,498,473,711,398,3371
5959,709,1209,1637,2266,2599,,709,500,428,629,333,3360
6005,697,1186,1662,2310,2633,,697,489,476,648,323,3372
6277,710,1209,1681,2434,2854,,710,499,472,753,420,3423
6302,708,1210,1682,2435,2852,,708,502,472,753,417,3450
6189,711,1207,1638,2308,2658,,711,496,431,670,350,3531
6314,720,1188,1680,2444,2866,,720,468,492,764,422,3448
6262,717,1218,1706,2418,2865,,717,501,488,712,447,3397
6112,709,1207,1684,2365,2723,,709,498,477,681,358,3389
6166,709,1209,1682,2372,2790,,709,500,473,690,418,3376
6161,709,1210,1682,2392,2789,,709,501,472,710,397,3372
5998,710,1209,1638,2268,2601,,710,499,429,630,333,3397
6191,709,1234,1705,2419,2814,,709,525,471,714,395,3377
6277,710,1209,1704,2435,2855,,710,499,495,731,420,3422
5885,708,1208,1638,2254,2549,,708,500,430,616,295,3336
6266,710,1208,1681,2395,2814,,710,498,473,714,419,3452
6314,719,1221,1706,2444,2867,,719,502,485,738,423,3447
6315,720,1219,1708,2446,2867,,720,499,489,738,421,3448
6175,719,1197,1656,2328,2690,,719,478,459,672,362,3485
6186,709,1209,1680,2404,2812,,709,500,471,724,408,3374
6161,707,1208,1679,2391,2790,,707,501,471,712,399,3371
5963,708,1208,1640,2267,2600,,708,500,432,627,333,3363
6190,709,1236,1708,2423,2814,,709,527,472,715,391,3376
6278,708,1208,1679,2434,2853,,708,500,471,755,419,3425
6236,709,1209,1681,2433,2853,,709,500,472,752,420,3383
6277,708,1208,1681,2391,2833,,708,500,473,710,442,3444
6313,720,1220,1706,2443,2866,,720,500,486,737,423,3447
6315,720,1220,1708,2444,2867,,720,500,488,736,423,3448
6176,718,1199,1642,2304,2690,,718,481,443,662,386,3486
6154,708,1209,1682,2430,2804,,708,501,473,748,374,3350
6162,709,1208,1680,2393,2789,,709,499,472,713,396,3373
5963,707,1208,1639,2267,2600,,707,501,431,628,333,3363
6187,710,1235,1708,2420,2815,,710,525,473,712,395,3372
6276,708,1207,1677,2433,2855,,708,499,470,756,422,3421
6164,708,1208,1635,2311,2678,,708,500,427,676,367,3486
6315,719,1220,1707,2445,2870,,719,501,487,738,425,3445
6315,719,1220,1695,2445,2867,,719,501,475,750,422,3448
6314,718,1219,1706,2444,2866,,718,501,487,738,422,3448
6255,718,1203,1671,2413,2814,,718,485,468,742,401,3441
6251,708,1209,1679,2396,2812,,708,501,470,717,416,3439
6188,711,1234,1689,2417,2815,,711,523,455,728,398,3373
6145,707,1232,1703,2401,2777,,707,525,471,698,376,3368
6177,709,1246,1713,2430,2829,,709,537,467,717,399,3348
6280,709,1209,1682,2434,2855,,709,500,473,752,421,3425
6277,709,1208,1678,2434,2854,,709,499,470,756,420,3423
6214,708,1209,1680,2434,2813,,708,501,471,754,379,3401
6215,709,1209,1636,2344,2755,,709,500,427,708,411,3460
6305,717,1216,1703,2440,2862,,717,499,487,737,422,3443
6254,720,1219,1708,2409,2803,,720,499,489,701,394,3451
6188,709,1210,1682,2397,2812,,709,501,472,715,415,3376
6168,709,1208,1680,2392,2789,,709,499,472,712,397,3379
5986,709,1210,1640,2267,2601,,709,501,430,627,334,3385
6187,710,1237,1709,2417,2823,,710,527,472,708,406,3364
6302,707,1207,1679,2431,2851,,707,500,472,752,420,3451
6237,710,1212,1684,2435,2854,,710,502,472,751,419,3383
6212,688,1209,1681,2396,2815,,688,521,472,715,419,3397
6056,709,1168,1575,2281,2652,,709,459,407,706,371,3404
6314,719,1219,1708,2444,2867,,719,500,489,736,423,3447
6264,720,1220,1687,2421,2843,,720,500,467,734,422,3421
6264,720,1220,1689,2445,2847,,720,500,469,756,402,3417
6249,722,1220,1708,2446,2846,,722,498,488,738,400,3403
6289,720,1219,1708,2444,2843,,720,499,489,736,399,3446
6315,720,1220,1687,2445,2851,,720,500,467,758,406,3464
6313,718,1218,1707,2444,2868,,718,500,489,737,424,3445
6314,720,1218,1706,2443,2865,,720,498,488,737,422,3449
6324,719,1219,1707,2474,2892,,719,500,488,767,418,3432
6315,720,1220,1708,2444,2867,,720,500,488,736,423,3448
6340,720,1244,1732,2469,2892,,720,524,488,737,423,3448
6264,721,1221,1708,2424,2844,,721,500,487,716,420,3420
6254,722,1221,1710,2425,2837,,722,499,489,715,412,3417
6195,710,1209,1681,2398,2814,,710,499,472,717,416,3381
5983,709,1209,1638,2268,2603,,709,500,429,630,335,3380
6224,711,1235,1709,2460,2852,,711,524,474,751,392,3372
6280,709,1209,1682,2433,2854,,709,500,473,751,421,3426
6276,709,1208,1679,2434,2854,,709,499,471,755,420,3422
6191,710,1208,1705,2433,2811,,710,498,497,728,378,3380
6113,710,1167,1648,2358,2738,,710,457,481,710,380,3375
6187,710,1234,1706,2418,2816,,710,524,472,712,398,3371
6191,709,1208,1638,2311,2682,,709,499,430,673,371,3509
6248,715,1215,1703,2426,2809,,715,500,488,723,383,3439
6189,710,1210,1680,2398,2812,,710,500,470,718,414,3377
5983,707,1208,1638,2267,2601,,707,501,430,629,334,3382
6230,709,1234,1731,2461,2879,,709,525,497,730,418,3351
6304,708,1208,1679,2435,2854,,708,500,471,756,419,3450
6235,709,1209,1680,2439,2853,,709,500,471,759,414,3382
6191,708,1208,1705,2390,2809,,708,500,497,685,419,3382
6186,708,1211,1683,2404,2811,,708,503,472,721,407,3375
6162,709,1210,1682,2392,2790,,709,501,472,710,398,3372
6177,708,1233,1665,2335,2731,,708,525,432,670,396,3446
6250,746,1258,1769,2457,2807,,746,512,511,688,350,3443
6262,710,1209,1681,2410,2855,,710,499,472,729,445,3407
6025,708,1209,1638,2267,2614,,708,501,429,629,347,3411
6267,716,1236,1725,2441,2844,,716,520,489,716,403,3423
6278,709,1210,1681,2434,2853,,709,501,471,753,419,3425
6303,709,1209,1681,2434,2853,,709,500,472,753,419,3450
6215,709,1209,1681,2435,2814,,709,500,472,754,379,3401
6242,712,1212,1659,2372,2782,,712,500,447,713,410,3460
6353,727,1248,1740,2453,2899,,727,521,492,713,446,3454
6316,720,1221,1709,2445,2868,,720,501,488,736,423,3448
6253,720,1220,1709,2424,2808,,720,500,489,715,384,3445
6189,709,1210,1682,2398,2810,,709,501,472,716,412,3379
5963,711,1209,1639,2267,2602,,711,498,430,628,335,3361
6290,709,1234,1705,2459,2878,,709,525,471,754,419,3412
6279,710,1209,1681,2435,2853,,710,499,472,754,418,3426
6304,709,1210,1681,2436,2853,,709,501,471,755,417,3451
6190,710,1210,1682,2437,2815,,710,500,472,755,378,3375
6010,706,1206,1636,2289,2650,,706,500,430,653,361,3360
6186,708,1207,1680,2396,2812,,708,499,473,716,416,3374
6166,709,1208,1679,2394,2789,,709,499,471,715,395,3377
6167,709,1209,1681,2393,2791,,709,500,472,712,398,3376
6162,709,1209,1682,2394,2790,,709,500,473,712,396,3372
5956,705,1204,1632,2263,2595,,705,499,428,631,332,3361
6267,711,1236,1709,2461,2881,,711,525,473,752,420,3386
6260,711,1208,1680,2434,2852,,711,497,472,754,418,3408
6260,709,1210,1683,2435,2853,,709,501,473,752,418,3407
6193,711,1209,1686,2434,2812,,711,498,477,748,378,3381
6058,708,1209,1638,2291,2637,,708,501,429,653,346,3421
6355,726,1252,1739,2476,2898,,726,526,487,737,422,3457
6340,750,1274,1759,2469,2892,,750,524,485,710,423,3448
6290,749,1244,1733,2424,2844,,749,495,489,691,420,3446
6317,719,1221,1708,2444,2867,,719,502,487,736,423,3450
6294,719,1219,1708,2419,2867,,719,500,489,711,448,3427
6341,720,1220,1707,2445,2867,,720,500,487,738,422,3474
6317,720,1220,1709,2447,2868,,720,500,489,738,421,3449
6342,720,1220,1708,2447,2898,,720,500,488,739,451,3444
6315,720,1220,1707,2445,2867,,720,500,487,738,422,3448
6277,719,1219,1707,2445,2855,,719,500,488,738,410,3422
6189,710,1210,1681,2434,2812,,710,500,471,753,378,3377
6166,710,1209,1681,2392,2790,,710,499,472,711,398,3376
5960,705,1207,1638,2268,2596,,705,502,431,630,328,3364
6303,711,1236,1708,2460,2880,,711,525,472,752,420,3423
6186,664,1207,1678,2395,2808,,664,543,471,717,413,3378
6217,709,1235,1707,2460,2839,,709,526,472,753,379,3378
6279,708,1209,1680,2435,2853,,708,501,471,755,418,3426
6278,709,1209,1682,2435,2853,,709,500,473,753,418,3425
6192,711,1211,1684,2436,2813,,711,500,473,752,377,3379
6166,711,1209,1682,2397,2790,,711,498,473,715,393,3376
6073,706,1193,1665,2326,2687,,706,487,472,661,361,3386
5966,710,1209,1638,2269,2601,,710,499,429,631,332,3365
6165,710,1210,1682,2393,2794,,710,500,472,711,401,3371
6163,711,1209,1680,2394,2790,,711,498,471,714,396,3373
5959,710,1208,1638,2268,2600,,710,498,430,630,332,3359
5936,697,1185,1660,2282,2599,,697,488,475,622,317,3337
6280,709,1209,1679,2433,2853,,709,500,470,754,420,3427
6240,710,1209,1680,2434,2855,,710,499,471,754,421,3385
6196,712,1210,1682,2435,2814,,712,498,472,753,379,3382
6164,710,1210,1682,2398,2792,,710,500,472,716,394,3372
6188,710,1209,1682,2398,2810,,710,499,473,716,412,3378
6164,708,1208,1680,2397,2790,,708,500,472,717,393,3374
6164,710,1210,1683,2392,2792,,710,500,473,709,400,3372
6164,709,1212,1684,2392,2790,,709,503,472,708,398,3374
5962,710,1210,1640,2269,2603,,710,500,430,629,334,3359
6242,711,1236,1711,2460,2879,,711,525,475,749,419,3363
6279,709,1209,1681,2435,2853,,709,500,472,754,418,3426
6263,709,1210,1680,2436,2854,,709,501,470,756,418,3409
6164,709,1209,1681,2396,2803,,709,500,472,715,407,3361
6165,712,1210,1682,2398,2791,,712,498,472,716,393,3374
6162,709,1210,1682,2397,2790,,709,501,472,715,393,3372
6228,708,1209,1681,2392,2791,,708,501,472,711,399,3437
6015,710,1235,1666,2293,2625,,710,525,431,627,332,3390
6011,710,1235,1665,2294,2626,,710,525,430,629,332,3385
6227,708,1208,1681,2391,2789,,708,500,473,710,398,3438
6191,709,1210,1681,2436,2813,,709,501,471,755,377,3378
6304,710,1209,1680,2433,2854,,710,499,471,753,421,3450
6261,709,1209,1680,2433,2854,,709,500,471,753,421,3407
6192,711,1210,1681,2436,2814,,711,499,471,755,378,3378
6163,710,1209,1679,2397,2793,,710,499,470,718,396,3370
6161,683,1209,1679,2398,2790,,683,526,470,719,392,3371
6163,708,1208,1680,2397,2788,,708,500,472,717,391,3375
6161,707,1210,1680,2392,2790,,707,503,470,712,398,3371
6162,709,1209,1680,2392,2789,,709,500,471,712,397,3373
5963,710,1211,1641,2269,2603,,710,501,430,628,334,3360
6263,710,1234,1704,2458,2878,,710,524,470,754,420,3385
6280,710,1210,1681,2435,2854,,710,500,471,754,419,3426
6260,707,1208,1679,2433,2851,,707,501,471,754,418,3409
6187,707,1208,1680,2434,2812,,707,501,472,754,378,3375
6163,710,1210,1683,2397,2792,,710,500,473,714,395,3371
6159,719,1207,1679,2396,2789,,719,488,472,717,393,3370
6164,711,1209,1680,2398,2790,,711,498,471,718,392,3374
5964,711,1210,1639,2271,2602,,711,499,429,632,331,3362
6161,708,1209,1679,2391,2790,,708,501,470,712,399,3371
5960,709,1209,1638,2269,2600,,709,500,429,631,331,3360
6289,710,1239,1710,2461,2880,,710,529,471,751,419,3409
6280,710,1210,1682,2435,2854,,710,500,472,753,419,3426
6239,710,1210,1682,2435,2854,,710,500,472,753,419,3385
6190,711,1210,1681,2435,2816,,711,499,471,754,381,3374
6163,709,1209,1682,2398,2790,,709,500,473,716,392,3373
6188,709,1208,1681,2399,2811,,709,499,473,718,412,3377
6189,710,1210,1682,2398,2813,,710,500,472,716,415,3376
6169,711,1212,1682,2396,2792,,711,501,470,714,396,3377
6162,710,1209,1680,2392,2792,,710,499,471,712,400,3370
6148,710,1210,1641,2311,2728,,710,500,431,670,417,3420
6372,716,1253,1741,2478,2900,,716,537,488,737,422,3472
6341,720,1219,1708,2475,2892,,720,499,489,767,417,3449
6317,720,1220,1709,2446,2867,,720,500,489,737,421,3450
6339,719,1219,1708,2475,2892,,719,500,489,767,417,3447
6290,719,1220,1708,2447,2847,,719,501,488,739,400,3443
6317,721,1199,1682,2445,2868,,721,478,483,763,423,3449
6288,720,1220,1707,2445,2868,,720,500,487,738,423,3420
6290,721,1221,1710,2446,2848,,721,500,489,736,402,3442
6316,720,1219,1708,2445,2868,,720,499,489,737,423,3448
6296,721,1223,1709,2446,2869,,721,502,486,737,423,3427
6348,716,1253,1741,2478,2901,,716,537,488,737,423,3447
6316,749,1244,1731,2443,2867,,749,495,487,712,424,3449
6316,720,1220,1708,2429,2868,,720,500,488,721,439,3448
6305,751,1246,1699,2439,2857,,751,495,453,740,418,3448
6191,709,1209,1681,2434,2814,,709,500,472,753,380,3377
6189,708,1215,1697,2394,2810,,708,507,482,697,416,3379
6160,708,1210,1681,2397,2791,,708,502,471,716,394,3369
6176,709,1209,1680,2391,2790,,709,500,471,711,399,3386
6162,710,1210,1681,2393,2791,,710,500,471,712,398,3371
5961,710,1210,1640,2269,2601,,710,500,430,629,332,3360
5899,700,1172,1643,2267,2560,,700,472,471,624,293,3339
6305,710,1211,1682,2436,2854,,710,501,471,754,418,3451
6279,710,1212,1682,2435,2853,,710,502,470,753,418,3426
6187,709,1210,1681,2435,2813,,709,501,471,754,378,3374
6163,710,1211,1682,2398,2789,,710,501,471,716,391,3374
6159,707,1208,1679,2396,2789,,707,501,471,717,393,3370
6162,710,1209,1681,2398,2790,,710,499,472,717,392,3372
6163,709,1209,1679,2396,2790,,709,500,470,717,394,3373
5980,710,1230,1660,2292,2624,,710,520,430,632,332,3356
5989,714,1238,1669,2295,2629,,714,524,431,626,334,3360
5875,651,1124,1620,2241,2536,,651,473,496,621,295,3339
6306,713,1211,1682,2436,2858,,713,498,471,754,422,3448
6280,710,1211,1682,2435,2854,,710,501,471,753,419,3426
6189,711,1212,1684,2435,2815,,711,501,472,751,380,3374
6163,712,1209,1680,2399,2790,,712,497,471,719,391,3373
6191,712,1210,1669,2436,2817,,712,498,459,767,381,3374
6161,710,1210,1682,2398,2790,,710,500,472,716,392,3371
6165,710,1210,1683,2392,2790,,710,500,473,709,398,3375
6186,708,1234,1705,2419,2815,,708,526,471,714,396,3371
6116,713,1210,1664,2377,2704,,713,497,454,713,327,3412
6214,711,1235,1731,2461,2880,,711,524,496,730,419,3334
6205,696,1161,1633,2337,2727,,696,465,472,704,390,3478
6190,710,1168,1646,2316,2731,,710,458,478,670,415,3459
6315,721,1220,1708,2445,2867,,721,499,488,737,422,3448
6314,719,1218,1706,2445,2867,,719,499,488,739,422,3447
6180,720,1222,1653,2359,2753,,720,502,431,706,394,3427
6186,708,1208,1680,2432,2811,,708,500,472,752,379,3375
6223,709,1210,1682,2392,2790,,709,501,472,710,398,3433
6065,711,1236,1666,2317,2659,,711,525,430,651,342,3406
5999,709,1234,1664,2293,2626,,709,525,430,629,333,3373
5912,661,1135,1606,2229,2561,,661,474,471,623,332,3351
6307,711,1209,1680,2436,2855,,711,498,471,756,419,3452
6280,710,1211,1682,2435,2855,,710,501,471,753,420,3425
6193,711,1210,1681,2435,2813,,711,499,471,754,378,3380
6164,712,1214,1686,2396,2790,,712,502,472,710,394,3374
6161,711,1210,1682,2398,2791,,711,499,472,716,393,3370
6175,711,1210,1683,2398,2792,,711,499,473,715,394,3383
6316,720,1219,1707,2444,2868,,720,499,488,737,424,3448
6285,720,1220,1708,2445,2867,,720,500,488,737,422,3418
6294,723,1221,1709,2447,2870,,723,498,488,738,423,3424
6343,678,1220,1709,2447,2871,,678,542,489,738,424,3472
6316,720,1222,1708,2446,2868,,720,502,486,738,422,3448
6316,720,1222,1708,2446,2867,,720,502,486,738,421,3449
6295,720,1220,1708,2430,2833,,720,500,488,722,403,3462
6316,722,1222,1708,2447,2868,,722,500,486,739,421,3448
6217,720,1199,1657,2371,2781,,720,479,458,714,410,3436
6317,719,1220,1707,2444,2868,,719,501,487,737,424,3449
6318,721,1221,1709,2446,2868,,721,500,488,737,422,3450
6247,718,1218,1707,2444,2846,,718,500,489,737,402,3401
6293,721,1222,1710,2446,2845,,721,501,488,736,399,3448
6176,651,1133,1604,2309,2704,,651,482,471,705,395,3472
6305,711,1208,1679,2437,2853,,711,497,471,758,416,3452
6306,710,1209,1680,2436,2854,,710,499,471,756,418,3452
6189,711,1209,1681,2435,2812,,711,498,472,754,377,3377
6189,709,1209,1680,2398,2811,,709,500,471,718,413,3378
6189,710,1211,1682,2401,2812,,710,501,471,719,411,3377
6162,711,1210,1681,2399,2791,,711,499,471,718,392,3371
6163,709,1210,1681,2398,2791,,709,501,471,717,393,3372
6160,709,1210,1682,2393,2791,,709,501,472,711,398,3369
5961,710,1210,1641,2270,2600,,710,500,431,629,330,3361
6205,710,1223,1698,2387,2806,,710,513,475,689,419,3399
6279,709,1210,1681,2435,2854,,709,501,471,754,419,3425
6280,710,1209,1680,2436,2855,,710,499,471,756,419,3425
6189,711,1208,1705,2435,2815,,711,497,497,730,380,3374
6191,708,1209,1681,2397,2812,,708,501,472,716,415,3379
6153,708,1210,1681,2411,2786,,708,502,471,730,375,3367
6191,713,1214,1687,2398,2814,,713,501,473,711,416,3377
6163,711,1210,1683,2395,2790,,711,499,473,712,395,3373
6161,710,1210,1681,2392,2791,,710,500,471,711,399,3370
5977,710,1209,1636,2269,2609,,710,499,427,633,340,3368
6154,671,1075,1567,2279,2689,,671,404,492,712,410,3465
6316,723,1220,1708,2445,2868,,723,497,488,737,423,3448
6318,721,1222,1709,2446,2869,,721,501,487,737,423,3449
6316,721,1221,1709,2445,2868,,721,500,488,736,423,3448
6316,722,1222,1710,2447,2870,,722,500,488,737,423,3446
6187,720,1221,1676,2384,2782,,720,501,455,708,398,3405
5961,712,1211,1640,2270,2602,,712,499,429,630,332,3359
6228,708,1208,1676,2397,2789,,708,500,468,721,392,3439
6173,705,1168,1640,2344,2736,,705,463,472,704,392,3437
6168,711,1210,1682,2394,2793,,711,499,472,712,399,3375
6079,688,1108,1525,2236,2655,,688,420,417,711,419,3424
6254,698,1186,1682,2385,2803,,698,488,496,703,418,3451
6303,708,1210,1680,2433,2855,,708,502,470,753,422,3448
6190,710,1210,1681,2434,2815,,710,500,471,753,381,3375
6188,710,1209,1680,2398,2813,,710,499,471,718,415,3375
6163,709,1209,1680,2401,2796,,709,500,471,721,395,3367
6188,707,1210,1682,2397,2812,,707,503,472,715,415,3376
6163,709,1210,1683,2392,2791,,709,501,473,709,399,3372
6021,705,1195,1669,2329,2661,,705,490,474,660,332,3360
5960,708,1209,1639,2270,2599,,708,501,430,631,329,3361
6217,709,1210,1639,2348,2757,,709,501,429,709,409,3460
6311,716,1215,1703,2440,2863,,716,499,488,737,423,3448
6313,718,1219,1706,2444,2865,,718,501,487,738,421,3448
6280,721,1222,1708,2445,2838,,721,501,486,737,393,3442
6192,710,1211,1681,2437,2814,,710,501,470,756,377,3378
6192,709,1210,1683,2399,2812,,709,501,473,716,413,3380
6163,711,1212,1686,2397,2792,,711,501,474,711,395,3371
6163,711,1211,1683,2396,2789,,711,500,472,713,393,3374
6045,704,1193,1666,2327,2662,,704,489,473,661,335,3383
5988,710,1210,1640,2270,2605,,710,500,430,630,335,3383
6271,710,1237,1669,2373,2782,,710,527,432,704,409,3489
6316,722,1221,1710,2447,2868,,722,499,489,737,421,3448
6317,721,1221,1709,2446,2869,,721,500,488,737,423,3448
6346,721,1221,1708,2446,2868,,721,500,487,738,422,3478
6315,721,1220,1709,2446,2869,,721,499,489,737,423,3446
6255,722,1220,1709,2415,2817,,722,498,489,706,402,3438
6190,709,1209,1680,2436,2813,,709,500,471,756,377,3377
6161,709,1210,1682,2399,2791,,709,501,472,717,392,3370
5999,705,1170,1641,2304,2639,,705,465,471,663,335,3360
5963,711,1210,1640,2272,2604,,711,499,430,632,332,3359
6203,710,1194,1631,2336,2753,,710,484,437,705,417,3450
6255,712,1208,1701,2408,2819,,712,496,493,707,411,3436
6315,720,1219,1707,2445,2867,,720,499,488,738,422,3448
6318,721,1221,1709,2446,2869,,721,500,488,737,423,3449
6316,722,1221,1709,2448,2869,,722,499,488,739,421,3447
6304,720,1220,1708,2409,2855,,720,500,488,701,446,3449
6189,709,1209,1682,2434,2812,,709,500,473,752,378,3377
6163,710,1209,1680,2398,2790,,710,499,471,718,392,3373
6010,708,1182,1653,2315,2656,,708,474,471,662,341,3354
5962,709,1212,1642,2269,2603,,709,503,430,627,334,3359
6330,714,1235,1705,2460,2882,,714,521,470,755,422,3448
5912,698,1167,1556,2157,2476,,698,469,389,601,319,3436
6230,711,1211,1685,2378,2808,,711,500,474,693,430,3422
6161,673,1210,1682,2393,2789,,673,537,472,711,396,3372
6233,706,1205,1675,2376,2789,,706,499,470,701,413,3444
6305,711,1211,1681,2436,2856,,711,500,470,755,420,3449
6191,709,1210,1682,2437,2814,,709,501,472,755,377,3377
6162,710,1209,1682,2398,2791,,710,499,473,716,393,3371
6161,710,1209,1681,2393,2790,,710,499,472,712,397,3371
5943,710,1168,1604,2243,2577,,710,458,436,639,334,3366
6296,709,1237,1708,2404,2812,,709,528,471,696,408,3484
6368,721,1246,1735,2472,2924,,721,525,489,737,452,3444
6318,721,1220,1708,2445,2869,,721,499,488,737,424,3449
6316,721,1222,1708,2447,2868,,721,501,486,739,421,3448
6323,722,1221,1710,2446,2869,,722,499,489,736,423,3454
6279,721,1222,1709,2447,2835,,721,501,487,738,388,3444
6185,705,1205,1677,2429,2807,,705,500,472,752,378,3378
6183,709,1235,1706,2422,2816,,709,526,471,716,394,3367
6163,711,1210,1684,2393,2791,,711,499,474,709,398,3372
5963,711,1211,1642,2270,2602,,711,500,431,628,332,3361
6275,706,1232,1703,2456,2845,,706,526,471,753,389,3430
6239,711,1238,1709,2420,2838,,711,527,471,711,418,3401
6232,712,1211,1682,2436,2812,,712,499,471,754,376,3420
6194,711,1211,1684,2438,2814,,711,500,473,754,376,3380
6192,711,1211,1683,2399,2813,,711,500,472,716,414,3379
6163,709,1210,1682,2398,2789,,709,501,472,716,391,3374
6189,711,1211,1682,2398,2813,,711,500,471,716,415,3376
5994,705,1167,1638,2302,2637,,705,462,471,664,335,3357
6161,711,1210,1681,2394,2791,,711,499,471,713,397,3370
5959,711,1212,1642,2270,2600,,711,501,430,628,330,3359
6367,709,1234,1729,2450,2924,,709,525,495,721,474,3443
6316,721,1220,1708,2446,2868,,721,499,488,738,422,3448
6292,724,1221,1708,2450,2849,,724,497,487,742,399,3443
6317,720,1220,1709,2446,2868,,720,500,489,737,422,3449
6314,719,1219,1707,2444,2866,,719,500,488,737,422,3448
6315,720,1220,1707,2445,2852,,720,500,487,738,407,3463
6317,721,1222,1709,2446,2868,,721,501,487,737,422,3449
6351,718,1255,1743,2480,2903,,718,537,488,737,423,3448
6317,722,1222,1710,2446,2870,,722,500,488,736,424,3447
6318,721,1220,1708,2447,2868,,721,499,488,739,421,3450
6347,722,1222,1689,2446,2870,,722,500,467,757,424,3477
6280,663,1209,1680,2436,2859,,663,546,471,756,423,3421
6256,711,1213,1685,2436,2815,,711,502,472,751,379,3441
6189,710,1211,1683,2434,2814,,710,501,472,751,380,3375
6189,711,1211,1684,2398,2813,,711,500,473,714,415,3376
6165,711,1211,1685,2399,2791,,711,500,474,714,392,3374
6111,711,1210,1681,2374,2706,,711,499,471,693,332,3405
6168,717,1217,1687,2407,2797,,717,500,470,720,390,3371
5989,712,1212,1642,2297,2629,,712,500,430,655,332,3360
6244,711,1168,1660,2374,2784,,711,457,492,714,410,3460
6292,722,1221,1710,2446,2849,,722,499,489,736,403,3443
6343,720,1221,1708,2445,2901,,720,501,487,737,456,3442
6316,722,1221,1709,2446,2868,,722,499,488,737,422,3448
6315,720,1220,1708,2446,2869,,720,500,488,738,423,3446
6316,720,1222,1709,2447,2869,,720,502,487,738,422,3447
6318,721,1221,1709,2421,2872,,721,500,488,712,451,3446
6344,722,1222,1710,2476,2895,,722,500,488,766,419,3449
6316,723,1221,1709,2446,2868,,723,498,488,737,422,3448
6316,710,1222,1709,2446,2868,,710,512,487,737,422,3448
6304,719,1245,1733,2453,2877,,719,526,488,720,424,3427
6254,721,1221,1708,2431,2817,,721,500,487,723,386,3437
6205,665,1109,1580,2284,2702,,665,444,471,704,418,3503
6304,709,1210,1683,2434,2854,,709,501,473,751,420,3450
6191,711,1210,1682,2437,2815,,711,499,472,755,378,3376
6189,710,1211,1684,2399,2813,,710,501,473,715,414,3376
6167,711,1212,1686,2397,2792,,711,501,474,711,395,3375
6191,710,1211,1682,2398,2813,,710,501,471,716,415,3378
6163,711,1213,1684,2396,2791,,711,502,471,712,395,3372
6164,717,1211,1683,2393,2792,,717,494,472,710,399,3372
5961,712,1211,1640,2269,2601,,712,499,429,629,332,3360
6279,711,1237,1708,2462,2839,,711,526,471,754,377,3440
6152,636,1072,1555,2282,2693,,636,436,483,727,411,3459
6316,721,1220,1708,2445,2867,,721,499,488,737,422,3449
6317,722,1222,1711,2447,2870,,722,500,489,736,423,3447
6338,719,1246,1731,2468,2891,,719,527,485,737,423,3447
6315,720,1219,1707,2446,2867,,720,499,488,739,421,3448
6318,721,1220,1709,2446,2869,,721,499,489,737,423,3449
6375,708,1255,1742,2508,2927,,708,547,487,766,419,3448
6342,722,1245,1734,2471,2894,,722,523,489,737,423,3448
6316,720,1219,1708,2445,2868,,720,499,489,737,423,3448
6291,721,1220,1709,2431,2853,,721,499,489,722,422,3438
6217,713,1164,1648,2346,2757,,713,451,484,698,411,3460
6348,728,1251,1741,2477,2900,,728,523,490,736,423,3448
6317,721,1220,1709,2446,2871,,721,499,489,737,425,3446
6318,723,1222,1708,2445,2868,,723,499,486,737,423,3450
6317,722,1222,1710,2446,2868,,722,500,488,736,422,3449
6317,721,1222,1708,2445,2867,,721,501,486,737,422,3450
6318,722,1222,1735,2446,2869,,722,500,513,711,423,3449
6319,722,1222,1710,2446,2869,,722,500,488,736,423,3450
6321,719,1244,1732,2469,2891,,719,525,488,737,422,3430
6318,723,1222,1741,2430,2869,,723,499,519,689,439,3449
6316,721,1194,1683,2446,2869,,721,473,489,763,423,3447
6299,721,1220,1709,2446,2869,,721,499,489,737,423,3430
6315,720,1220,1708,2445,2868,,720,500,488,737,423,3447
6350,716,1253,1742,2481,2903,,716,537,489,739,422,3447
6318,720,1220,1708,2446,2869,,720,500,488,738,423,3449
6345,721,1221,1709,2446,2898,,721,500,488,737,452,3447
6341,721,1198,1683,2446,2900,,721,477,485,763,454,3441
6316,719,1220,1708,2446,2868,,719,501,488,738,422,3448
6329,716,1255,1742,2480,2902,,716,539,487,738,422,3427
6319,722,1222,1710,2432,2870,,722,500,488,722,438,3449
6204,718,1231,1644,2358,2768,,718,513,413,714,410,3436
6316,720,1221,1708,2419,2867,,720,501,487,711,448,3449
6303,671,1209,1681,2435,2857,,671,538,472,754,422,3446
6215,712,1210,1679,2440,2817,,712,498,469,761,377,3398
6197,712,1210,1683,2435,2813,,712,498,473,752,378,3384
6189,713,1215,1689,2436,2813,,713,502,474,747,377,3376
6178,673,1169,1648,2335,2755,,673,496,479,687,420,3423
6191,713,1225,1699,2395,2813,,713,512,474,696,418,3378
6199,712,1211,1684,2399,2813,,712,499,473,715,414,3386
6133,712,1185,1662,2321,2678,,712,473,477,659,357,3455
6194,711,1170,1604,2322,2732,,711,459,434,718,410,3462
6316,722,1222,1710,2447,2870,,722,500,488,737,423,3446
6191,722,1189,1672,2362,2788,,722,467,483,690,426,3403
6122,704,1194,1665,2370,2746,,704,490,471,705,376,3376
6191,711,1209,1682,2435,2812,,711,498,473,753,377,3379
6193,713,1212,1684,2438,2815,,713,499,472,754,377,3378
6319,695,1206,1684,2450,2872,,695,511,478,766,422,3447
6179,668,1146,1622,2336,2755,,668,478,476,714,419,3424
6192,711,1211,1684,2435,2815,,711,500,473,751,380,3377
6280,712,1211,1683,2436,2856,,712,499,472,753,420,3424
6320,675,1186,1680,2450,2871,,675,511,494,770,421,3449
6314,721,1220,1708,2445,2868,,721,499,488,737,423,3446
6317,723,1221,1711,2448,2870,,723,498,490,737,422,3447
6317,722,1221,1709,2446,2869,,722,499,488,737,423,3448
6315,721,1220,1709,2445,2868,,721,499,489,736,423,3447
6315,720,1220,1708,2445,2868,,720,500,488,737,423,3447
6318,688,1208,1675,2447,2870,,688,520,467,772,423,3448
6137,694,1165,1651,2361,2755,,694,471,486,710,394,3382
6179,709,1209,1681,2377,2704,,709,500,472,696,327,3475
6280,710,1211,1682,2436,2856,,710,501,471,754,420,3424
6244,675,1166,1645,2372,2784,,675,491,479,727,412,3460
6315,719,1220,1708,2445,2868,,719,501,488,737,423,3447
6318,722,1221,1709,2446,2870,,722,499,488,737,424,3448
6294,720,1220,1708,2445,2869,,720,500,488,737,424,3425
6220,722,1222,1690,2407,2827,,722,500,468,717,420,3393
5973,665,1106,1544,2206,2567,,665,441,438,662,361,3406
6204,665,1105,1588,2300,2711,,665,440,483,712,411,3493
6180,709,1170,1649,2361,2757,,709,461,479,712,396,3423
6192,712,1211,1683,2435,2815,,712,499,472,752,380,3377
6200,712,1212,1685,2435,2815,,712,500,473,750,380,3385
6195,738,1164,1648,2296,2708,,738,426,484,648,412,3487
6317,724,1222,1711,2447,2870,,724,498,489,736,423,3447
6319,722,1223,1711,2448,2871,,722,501,488,737,423,3448
6335,716,1239,1726,2465,2886,,716,523,487,739,421,3449
6318,723,1224,1712,2448,2871,,723,501,488,736,423,3447
6317,721,1220,1708,2445,2868,,721,499,488,737,423,3449
6320,722,1168,1688,2461,2872,,722,446,520,773,411,3448
6184,711,1170,1651,2362,2756,,711,459,481,711,394,3428
6306,711,1211,1686,2437,2856,,711,500,475,751,419,3450
6200,713,1212,1685,2436,2815,,713,499,473,751,379,3385
6243,672,1193,1673,2383,2791,,672,521,480,710,408,3452
6317,723,1222,1710,2447,2869,,723,499,488,737,422,3448
6320,724,1224,1711,2450,2871,,724,500,487,739,421,3449
6299,723,1223,1710,2440,2870,,723,500,487,730,430,3429
6329,724,1224,1712,2449,2871,,724,500,488,737,422,3458
6289,722,1249,1733,2472,2875,,722,527,484,739,403,3414
6320,721,1221,1709,2451,2850,,721,500,488,742,399,3470
6205,720,1165,1645,2362,2757,,720,445,480,717,395,3448
6307,715,1212,1683,2437,2856,,715,497,471,754,419,3451
6304,713,1211,1681,2435,2855,,713,498,470,754,420,3449
6219,711,1218,1691,2373,2756,,711,507,473,682,383,3463
6317,722,1221,1710,2449,2869,,722,499,489,739,420,3448
6318,724,1222,1711,2449,2870,,724,498,489,738,421,3448
6368,722,1248,1736,2501,2920,,722,526,488,765,419,3448
6323,721,1222,1710,2446,2869,,721,501,488,736,423,3454
6318,724,1223,1711,2448,2870,,724,499,488,737,422,3448
6294,724,1222,1703,2449,2847,,724,498,481,746,398,3447
6318,709,1205,1688,2452,2870,,709,496,483,764,418,3448
6268,724,1223,1713,2427,2847,,724,499,490,714,420,3421
6268,722,1224,1710,2448,2870,,722,502,486,738,422,3398
6218,721,1172,1629,2346,2761,,721,451,457,717,415,3457
6289,723,1223,1710,2449,2871,,723,500,487,739,422,3418
6335,724,1224,1711,2447,2871,,724,500,487,736,424,3464
6319,723,1222,1711,2448,2871,,723,499,489,737,423,3448
6321,699,1223,1712,2448,2871,,699,524,489,736,423,3450
6319,723,1221,1711,2447,2870,,723,498,490,736,423,3449
6318,722,1222,1710,2447,2873,,722,500,488,737,426,3445
6320,711,1208,1678,2449,2871,,711,497,470,771,422,3449
6319,723,1223,1711,2448,2873,,723,500,488,737,425,3446
6318,724,1223,1711,2448,2870,,724,499,488,737,422,3448
6318,722,1223,1689,2448,2870,,722,501,466,759,422,3448
6316,703,1221,1710,2449,2869,,703,518,489,739,420,3447
6317,720,1221,1709,2447,2869,,720,501,488,738,422,3448
6320,741,1226,1713,2449,2871,,741,485,487,736,422,3449
6318,721,1222,1710,2448,2871,,721,501,488,738,423,3447
6319,722,1223,1711,2448,2869,,722,501,488,737,421,3450
6318,723,1223,1710,2447,2870,,723,500,487,737,423,3448
6216,719,1220,1649,2370,2780,,719,501,429,721,410,3436
6315,718,1219,1707,2444,2866,,718,501,488,737,422,3449
6314,721,1221,1709,2446,2869,,721,500,488,737,423,3445
6217,721,1222,1646,2347,2757,,721,501,424,701,410,3460
6317,722,1221,1712,2422,2871,,722,499,491,710,449,3446
6319,723,1222,1711,2448,2871,,723,499,489,737,423,3448
6320,723,1224,1711,2448,2872,,723,501,487,737,424,3448
6319,724,1224,1712,2448,2871,,724,500,488,736,423,3448
6317,722,1223,1710,2447,2870,,722,501,487,737,423,3447
6318,724,1224,1712,2449,2870,,724,500,488,737,421,3448
6219,722,1222,1633,2346,2759,,722,500,411,713,413,3460
6321,724,1223,1711,2449,2871,,724,499,488,738,422,3450
6318,722,1223,1711,2447,2871,,722,501,488,736,424,3447
6318,671,1222,1708,2447,2871,,671,551,486,739,424,3447
6240,722,1223,1710,2448,2791,,722,501,487,738,343,3449
6344,723,1223,1711,2448,2900,,723,500,488,737,452,3444
6321,724,1224,1712,2450,2872,,724,500,488,738,422,3449
6295,723,1223,1712,2450,2872,,723,500,489,738,422,3423
6253,725,1223,1691,2425,2846,,725,498,468,734,421,3407
6316,709,1208,1680,2450,2868,,709,499,472,770,418,3448
6205,724,1222,1655,2363,2758,,724,498,433,708,395,3447
6278,710,1212,1683,2436,2854,,710,502,471,753,418,3424
6206,713,1213,1644,2338,2759,,713,500,431,694,421,3447
6183,672,1173,1607,2310,2663,,672,501,434,703,353,3520
6303,713,1212,1684,2437,2857,,713,499,472,753,420,3446
6279,710,1210,1682,2436,2854,,710,500,472,754,418,3425
6279,712,1210,1681,2435,2858,,712,498,471,754,423,3421
6213,704,1193,1663,2368,2760,,704,489,470,705,392,3453
6282,711,1211,1683,2436,2856,,711,500,472,753,420,3426
6080,711,1211,1643,2336,2649,,711,500,432,693,313,3431
6281,711,1210,1683,2436,2855,,711,499,473,753,419,3426
6281,711,1212,1683,2437,2856,,711,501,471,754,419,3425
6280,713,1211,1708,2437,2857,,713,498,497,729,420,3423
6219,673,1191,1664,2363,2760,,673,518,473,699,397,3459
6313,721,1220,1708,2445,2869,,721,499,488,737,424,3444
6318,722,1223,1711,2448,2871,,722,501,488,737,423,3447
6244,723,1168,1659,2373,2783,,723,445,491,714,410,3461
6334,715,1238,1725,2464,2886,,715,523,487,739,422,3448
6319,722,1223,1710,2447,2870,,722,501,487,737,423,3449
6343,722,1224,1710,2448,2875,,722,502,486,738,427,3468
6154,719,1187,1617,2309,2704,,719,468,430,692,395,3450
6306,712,1212,1684,2437,2856,,712,500,472,753,419,3450
6304,711,1212,1708,2437,2855,,711,501,496,729,418,3449
6180,711,1178,1648,2300,2697,,711,467,470,652,397,3483
6227,670,1165,1649,2348,2759,,670,495,484,699,411,3468
6317,722,1222,1710,2447,2871,,722,500,488,737,424,3446
6319,722,1226,1710,2447,2870,,722,504,484,737,423,3449
6319,723,1223,1710,2448,2870,,723,500,487,738,422,3449
6246,740,1249,1679,2399,2810,,740,509,430,720,411,3436
6347,723,1222,1710,2425,2870,,723,499,488,715,445,3477
6318,723,1207,1689,2448,2870,,723,484,482,759,422,3448
6297,723,1221,1710,2447,2868,,723,498,489,737,421,3429
6292,723,1222,1710,2448,2870,,723,499,488,738,422,3422
6319,723,1225,1693,2400,2870,,723,502,468,707,470,3449
6347,754,1278,1763,2475,2897,,754,524,485,712,422,3450
6320,722,1224,1710,2448,2874,,722,502,486,738,426,3446
6320,725,1224,1711,2449,2871,,725,499,487,738,422,3449
6319,724,1224,1713,2424,2871,,724,500,489,711,447,3448
6319,724,1223,1710,2448,2870,,724,499,487,738,422,3449
6319,725,1223,1712,2450,2872,,725,498,489,738,422,3447
6320,725,1224,1713,2451,2872,,725,499,489,738,421,3448
6318,722,1223,1711,2450,2871,,722,501,488,739,421,3447
6319,724,1222,1712,2447,2871,,724,498,490,735,424,3448
6315,720,1220,1708,2445,2867,,720,500,488,737,422,3448
6319,723,1223,1710,2448,2871,,723,500,487,738,423,3448
6319,724,1222,1712,2448,2870,,724,498,490,736,422,3449
6317,722,1221,1706,2446,2868,,722,499,485,740,422,3449
6318,722,1222,1711,2447,2871,,722,500,489,736,424,3447
6319,723,1223,1711,2447,2871,,723,500,488,736,424,3448
6317,723,1225,1711,2448,2872,,723,502,486,737,424,3445
6307,723,1223,1713,2419,2859,,723,500,490,706,440,3448
6304,713,1213,1685,2437,2855,,713,500,472,752,418,3449
6306,712,1211,1684,2436,2858,,712,499,473,752,422,3448
6132,705,1174,1645,2345,2692,,705,469,471,700,347,3440
6326,751,1265,1750,2459,2870,,751,514,485,709,411,3456
6350,724,1224,1712,2449,2872,,724,500,488,737,423,3478
6405,716,1255,1748,2512,2927,,716,539,493,764,415,3478
6320,690,1223,1711,2449,2872,,690,533,488,738,423,3448
6369,752,1236,1753,2472,2925,,752,484,517,719,453,3444
6347,722,1223,1710,2447,2872,,722,501,487,737,425,3475
6374,753,1266,1729,2428,2900,,753,513,463,699,472,3474
6297,722,1222,1710,2447,2870,,722,500,488,737,423,3427
6374,753,1277,1762,2474,2896,,753,524,485,712,422,3478
6297,722,1223,1713,2397,2816,,722,501,490,684,419,3481
6318,722,1223,1739,2448,2871,,722,501,516,709,423,3447
6318,722,1253,1736,2447,2869,,722,531,483,711,422,3449
6370,722,1223,1712,2476,2925,,722,501,489,764,449,3445
6318,727,1223,1711,2449,2873,,727,496,488,738,424,3445
6343,724,1223,1739,2448,2898,,724,499,516,709,450,3445
6347,722,1219,1710,2447,2870,,722,497,491,737,423,3477
6348,702,1252,1737,2449,2871,,702,550,485,712,422,3477
6348,723,1223,1712,2448,2870,,723,500,489,736,422,3478
6319,723,1223,1712,2449,2870,,723,500,489,737,421,3449
6273,726,1255,1742,2397,2807,,726,529,487,655,410,3466
6319,725,1223,1711,2449,2871,,725,498,488,738,422,3448
6373,754,1248,1764,2473,2896,,754,494,516,709,423,3477
6343,721,1277,1761,2471,2894,,721,556,484,710,423,3449
6370,752,1265,1778,2515,2922,,752,513,513,737,407,3448
6345,721,1246,1735,2471,2895,,721,525,489,736,424,3450
6347,724,1223,1711,2447,2871,,724,499,488,736,424,3476
6319,724,1222,1712,2449,2871,,724,498,490,737,422,3448
6351,716,1256,1773,2484,2905,,716,540,517,711,421,3446
6344,725,1224,1742,2480,2898,,725,499,518,738,418,3446
6321,722,1246,1734,2433,2858,,722,524,488,699,425,3463
6319,723,1223,1711,2450,2871,,723,500,488,739,421,3448
6320,723,1251,1736,2448,2871,,723,528,485,712,423,3449
6404,746,1253,1741,2478,2929,,746,507,488,737,451,3475
6347,722,1225,1710,2447,2868,,722,503,485,737,421,3479
6349,723,1223,1739,2448,2871,,723,500,516,709,423,3478
6373,752,1248,1765,2474,2896,,752,496,517,709,422,3477
6319,723,1226,1712,2478,2866,,723,503,486,766,388,3453
6379,718,1238,1722,2508,2931,,718,520,484,786,423,3448
6344,724,1223,1741,2480,2897,,724,499,518,739,417,3447
6282,721,1221,1711,2429,2836,,721,500,490,718,407,3446
6295,723,1223,1710,2449,2849,,723,500,487,739,400,3446
6165,752,1172,1643,2338,2757,,752,420,471,695,419,3408
6124,717,1213,1688,2334,2686,,717,496,475,646,352,3438
6242,712,1169,1659,2373,2782,,712,457,490,714,409,3460
6348,752,1247,1735,2447,2871,,752,495,488,712,424,3477
6345,723,1253,1736,2477,2897,,723,530,483,741,420,3448
6318,726,1223,1712,2448,2876,,726,497,489,736,428,3442
6346,723,1223,1711,2448,2871,,723,500,488,737,423,3475
6320,753,1266,1729,2450,2873,,753,513,463,721,423,3447
6316,750,1260,1775,2479,2864,,750,510,515,704,385,3452
6314,753,1277,1761,2474,2897,,753,524,484,713,423,3417
6375,724,1224,1711,2479,2898,,724,500,487,768,419,3477
6344,752,1236,1726,2456,2900,,752,484,490,730,444,3444
6344,722,1222,1711,2477,2896,,722,500,489,766,419,3448
6318,722,1222,1711,2448,2870,,722,500,489,737,422,3448
6260,723,1223,1712,2478,2875,,723,500,489,766,397,3385
6293,720,1224,1709,2445,2868,,720,504,485,736,423,3425
6321,725,1224,1712,2450,2872,,725,499,488,738,422,3449
6347,723,1223,1711,2478,2896,,723,500,488,767,418,3451
6322,752,1266,1750,2489,2845,,752,514,484,739,356,3477
6319,723,1224,1740,2449,2871,,723,501,516,709,422,3448
6400,752,1261,1750,2488,2924,,752,509,489,738,436,3476
6320,752,1236,1725,2448,2871,,752,484,489,723,423,3449
6375,752,1237,1754,2473,2896,,752,485,517,719,423,3479
6349,724,1255,1738,2448,2871,,724,531,483,710,423,3478
6265,723,1221,1711,2425,2845,,723,498,490,714,420,3420
6238,724,1225,1712,2429,2836,,724,501,487,717,407,3402
6372,722,1252,1766,2506,2897,,722,530,514,740,391,3475
6351,724,1256,1740,2450,2871,,724,532,484,710,421,3480
6321,717,1266,1751,2464,2868,,717,549,485,713,404,3453
6350,724,1222,1711,2427,2871,,724,498,489,716,444,3479
6319,724,1223,1712,2449,2871,,724,499,489,737,422,3448
6245,717,1254,1714,2468,2853,,717,537,460,754,385,3392
6179,713,1171,1607,2323,2734,,713,458,436,716,411,3445
6349,725,1224,1712,2451,2872,,725,499,488,739,421,3477
6341,724,1252,1765,2475,2897,,724,528,513,710,422,3444
6373,723,1251,1765,2476,2896,,723,528,514,711,420,3477
6399,724,1223,1711,2478,2927,,724,499,488,767,449,3472
6349,725,1252,1737,2449,2871,,725,527,485,712,422,3478
6277,750,1246,1763,2450,2834,,750,496,517,687,384,3443
6189,687,1211,1707,2436,2814,,687,524,496,729,378,3375
5940,700,1187,1617,2247,2579,,700,487,430,630,332,3361
6048,700,1146,1560,2196,2573,,700,446,414,636,377,3475
6225,746,1191,1611,2322,2733,,746,445,420,711,411,3492
6372,721,1275,1761,2473,2895,,721,554,486,712,422,3477
6340,724,1224,1713,2449,2902,,724,500,489,736,453,3438
6324,724,1253,1739,2449,2872,,724,529,486,710,423,3452
6366,720,1245,1733,2470,2921,,720,525,488,737,451,3445
6346,748,1232,1749,2458,2869,,748,484,517,709,411,3477
6289,749,1245,1733,2454,2861,,749,496,488,721,407,3428
6318,723,1223,1711,2448,2871,,723,500,488,737,423,3447
6320,723,1223,1711,2448,2899,,723,500,488,737,451,3421
6430,715,1285,1768,2512,2959,,715,570,483,744,447,3471
6245,750,1195,1634,2349,2789,,750,445,439,715,440,3456
6428,716,1254,1770,2509,2956,,716,538,516,739,447,3472
6383,751,1286,1801,2537,2972,,751,535,515,736,435,3411
5818,643,1062,1479,2111,2429,,643,419,417,632,318,3389
6177,722,1215,1687,2398,2796,,722,493,472,711,398,3381
6192,713,1213,1685,2441,2819,,713,500,472,756,378,3373
6175,688,1216,1688,2396,2793,,688,528,472,708,397,3382
6162,710,1212,1684,2392,2789,,710,502,472,708,397,3373
5965,700,1188,1618,2248,2581,,700,488,430,630,333,3384
6031,702,1147,1559,2197,2595,,702,445,412,638,398,3436
6083,672,1149,1559,2264,2654,,672,477,410,705,390,3429
6192,712,1211,1683,2401,2814,,712,499,472,718,413,3378
6158,715,1214,1685,2404,2794,,715,499,471,719,390,3364
6195,712,1215,1686,2400,2813,,712,503,471,714,413,3382
6167,714,1214,1686,2401,2794,,714,500,472,715,393,3373
6164,712,1213,1685,2402,2793,,712,501,472,717,391,3371
6324,662,1178,1693,2448,2850,,662,516,515,755,402,3474
6321,754,1248,1736,2448,2874,,754,494,488,712,426,3447
6323,723,1224,1711,2478,2897,,723,501,487,767,419,3426
6393,723,1247,1764,2504,2950,,723,524,517,740,446,3443
6195,748,1195,1638,2335,2742,,748,447,443,697,407,3453
6430,746,1312,1796,2537,2986,,746,566,484,741,449,3444
6356,699,1224,1741,2451,2871,,699,525,517,710,420,3485
6369,724,1226,1711,2477,2925,,724,502,485,766,448,3444
6374,746,1255,1744,2481,2933,,746,509,489,737,452,3441
6344,724,1222,1711,2449,2899,,724,498,489,738,450,3445
6344,721,1275,1759,2500,2898,,721,554,484,741,398,3446
6341,721,1220,1737,2475,2893,,721,499,517,738,418,3448
6370,752,1235,1753,2504,2921,,752,483,518,751,417,3449
6350,717,1255,1743,2465,2904,,717,538,488,722,439,3446
6319,753,1213,1671,2424,2871,,753,460,458,753,447,3448
6318,721,1221,1709,2447,2869,,721,500,488,738,422,3449
6322,725,1224,1740,2450,2871,,725,499,516,710,421,3451
6347,723,1252,1735,2447,2870,,723,529,483,712,423,3477
6382,717,1286,1772,2482,2906,,717,569,486,710,424,3476
6374,726,1224,1714,2449,2901,,726,498,490,735,452,3473
6183,695,1150,1625,2337,2758,,695,455,475,712,421,3425
6191,712,1212,1684,2401,2814,,712,500,472,717,413,3377
5929,701,1177,1609,2234,2567,,701,476,432,625,333,3362
6007,699,1189,1593,2223,2557,,699,490,404,630,334,3450
6057,709,1147,1558,2194,2611,,709,438,411,636,417,3446
6192,713,1212,1684,2438,2816,,713,499,472,754,378,3376
6169,714,1211,1707,2398,2795,,714,497,496,691,397,3374
6170,713,1215,1687,2402,2795,,713,502,472,715,393,3375
6028,704,1175,1672,2336,2670,,704,471,497,664,334,3358
6086,709,1209,1663,2370,2700,,709,500,454,707,330,3386
6199,712,1235,1709,2419,2817,,712,523,474,710,398,3382
6173,712,1213,1685,2396,2794,,712,501,472,711,398,3379
5965,648,1136,1608,2269,2606,,648,488,472,661,337,3359
5980,700,1164,1569,2195,2531,,700,464,405,626,336,3449
6045,667,1143,1556,2191,2559,,667,476,413,635,368,3486
6372,722,1221,1710,2478,2894,,722,499,489,768,416,3478
6373,724,1225,1712,2479,2897,,724,501,487,767,418,3476
6424,723,1223,1712,2478,2927,,723,500,489,766,449,3497
6318,723,1252,1737,2449,2871,,723,529,485,712,422,3447
6320,724,1223,1742,2396,2870,,724,499,519,654,474,3450
6256,715,1276,1686,2387,2807,,715,561,410,701,420,3449
6191,713,1213,1685,2400,2814,,713,500,472,715,414,3377
5915,701,1164,1594,2222,2555,,701,463,430,628,333,3360
5895,699,1163,1567,2198,2530,,699,464,404,631,332,3365
5981,669,1144,1554,2221,2553,,669,475,410,667,332,3428
5966,664,1136,1609,2310,2609,,664,472,473,701,299,3357
6195,714,1215,1712,2440,2816,,714,501,497,728,376,3379
6170,714,1214,1686,2402,2793,,714,500,472,716,391,3377
6163,712,1213,1684,2402,2794,,712,501,471,718,392,3369
6192,713,1214,1686,2404,2794,,713,501,472,718,390,3398
6159,714,1212,1683,2393,2790,,714,498,471,710,397,3369
6165,712,1213,1685,2396,2794,,712,501,472,711,398,3371
5939,700,1187,1618,2247,2580,,700,487,431,629,333,3359
5915,699,1186,1591,2218,2552,,699,487,405,627,334,3363
5957,672,1147,1557,2194,2517,,672,475,410,637,323,3440
6348,728,1226,1712,2450,2872,,728,498,486,738,422,3476
6343,723,1222,1711,2447,2898,,723,499,489,736,451,3445
6262,724,1224,1712,2451,2854,,724,500,488,739,403,3408
6270,754,1248,1736,2424,2830,,754,494,488,688,406,3440
6399,724,1224,1741,2450,2901,,724,500,517,709,451,3498
6351,728,1237,1748,2478,2880,,728,509,511,730,402,3471
6319,725,1224,1712,2449,2872,,725,499,488,737,423,3447
6298,724,1225,1712,2449,2872,,724,501,487,737,423,3426
6324,724,1223,1713,2428,2832,,724,499,490,715,404,3492
6246,753,1262,1711,2407,2808,,753,509,449,696,401,3438
6320,699,1224,1742,2452,2872,,699,525,518,710,420,3448
6267,723,1222,1710,2447,2849,,723,499,488,737,402,3418
6321,725,1224,1713,2449,2873,,725,499,489,736,424,3448
6373,752,1237,1725,2448,2901,,752,485,488,723,453,3472
6345,724,1253,1737,2449,2901,,724,529,484,712,452,3444
6050,704,1177,1649,2325,2695,,704,473,472,676,370,3355
6164,712,1214,1686,2403,2795,,712,502,472,717,392,3369
6166,701,1214,1712,2397,2794,,701,513,498,685,397,3372
6169,712,1213,1684,2402,2794,,712,501,471,718,392,3375
6168,713,1214,1686,2403,2793,,713,501,472,717,390,3375
6150,703,1153,1633,2347,2725,,703,450,480,714,378,3425
6165,712,1213,1684,2401,2795,,712,501,471,717,394,3370
6192,710,1236,1731,2420,2817,,710,526,495,689,397,3375
6165,713,1213,1685,2401,2794,,713,500,472,716,393,3371
6163,712,1213,1686,2401,2794,,712,501,473,715,393,3369
6043,705,1200,1671,2333,2675,,705,495,471,662,342,3368
6192,713,1213,1685,2401,2816,,713,500,472,716,415,3376
6165,714,1216,1688,2401,2794,,714,502,472,713,393,3371
6169,713,1214,1686,2401,2793,,713,501,472,715,392,3376
6166,715,1214,1691,2400,2793,,715,499,477,709,393,3373
6216,699,1164,1654,2367,2778,,699,465,490,713,411,3438
6393,725,1253,1738,2478,2926,,725,528,485,740,448,3467
6321,700,1256,1740,2451,2874,,700,556,484,711,423,3447
6305,723,1223,1711,2448,2870,,723,500,488,737,422,3435
6401,724,1225,1712,2450,2901,,724,501,487,738,451,3500
6219,726,1224,1692,2449,2810,,726,498,468,757,361,3409
6192,713,1213,1686,2401,2815,,713,500,473,715,414,3377
6156,704,1202,1674,2393,2784,,704,498,472,719,391,3372
6166,713,1213,1710,2396,2792,,713,500,497,686,396,3374
6168,689,1213,1688,2402,2795,,689,524,475,714,393,3373
6093,674,1173,1652,2340,2718,,674,499,479,688,378,3375
6164,711,1212,1683,2400,2792,,711,501,471,717,392,3372
6192,711,1236,1707,2424,2816,,711,525,471,717,392,3376
6166,715,1214,1686,2402,2794,,715,499,472,716,392,3372
6165,714,1213,1687,2401,2794,,714,499,474,714,393,3371
6176,712,1213,1685,2401,2794,,712,501,472,716,393,3382
5898,699,1171,1641,2240,2560,,699,472,470,599,320,3338
5983,715,1222,1649,2268,2613,,715,507,427,619,345,3370
5901,704,1153,1568,2201,2534,,704,449,415,633,333,3367
5917,712,1171,1584,2220,2553,,712,459,413,636,333,3364
5940,672,1169,1609,2248,2582,,672,497,440,639,334,3358
5913,712,1169,1582,2219,2554,,712,457,413,637,335,3359
5857,703,1125,1529,2153,2487,,703,422,404,624,334,3370
5914,671,1169,1584,2222,2553,,671,498,415,638,331,3361
5916,712,1172,1584,2221,2555,,712,460,412,637,334,3361
5840,680,1118,1516,2148,2467,,680,438,398,632,319,3373
5997,711,1237,1664,2294,2627,,711,526,427,630,333,3370
5913,714,1171,1587,2223,2554,,714,457,416,636,331,3359
5850,656,1072,1472,2079,2423,,656,416,400,607,344,3427
5917,715,1172,1585,2222,2555,,715,457,413,637,333,3362
5873,666,1103,1516,2162,2489,,666,437,413,646,327,3384
5914,714,1170,1584,2220,2554,,714,456,414,636,334,3360
5878,703,1130,1546,2180,2502,,703,427,416,634,322,3376
5912,711,1167,1581,2219,2551,,711,456,414,638,332,3361
5915,712,1169,1583,2221,2553,,712,457,414,638,332,3362
5855,664,1104,1516,2153,2486,,664,440,412,637,333,3369
5835,669,1090,1505,2142,2476,,669,421,415,637,334,3359
5841,648,1070,1487,2125,2482,,648,422,417,638,357,3359
5918,712,1168,1585,2220,2554,,712,456,417,635,334,3364
5919,714,1171,1585,2221,2555,,714,457,414,636,334,3364
6214,705,1155,1610,2319,2726,,705,450,455,709,407,3488
6279,724,1223,1711,2407,2854,,724,499,488,696,447,3425
6329,751,1247,1734,2455,2879,,751,496,487,721,424,3450
6261,723,1224,1711,2433,2856,,723,501,487,722,423,3405
6281,727,1225,1713,2434,2857,,727,498,488,721,423,3424
6218,717,1242,1730,2446,2852,,717,525,488,716,406,3366
5971,715,1213,1642,2273,2606,,715,498,429,631,333,3365
5882,673,1155,1559,2198,2527,,673,482,404,639,329,3355
5943,712,1173,1585,2222,2555,,712,461,412,637,333,3388
5916,713,1168,1584,2220,2553,,713,455,416,636,333,3363
5940,712,1170,1584,2226,2556,,712,458,414,642,330,3384
6004,712,1169,1583,2221,2554,,712,457,414,638,333,3450
5893,674,1155,1560,2194,2517,,674,481,405,634,323,3376
5948,674,1170,1584,2220,2568,,674,496,414,636,348,3380
5922,709,1168,1583,2217,2549,,709,459,415,634,332,3373
5923,672,1167,1602,2221,2556,,672,495,435,619,335,3367
5911,711,1170,1582,2218,2552,,711,459,412,636,334,3359
5914,712,1169,1583,2223,2554,,712,457,414,640,331,3360
5919,712,1170,1586,2221,2553,,712,458,416,635,332,3366
5917,712,1169,1584,2224,2553,,712,457,415,640,329,3364
5914,712,1169,1584,2225,2554,,712,457,415,641,329,3360
5912,713,1170,1586,2221,2555,,713,457,416,635,334,3357
5943,711,1194,1608,2243,2578,,711,483,414,635,335,3365
5914,712,1170,1583,2221,2554,,712,458,413,638,333,3360
6164,712,1211,1685,2401,2793,,712,499,474,716,392,3371
6200,716,1212,1684,2401,2815,,716,496,472,717,414,3385
6215,709,1238,1711,2421,2838,,709,529,473,710,417,3377
5965,712,1212,1643,2276,2607,,712,500,431,633,331,3358
6114,660,1135,1606,2309,2686,,660,475,471,703,377,3428
6165,712,1212,1685,2397,2793,,712,500,473,712,396,3372
6188,701,1146,1626,2284,2691,,701,445,480,658,407,3497
6323,724,1224,1712,2449,2903,,724,500,488,737,454,3420
6319,675,1172,1659,2400,2836,,675,497,487,741,436,3483
6318,724,1224,1740,2479,2871,,724,500,516,739,392,3447
6347,726,1225,1714,2479,2898,,726,499,489,765,419,3449
6292,725,1224,1708,2450,2875,,725,499,484,742,425,3417
6320,726,1225,1712,2449,2872,,726,499,487,737,423,3448
6352,716,1243,1726,2482,2905,,716,527,483,756,423,3447
6278,711,1247,1735,2450,2870,,711,536,488,715,420,3408
6259,723,1223,1711,2431,2837,,723,500,488,720,406,3422
6260,725,1224,1712,2414,2854,,725,499,488,702,440,3406
6251,723,1224,1711,2427,2843,,723,501,487,716,416,3408
6237,725,1225,1712,2434,2838,,725,500,487,722,404,3399
6284,717,1256,1745,2460,2877,,717,539,489,715,417,3407
6227,729,1225,1696,2426,2833,,729,496,471,730,407,3394
6160,726,1225,1711,2386,2809,,726,499,486,675,423,3351
5871,704,1129,1543,2178,2512,,704,425,414,635,334,3359
5917,712,1168,1583,2222,2558,,712,456,415,639,336,3359
5903,672,1153,1559,2198,2529,,672,481,406,639,331,3374
6254,725,1223,1692,2411,2832,,725,498,469,719,421,3422
6271,718,1243,1731,2453,2869,,718,525,488,722,416,3402
6234,725,1224,1713,2433,2838,,725,499,489,720,405,3396
6279,706,1144,1657,2390,2822,,706,438,513,733,432,3457
6350,752,1262,1749,2459,2871,,752,510,487,710,412,3479
6322,755,1250,1738,2451,2874,,755,495,488,713,423,3448
6317,719,1262,1694,2448,2870,,719,543,432,754,422,3447
6055,705,1195,1667,2330,2684,,705,490,472,663,354,3371
6189,712,1238,1711,2423,2820,,712,526,473,712,397,3369
6119,712,1238,1709,2394,2733,,712,526,471,685,339,3386
5993,710,1237,1666,2295,2628,,710,527,429,629,333,3365
6030,660,1135,1567,2237,2608,,660,475,432,670,371,3422
6394,751,1262,1775,2511,2949,,751,511,513,736,438,3445
6373,711,1203,1688,2478,2897,,711,492,485,790,419,3476
6341,724,1249,1737,2473,2897,,724,525,488,736,424,3444
6321,726,1253,1737,2449,2875,,726,527,484,712,426,3446
6246,725,1205,1662,2375,2786,,725,480,457,713,411,3460
6320,725,1255,1739,2450,2874,,725,530,484,711,424,3446
6299,717,1258,1714,2471,2896,,717,541,456,757,425,3403
5965,716,1213,1644,2273,2605,,716,497,431,629,332,3360
5940,714,1170,1584,2222,2555,,714,456,414,638,333,3385
5942,713,1194,1607,2243,2579,,713,481,413,636,336,3363
5913,713,1169,1583,2220,2554,,713,456,414,637,334,3359
6250,698,1225,1692,2411,2833,,698,527,467,719,422,3417
6286,717,1259,1775,2464,2878,,717,542,516,689,414,3408
6263,725,1225,1712,2433,2854,,725,500,487,721,421,3409
6295,724,1209,1721,2451,2872,,724,485,512,730,421,3423
6320,724,1253,1738,2450,2873,,724,529,485,712,423,3447
6217,715,1210,1676,2385,2739,,715,495,466,709,354,3478
5962,656,1136,1609,2267,2604,,656,480,473,658,337,3358
5916,713,1171,1586,2221,2554,,713,458,415,635,333,3362
5927,704,1154,1566,2203,2550,,704,450,412,637,347,3377
5890,711,1170,1584,2195,2528,,711,459,414,611,333,3362
6123,693,1221,1664,2331,2694,,693,528,443,667,363,3429
6339,716,1240,1725,2501,2918,,716,524,485,776,417,3421
6279,725,1225,1713,2434,2857,,725,500,488,721,423,3422
6255,725,1224,1712,2431,2849,,725,499,488,719,418,3406
6255,726,1225,1741,2430,2847,,726,499,516,689,417,3408
6228,724,1248,1715,2449,2837,,724,524,467,734,388,3391
5989,706,1205,1647,2289,2622,,706,499,442,642,333,3367
5942,672,1157,1586,2223,2557,,672,485,429,637,334,3385
5796,656,1095,1492,2102,2445,,656,439,397,610,343,3351
5913,675,1170,1586,2222,2554,,675,495,416,636,332,3359
5950,717,1174,1608,2253,2582,,717,457,434,645,329,3368
5912,713,1171,1585,2223,2555,,713,458,414,638,332,3357
5938,714,1168,1584,2221,2555,,714,454,416,637,334,3383
5943,710,1167,1582,2219,2563,,710,457,415,637,344,3380
6157,680,1205,1651,2316,2713,,680,525,446,665,397,3444
6218,725,1225,1713,2434,2819,,725,500,488,721,385,3399
6164,714,1213,1668,2379,2793,,714,499,455,711,414,3371
5915,713,1172,1586,2221,2557,,713,459,414,635,336,3358
5919,715,1168,1584,2221,2553,,715,453,416,637,332,3366
5939,711,1169,1584,2220,2554,,711,458,415,636,334,3385
5918,674,1174,1585,2223,2554,,674,500,411,638,331,3364
5915,677,1170,1583,2220,2555,,677,493,413,637,335,3360
5915,714,1169,1586,2221,2554,,714,455,417,635,333,3361
5938,713,1170,1586,2221,2557,,713,457,416,635,336,3381
5906,714,1167,1584,2218,2562,,714,453,417,634,344,3344
5944,714,1170,1586,2223,2556,,714,456,416,637,333,3388
5933,705,1188,1602,2238,2573,,705,483,414,636,335,3360
5974,715,1214,1646,2272,2607,,715,499,432,626,335,3367
5946,716,1173,1586,2220,2568,,716,457,413,634,348,3378
5918,715,1171,1587,2221,2556,,715,456,416,634,335,3362
5914,675,1183,1591,2222,2559,,675,508,408,631,337,3355
5944,714,1170,1586,2221,2555,,714,456,416,635,334,3389
5923,713,1171,1584,2222,2555,,713,458,413,638,333,3368
5882,674,1175,1580,2219,2537,,674,501,405,639,318,3345
5941,672,1175,1609,2247,2583,,672,503,434,638,336,3358
5917,714,1170,1587,2222,2555,,714,456,417,635,333,3362
5915,712,1169,1583,2220,2554,,712,457,414,637,334,3361
5941,673,1170,1587,2223,2555,,673,497,417,636,332,3386
5923,713,1169,1584,2221,2555,,713,456,415,637,334,3368
5918,676,1171,1586,2222,2554,,676,495,415,636,332,3364
5942,673,1170,1586,2222,2558,,673,497,416,636,336,3384
5915,671,1168,1584,2219,2553,,671,497,416,635,334,3362
6016,712,1213,1644,2296,2632,,712,501,431,652,336,3384
6198,712,1212,1685,2400,2815,,712,500,473,715,415,3383
6297,673,1155,1663,2448,2871,,673,482,508,785,423,3426
6348,753,1237,1725,2450,2871,,753,484,488,725,421,3477
6164,725,1172,1652,2363,2782,,725,447,480,711,419,3382
6159,712,1215,1687,2400,2792,,712,503,472,713,392,3367
6001,700,1190,1619,2272,2610,,700,490,429,653,338,3391
6012,711,1236,1666,2296,2629,,711,525,430,630,333,3383
6051,712,1236,1674,2324,2656,,712,524,438,650,332,3395
6232,712,1213,1685,2396,2793,,712,501,472,711,397,3439
6264,712,1213,1684,2438,2858,,712,501,471,754,420,3406
6214,708,1233,1708,2458,2837,,708,525,475,750,379,3377
6247,713,1168,1661,2374,2784,,713,455,493,713,410,3463
6305,694,1224,1712,2434,2855,,694,530,488,722,421,3450
6282,724,1225,1712,2432,2857,,724,501,487,720,425,3425
6345,712,1251,1727,2475,2899,,712,539,476,748,424,3446
6373,723,1223,1740,2448,2899,,723,500,517,708,451,3474
6226,725,1224,1694,2410,2828,,725,499,470,716,418,3398
6088,708,1231,1652,2314,2680,,708,523,421,662,366,3408
6320,724,1224,1711,2451,2871,,724,500,487,740,420,3449
6323,724,1224,1740,2477,2896,,724,500,516,737,419,3427
6318,723,1223,1711,2449,2871,,723,500,488,738,422,3447
6342,750,1245,1762,2471,2894,,750,495,517,709,423,3448
6293,718,1222,1739,2448,2850,,718,504,517,709,402,3443
6349,723,1252,1737,2449,2871,,723,529,485,712,422,3478
6317,726,1224,1713,2450,2873,,726,498,489,737,423,3444
6319,724,1225,1713,2451,2871,,724,501,488,738,420,3448
6321,724,1224,1711,2434,2873,,724,500,487,723,439,3448
6259,725,1225,1691,2425,2813,,725,500,466,734,388,3446
6282,713,1213,1686,2437,2857,,713,500,473,751,420,3425
6307,713,1214,1689,2438,2857,,713,501,475,749,419,3450
6259,717,1215,1689,2439,2861,,717,498,474,750,422,3398
6352,714,1215,1701,2449,2873,,714,501,486,748,424,3479
6344,747,1232,1721,2448,2899,,747,485,489,727,451,3445
6353,716,1286,1770,2482,2905,,716,570,484,712,423,3448
6309,724,1224,1711,2450,2873,,724,500,487,739,423,3436
6324,696,1228,1744,2454,2876,,696,532,516,710,422,3448
6397,755,1249,1765,2503,2921,,755,494,516,738,418,3476
6284,723,1206,1673,2415,2838,,723,483,467,742,423,3446
6253,716,1216,1688,2440,2861,,716,500,472,752,421,3392
6283,714,1214,1686,2397,2861,,714,500,472,711,464,3422
6276,675,1171,1663,2481,2876,,675,496,492,818,395,3400
6351,745,1256,1744,2481,2903,,745,511,488,737,422,3448
6347,724,1224,1711,2448,2871,,724,500,487,737,423,3476
6350,716,1255,1743,2480,2903,,716,539,488,737,423,3447
6317,724,1222,1710,2447,2869,,724,498,488,737,422,3448
6319,727,1225,1712,2453,2872,,727,498,487,741,419,3447
6320,724,1224,1712,2449,2872,,724,500,488,737,423,3448
6295,723,1224,1712,2427,2847,,723,501,488,715,420,3448
6311,716,1211,1698,2410,2820,,716,495,487,712,410,3491
6269,725,1225,1713,2429,2848,,725,500,488,716,419,3421
6326,727,1226,1714,2451,2873,,727,499,488,737,422,3453
6279,716,1209,1697,2409,2820,,716,493,488,712,411,3459
6374,724,1226,1712,2478,2896,,724,502,486,766,418,3478
6207,722,1222,1657,2366,2772,,722,500,435,709,406,3435
6266,713,1213,1684,2439,2860,,713,500,471,755,421,3406
6180,706,1202,1674,2374,2748,,706,496,472,700,374,3432
6243,715,1215,1689,2438,2858,,715,500,474,749,420,3385
6176,715,1215,1687,2413,2810,,715,500,472,726,397,3366
6216,712,1214,1686,2440,2817,,712,502,472,754,377,3399
6217,714,1214,1685,2439,2816,,714,500,471,754,377,3401
6311,719,1216,1705,2443,2863,,719,497,489,738,420,3448
6318,752,1248,1737,2449,2870,,752,496,489,712,421,3448
6346,726,1224,1713,2480,2898,,726,498,489,767,418,3448
6345,724,1222,1712,2478,2895,,724,498,490,766,417,3450
6347,721,1250,1734,2446,2868,,721,529,484,712,422,3479
6320,724,1224,1713,2450,2872,,724,500,489,737,422,3448
6295,725,1224,1741,2431,2847,,725,499,517,690,416,3448
6295,723,1224,1712,2434,2858,,723,501,488,722,424,3437
6321,725,1224,1712,2450,2872,,725,499,488,738,422,3449
6268,725,1254,1739,2428,2848,,725,529,485,689,420,3420
6345,754,1250,1737,2479,2897,,754,496,487,742,418,3448
6319,726,1225,1713,2454,2872,,726,499,488,741,418,3447
6350,726,1226,1713,2449,2872,,726,500,487,736,423,3478
6320,692,1223,1716,2448,2871,,692,531,493,732,423,3449
6322,725,1225,1713,2449,2873,,725,500,488,736,424,3449
6346,756,1251,1766,2475,2898,,756,495,515,709,423,3448
6324,723,1223,1691,2423,2847,,723,500,468,732,424,3477
6221,754,1237,1725,2450,2771,,754,483,488,725,321,3450
6320,727,1224,1712,2449,2872,,727,497,488,737,423,3448
6305,726,1225,1713,2436,2860,,726,499,488,723,424,3445
6322,697,1225,1712,2450,2873,,697,528,487,738,423,3449
6290,722,1222,1709,2447,2844,,722,500,487,738,397,3446
6321,724,1224,1683,2449,2872,,724,500,459,766,423,3449
6347,724,1223,1740,2448,2900,,724,499,517,708,452,3447
6291,724,1225,1711,2450,2871,,724,501,486,739,421,3420
6281,729,1225,1713,2450,2858,,729,496,488,737,408,3423
6342,722,1222,1711,2447,2900,,722,500,489,736,453,3442
6259,725,1225,1713,2417,2817,,725,500,488,704,400,3442
6245,714,1215,1686,2439,2858,,714,501,471,753,419,3387
6115,704,1171,1644,2307,2683,,704,467,473,663,376,3432
6320,724,1222,1681,2450,2870,,724,498,459,769,420,3450
6295,681,1225,1714,2454,2838,,681,544,489,740,384,3457
6346,724,1225,1742,2452,2901,,724,501,517,710,449,3445
6319,726,1227,1712,2451,2873,,726,501,485,739,422,3446
6344,725,1226,1713,2479,2896,,725,501,487,766,417,3448
6340,720,1245,1733,2471,2893,,720,525,488,738,422,3447
6256,725,1225,1693,2425,2848,,725,500,468,732,423,3408
6199,714,1215,1686,2441,2818,,714,501,471,755,377,3381
6192,714,1213,1684,2439,2817,,714,499,471,755,378,3375
6193,713,1212,1684,2401,2816,,713,499,472,717,415,3377
6241,717,1209,1699,2435,2833,,717,492,490,736,398,3408
6345,724,1248,1736,2473,2897,,724,524,488,737,424,3448
6320,723,1223,1712,2448,2874,,723,500,489,736,426,3446
6186,727,1224,1682,2341,2759,,727,497,458,659,418,3427
6195,714,1214,1685,2439,2817,,714,500,471,754,378,3378
6171,714,1213,1684,2397,2796,,714,499,471,713,399,3375
6190,715,1214,1685,2398,2796,,715,499,471,713,398,3394
5917,701,1163,1568,2196,2543,,701,462,405,628,347,3374
6229,710,1211,1681,2399,2792,,710,501,470,718,393,3437
6284,715,1216,1690,2442,2859,,715,501,474,752,417,3425
6219,715,1215,1687,2441,2819,,715,500,472,754,378,3400
6005,704,1116,1586,2257,2617,,704,412,470,671,360,3388
6225,716,1173,1643,2351,2761,,716,457,470,708,410,3464
6341,720,1220,1736,2446,2896,,720,500,516,710,450,3445
6346,725,1253,1737,2450,2902,,725,528,484,713,452,3444
6319,725,1226,1715,2450,2872,,725,501,489,735,422,3447
6269,726,1225,1712,2450,2852,,726,499,487,738,402,3417
6323,727,1226,1713,2450,2873,,727,499,487,737,423,3450
6400,725,1254,1767,2506,2923,,725,529,513,739,417,3477
6299,753,1237,1726,2449,2873,,753,484,489,723,424,3426
6373,701,1255,1768,2506,2925,,701,554,513,738,419,3448
6375,723,1252,1737,2474,2897,,723,529,485,737,423,3478
6375,700,1225,1714,2451,2901,,700,525,489,737,450,3474
6398,726,1223,1740,2474,2898,,726,497,517,734,424,3500
6346,725,1225,1713,2451,2901,,725,500,488,738,450,3445
6371,705,1228,1713,2481,2929,,705,523,485,768,448,3442
6257,755,1251,1718,2427,2848,,755,496,467,709,421,3409
6347,717,1214,1692,2429,2900,,717,497,478,737,471,3447
6344,724,1252,1737,2448,2899,,724,528,485,711,451,3445
6324,726,1226,1713,2451,2902,,726,500,487,738,451,3422
6318,725,1224,1740,2450,2871,,725,499,516,710,421,3447
6369,724,1273,1790,2500,2921,,724,549,517,710,421,3448
6368,753,1249,1739,2481,2925,,753,496,490,742,444,3443
6350,725,1225,1713,2450,2874,,725,500,488,737,424,3476
6345,725,1225,1713,2450,2903,,725,500,488,737,453,3442
6298,728,1225,1714,2451,2874,,728,497,489,737,423,3424
6234,753,1263,1729,2425,2833,,753,510,466,696,408,3401
6283,715,1214,1687,2440,2858,,715,499,473,753,418,3425
6079,703,1174,1645,2349,2700,,703,471,471,704,351,3379
6035,704,1172,1642,2305,2661,,704,468,470,663,356,3374
6250,714,1214,1628,2328,2762,,714,500,414,700,434,3488
6354,717,1256,1718,2486,2905,,717,539,462,768,419,3449
6350,726,1255,1739,2451,2874,,726,529,484,712,423,3476
6360,717,1263,1751,2489,2911,,717,546,488,738,422,3449
6350,726,1225,1713,2451,2872,,726,499,488,738,421,3478
6309,716,1210,1698,2439,2846,,716,494,488,741,407,3463
6300,726,1225,1713,2452,2873,,726,499,488,739,421,3427
6297,727,1227,1714,2452,2858,,727,500,487,738,406,3439
6345,752,1236,1754,2475,2897,,752,484,518,721,422,3448
6321,725,1224,1714,2450,2872,,725,499,490,736,422,3449
6348,723,1223,1712,2449,2871,,723,500,489,737,422,3477
6235,708,1203,1631,2339,2774,,708,495,428,708,435,3461
6320,726,1225,1714,2451,2874,,726,499,489,737,423,3446
6234,724,1224,1691,2411,2809,,724,500,467,720,398,3425
6227,731,1247,1719,2474,2852,,731,516,472,755,378,3375
6165,715,1214,1686,2399,2795,,715,499,472,713,396,3370
5991,714,1216,1646,2275,2608,,714,502,430,629,333,3383
6137,701,1187,1659,2363,2717,,701,486,472,704,354,3420
6309,714,1214,1687,2440,2859,,714,500,473,753,419,3450
6193,715,1213,1685,2439,2818,,715,498,472,754,379,3375
6194,715,1213,1687,2439,2817,,715,498,474,752,378,3377
6134,703,1174,1610,2318,2673,,703,471,436,708,355,3461
6268,714,1215,1686,2440,2863,,714,501,471,754,423,3405
6194,716,1215,1686,2441,2819,,716,499,471,755,378,3375
6155,707,1201,1672,2376,2726,,707,494,471,704,350,3429
6194,716,1217,1689,2440,2818,,716,501,472,751,378,3376
6196,716,1216,1687,2441,2820,,716,500,471,754,379,3376
6193,715,1214,1685,2403,2817,,715,499,471,718,414,3376
6166,677,1214,1684,2397,2795,,677,537,470,713,398,3371
6285,713,1214,1685,2438,2859,,713,501,471,753,421,3426
6273,714,1215,1686,2439,2859,,714,501,471,753,420,3414
6145,669,1098,1578,2291,2686,,669,429,480,713,395,3459
6194,717,1215,1687,2441,2821,,717,498,472,754,380,3373
6198,665,1152,1639,2351,2760,,665,487,487,712,409,3438
6363,716,1238,1725,2462,2884,,716,522,487,737,422,3479
6321,672,1255,1738,2450,2872,,672,583,483,712,422,3449
6300,754,1263,1751,2460,2874,,754,509,488,709,414,3426
6319,725,1254,1737,2449,2872,,725,529,483,712,423,3447
6374,712,1225,1743,2482,2898,,712,513,518,739,416,3476
6347,723,1224,1712,2478,2897,,723,501,488,766,419,3450
6349,701,1227,1714,2479,2897,,701,526,487,765,418,3452
5960,663,1141,1611,2240,2632,,663,478,470,629,392,3328
6270,716,1215,1685,2413,2864,,716,499,470,728,451,3406
6192,715,1215,1688,2440,2817,,715,500,473,752,377,3375
6193,714,1215,1685,2441,2819,,714,501,470,756,378,3374
6145,649,1134,1613,2301,2695,,649,485,479,688,394,3450
6015,715,1213,1683,2360,2679,,715,498,470,677,319,3336
5998,715,1214,1643,2275,2607,,715,499,429,632,332,3391
5916,715,1173,1584,2223,2556,,715,458,411,639,333,3360
5880,704,1128,1546,2179,2512,,704,424,418,633,333,3368
5917,713,1170,1587,2230,2556,,713,457,417,643,326,3361
5976,674,1214,1644,2271,2614,,674,540,430,627,343,3362
5941,715,1172,1585,2221,2564,,715,457,413,636,343,3377
5914,714,1174,1586,2221,2554,,714,460,412,635,333,3360
5916,715,1170,1586,2221,2554,,715,455,416,635,333,3362
5898,704,1155,1568,2204,2538,,704,451,413,636,334,3360
5915,715,1171,1587,2221,2555,,715,456,416,634,334,3360
5918,714,1172,1588,2222,2545,,714,458,416,634,323,3373
5940,675,1171,1585,2221,2569,,675,496,414,636,348,3371
6015,700,1187,1658,2322,2655,,700,487,471,664,333,3360
6193,717,1215,1689,2402,2816,,717,498,474,713,414,3377
6132,715,1152,1625,2314,2695,,715,437,473,689,381,3437
6044,715,1214,1644,2297,2665,,715,499,430,653,368,3379
6169,711,1213,1685,2398,2793,,711,502,472,713,395,3376
5965,650,1137,1608,2271,2606,,650,487,471,663,335,3359
5917,700,1166,1597,2225,2557,,700,466,431,628,332,3360
5941,700,1190,1619,2249,2583,,700,490,429,630,334,3358
5894,698,1169,1640,2264,2559,,698,471,471,624,295,3335
6307,716,1215,1686,2441,2860,,716,499,471,755,419,3447
6142,714,1170,1651,2340,2731,,714,456,481,689,391,3411
5990,713,1215,1643,2273,2606,,713,502,428,630,333,3384
6258,674,1215,1679,2425,2842,,674,541,464,746,417,3416
6254,727,1226,1714,2437,2856,,727,499,488,723,419,3398
6311,714,1227,1715,2437,2841,,714,513,488,722,404,3470
6318,701,1249,1737,2457,2877,,701,548,488,720,420,3441
6230,720,1226,1693,2428,2834,,720,506,467,735,406,3396
6260,725,1224,1712,2434,2851,,725,499,488,722,417,3409
6284,726,1256,1741,2451,2874,,726,530,485,710,423,3410
6166,713,1213,1671,2397,2796,,713,500,458,726,399,3370
5941,715,1172,1584,2221,2557,,715,457,412,637,336,3384
5887,713,1162,1560,2193,2537,,713,449,398,633,344,3350
6106,676,1171,1584,2302,2704,,676,495,413,718,402,3402
6037,716,1216,1646,2276,2618,,716,500,430,630,342,3419
6275,725,1250,1766,2455,2869,,725,525,516,689,414,3406
6200,664,1190,1637,2380,2788,,664,526,447,743,408,3412
6353,715,1228,1714,2452,2875,,715,513,486,738,423,3478
6323,726,1226,1742,2451,2873,,726,500,516,709,422,3450
6317,726,1256,1742,2451,2873,,726,530,486,709,422,3444
6294,715,1258,1746,2466,2886,,715,543,488,720,420,3408
6349,727,1226,1714,2435,2859,,727,499,488,721,424,3490
6309,725,1225,1712,2436,2857,,725,500,487,724,421,3452
6025,727,1225,1658,2311,2650,,727,498,433,653,339,3375
5978,717,1218,1647,2274,2607,,717,501,429,627,333,3371
5917,715,1174,1586,2223,2557,,715,459,412,637,334,3360
5942,675,1176,1611,2249,2584,,675,501,435,638,335,3358
5865,704,1144,1564,2174,2495,,704,440,420,610,321,3370
5919,717,1174,1588,2223,2545,,717,457,414,635,322,3374
5942,716,1172,1588,2221,2581,,716,456,416,633,360,3361
5917,714,1171,1586,2221,2555,,714,457,415,635,334,3362
5945,715,1170,1586,2221,2568,,715,455,416,635,347,3377
5967,715,1215,1646,2276,2605,,715,500,431,630,329,3362
6091,715,1172,1595,2269,2665,,715,457,423,674,396,3426
6202,726,1225,1714,2428,2810,,726,499,489,714,382,3392
5954,707,1177,1632,2261,2592,,707,470,455,629,331,3362
5992,715,1216,1647,2272,2611,,715,501,431,625,339,3381
5883,704,1129,1543,2179,2512,,704,425,414,636,333,3371
5965,715,1212,1644,2272,2605,,715,497,432,628,333,3360
5941,715,1172,1586,2223,2556,,715,457,414,637,333,3385
5917,715,1170,1585,2222,2555,,715,455,415,637,333,3362
6016,701,1188,1661,2320,2657,,701,487,473,659,337,3359
6167,676,1215,1691,2398,2796,,676,539,476,707,398,3371
6198,727,1239,1712,2428,2819,,727,512,473,716,391,3379
6258,715,1215,1687,2416,2819,,715,500,472,729,403,3439
6323,726,1228,1714,2452,2877,,726,502,486,738,425,3446
6322,726,1212,1696,2452,2874,,726,486,484,756,422,3448
6152,657,1142,1613,2319,2700,,657,485,471,706,381,3452
5966,701,1189,1620,2249,2584,,701,488,431,629,335,3382
5946,698,1196,1665,2290,2612,,698,498,469,625,322,3334
6310,715,1216,1690,2440,2860,,715,501,474,750,420,3450
5992,716,1216,1684,2358,2652,,716,500,468,674,294,3340
5967,717,1214,1644,2274,2604,,717,497,430,630,330,3363
5911,715,1174,1589,2225,2559,,715,459,415,636,334,3352
5922,715,1172,1587,2223,2557,,715,457,415,636,334,3365
5914,714,1170,1585,2221,2553,,714,456,415,636,332,3361
6164,714,1170,1647,2335,2725,,714,456,477,688,390,3439
6301,727,1226,1744,2454,2874,,727,499,518,710,420,3427
6282,728,1228,1716,2437,2858,,728,500,488,721,421,3424
6254,728,1228,1714,2431,2846,,728,500,486,717,415,3408
6181,617,1102,1589,2301,2712,,617,485,487,712,411,3469
6307,727,1225,1713,2434,2860,,727,498,488,721,426,3447
6322,727,1225,1713,2450,2873,,727,498,488,737,423,3449
6202,726,1255,1739,2401,2815,,726,529,484,662,414,3387
5973,704,1217,1647,2277,2607,,704,513,430,630,330,3366
5884,724,1161,1560,2194,2537,,724,437,399,634,343,3347
6202,716,1174,1652,2352,2788,,716,458,478,700,436,3414
6280,727,1206,1690,2442,2859,,727,479,484,752,417,3421
6254,727,1226,1715,2431,2846,,727,499,489,716,415,3408
6261,716,1228,1716,2413,2841,,716,512,488,697,428,3420
6306,712,1249,1738,2458,2881,,712,537,489,720,423,3425
6278,724,1223,1712,2432,2855,,724,499,489,720,423,3423
6120,715,1193,1664,2367,2745,,715,478,471,703,378,3375
5945,714,1173,1586,2222,2560,,714,459,413,636,338,3385
6265,727,1226,1715,2440,2855,,727,499,489,725,415,3410
6254,727,1227,1715,2430,2847,,727,500,488,715,417,3407
6262,728,1227,1715,2437,2856,,728,499,488,722,419,3406
6143,727,1171,1653,2342,2762,,727,444,482,689,420,3381
6005,715,1174,1589,2222,2557,,715,459,415,633,335,3448
5893,676,1158,1565,2197,2521,,676,482,407,632,324,3372
5941,674,1170,1586,2221,2556,,674,496,416,635,335,3385
5902,708,1155,1567,2204,2536,,708,447,412,637,332,3366
5942,717,1171,1586,2223,2560,,717,454,415,637,337,3382
5872,680,1096,1508,2146,2490,,680,416,412,638,344,3382
5920,713,1173,1589,2221,2544,,713,460,416,632,323,3376
5939,711,1195,1610,2246,2579,,711,484,415,636,333,3360
5916,714,1171,1593,2228,2560,,714,457,422,635,332,3356
5915,690,1177,1585,2223,2557,,690,487,408,638,334,3358
5915,715,1171,1586,2222,2556,,715,456,415,636,334,3359
5918,715,1174,1587,2224,2559,,715,459,413,637,335,3359
5847,664,1103,1518,2155,2487,,664,439,415,637,332,3360
6041,702,1189,1660,2323,2657,,702,487,471,663,334,3384
6167,700,1214,1685,2405,2797,,700,514,471,720,392,3370
6173,716,1216,1712,2398,2799,,716,500,496,686,401,3374
6173,714,1215,1686,2399,2796,,714,501,471,713,397,3377
6047,702,1189,1660,2322,2657,,702,487,471,662,335,3390
6214,711,1236,1708,2420,2840,,711,525,472,712,420,3374
6222,678,1172,1660,2373,2783,,678,494,488,713,410,3439
6272,716,1228,1716,2453,2856,,716,512,488,737,403,3416
6346,727,1226,1714,2452,2874,,727,499,488,738,422,3472
6405,744,1288,1771,2513,2958,,744,544,483,742,445,3447
6323,727,1226,1743,2453,2875,,727,499,517,710,422,3448
6350,727,1256,1740,2451,2875,,727,529,484,711,424,3475
6340,717,1257,1745,2482,2906,,717,540,488,737,424,3434
6172,717,1217,1689,2397,2795,,717,500,472,708,398,3377
5947,705,1175,1589,2223,2571,,705,470,414,634,348,3376
5916,714,1172,1587,2227,2557,,714,458,415,640,330,3359
5915,676,1175,1589,2223,2558,,676,499,414,634,335,3357
5851,666,1105,1521,2157,2489,,666,439,416,636,332,3362
5917,676,1173,1588,2223,2556,,676,497,415,635,333,3361
5939,712,1196,1610,2245,2579,,712,484,414,635,334,3360
5942,690,1173,1587,2223,2558,,690,483,414,636,335,3384
5908,714,1190,1611,2242,2561,,714,476,421,631,319,3347
5908,705,1156,1572,2205,2529,,705,451,416,633,324,3379
5947,716,1173,1587,2224,2558,,716,457,414,637,334,3389
5896,705,1130,1543,2179,2512,,705,425,413,636,333,3384
5893,676,1173,1588,2201,2533,,676,497,415,613,332,3360
5935,716,1175,1607,2219,2564,,716,459,432,612,345,3371
5902,704,1130,1547,2183,2514,,704,426,417,636,331,3388
6168,717,1217,1687,2404,2796,,717,500,470,717,392,3372
6025,706,1199,1671,2333,2664,,706,493,472,662,331,3361
6194,716,1215,1688,2404,2819,,716,499,473,716,415,3375
6169,716,1218,1690,2400,2798,,716,502,472,710,398,3371
6056,706,1195,1667,2330,2666,,706,489,472,663,336,3390
5955,705,1199,1629,2259,2591,,705,494,430,630,332,3364
5979,701,1176,1606,2259,2595,,701,475,430,653,336,3384
5942,701,1189,1619,2258,2587,,701,488,430,639,329,3355
5933,700,1146,1588,2219,2563,,700,446,442,631,344,3370
6398,755,1305,1817,2555,2950,,755,550,512,738,395,3448
6345,724,1226,1713,2450,2902,,724,502,487,737,452,3443
6380,716,1259,1748,2513,2933,,716,543,489,765,420,3447
6321,725,1254,1738,2451,2875,,725,529,484,713,424,3446
6300,727,1227,1715,2401,2875,,727,500,488,686,474,3425
6299,716,1259,1746,2467,2885,,716,543,487,721,418,3414
6259,728,1256,1739,2432,2850,,728,528,483,693,418,3409
6346,717,1266,1755,2477,2899,,717,549,489,722,422,3447
6253,725,1225,1693,2394,2847,,725,500,468,701,453,3406
6175,680,1129,1616,2329,2740,,680,449,487,713,411,3435
6253,727,1227,1715,2429,2846,,727,500,488,714,417,3407
6262,725,1225,1713,2435,2853,,725,500,488,722,418,3409
6247,719,1244,1732,2448,2852,,719,525,488,716,404,3395
6325,720,1232,1716,2454,2875,,720,512,484,738,421,3450
6323,728,1228,1715,2452,2874,,728,500,487,737,422,3449
6325,727,1228,1717,2453,2875,,727,501,489,736,422,3450
6353,727,1227,1716,2453,2869,,727,500,489,737,416,3484
6349,728,1228,1715,2453,2875,,728,500,487,738,422,3474
6348,726,1226,1695,2480,2899,,726,500,469,785,419,3449
6273,727,1173,1665,2377,2816,,727,446,492,712,439,3457
6348,728,1227,1743,2453,2903,,728,499,516,710,450,3445
6346,726,1226,1746,2456,2902,,726,500,520,710,446,3444
6352,711,1230,1715,2427,2866,,711,519,485,712,439,3486
6350,727,1254,1767,2479,2899,,727,527,513,712,420,3451
6324,727,1255,1739,2452,2875,,727,528,484,713,423,3449
6344,746,1286,1775,2511,2902,,746,540,489,736,391,3442
6121,714,1215,1672,2381,2706,,714,501,457,709,325,3415
5876,705,1131,1544,2182,2518,,705,426,413,638,336,3358
5923,713,1170,1585,2221,2555,,713,457,415,636,334,3368
6228,665,1162,1644,2352,2788,,665,497,482,708,436,3440
6266,692,1227,1716,2439,2859,,692,535,489,723,420,3407
6259,726,1226,1713,2435,2852,,726,500,487,722,417,3407
6219,703,1212,1728,2415,2822,,703,509,516,687,407,3397
6257,717,1255,1740,2431,2850,,717,538,485,691,419,3407
6258,716,1231,1745,2434,2852,,716,515,514,689,418,3406
6250,729,1229,1717,2440,2845,,729,500,488,723,405,3405
5999,715,1216,1644,2277,2633,,715,501,428,633,356,3366
6214,683,1184,1702,2388,2795,,683,501,518,686,407,3419
6260,717,1228,1716,2436,2831,,717,511,488,720,395,3429
6255,716,1229,1696,2428,2848,,716,513,467,732,420,3407
6263,718,1228,1715,2437,2842,,718,510,487,722,405,3421
6255,727,1254,1740,2430,2848,,727,527,486,690,418,3407
6260,706,1225,1713,2433,2855,,706,519,488,720,422,3405
6282,728,1227,1715,2435,2860,,728,499,488,720,425,3422
6230,727,1226,1694,2427,2847,,727,499,468,733,420,3383
6265,718,1230,1715,2436,2856,,718,512,485,721,420,3409
6269,715,1226,1715,2439,2857,,715,511,489,724,418,3412
6335,716,1254,1742,2465,2887,,716,538,488,723,422,3448
6255,728,1227,1714,2431,2847,,728,499,487,717,416,3408
6154,717,1228,1659,2354,2721,,717,511,431,695,367,3433
6255,716,1228,1744,2434,2848,,716,512,516,690,414,3407
6257,716,1255,1740,2432,2850,,716,539,485,692,418,3407
6310,717,1228,1717,2438,2860,,717,511,489,721,422,3450
6285,725,1225,1713,2436,2857,,725,500,488,723,421,3428
6117,726,1203,1662,2334,2705,,726,477,459,672,371,3412
6227,716,1258,1722,2429,2835,,716,542,464,707,406,3392
6255,715,1256,1741,2431,2847,,715,541,485,690,416,3408
6275,716,1227,1716,2439,2856,,716,511,489,723,417,3419
6264,727,1212,1680,2419,2837,,727,485,468,739,418,3427
6120,727,1227,1664,2366,2744,,727,500,437,702,378,3376
5966,718,1216,1647,2274,2609,,718,498,431,627,335,3357
5916,715,1175,1586,2223,2557,,715,460,411,637,334,3359
5940,715,1202,1611,2247,2581,,715,487,409,636,334,3359
5991,703,1189,1660,2298,2633,,703,486,471,638,335,3358
6194,715,1214,1685,2439,2820,,715,499,471,754,381,3374
6171,688,1215,1687,2402,2796,,688,527,472,715,394,3375
6171,691,1214,1685,2398,2797,,691,523,471,713,399,3374
5965,649,1116,1587,2250,2605,,649,467,471,663,355,3360
6172,706,1216,1687,2404,2795,,706,510,471,717,391,3377
5941,700,1113,1583,2249,2583,,700,413,470,666,334,3358
6146,650,1090,1572,2274,2686,,650,440,482,702,412,3460
6376,728,1255,1740,2455,2903,,728,527,485,715,448,3473
6346,691,1177,1665,2406,2900,,691,486,488,741,494,3446
6376,717,1228,1745,2484,2900,,717,511,517,739,416,3476
6322,727,1220,1744,2453,2874,,727,493,524,709,421,3448
6187,646,1128,1616,2328,2738,,646,482,488,712,410,3449
6201,704,1216,1689,2404,2818,,704,512,473,715,414,3383
5922,706,1173,1601,2232,2564,,706,467,428,631,332,3358
5968,713,1199,1609,2245,2580,,713,486,410,636,335,3388
6202,675,1171,1650,2351,2761,,675,496,479,701,410,3441
6264,716,1228,1715,2438,2855,,716,512,487,723,417,3409
6307,718,1229,1717,2438,2861,,718,511,488,721,423,3446
6282,696,1228,1716,2438,2858,,696,532,488,722,420,3424
6301,729,1229,1746,2456,2875,,729,500,517,710,419,3426
6321,717,1258,1768,2508,2905,,717,541,510,740,397,3416
6253,705,1228,1745,2453,2877,,705,523,517,708,424,3376
6257,717,1228,1716,2432,2848,,717,511,488,716,416,3409
6253,726,1251,1739,2453,2859,,726,525,488,714,406,3394
6232,717,1229,1717,2432,2837,,717,512,488,715,405,3395
6231,715,1229,1709,2430,2839,,715,514,480,721,409,3392
6264,717,1227,1715,2436,2856,,717,510,488,721,420,3408
6255,727,1227,1716,2432,2846,,727,500,489,716,414,3409
6248,686,1245,1734,2449,2853,,686,559,489,715,404,3395
6267,715,1229,1715,2436,2858,,715,514,486,721,422,3409
6283,704,1214,1698,2439,2859,,704,510,484,741,420,3424
6299,668,1223,1714,2453,2874,,668,555,491,739,421,3425
6310,717,1229,1717,2436,2860,,717,512,488,719,424,3450
6214,663,1167,1655,2368,2779,,663,504,488,713,411,3435
6286,715,1228,1716,2448,2862,,715,513,488,732,414,3424
6161,727,1226,1715,2401,2809,,727,499,489,686,408,3352
6127,704,1178,1596,2272,2644,,704,474,418,676,372,3483
6373,703,1257,1740,2482,2901,,703,554,483,742,419,3472
6324,705,1179,1694,2452,2876,,705,474,515,758,424,3448
6323,702,1227,1716,2452,2875,,702,525,489,736,423,3448
6282,729,1227,1715,2452,2852,,729,498,488,737,400,3430
6309,698,1217,1704,2427,2875,,698,519,487,723,448,3434
6325,729,1229,1715,2453,2876,,729,500,486,738,423,3449
6322,727,1255,1739,2456,2874,,727,528,484,717,418,3448
6323,729,1228,1716,2453,2876,,729,499,488,737,423,3447
5981,741,1176,1601,2237,2601,,741,435,425,636,364,3380
5992,705,1216,1645,2280,2611,,705,511,429,635,331,3381
6209,700,1189,1661,2364,2781,,700,489,472,703,417,3428
6035,639,1045,1470,2191,2609,,639,406,425,721,418,3426
5993,715,1216,1687,2362,2657,,715,501,471,675,295,3336
6194,703,1219,1692,2442,2820,,703,516,473,750,378,3374
6024,666,1142,1576,2267,2644,,666,476,434,691,377,3380
6194,714,1238,1713,2427,2819,,714,524,475,714,392,3375
6168,715,1215,1689,2398,2794,,715,500,474,709,396,3374
6047,701,1190,1662,2325,2658,,701,489,472,663,333,3389
5994,699,1191,1626,2274,2608,,699,492,435,648,334,3386
5967,702,1189,1620,2250,2582,,702,487,431,630,332,3385
5948,699,1196,1666,2290,2610,,699,497,470,624,320,3338
6020,635,1070,1470,2174,2593,,635,435,400,704,419,3427
6311,715,1215,1687,2440,2860,,715,500,472,753,420,3451
5983,713,1171,1619,2261,2607,,713,458,448,642,346,3376
5858,651,1117,1546,2177,2503,,651,466,429,631,326,3355
5879,703,1158,1564,2187,2516,,703,455,406,623,329,3363
5893,645,1074,1517,2175,2510,,645,429,443,658,335,3383
5922,716,1174,1587,2223,2556,,716,458,413,636,333,3366
5943,715,1170,1588,2227,2561,,715,455,418,639,334,3382
5917,715,1173,1586,2225,2557,,715,458,413,639,332,3360
5918,714,1172,1587,2224,2557,,714,458,415,637,333,3361
5967,670,1176,1610,2252,2583,,670,506,434,642,331,3384
5920,716,1174,1588,2224,2556,,716,458,414,636,332,3364
5916,706,1173,1588,2230,2559,,706,467,415,642,329,3357
5942,716,1175,1609,2252,2584,,716,459,434,643,332,3358
5879,704,1129,1544,2180,2513,,704,425,415,636,333,3366
5945,676,1177,1612,2249,2583,,676,501,435,637,334,3362
5895,716,1172,1586,2198,2531,,716,456,414,612,333,3364
5922,704,1174,1588,2226,2557,,704,470,414,638,331,3365
5943,665,1159,1589,2224,2562,,665,494,430,635,338,3381
5842,665,1099,1516,2149,2483,,665,434,417,633,334,3359
5810,664,1096,1495,2119,2463,,664,432,399,624,344,3347
5919,704,1174,1590,2224,2559,,704,470,416,634,335,3360
5868,664,1098,1512,2152,2484,,664,434,414,640,332,3384
5953,677,1177,1611,2254,2587,,677,500,434,643,333,3366
5953,706,1134,1549,2159,2521,,706,428,415,610,362,3432
6229,705,1227,1695,2428,2835,,705,522,468,733,407,3394
6257,717,1230,1717,2432,2837,,717,513,487,715,405,3420
6248,716,1229,1716,2440,2844,,716,513,487,724,404,3404
6032,704,1216,1647,2275,2613,,704,512,431,628,338,3419
5892,676,1158,1564,2196,2520,,676,482,406,632,324,3372
6164,675,1141,1609,2312,2704,,675,466,468,703,392,3460
5997,671,1140,1612,2279,2636,,671,469,472,667,357,3361
5921,704,1174,1588,2223,2557,,704,470,414,635,334,3364
6156,663,1144,1611,2314,2720,,663,481,467,703,406,3436
6257,719,1256,1744,2459,2864,,719,537,488,715,405,3393
6260,719,1258,1742,2434,2849,,719,539,484,692,415,3411
6267,717,1230,1717,2441,2857,,717,513,487,724,416,3410
6271,691,1178,1664,2407,2854,,691,487,486,743,447,3417
6327,747,1257,1742,2432,2851,,747,510,485,690,419,3476
6349,728,1255,1740,2480,2900,,728,527,485,740,420,3449
6019,687,1183,1604,2237,2628,,687,496,421,633,391,3391
6196,705,1215,1686,2404,2819,,705,510,471,718,415,3377
6196,716,1214,1686,2404,2818,,716,498,472,718,414,3378
6096,704,1159,1642,2275,2666,,704,455,483,633,391,3430
6323,716,1228,1718,2454,2877,,716,512,490,736,423,3446
6171,715,1231,1666,2367,2762,,715,516,435,701,395,3409
6172,717,1215,1688,2403,2795,,717,498,473,715,392,3377
5967,702,1189,1627,2276,2607,,702,487,438,649,331,3360
5970,702,1189,1619,2250,2582,,702,487,430,631,332,3388
5898,697,1171,1642,2266,2559,,697,474,471,624,293,3339
6135,639,1063,1528,2267,2678,,639,424,465,739,411,3457
6373,728,1258,1771,2479,2930,,728,530,513,708,451,3443
6236,717,1229,1660,2369,2787,,717,512,431,709,418,3449
6187,703,1216,1687,2404,2816,,703,513,471,717,412,3371
5911,704,1175,1588,2226,2556,,704,471,413,638,330,3355
5903,704,1159,1573,2209,2542,,704,455,414,636,333,3361
5922,703,1171,1587,2224,2557,,703,468,416,637,333,3365
5759,647,1062,1463,2094,2412,,647,415,401,631,318,3347
6238,706,1218,1716,2445,2867,,706,512,498,729,422,3371
6271,720,1219,1690,2443,2862,,720,499,471,753,419,3409
6076,677,1088,1524,2231,2629,,677,411,436,707,398,3447
6219,705,1218,1690,2443,2820,,705,513,472,753,377,3399
6194,716,1216,1687,2442,2818,,716,500,471,755,376,3376
6197,704,1218,1688,2443,2823,,704,514,470,755,380,3374
6194,716,1217,1689,2441,2819,,716,501,472,752,378,3375
6056,706,1178,1650,2314,2669,,706,472,472,664,355,3387
6198,717,1214,1688,2441,2820,,717,497,474,753,379,3378
6198,707,1219,1691,2410,2820,,707,512,472,719,410,3378
6200,705,1216,1689,2406,2818,,705,511,473,717,412,3382
6195,705,1218,1691,2442,2822,,705,513,473,751,380,3373
6197,718,1227,1648,2353,2746,,718,509,421,705,393,3451
6349,747,1261,1747,2459,2906,,747,514,486,712,447,3443
6323,729,1228,1716,2454,2876,,729,499,488,738,422,3447
6278,716,1258,1742,2422,2799,,716,542,484,680,377,3479
6347,730,1227,1715,2482,2900,,730,497,488,767,418,3447
6323,727,1227,1694,2452,2874,,727,500,467,758,422,3449
6284,716,1229,1716,2453,2860,,716,513,487,737,407,3424
6300,745,1233,1693,2442,2876,,745,488,460,749,434,3424
6299,742,1257,1768,2458,2846,,742,515,511,690,388,3453
6379,756,1265,1753,2466,2902,,756,509,488,713,436,3477
6326,717,1229,1678,2433,2882,,717,512,449,755,449,3444
6322,712,1256,1740,2452,2874,,712,544,484,712,422,3448
6224,727,1205,1665,2377,2767,,727,478,460,712,390,3457
6349,720,1212,1691,2483,2902,,720,492,479,792,419,3447
6371,727,1227,1745,2507,2925,,727,500,518,762,418,3446
6348,755,1219,1678,2427,2903,,755,464,459,749,476,3445
6255,728,1227,1693,2427,2850,,728,499,466,734,423,3405
6247,705,1218,1689,2444,2863,,705,513,471,755,419,3384
6197,705,1217,1691,2407,2820,,705,512,474,716,413,3377
6166,704,1218,1690,2404,2797,,704,514,472,714,393,3369
6099,678,1142,1570,2265,2657,,678,464,428,695,392,3442
6325,716,1228,1718,2453,2876,,716,512,490,735,423,3449
6325,717,1230,1696,2453,2880,,717,513,466,757,427,3445
6201,715,1210,1627,2330,2738,,715,495,417,703,408,3463
6323,716,1194,1679,2453,2876,,716,478,485,774,423,3447
6235,719,1230,1679,2369,2791,,719,511,449,690,422,3444
6196,704,1215,1686,2403,2820,,704,511,471,717,417,3376
6197,705,1218,1675,2441,2825,,705,513,457,766,384,3372
5995,717,1215,1646,2274,2608,,717,498,431,628,334,3387
6212,699,1135,1606,2291,2690,,699,436,471,685,399,3522
6079,646,1057,1494,2137,2595,,646,411,437,643,458,3484
6324,715,1228,1746,2455,2876,,715,513,518,709,421,3448
6225,716,1257,1664,2379,2789,,716,541,407,715,410,3436
6402,715,1228,1717,2482,2929,,715,513,489,765,447,3473
6350,726,1254,1739,2450,2879,,726,528,485,711,429,3471
6323,716,1256,1662,2452,2874,,716,540,406,790,422,3449
6295,716,1228,1716,2482,2879,,716,512,488,766,397,3416
6325,716,1228,1639,2384,2876,,716,512,411,745,492,3449
6329,716,1228,1714,2453,2855,,716,512,486,739,402,3474
6353,744,1228,1716,2452,2876,,744,484,488,736,424,3477
6254,715,1225,1696,2355,2763,,715,510,471,659,408,3491
6323,727,1230,1715,2452,2874,,727,503,485,737,422,3449
6227,744,1151,1618,2328,2739,,744,407,467,710,411,3488
6353,716,1228,1745,2453,2877,,716,512,517,708,424,3476
6346,718,1259,1747,2485,2907,,718,541,488,738,422,3439
6325,719,1219,1704,2454,2873,,719,500,485,750,419,3452
6257,718,1229,1746,2435,2852,,718,511,517,689,417,3405
6272,706,1220,1690,2442,2863,,706,514,470,752,421,3409
6271,704,1217,1690,2442,2861,,704,513,473,752,419,3410
6220,704,1217,1690,2442,2820,,704,513,473,752,378,3400
6176,704,1173,1635,2353,2745,,704,469,462,718,392,3431
6378,716,1228,1715,2453,2906,,716,512,487,738,453,3472
6348,727,1226,1715,2469,2900,,727,499,489,754,431,3448
6351,717,1228,1716,2484,2901,,717,511,488,768,417,3450
6281,715,1260,1697,2410,2817,,715,545,437,713,407,3464
6348,729,1227,1743,2478,2903,,729,498,516,735,425,3445
6269,716,1228,1745,2432,2851,,716,512,517,687,419,3418
6225,717,1228,1640,2331,2771,,717,511,412,691,440,3454
6298,717,1258,1741,2453,2855,,717,541,483,712,402,3443
6323,715,1228,1716,2452,2875,,715,513,488,736,423,3448
6284,728,1225,1713,2451,2840,,728,497,488,738,389,3444
6200,704,1234,1705,2416,2821,,704,530,471,711,405,3379
6200,704,1219,1690,2442,2822,,704,515,471,752,380,3378
6138,706,1219,1648,2343,2695,,706,513,429,695,352,3443
6203,704,1170,1618,2331,2742,,704,466,448,713,411,3461
6349,745,1254,1743,2453,2906,,745,509,489,710,453,3443
6328,716,1228,1746,2455,2876,,716,512,518,709,421,3452
6375,716,1228,1695,2453,2905,,716,512,467,758,452,3470
6354,717,1229,1717,2453,2877,,717,512,488,736,424,3477
6353,715,1228,1715,2454,2876,,715,513,487,739,422,3477
6230,683,1218,1647,2311,2695,,683,535,429,664,384,3535
6349,716,1257,1741,2454,2908,,716,541,484,713,454,3441
6312,716,1256,1687,2442,2866,,716,540,431,755,424,3446
6125,704,1217,1649,2345,2742,,704,513,432,696,397,3383
6055,703,1175,1605,2299,2678,,703,472,430,694,379,3377
6036,704,1173,1647,2307,2662,,704,469,474,660,355,3374
6169,704,1217,1689,2405,2797,,704,513,472,716,392,3372
6008,700,1188,1660,2316,2638,,700,488,472,656,322,3370
5922,698,1166,1597,2227,2559,,698,468,431,630,332,3363
6030,700,1146,1561,2196,2595,,700,446,415,635,399,3435
6055,645,1123,1527,2179,2610,,645,478,404,652,431,3445
6349,716,1228,1717,2482,2901,,716,512,489,765,419,3448
6200,716,1228,1638,2353,2763,,716,512,410,715,410,3437
6324,716,1228,1718,2453,2876,,716,512,490,735,423,3448
6325,716,1228,1746,2455,2876,,716,512,518,709,421,3449
6324,744,1229,1716,2453,2876,,744,485,487,737,423,3448
6283,716,1228,1715,2435,2858,,716,512,487,720,423,3425
6257,716,1228,1696,2428,2847,,716,512,468,732,419,3410
6267,718,1228,1716,2438,2841,,718,510,488,722,403,3426
6264,717,1227,1715,2438,2856,,717,510,488,723,418,3408
6294,726,1250,1738,2453,2873,,726,524,488,715,420,3421
6355,744,1229,1717,2454,2877,,744,485,488,737,423,3478
6325,726,1226,1715,2451,2903,,726,500,489,736,452,3422
6275,717,1230,1717,2444,2857,,717,513,487,727,413,3418
6325,683,1180,1669,2384,2878,,683,497,489,715,494,3447
6256,727,1227,1715,2432,2847,,727,500,488,717,415,3409
6265,716,1229,1718,2438,2858,,716,513,489,720,420,3407
6306,716,1229,1717,2440,2860,,716,513,488,723,420,3446
6264,716,1226,1714,2435,2856,,716,510,488,721,421,3408
6262,728,1227,1715,2435,2853,,728,499,488,720,418,3409
6186,716,1229,1681,2317,2682,,716,513,452,636,365,3504
5993,704,1217,1648,2299,2634,,704,513,431,651,335,3359
5918,704,1177,1589,2228,2562,,704,473,412,639,334,3356
5952,705,1174,1588,2224,2569,,705,469,414,636,345,3383
6065,668,1158,1587,2216,2637,,668,490,429,629,421,3428
6286,716,1230,1719,2440,2861,,716,514,489,721,421,3425
6301,717,1256,1742,2453,2875,,717,539,486,711,422,3426
6271,716,1257,1720,2429,2851,,716,541,463,709,422,3420
6300,716,1257,1742,2453,2875,,716,541,485,711,422,3425
6303,716,1232,1745,2455,2877,,716,516,513,710,422,3426
6184,718,1259,1713,2391,2814,,718,541,454,678,423,3370
5921,705,1178,1590,2227,2558,,705,473,412,637,331,3363
5846,664,1098,1514,2149,2482,,664,434,416,635,333,3364
5922,665,1099,1514,2151,2495,,665,434,415,637,344,3427
6298,716,1229,1745,2454,2878,,716,513,516,709,424,3420
6287,692,1228,1716,2436,2860,,692,536,488,720,424,3427
6302,717,1230,1746,2455,2877,,717,513,516,709,422,3425
6300,716,1259,1669,2455,2878,,716,543,410,786,423,3422
6265,717,1230,1717,2440,2856,,717,513,487,723,416,3409
6259,716,1257,1767,2458,2851,,716,541,510,691,393,3408
6232,718,1258,1709,2443,2846,,718,540,451,734,403,3386
6200,704,1218,1691,2406,2823,,704,514,473,715,417,3377
6246,715,1214,1641,2351,2785,,715,499,427,710,434,3461
6324,716,1229,1746,2455,2877,,716,513,517,709,422,3447
6172,728,1170,1654,2340,2691,,728,442,484,686,351,3481
6324,715,1229,1717,2454,2876,,715,514,488,737,422,3448
6324,717,1230,1717,2454,2877,,717,513,487,737,423,3447
6377,716,1228,1717,2454,2905,,716,512,489,737,451,3472
6300,716,1227,1716,2453,2876,,716,511,489,737,423,3424
6354,717,1230,1718,2440,2877,,717,513,488,722,437,3477
6174,716,1192,1646,2353,2738,,716,476,454,707,385,3436
6350,717,1227,1745,2480,2901,,717,510,518,735,421,3449
6350,717,1229,1716,2482,2902,,717,512,487,766,420,3448
6196,717,1206,1667,2377,2746,,717,489,461,710,369,3450
6230,709,1169,1641,2346,2718,,709,460,472,705,372,3512
6353,717,1203,1691,2454,2876,,717,486,488,763,422,3477
6274,717,1228,1717,2456,2857,,717,511,489,739,401,3417
6282,716,1229,1717,2441,2861,,716,513,488,724,420,3421
6285,716,1230,1717,2437,2862,,716,514,487,720,425,3423
6265,717,1228,1718,2437,2856,,717,511,490,719,419,3409
6267,716,1231,1715,2437,2863,,716,515,484,722,426,3404
6282,728,1231,1715,2437,2860,,728,503,484,722,423,3422
6257,716,1228,1745,2422,2851,,716,512,517,677,429,3406
6195,717,1211,1660,2363,2776,,717,494,449,703,413,3419
6184,719,1208,1669,2355,2763,,719,489,461,686,408,3421
6270,717,1229,1717,2440,2843,,717,512,488,723,403,3427
6283,716,1229,1716,2440,2860,,716,513,487,724,420,3423
6280,716,1227,1716,2416,2861,,716,511,489,700,445,3419
6265,718,1229,1716,2412,2856,,718,511,487,696,444,3409
6266,717,1229,1717,2438,2856,,717,512,488,721,418,3410
6292,719,1227,1716,2437,2870,,719,508,489,721,433,3422
6263,717,1228,1717,2439,2843,,717,511,489,722,404,3420
6231,716,1258,1721,2412,2837,,716,542,463,691,425,3394
6269,705,1215,1683,2439,2859,,705,510,468,756,420,3410
6223,719,1229,1783,2427,2800,,719,510,554,644,373,3423
6297,716,1229,1718,2438,2863,,716,513,489,720,425,3434
6306,725,1226,1714,2434,2860,,725,501,488,720,426,3446
6285,727,1227,1714,2437,2864,,727,500,487,723,427,3421
6322,716,1229,1716,2438,2862,,716,513,487,722,424,3460
6231,716,1230,1718,2435,2838,,716,514,488,717,403,3393
6230,716,1230,1743,2435,2819,,716,514,513,692,384,3411
6272,716,1232,1719,2441,2859,,716,516,487,722,418,3413
6257,716,1228,1716,2432,2848,,716,512,488,716,416,3409
6263,717,1230,1718,2439,2858,,717,513,488,721,419,3405
6257,727,1219,1714,2430,2835,,727,492,495,716,405,3422
6270,716,1229,1717,2439,2856,,716,513,488,722,417,3414
6256,715,1229,1718,2432,2849,,715,514,489,714,417,3407
6233,717,1232,1718,2433,2838,,717,515,486,715,405,3395
6236,716,1231,1718,2433,2838,,716,515,487,715,405,3398
6234,716,1231,1718,2433,2839,,716,515,487,715,406,3395
6237,716,1231,1719,2439,2804,,716,515,488,720,365,3433
6325,717,1230,1718,2459,2877,,717,513,488,741,418,3448
6331,716,1229,1719,2454,2877,,716,513,490,735,423,3454
6353,716,1233,1718,2454,2878,,716,517,485,736,424,3475
6266,716,1237,1752,2461,2845,,716,521,515,709,384,3421
6133,704,1175,1646,2351,2727,,704,471,471,705,376,3406
6168,705,1216,1687,2401,2798,,705,511,471,714,397,3370
5945,702,1167,1597,2234,2585,,702,465,430,637,351,3360
5919,700,1167,1597,2224,2558,,700,467,430,627,334,3361
5918,702,1192,1596,2224,2558,,702,490,404,628,334,3360
5944,705,1109,1522,2159,2494,,705,404,413,637,335,3450
6287,704,1216,1689,2441,2861,,704,512,473,752,420,3426
6268,704,1218,1690,2427,2867,,704,514,472,737,440,3401
5971,705,1217,1647,2276,2608,,705,512,430,629,332,3363
5922,704,1157,1596,2234,2568,,704,453,439,638,334,3354
5882,704,1134,1549,2185,2519,,704,430,415,636,334,3363
5918,705,1173,1590,2224,2558,,705,468,417,634,334,3360
5943,706,1174,1590,2224,2567,,706,468,416,634,343,3376
5915,715,1173,1587,2223,2556,,715,458,414,636,333,3359
5919,706,1176,1590,2225,2558,,706,470,414,635,333,3361
5832,669,1085,1483,2118,2464,,669,416,398,635,346,3368
5845,665,1100,1517,2152,2484,,665,435,417,635,332,3361
5942,666,1175,1591,2226,2570,,666,509,416,635,344,3372
6168,705,1172,1621,2294,2688,,705,467,449,673,394,3480
6280,722,1246,1732,2447,2871,,722,524,486,715,424,3409
6286,744,1230,1717,2438,2861,,744,486,487,721,423,3425
6326,745,1229,1746,2455,2877,,745,484,517,709,422,3449
6324,744,1228,1717,2456,2876,,744,484,489,739,420,3448
6404,745,1258,1771,2509,2926,,745,513,513,738,417,3478
6354,716,1228,1716,2454,2877,,716,512,488,738,423,3477
6306,741,1229,1716,2423,2867,,741,488,487,707,444,3439
6196,705,1216,1690,2441,2821,,705,511,474,751,380,3375
6197,705,1218,1690,2407,2827,,705,513,472,717,420,3370
6170,716,1217,1689,2401,2798,,716,501,472,712,397,3372
6011,649,1087,1526,2202,2571,,649,438,439,676,369,3440
6199,707,1221,1693,2405,2819,,707,514,472,712,414,3380
5917,701,1165,1597,2225,2558,,701,464,432,628,333,3359
5930,702,1169,1598,2227,2562,,702,467,429,629,335,3368
6214,703,1215,1686,2399,2796,,703,512,471,713,397,3418
6312,704,1216,1688,2442,2863,,704,512,472,754,421,3449
5999,669,1143,1615,2278,2633,,669,474,472,663,355,3366
6052,706,1135,1571,2274,2646,,706,429,436,703,372,3406
6261,716,1258,1743,2434,2853,,716,542,485,691,419,3408
6260,717,1259,1743,2433,2853,,717,542,484,690,420,3407
6140,676,1159,1647,2338,2704,,676,483,488,691,366,3436
6288,713,1220,1691,2444,2862,,713,507,471,753,418,3426
5974,704,1220,1651,2275,2609,,704,516,431,624,334,3365
5920,705,1177,1589,2230,2559,,705,472,412,641,329,3361
5950,704,1174,1589,2224,2572,,704,470,415,635,348,3378
5919,716,1173,1587,2224,2556,,716,457,414,637,332,3363
5916,675,1176,1587,2223,2556,,675,501,411,636,333,3360
6018,706,1218,1650,2302,2636,,706,512,432,652,334,3382
6239,705,1218,1689,2404,2823,,705,513,471,715,419,3416
6326,716,1230,1717,2454,2878,,716,514,487,737,424,3448
6262,745,1230,1718,2425,2825,,745,485,488,707,400,3437
6200,705,1218,1688,2383,2819,,705,513,470,695,436,3381
6169,703,1216,1688,2399,2799,,703,513,472,711,400,3370
6209,700,1193,1665,2308,2727,,700,493,472,643,419,3482
6302,718,1228,1716,2452,2875,,718,510,488,736,423,3427
6282,716,1228,1717,2438,2860,,716,512,489,721,422,3422
6181,714,1221,1702,2412,2800,,714,507,481,710,388,3381
6325,717,1229,1717,2454,2877,,717,512,488,737,423,3448
6326,718,1229,1718,2440,2877,,718,511,489,722,437,3449
6325,717,1230,1717,2454,2877,,717,513,487,737,423,3448
6289,721,1228,1717,2441,2877,,721,507,489,724,436,3412
6172,704,1228,1705,2402,2799,,704,524,477,697,397,3373
5919,704,1175,1589,2225,2559,,704,471,414,636,334,3360
5996,706,1157,1570,2206,2570,,706,451,413,636,364,3426
6231,716,1228,1697,2430,2835,,716,512,469,733,405,3396
6284,745,1230,1718,2438,2864,,745,485,488,720,426,3420
6172,703,1176,1655,2343,2766,,703,473,479,688,423,3406
5969,705,1217,1647,2278,2611,,705,512,430,631,333,3358
5955,703,1174,1588,2225,2558,,703,471,414,637,333,3397
5924,703,1176,1591,2226,2559,,703,473,415,635,333,3365
5929,670,1141,1570,2200,2544,,670,471,429,630,344,3385
5871,664,1098,1515,2150,2483,,664,434,417,635,333,3388
6231,715,1229,1696,2416,2838,,715,514,467,720,422,3393
6263,717,1230,1718,2439,2838,,717,513,488,721,399,3425
6256,717,1230,1717,2434,2849,,717,513,487,717,415,3407
6266,717,1231,1718,2439,2858,,717,514,487,721,419,3408
6207,714,1214,1679,2430,2838,,714,500,465,751,408,3369
5993,716,1216,1645,2275,2608,,716,500,429,630,333,3385
5923,716,1170,1586,2221,2555,,716,454,416,635,334,3368
5849,662,1100,1516,2150,2485,,662,438,416,634,335,3364
5884,665,1095,1493,2120,2438,,665,430,398,627,318,3446
5819,647,1057,1468,2102,2437,,647,410,411,634,335,3382
5919,705,1176,1589,2225,2559,,705,471,413,636,334,3360
5925,705,1151,1565,2198,2531,,705,446,414,633,333,3394
5894,705,1175,1589,2200,2536,,705,470,414,611,336,3358
5868,665,1099,1514,2150,2485,,665,434,415,636,335,3383
5922,705,1177,1590,2226,2560,,705,472,413,636,334,3362
5854,665,1083,1497,2140,2467,,665,418,414,643,327,3387
5823,666,1099,1514,2123,2457,,666,433,415,609,334,3366
5824,665,1101,1514,2128,2458,,665,436,413,614,330,3366
5841,660,1092,1490,2120,2464,,660,432,398,630,344,3377
5847,664,1100,1515,2152,2486,,664,436,415,637,334,3361
5871,667,1098,1515,2152,2484,,667,431,417,637,332,3387
5852,664,1108,1523,2159,2497,,664,444,415,636,338,3355
5919,703,1175,1590,2225,2559,,703,472,415,635,334,3360
5944,707,1173,1588,2223,2571,,707,466,415,635,348,3373
5870,665,1101,1513,2149,2497,,665,436,412,636,348,3373
6169,706,1216,1688,2405,2797,,706,510,472,717,392,3372
5963,706,1177,1615,2276,2613,,706,471,438,661,337,3350
6175,706,1221,1692,2407,2801,,706,515,471,715,394,3374
6107,705,1198,1680,2350,2684,,705,493,482,670,334,3423
5967,700,1192,1646,2277,2610,,700,492,454,631,333,3357
6045,701,1193,1666,2326,2660,,701,492,473,660,334,3385
6007,703,1178,1652,2289,2627,,703,475,474,637,338,3380
5944,701,1191,1623,2251,2583,,701,490,432,628,332,3361
5944,700,1193,1624,2251,2583,,700,493,431,627,332,3361
6003,710,1197,1607,2241,2576,,710,487,410,634,335,3427
6270,706,1216,1687,2441,2861,,706,510,471,754,420,3409
6043,704,1219,1650,2301,2669,,704,515,431,651,368,3374
5923,704,1178,1592,2226,2559,,704,474,414,634,333,3364
5926,717,1170,1588,2222,2556,,717,453,418,634,334,3370
5921,704,1174,1592,2228,2559,,704,470,418,636,331,3362
5920,704,1174,1590,2227,2560,,704,470,416,637,333,3360
5906,689,1132,1548,2184,2518,,689,443,416,636,334,3388
5921,704,1176,1589,2227,2560,,704,472,413,638,333,3361
5845,665,1100,1516,2151,2484,,665,435,416,635,333,3361
5846,666,1100,1515,2150,2485,,666,434,415,635,335,3361
5923,704,1175,1591,2226,2560,,704,471,416,635,334,3363
5949,729,1176,1590,2225,2558,,729,447,414,635,333,3391
5926,704,1173,1589,2224,2558,,704,469,416,635,334,3368
5928,704,1174,1600,2229,2559,,704,470,426,629,330,3369
5997,714,1171,1586,2223,2556,,714,457,415,637,333,3441
6081,716,1207,1652,2312,2675,,716,491,445,660,363,3406
6250,721,1247,1713,2448,2855,,721,526,466,735,407,3395
5994,705,1218,1647,2277,2612,,705,513,429,630,335,3382
5918,717,1175,1587,2224,2559,,717,458,412,637,335,3359
5921,705,1174,1589,2224,2558,,705,469,415,635,334,3363
5921,704,1177,1590,2226,2560,,704,473,413,636,334,3361
5848,665,1101,1514,2151,2483,,665,436,413,637,332,3365
5871,665,1098,1513,2154,2484,,665,433,415,641,330,3387
5924,688,1173,1589,2231,2558,,688,485,416,642,327,3366
5813,667,1093,1518,2146,2465,,667,426,425,628,319,3348
5946,705,1175,1590,2231,2560,,705,470,415,641,329,3386
5945,715,1173,1589,2224,2558,,715,458,416,635,334,3387
5924,704,1175,1592,2225,2559,,704,471,417,633,334,3365
5919,706,1175,1587,2224,2548,,706,469,412,637,324,3371
5813,666,1097,1496,2121,2440,,666,431,399,625,319,3373
5827,659,1078,1476,2106,2449,,659,419,398,630,343,3378
5850,667,1100,1516,2152,2486,,667,433,416,636,334,3364
5849,665,1099,1516,2150,2473,,665,434,417,634,323,3376
5849,668,1098,1515,2153,2483,,668,430,417,638,330,3366
5867,665,1102,1515,2151,2483,,665,437,413,636,332,3384
5871,669,1104,1516,2151,2487,,669,435,412,635,336,3384
5871,665,1099,1516,2150,2489,,665,434,417,634,339,3382
5918,704,1174,1591,2227,2561,,704,470,417,636,334,3357
5938,705,1176,1588,2221,2564,,705,471,412,633,343,3374
5925,704,1181,1591,2227,2565,,704,477,410,636,338,3360
6172,705,1219,1692,2406,2798,,705,514,473,714,392,3374
5974,704,1176,1614,2276,2608,,704,472,438,662,332,3366
6175,705,1218,1694,2406,2819,,705,513,476,712,413,3356
6180,704,1216,1689,2403,2800,,704,512,473,714,397,3380
6168,715,1191,1663,2366,2786,,715,476,472,703,420,3382
6170,705,1218,1690,2407,2800,,705,513,472,717,393,3370
5998,702,1191,1663,2304,2634,,702,489,472,641,330,3364
5920,701,1168,1600,2228,2563,,701,467,432,628,335,3357
5922,700,1169,1598,2229,2561,,700,469,429,631,332,3361
6237,703,1222,1694,2385,2799,,703,519,472,691,414,3438
6245,706,1217,1689,2442,2862,,706,511,472,753,420,3383
6026,705,1220,1650,2302,2656,,705,515,430,652,354,3370
5922,709,1176,1589,2225,2559,,709,467,413,636,334,3363
5973,715,1198,1613,2252,2585,,715,483,415,639,333,3388
5920,707,1176,1593,2227,2559,,707,469,417,634,332,3361
5947,704,1176,1591,2226,2560,,704,472,415,635,334,3387
5849,666,1079,1492,2127,2461,,666,413,413,635,334,3388
5845,666,1100,1517,2153,2485,,666,434,417,636,332,3360
5913,672,1169,1584,2220,2554,,672,497,415,636,334,3359
5913,705,1176,1589,2224,2544,,705,471,413,635,320,3369
5860,669,1116,1530,2165,2500,,669,447,414,635,335,3360
5848,667,1105,1515,2152,2485,,667,438,410,637,333,3363
5876,666,1101,1517,2152,2485,,666,435,416,635,333,3391
5873,667,1099,1516,2151,2487,,667,432,417,635,336,3386
5921,704,1181,1591,2234,2562,,704,477,410,643,328,3359
5921,704,1176,1589,2226,2558,,704,472,413,637,332,3363
5949,711,1176,1588,2225,2572,,711,465,412,637,347,3377
5941,675,1171,1587,2223,2556,,675,496,416,636,333,3385
5921,706,1176,1588,2227,2560,,706,470,412,639,333,3361
5849,666,1100,1514,2154,2485,,666,434,414,640,331,3364
5848,666,1100,1513,2151,2485,,666,434,413,638,334,3363
5850,667,1102,1517,2155,2485,,667,435,415,638,330,3365
5852,664,1101,1515,2152,2485,,664,437,414,637,333,3367
5875,665,1101,1517,2151,2486,,665,436,416,634,335,3389
5911,704,1176,1589,2219,2539,,704,472,413,630,320,3372
5921,705,1177,1590,2226,2559,,705,472,413,636,333,3362
5872,665,1100,1513,2149,2486,,665,435,413,636,337,3386
5908,665,1100,1515,2151,2486,,665,435,415,636,335,3422
5821,666,1078,1492,2127,2461,,666,412,414,635,334,3360
5872,665,1101,1517,2154,2488,,665,436,416,637,334,3384
5838,659,1090,1489,2122,2467,,659,431,399,633,345,3371
5876,664,1102,1518,2153,2487,,664,438,416,635,334,3389
5924,704,1174,1591,2226,2561,,704,470,417,635,335,3363
5881,671,1109,1546,2184,2519,,671,438,437,638,335,3362
5901,707,1158,1572,2207,2541,,707,451,414,635,334,3360
5919,706,1174,1590,2225,2560,,706,468,416,635,335,3359
5923,704,1176,1590,2225,2559,,704,472,414,635,334,3364
5845,668,1099,1514,2150,2485,,668,431,415,636,335,3360
5844,664,1099,1514,2149,2484,,664,435,415,635,335,3360
5923,706,1176,1591,2227,2562,,706,470,415,636,335,3361
6172,687,1219,1690,2406,2797,,687,532,471,716,391,3375
6000,705,1216,1647,2300,2637,,705,511,431,653,337,3363
6173,705,1217,1688,2405,2798,,705,512,471,717,393,3375
6032,706,1176,1649,2310,2645,,706,470,473,661,335,3387
6023,702,1196,1669,2330,2663,,702,494,473,661,333,3360
6045,702,1192,1665,2327,2660,,702,490,473,662,333,3385
6095,703,1198,1679,2347,2701,,703,495,481,668,354,3394
5941,700,1190,1619,2250,2583,,700,490,429,631,333,3358
5945,701,1192,1620,2252,2584,,701,491,428,632,332,3361
6034,716,1215,1644,2274,2606,,716,499,429,630,332,3428
6271,702,1220,1692,2445,2864,,702,518,472,753,419,3407
6024,705,1217,1647,2301,2658,,705,512,430,654,357,3366
5922,703,1178,1591,2225,2559,,703,475,413,634,334,3363
5908,705,1138,1549,2186,2519,,705,433,411,637,333,3389
5878,705,1136,1549,2186,2520,,705,431,413,637,334,3358
5921,705,1177,1590,2226,2560,,705,472,413,636,334,3361
5924,704,1175,1591,2226,2560,,704,471,416,635,334,3364
5846,665,1099,1514,2151,2485,,665,434,415,637,334,3361
5855,672,1109,1523,2163,2494,,672,437,414,640,331,3361
5872,668,1100,1516,2154,2485,,668,432,416,638,331,3387
5870,667,1104,1516,2150,2484,,667,437,412,634,334,3386
5847,664,1099,1516,2150,2483,,664,435,417,634,333,3364
5847,664,1102,1515,2152,2485,,664,438,413,637,333,3362
5837,659,1088,1486,2120,2464,,659,429,398,634,344,3373
5842,669,1101,1515,2150,2483,,669,432,414,635,333,3359
5844,663,1100,1517,2151,2485,,663,437,417,634,334,3359
5849,665,1100,1514,2153,2487,,665,435,414,639,334,3362
5919,706,1177,1590,2226,2559,,706,471,413,636,333,3360
5895,669,1102,1540,2202,2538,,669,433,438,662,336,3357
6000,662,1093,1564,2269,2624,,662,431,471,705,355,3376
6198,705,1217,1690,2406,2821,,705,512,473,716,415,3377
6173,704,1218,1690,2406,2801,,704,514,472,716,395,3372
6172,705,1219,1692,2402,2800,,705,514,473,710,398,3372
6023,705,1190,1662,2327,2661,,705,485,472,665,334,3362
6225,648,1129,1619,2330,2765,,648,481,490,711,435,3460
6304,717,1230,1719,2454,2881,,717,513,489,735,427,3423
6100,716,1232,1664,2369,2746,,716,516,432,705,377,3354
6061,701,1216,1645,2277,2612,,701,515,429,632,335,3449
6288,705,1219,1691,2444,2863,,705,514,472,753,419,3425
6122,664,1142,1615,2318,2674,,664,478,473,703,356,3448
5946,705,1179,1591,2229,2566,,705,474,412,638,337,3380
5945,714,1171,1586,2222,2556,,714,457,415,636,334,3389
5922,704,1173,1580,2226,2559,,704,469,407,646,333,3363
5811,671,1098,1517,2148,2467,,671,427,419,631,319,3344
6021,700,1220,1651,2301,2639,,700,520,431,650,338,3382
5896,702,1152,1565,2203,2536,,702,450,413,638,333,3360
5949,704,1175,1591,2228,2565,,704,471,416,637,337,3384
5997,687,1218,1648,2291,2617,,687,531,430,643,326,3380
5814,661,1094,1492,2122,2441,,661,433,398,630,319,3373
5812,666,1104,1512,2123,2442,,666,438,408,611,319,3370
6200,713,1219,1691,2445,2825,,713,506,472,754,380,3375
6199,704,1217,1670,2399,2819,,704,513,453,729,420,3380
6173,704,1220,1692,2406,2799,,704,516,472,714,393,3374
6198,696,1218,1690,2407,2822,,696,522,472,717,415,3376
5945,673,1114,1588,2251,2587,,673,441,474,663,336,3358
6205,707,1253,1726,2437,2839,,707,546,473,711,402,3366
6026,703,1191,1664,2324,2660,,703,488,473,660,336,3366
5944,703,1193,1625,2251,2583,,703,490,432,626,332,3361
5944,702,1192,1621,2250,2583,,702,490,429,629,333,3361
6235,705,1220,1694,2384,2799,,705,515,474,690,415,3436
6288,705,1221,1693,2443,2863,,705,516,472,750,420,3425
6027,706,1218,1648,2302,2655,,706,512,430,654,353,3372
5922,705,1181,1589,2229,2562,,705,476,408,640,333,3360
5948,707,1179,1615,2254,2587,,707,472,436,639,333,3361
5945,705,1175,1591,2226,2559,,705,470,416,635,333,3386
5853,664,1107,1522,2159,2494,,664,443,415,637,335,3359
5950,706,1176,1591,2231,2561,,706,470,415,640,330,3389
5920,704,1177,1591,2226,2561,,704,473,414,635,335,3359
5946,704,1180,1591,2227,2562,,704,476,411,636,335,3384
5947,706,1177,1593,2227,2562,,706,471,416,634,335,3385
5844,665,1103,1517,2152,2489,,665,438,414,635,337,3355
5849,664,1099,1517,2151,2486,,664,435,418,634,335,3363
5855,664,1099,1515,2151,2489,,664,435,416,636,338,3366
5843,665,1104,1517,2152,2486,,665,439,413,635,334,3357
5820,651,1078,1492,2129,2463,,651,427,414,637,334,3357
5920,707,1176,1591,2228,2562,,707,469,415,637,334,3358
5950,706,1174,1591,2223,2574,,706,468,417,632,351,3376
5946,703,1175,1590,2227,2562,,703,472,415,637,335,3384
5889,704,1172,1574,2197,2540,,704,468,402,623,343,3349
5842,664,1103,1515,2154,2486,,664,439,412,639,332,3356
5946,704,1179,1592,2226,2563,,704,475,413,634,337,3383
5925,705,1175,1591,2226,2561,,705,470,416,635,335,3364
5886,704,1175,1589,2201,2534,,704,471,414,612,333,3352
5838,667,1103,1515,2147,2492,,667,436,412,632,345,3346
5921,709,1177,1595,2227,2560,,709,468,418,632,333,3361
5893,704,1149,1563,2199,2533,,704,445,414,636,334,3360
5899,706,1176,1589,2201,2538,,706,470,413,612,337,3361
5850,664,1102,1519,2152,2487,,664,438,417,633,335,3363
5815,665,1102,1517,2122,2466,,665,437,415,605,344,3349
5822,664,1079,1490,2128,2462,,664,415,411,638,334,3360
5851,668,1100,1520,2156,2486,,668,432,420,636,330,3365
5926,704,1175,1591,2227,2562,,704,471,416,636,335,3364
5925,704,1175,1591,2226,2561,,704,471,416,635,335,3364
5940,705,1183,1611,2265,2586,,705,478,428,654,321,3354
5940,716,1201,1613,2248,2581,,716,485,412,635,333,3359
5902,706,1161,1575,2210,2545,,706,455,414,635,335,3357
5951,706,1179,1592,2228,2560,,706,473,413,636,332,3391
5922,704,1181,1593,2227,2561,,704,477,412,634,334,3361
5921,706,1175,1594,2227,2562,,706,469,419,633,335,3359
5914,711,1170,1585,2222,2555,,711,459,415,637,333,3359
6174,705,1218,1692,2406,2801,,705,513,474,714,395,3373
6201,705,1221,1693,2407,2822,,705,516,472,714,415,3379
6201,705,1222,1693,2404,2821,,705,517,471,711,417,3380
6176,705,1219,1690,2403,2799,,705,514,471,713,396,3377
6044,704,1191,1661,2325,2661,,704,487,470,664,336,3383
6008,703,1177,1650,2312,2646,,703,474,473,662,334,3362
6049,702,1192,1667,2323,2661,,702,490,475,656,338,3388
5970,703,1194,1608,2277,2614,,703,491,414,669,337,3356
5960,703,1192,1625,2247,2591,,703,489,433,622,344,3369
5994,705,1218,1646,2277,2612,,705,513,428,631,335,3382
6287,705,1217,1692,2442,2863,,705,512,475,750,421,3424
6225,704,1220,1692,2444,2825,,704,516,472,752,381,3400
5922,705,1176,1590,2227,2560,,705,471,414,637,333,3362
5947,704,1174,1591,2231,2562,,704,470,417,640,331,3385
5922,696,1136,1568,2203,2539,,696,440,432,635,336,3383
5904,707,1161,1574,2209,2544,,707,454,413,635,335,3360
5923,705,1174,1590,2225,2559,,705,469,416,635,334,3364
5918,704,1177,1591,2228,2560,,704,473,414,637,332,3358
5731,632,1040,1436,2064,2384,,632,408,396,628,320,3347
5680,628,1036,1432,2043,2339,,628,408,396,611,296,3341
6200,706,1180,1652,2332,2722,,706,474,472,680,390,3478
6289,705,1219,1691,2444,2863,,705,514,472,753,419,3426
6226,706,1223,1695,2403,2824,,706,517,472,708,421,3402
6249,705,1220,1692,2445,2863,,705,515,472,753,418,3386
6221,711,1223,1695,2378,2772,,711,512,472,683,394,3449
6351,745,1229,1746,2454,2893,,745,484,517,708,439,3458
6263,717,1231,1717,2454,2824,,717,514,486,737,370,3439
6272,705,1220,1693,2445,2864,,705,515,473,752,419,3408
6222,705,1219,1691,2444,2824,,705,514,472,753,380,3398
6216,704,1220,1690,2444,2826,,704,516,470,754,382,3390
6190,704,1218,1688,2436,2816,,704,514,470,748,380,3374
6225,704,1219,1690,2445,2825,,704,515,471,755,380,3400
6222,705,1219,1690,2446,2824,,705,514,471,756,378,3398
6202,705,1221,1693,2445,2828,,705,516,472,752,383,3374
6147,704,1193,1668,2369,2747,,704,489,475,701,378,3400
6198,706,1220,1691,2441,2822,,706,514,471,750,381,3376
6204,705,1221,1692,2445,2826,,705,516,471,753,381,3378
6204,706,1221,1692,2444,2823,,706,515,471,752,379,3381
6198,706,1219,1690,2383,2822,,706,513,471,693,439,3376
6134,704,1204,1683,2368,2720,,704,500,479,685,352,3414
6190,717,1218,1689,2442,2835,,717,501,471,753,393,3355
6203,705,1220,1690,2409,2824,,705,515,470,719,415,3379
6200,704,1219,1692,2407,2824,,704,515,473,715,417,3376
6199,704,1229,1705,2445,2822,,704,525,476,740,377,3377
6198,707,1223,1710,2446,2827,,707,516,487,736,381,3371
6204,705,1220,1694,2409,2825,,705,515,474,715,416,3379
6205,705,1220,1694,2408,2822,,705,515,474,714,414,3383
6198,705,1219,1690,2407,2822,,705,514,471,717,415,3376
6201,705,1221,1693,2411,2823,,705,516,472,718,412,3378
6178,705,1220,1692,2407,2821,,705,515,472,715,414,3357
5950,705,1178,1616,2256,2587,,705,473,438,640,331,3363
6208,705,1221,1693,2410,2823,,705,516,472,717,413,3385
6201,705,1220,1690,2408,2823,,705,515,470,718,415,3378
6164,705,1221,1692,2423,2800,,705,516,471,731,377,3364
6003,706,1176,1654,2308,2645,,706,470,478,654,337,3358
6204,704,1219,1691,2402,2822,,704,515,472,711,420,3382
6206,705,1220,1692,2404,2827,,705,515,472,712,423,3379
6197,704,1219,1689,2421,2824,,704,515,470,732,403,3373
5997,705,1220,1652,2279,2615,,705,515,432,627,336,3382
6071,701,1169,1615,2321,2695,,701,468,446,706,374,3376
6070,704,1220,1650,2304,2660,,704,516,430,654,356,3410
6351,745,1254,1770,2480,2901,,745,509,516,710,421,3450
6328,717,1230,1719,2456,2879,,717,513,489,737,423,3449
6326,717,1230,1747,2455,2881,,717,513,517,708,426,3445
6264,716,1215,1612,2315,2755,,716,499,397,703,440,3509
6375,691,1230,1717,2484,2932,,691,539,487,767,448,3443
6326,715,1231,1719,2456,2879,,715,516,488,737,423,3447
6313,718,1232,1685,2402,2869,,718,514,453,717,467,3444
6247,706,1223,1694,2445,2864,,706,517,471,751,419,3383
6273,705,1221,1696,2446,2868,,705,516,475,750,422,3405
6174,706,1197,1669,2369,2772,,706,491,472,700,403,3402
6251,705,1221,1694,2447,2866,,705,516,473,753,419,3385
6273,704,1221,1694,2445,2864,,704,517,473,751,419,3409
6233,706,1220,1692,2446,2858,,706,514,472,754,412,3375
6264,705,1180,1607,2316,2757,,705,475,427,709,441,3507
6276,671,1156,1644,2385,2821,,671,485,488,741,436,3455
6266,716,1232,1720,2457,2848,,716,516,488,737,391,3418
6272,703,1220,1692,2445,2871,,703,517,472,753,426,3401
6211,705,1219,1690,2445,2823,,705,514,471,755,378,3388
6222,705,1220,1693,2446,2824,,705,515,473,753,378,3398
6200,705,1221,1692,2402,2823,,705,516,471,710,421,3377
6224,705,1220,1691,2445,2824,,705,515,471,754,379,3400
6201,706,1220,1692,2444,2822,,706,514,472,752,378,3379
6194,705,1220,1693,2445,2823,,705,515,473,752,378,3371
6118,705,1216,1619,2318,2738,,705,511,403,699,420,3380
6124,665,1145,1617,2320,2739,,665,480,472,703,419,3385
6207,703,1222,1694,2443,2823,,703,519,472,749,380,3384
6264,705,1220,1693,2444,2836,,705,515,473,751,392,3428
6175,707,1221,1694,2407,2802,,707,514,473,713,395,3373
6212,709,1236,1708,2422,2836,,709,527,472,714,414,3376
6137,653,1105,1578,2259,2674,,653,452,473,681,415,3463
6325,715,1236,1749,2458,2879,,715,521,513,709,421,3446
6327,745,1261,1745,2456,2878,,745,516,484,711,422,3449
6329,716,1230,1718,2455,2857,,716,514,488,737,402,3472
6327,692,1231,1720,2455,2878,,692,539,489,735,423,3449
6327,716,1260,1745,2456,2881,,716,544,485,711,425,3446
6332,745,1260,1745,2457,2859,,745,515,485,712,402,3473
6238,715,1231,1720,2421,2815,,715,516,489,701,394,3423
6201,705,1220,1693,2445,2824,,705,515,473,752,379,3377
6199,705,1221,1693,2446,2822,,705,516,472,753,376,3377
6288,703,1219,1691,2445,2864,,703,516,472,754,419,3424
6314,703,1220,1719,2448,2867,,703,517,499,729,419,3447
6201,704,1221,1694,2445,2826,,704,517,473,751,381,3375
6208,705,1223,1696,2408,2821,,705,518,473,712,413,3387
6191,673,1124,1581,2280,2690,,673,451,457,699,410,3501
6356,716,1204,1697,2456,2879,,716,488,493,759,423,3477
6304,717,1232,1720,2457,2859,,717,515,488,737,402,3445
6315,716,1232,1720,2426,2870,,716,516,488,706,444,3445
5973,704,1221,1650,2278,2611,,704,517,429,628,333,3362
5993,703,1219,1646,2280,2611,,703,516,427,634,331,3382
6315,705,1222,1695,2445,2866,,705,517,473,750,421,3449
6307,709,1219,1693,2456,2841,,709,510,474,763,385,3466
6357,745,1231,1719,2456,2879,,745,486,488,737,423,3478
6362,716,1230,1719,2440,2878,,716,514,489,721,438,3484
6229,672,1118,1601,2308,2749,,672,446,483,707,441,3480
6382,717,1231,1749,2459,2907,,717,514,518,710,448,3475
6381,746,1231,1719,2455,2908,,746,485,488,736,453,3473
6329,746,1231,1720,2439,2879,,746,485,489,719,440,3450
6357,747,1235,1720,2439,2879,,747,488,485,719,440,3478
6326,692,1231,1718,2457,2879,,692,539,487,739,422,3447
6350,717,1259,1774,2483,2903,,717,542,515,709,420,3447
6353,716,1231,1719,2459,2907,,716,515,488,740,448,3446
6330,717,1231,1720,2456,2879,,717,514,489,736,423,3451
6357,717,1232,1720,2457,2880,,717,515,488,737,423,3477
6202,653,1060,1546,2261,2695,,653,407,486,715,434,3507
6327,717,1230,1718,2456,2878,,717,513,488,738,422,3449
6329,716,1232,1720,2456,2879,,716,516,488,736,423,3450
6328,716,1230,1720,2457,2882,,716,514,490,737,425,3446
6225,717,1261,1745,2457,2801,,717,544,484,712,344,3424
6262,715,1232,1699,2407,2856,,715,517,467,708,449,3406
6247,705,1221,1694,2446,2865,,705,516,473,752,419,3382
6180,704,1220,1692,2402,2800,,704,516,472,710,398,3380
5972,705,1220,1650,2278,2613,,705,515,430,628,335,3359
5897,700,1172,1643,2266,2560,,700,472,471,623,294,3337
6017,645,1074,1503,2148,2567,,645,429,429,645,419,3450
6328,704,1224,1698,2458,2879,,704,520,474,760,421,3449
6355,746,1230,1720,2457,2878,,746,484,490,737,421,3477
6400,742,1258,1770,2508,2955,,742,516,512,738,447,3445
6287,715,1232,1719,2441,2847,,715,517,487,722,406,3440
6190,662,1109,1582,2296,2712,,662,447,473,714,416,3478
6164,687,1110,1592,2295,2706,,687,423,482,703,411,3458
6328,718,1233,1720,2458,2880,,718,515,487,738,422,3448
6306,716,1232,1720,2457,2880,,716,516,488,737,423,3426
6289,715,1234,1675,2412,2845,,715,519,441,737,433,3444
6204,704,1182,1614,2307,2744,,704,478,432,693,437,3460
6354,747,1232,1720,2458,2908,,747,485,488,738,450,3446
6328,717,1232,1719,2457,2879,,717,515,487,738,422,3449
6289,716,1231,1720,2457,2847,,716,515,489,737,390,3442
6312,705,1219,1715,2443,2864,,705,514,496,728,421,3448
6090,645,1052,1532,2245,2662,,645,407,480,713,417,3428
6198,707,1222,1695,2446,2822,,707,515,473,751,376,3376
6181,706,1221,1692,2404,2803,,706,515,471,712,399,3378
5946,705,1219,1624,2254,2585,,705,514,405,630,331,3361
6136,706,1181,1654,2357,2707,,706,475,473,703,350,3429
6015,645,1054,1488,2196,2587,,645,409,434,708,391,3428
6252,706,1198,1666,2381,2792,,706,492,468,715,411,3460
6351,716,1230,1720,2454,2907,,716,514,490,734,453,3444
6291,746,1233,1720,2457,2848,,746,487,487,737,391,3443
6189,705,1221,1650,2346,2762,,705,516,429,696,416,3427
6089,644,1055,1540,2246,2662,,644,411,485,706,416,3427
6223,704,1221,1691,2403,2823,,704,517,470,712,420,3400
6181,705,1220,1690,2404,2804,,705,515,470,714,400,3377
5997,704,1220,1652,2279,2612,,704,516,432,627,333,3385
5947,700,1197,1669,2291,2609,,700,497,472,622,318,3338
5936,644,1062,1491,2142,2482,,644,418,429,651,340,3454
6381,716,1232,1748,2486,2933,,716,516,516,738,447,3448
6327,714,1231,1719,2458,2880,,714,517,488,739,422,3447
6303,716,1232,1719,2457,2859,,716,516,487,738,402,3444
6333,717,1233,1748,2458,2859,,717,516,515,710,401,3474
6227,743,1193,1653,2357,2792,,743,450,460,704,435,3435
6323,716,1233,1719,2457,2878,,716,517,486,738,421,3445
6327,716,1232,1719,2457,2879,,716,516,487,738,422,3448
6306,715,1231,1719,2460,2880,,715,516,488,741,420,3426
6328,717,1232,1720,2458,2880,,717,515,488,738,422,3448
6203,716,1199,1629,2293,2690,,716,483,430,664,397,3513
6328,716,1233,1721,2448,2879,,716,517,488,727,431,3449
6325,716,1233,1720,2457,2880,,716,517,487,737,423,3445
6302,717,1231,1720,2457,2859,,717,514,489,737,402,3443
6305,716,1234,1720,2456,2879,,716,518,486,736,423,3426
6165,717,1235,1643,2335,2744,,717,518,408,692,409,3421
6315,706,1225,1697,2452,2865,,706,519,472,755,413,3450
6190,646,1122,1593,2296,2687,,646,476,471,703,391,3503
6099,704,1225,1697,2379,2719,,704,521,472,682,340,3380
6160,702,1176,1648,2352,2725,,702,474,472,704,373,3435
6408,705,1221,1635,2387,2910,,705,516,414,752,523,3498
6355,716,1231,1718,2458,2878,,716,515,487,740,420,3477
6325,718,1232,1719,2456,2879,,718,514,487,737,423,3446
6325,716,1230,1718,2456,2878,,716,514,488,738,422,3447
6329,716,1233,1721,2457,2881,,716,517,488,736,424,3448
6360,723,1265,1753,2491,2913,,723,542,488,738,422,3447
6302,716,1233,1719,2455,2877,,716,517,486,736,422,3425
6302,716,1231,1720,2457,2882,,716,515,489,737,425,3420
6262,716,1231,1719,2455,2858,,716,515,488,736,403,3404
6239,722,1271,1709,2421,2832,,722,549,438,712,411,3407
6335,744,1249,1716,2490,2893,,744,505,467,774,403,3442
6379,715,1230,1747,2455,2907,,715,515,517,708,452,3472
6326,716,1230,1719,2455,2877,,716,514,489,736,422,3449
6357,716,1232,1720,2457,2879,,716,516,488,737,422,3478
6326,715,1260,1746,2456,2879,,715,545,486,710,423,3447
6378,718,1232,1721,2458,2909,,718,514,489,737,451,3469
6272,745,1261,1745,2456,2879,,745,516,484,711,423,3393
6330,747,1232,1721,2458,2880,,747,485,489,737,422,3450
6275,716,1233,1719,2457,2860,,716,517,486,738,403,3415
6353,716,1232,1720,2458,2880,,716,516,488,738,422,3473
6226,717,1217,1689,2378,2755,,717,500,472,689,377,3471
6264,705,1221,1693,2446,2833,,705,516,472,753,387,3431
6207,704,1221,1693,2409,2825,,704,517,472,716,416,3382
5920,702,1166,1596,2225,2557,,702,464,430,629,332,3363
5973,703,1193,1649,2277,2608,,703,490,456,628,331,3365
5925,700,1173,1642,2268,2587,,700,473,469,626,319,3338
6299,706,1222,1693,2448,2867,,706,516,471,755,419,3432
6180,704,1220,1693,2404,2801,,704,516,473,711,397,3379
5920,702,1167,1598,2225,2559,,702,465,431,627,334,3361
6077,701,1175,1647,2350,2699,,701,474,472,703,349,3378
6025,670,1143,1573,2198,2561,,670,473,430,625,363,3464
6329,716,1231,1719,2458,2880,,716,515,488,739,422,3449
6355,716,1230,1718,2456,2878,,716,514,488,738,422,3477
6329,717,1233,1721,2458,2880,,717,516,488,737,422,3449
6328,720,1233,1720,2460,2880,,720,513,487,740,420,3448
6228,675,1185,1670,2383,2791,,675,510,485,713,408,3437
6328,716,1232,1720,2458,2880,,716,516,488,738,422,3448
6379,717,1229,1718,2485,2902,,717,512,489,767,417,3477
6353,747,1265,1779,2488,2905,,747,518,514,709,417,3448
6399,717,1260,1773,2513,2929,,717,543,513,740,416,3470
6204,716,1231,1685,2326,2711,,716,515,454,641,385,3493
6357,716,1231,1720,2458,2879,,716,515,489,738,421,3478
6352,716,1232,1719,2487,2904,,716,516,487,768,417,3448
6328,717,1233,1721,2458,2881,,717,516,488,737,423,3447
6326,716,1231,1748,2457,2879,,716,515,517,709,422,3447
6327,746,1230,1719,2456,2878,,746,484,489,737,422,3449
6328,716,1231,1720,2457,2879,,716,515,489,737,422,3449
6327,717,1232,1720,2457,2879,,717,515,488,737,422,3448
6276,716,1231,1719,2458,2858,,716,515,488,739,400,3418
6350,716,1231,1720,2457,2879,,716,515,489,737,422,3471
6327,745,1229,1704,2440,2879,,745,484,475,736,439,3448
6328,716,1232,1720,2457,2879,,716,516,488,737,422,3449
6337,744,1232,1720,2486,2934,,744,488,488,766,448,3403
6326,716,1232,1720,2456,2880,,716,516,488,736,424,3446
6326,717,1234,1721,2457,2879,,717,517,487,736,422,3447
6329,743,1215,1697,2433,2882,,743,472,482,736,449,3447
6329,718,1235,1722,2458,2880,,718,517,487,736,422,3449
6355,718,1232,1721,2458,2879,,718,514,489,737,421,3476
6276,718,1231,1720,2431,2859,,718,513,489,711,428,3417
6354,717,1234,1720,2458,2882,,717,517,486,738,424,3472
6190,707,1167,1651,2356,2706,,707,460,484,705,350,3484
6265,705,1221,1692,2446,2824,,705,516,471,754,378,3441
6228,703,1224,1695,2445,2824,,703,521,471,750,379,3404
6172,704,1220,1693,2408,2800,,704,516,473,715,392,3372
6179,704,1220,1690,2404,2801,,704,516,470,714,397,3378
6226,651,1094,1589,2305,2716,,651,443,495,716,411,3510
6357,717,1232,1721,2457,2880,,717,515,489,736,423,3477
6328,716,1232,1720,2457,2880,,716,516,488,737,423,3448
6276,716,1233,1720,2458,2859,,716,517,487,738,401,3417
6351,716,1233,1722,2458,2909,,716,517,489,736,451,3442
6085,656,1104,1612,2308,2640,,656,448,508,696,332,3445
6285,716,1232,1720,2457,2882,,716,516,488,737,425,3403
6205,705,1218,1690,2445,2822,,705,513,472,755,377,3383
6170,704,1219,1691,2400,2799,,704,515,472,709,399,3371
5942,703,1192,1619,2250,2587,,703,489,427,631,337,3355
6188,701,1136,1567,2289,2698,,701,435,431,722,409,3490
6328,717,1232,1720,2458,2880,,717,515,488,738,422,3448
6326,715,1229,1718,2456,2877,,715,514,489,738,421,3449
6353,717,1233,1774,2483,2904,,717,516,541,709,421,3449
6300,716,1230,1719,2455,2906,,716,514,489,736,451,3394
6090,671,1118,1536,2258,2636,,671,447,418,722,378,3454
6303,705,1221,1692,2421,2845,,705,516,471,729,424,3458
6327,717,1232,1744,2456,2879,,717,515,512,712,423,3448
6326,718,1262,1748,2457,2879,,718,544,486,709,422,3447
6258,716,1232,1721,2457,2881,,716,516,489,736,424,3377
6329,716,1232,1722,2432,2879,,716,516,490,710,447,3450
6405,716,1256,1743,2482,2934,,716,540,487,739,452,3471
6326,718,1260,1745,2456,2880,,718,542,485,711,424,3446
6307,716,1262,1747,2458,2880,,716,546,485,711,422,3427
6363,718,1231,1722,2457,2881,,718,513,491,735,424,3482
6304,717,1221,1688,2444,2864,,717,504,467,756,420,3440
6329,747,1218,1702,2458,2880,,747,471,484,756,422,3449
6328,716,1231,1719,2456,2878,,716,515,488,737,422,3450
6325,716,1233,1721,2457,2881,,716,517,488,736,424,3444
6334,718,1234,1720,2457,2880,,718,516,486,737,423,3454
6352,715,1231,1719,2485,2903,,715,516,488,766,418,3449
6353,715,1256,1744,2479,2903,,715,541,488,735,424,3450
6327,716,1232,1720,2457,2881,,716,516,488,737,424,3446
6277,717,1233,1721,2457,2859,,717,516,488,736,402,3418
6263,717,1234,1701,2436,2856,,717,517,467,735,420,3407
6255,705,1233,1682,2383,2793,,705,528,449,701,410,3462
6328,715,1232,1720,2456,2879,,715,517,488,736,423,3449
6326,718,1232,1749,2459,2881,,718,514,517,710,422,3445
6329,715,1233,1721,2457,2883,,715,518,488,736,426,3446
6357,717,1231,1719,2457,2879,,717,514,488,738,422,3478
6328,717,1261,1745,2457,2880,,717,544,484,712,423,3448
6286,706,1191,1682,2390,2831,,706,485,491,708,441,3455
6329,717,1233,1721,2458,2882,,717,516,488,737,424,3447
6306,717,1231,1719,2456,2881,,717,514,488,737,425,3425
6264,716,1262,1725,2435,2857,,716,546,463,710,422,3407
6408,704,1176,1669,2411,2908,,704,472,493,742,497,3500
6383,716,1261,1746,2458,2909,,716,545,485,712,451,3474
6328,716,1234,1720,2458,2881,,716,518,486,738,423,3447
6298,716,1233,1719,2459,2909,,716,517,486,740,450,3389
6326,716,1231,1718,2430,2878,,716,515,487,712,448,3448
6323,715,1228,1716,2453,2876,,715,513,488,737,423,3447
6326,716,1230,1718,2455,2878,,716,514,488,737,423,3448
6328,716,1233,1720,2432,2879,,716,517,487,712,447,3449
6312,717,1233,1721,2457,2880,,717,516,488,736,423,3432
6264,716,1233,1701,2434,2856,,716,517,468,733,422,3408
6179,680,1150,1618,2334,2727,,680,470,468,716,393,3452
6328,717,1232,1720,2457,2879,,717,515,488,737,422,3449
6329,717,1232,1720,2457,2880,,717,515,488,737,423,3449
6337,715,1232,1721,2458,2880,,715,517,489,737,422,3457
6301,716,1234,1749,2462,2859,,716,518,515,713,397,3442
6356,704,1261,1746,2488,2881,,704,557,485,742,393,3475
6352,716,1257,1743,2480,2903,,716,541,486,737,423,3449
6328,717,1232,1720,2457,2880,,717,515,488,737,423,3448
6306,716,1232,1720,2457,2880,,716,516,488,737,423,3426
6263,716,1233,1701,2434,2857,,716,517,468,733,423,3406
6029,632,1030,1451,2159,2569,,632,398,421,708,410,3460
6354,716,1231,1720,2457,2910,,716,515,489,737,453,3444
6327,707,1232,1719,2458,2880,,707,525,487,739,422,3447
6328,715,1260,1744,2457,2878,,715,545,484,713,421,3450
6328,717,1233,1721,2458,2880,,717,516,488,737,422,3448
6327,716,1231,1720,2456,2882,,716,515,489,736,426,3445
6387,716,1265,1783,2522,2937,,716,549,518,739,415,3450
6329,716,1232,1721,2457,2879,,716,516,489,736,422,3450
6331,715,1231,1719,2486,2904,,715,516,488,767,418,3427
6264,716,1262,1727,2435,2857,,716,546,465,708,422,3407
6179,703,1184,1615,2333,2744,,703,481,431,718,411,3435
6328,744,1233,1750,2459,2881,,744,489,517,709,422,3447
6326,717,1232,1721,2457,2880,,717,515,489,736,423,3446
6329,716,1233,1750,2458,2880,,716,517,517,708,422,3449
6327,716,1232,1720,2456,2880,,716,516,488,736,424,3447
6328,716,1208,1693,2457,2880,,716,492,485,764,423,3448
6364,717,1267,1755,2491,2914,,717,550,488,736,423,3450
6378,716,1261,1776,2514,2931,,716,545,515,738,417,3447
6306,716,1232,1721,2457,2880,,716,516,489,736,423,3426
6264,716,1234,1700,2434,2856,,716,518,466,734,422,3408
6298,714,1194,1654,2375,2814,,714,480,460,721,439,3484
6381,716,1231,1720,2456,2910,,716,515,489,736,454,3471
6356,740,1233,1720,2458,2882,,740,493,487,738,424,3474
6300,741,1229,1746,2454,2861,,741,488,517,708,407,3439
6354,716,1235,1721,2487,2906,,716,519,486,766,419,3448
6329,717,1233,1720,2459,2880,,717,516,487,739,421,3449
6388,720,1266,1754,2526,2938,,720,546,488,772,412,3450
6281,715,1208,1696,2410,2842,,715,493,488,714,432,3439
6307,716,1235,1720,2458,2880,,716,519,485,738,422,3427
6176,722,1247,1714,2391,2783,,722,525,467,677,392,3393
6177,707,1156,1591,2273,2704,,707,449,435,682,431,3473
6328,716,1233,1721,2458,2881,,716,517,488,737,423,3447
6329,716,1233,1720,2457,2880,,716,517,487,737,423,3449
6327,716,1234,1721,2459,2880,,716,518,487,738,421,3447
6328,717,1234,1723,2460,2881,,717,517,489,737,421,3447
6313,717,1234,1698,2443,2865,,717,517,464,745,422,3448
6329,718,1234,1721,2459,2883,,718,516,487,738,424,3446
6329,717,1236,1722,2460,2884,,717,519,486,738,424,3445
6305,717,1233,1721,2458,2880,,717,516,488,737,422,3425
6354,717,1257,1745,2482,2904,,717,540,488,737,422,3450
6366,711,1260,1751,2474,2908,,711,549,491,723,434,3458
6324,715,1229,1718,2455,2878,,715,514,489,737,423,3446
6329,716,1234,1721,2459,2881,,716,518,487,738,422,3448
6300,715,1205,1692,2430,2853,,715,490,487,738,423,3447
6307,717,1232,1721,2458,2881,,717,515,489,737,423,3426
6277,715,1234,1723,2444,2856,,715,519,489,721,412,3421
6356,708,1259,1748,2487,2907,,708,551,489,739,420,3449
6330,716,1234,1722,2463,2882,,716,518,488,741,419,3448
6313,717,1230,1720,2457,2879,,717,513,490,737,422,3434
6329,717,1231,1721,2457,2881,,717,514,490,736,424,3448
6230,675,1184,1612,2295,2702,,675,509,428,683,407,3528
6327,716,1230,1719,2457,2880,,716,514,489,738,423,3447
6329,717,1234,1721,2459,2882,,717,517,487,738,423,3447
6329,742,1234,1746,2458,2881,,742,492,512,712,423,3448
6307,717,1232,1721,2456,2879,,717,515,489,735,423,3428
6247,720,1233,1722,2437,2856,,720,513,489,715,419,3391
6346,726,1252,1739,2475,2898,,726,526,487,736,423,3448
6172,681,1155,1626,2331,2707,,681,474,471,705,376,3465
5999,705,1221,1651,2279,2613,,705,516,430,628,334,3386
5966,649,1120,1512,2132,2525,,649,471,392,620,393,3441
6163,704,1179,1652,2293,2717,,704,475,473,641,424,3446
6326,717,1232,1720,2458,2880,,717,515,488,738,422,3446
6328,717,1232,1721,2457,2880,,717,515,489,736,423,3448
6329,716,1233,1721,2459,2882,,716,517,488,738,423,3447
6329,716,1234,1722,2458,2881,,716,518,488,736,423,3448
6328,716,1232,1719,2416,2879,,716,516,487,697,463,3449
6332,716,1258,1745,2483,2907,,716,542,487,738,424,3425
6351,720,1257,1743,2482,2904,,720,537,486,739,422,3447
6308,716,1233,1721,2458,2880,,716,517,488,737,422,3428
6298,716,1257,1724,2456,2878,,716,541,467,732,422,3420
6235,687,1186,1673,2370,2725,,687,499,487,697,355,3510
6325,716,1232,1719,2456,2878,,716,516,487,737,422,3447
6326,717,1232,1719,2455,2879,,717,515,487,736,424,3447
6354,712,1258,1746,2484,2906,,712,546,488,738,422,3448
6329,716,1232,1720,2458,2880,,716,516,488,738,422,3449
6328,716,1233,1721,2458,2880,,716,517,488,737,422,3448
6327,706,1231,1720,2456,2879,,706,525,489,736,423,3448
6256,716,1194,1676,2386,2796,,716,478,482,710,410,3460
6308,717,1233,1721,2458,2880,,717,516,488,737,422,3428
6262,716,1234,1705,2435,2856,,716,518,471,730,421,3406
6103,647,1124,1597,2299,2671,,647,477,473,702,372,3432
6328,717,1232,1720,2457,2879,,717,515,488,737,422,3449
6329,717,1234,1722,2458,2881,,717,517,488,736,423,3448
6354,716,1286,1771,2482,2904,,716,570,485,711,422,3450
6330,718,1233,1720,2459,2881,,718,515,487,739,422,3449
6253,664,1157,1645,2358,2797,,664,493,488,713,439,3456
6359,716,1232,1720,2458,2881,,716,516,488,738,423,3478
6104,647,1054,1545,2259,2668,,647,407,491,714,409,3436
6278,717,1233,1721,2458,2860,,717,516,488,737,402,3418
6328,706,1216,1700,2458,2880,,706,510,484,758,422,3448
6202,666,1148,1620,2322,2719,,666,482,472,702,397,3483
6284,717,1232,1718,2457,2879,,717,515,486,739,422,3405
6326,718,1233,1719,2456,2877,,718,515,486,737,421,3449
6340,715,1266,1753,2490,2913,,715,551,487,737,423,3427
6289,716,1232,1721,2458,2866,,716,516,489,737,408,3423
6326,717,1230,1719,2484,2879,,717,513,489,765,395,3447
6331,742,1211,1695,2458,2880,,742,469,484,763,422,3451
6178,677,1108,1595,2306,2719,,677,431,487,711,413,3459
6307,716,1232,1719,2457,2879,,716,516,487,738,422,3428
6233,648,1119,1633,2334,2745,,648,471,514,701,411,3488
6327,706,1211,1723,2433,2881,,706,505,512,710,448,3446
6330,716,1233,1721,2458,2882,,716,517,488,737,424,3448
6326,717,1232,1722,2458,2879,,717,515,490,736,421,3447
6287,717,1257,1745,2482,2885,,717,540,488,737,403,3402
6266,716,1232,1751,2460,2828,,716,516,519,709,368,3438
6212,705,1117,1587,2293,2712,,705,412,470,706,419,3500
6223,704,1221,1693,2446,2825,,704,517,472,753,379,3398
5977,702,1180,1619,2255,2590,,702,478,439,636,335,3387
5924,705,1183,1592,2231,2563,,705,478,409,639,332,3361
6171,667,1140,1608,2292,2707,,667,473,468,684,415,3464
6317,716,1199,1695,2443,2865,,716,483,496,748,422,3452
6262,716,1233,1722,2439,2853,,716,517,489,717,414,3409
6275,716,1232,1720,2442,2862,,716,516,488,722,420,3413
6346,715,1266,1754,2476,2900,,715,551,488,722,424,3446
6310,715,1230,1718,2440,2863,,715,515,488,722,423,3447
6269,716,1231,1721,2443,2862,,716,515,490,722,419,3407
6266,687,1232,1720,2442,2859,,687,545,488,722,417,3407
5903,671,1105,1542,2206,2544,,671,434,437,664,338,3359
5948,704,1182,1592,2227,2575,,704,478,410,635,348,3373
5898,665,1108,1542,2180,2515,,665,443,434,638,335,3383
5853,665,1100,1516,2153,2485,,665,435,416,637,332,3368
5874,665,1103,1519,2155,2489,,665,438,416,636,334,3385
5856,666,1101,1517,2157,2487,,666,435,416,640,330,3369
5827,663,1103,1508,2130,2462,,663,440,405,622,332,3365
5847,664,1102,1517,2152,2486,,664,438,415,635,334,3361
5849,654,1075,1502,2134,2454,,654,421,427,632,320,3395
6294,685,1205,1698,2450,2868,,685,520,493,752,418,3426
6203,704,1218,1626,2332,2742,,704,514,408,706,410,3461
6310,715,1233,1720,2458,2882,,715,518,487,738,424,3428
6260,717,1234,1721,2440,2853,,717,517,487,719,413,3407
6170,715,1180,1618,2323,2717,,715,465,438,705,394,3453
5974,705,1222,1650,2280,2614,,705,517,428,630,334,3360
5932,705,1179,1594,2230,2562,,705,474,415,636,332,3370
5948,705,1178,1593,2229,2564,,705,473,415,636,335,3384
5907,703,1137,1551,2187,2522,,703,434,414,636,335,3385
5906,704,1134,1550,2189,2520,,704,430,416,639,331,3386
5872,665,1107,1539,2181,2513,,665,442,432,642,332,3359
5979,704,1191,1621,2281,2615,,704,487,430,660,334,3364
6174,705,1222,1694,2410,2803,,705,517,472,716,393,3371
6201,705,1222,1694,2446,2827,,705,517,472,752,381,3374
6075,705,1178,1605,2266,2644,,705,473,427,661,378,3431
6328,716,1232,1722,2458,2881,,716,516,490,736,423,3447
6329,716,1234,1721,2458,2881,,716,518,487,737,423,3448
6266,722,1221,1708,2420,2832,,722,499,487,712,412,3434
6308,717,1233,1720,2457,2880,,717,516,487,737,423,3428
6292,719,1233,1709,2456,2870,,719,514,476,747,414,3422
6090,647,1118,1531,2246,2640,,647,471,413,715,394,3450
6153,704,1210,1684,2353,2759,,704,506,474,669,406,3394
5973,705,1222,1653,2281,2614,,705,517,431,628,333,3359
5896,701,1132,1565,2203,2536,,701,431,433,638,333,3360
5948,703,1114,1524,2169,2523,,703,411,410,645,354,3425
6289,705,1220,1690,2445,2864,,705,515,470,755,419,3425
6208,706,1222,1693,2447,2824,,706,516,471,754,377,3384
5938,713,1144,1579,2220,2553,,713,431,435,641,333,3385
5921,705,1179,1592,2229,2563,,705,474,413,637,334,3358
5978,717,1196,1652,2282,2604,,717,479,456,630,322,3374
5997,704,1224,1654,2282,2616,,704,520,430,628,334,3381
5929,705,1183,1595,2229,2566,,705,478,412,634,337,3363
5922,705,1181,1593,2228,2564,,705,476,412,635,336,3358
6313,687,1217,1702,2445,2865,,687,530,485,743,420,3448
6201,716,1241,1690,2414,2810,,716,525,449,724,396,3391
5975,704,1222,1649,2280,2614,,704,518,427,631,334,3361
5903,705,1177,1582,2206,2539,,705,472,405,624,333,3364
5849,666,1103,1519,2154,2488,,666,437,416,635,334,3361
5846,664,1102,1516,2156,2486,,664,438,414,640,330,3360
5813,659,1091,1490,2124,2444,,659,432,399,634,320,3369
6174,705,1222,1693,2403,2802,,705,517,471,710,399,3372
5929,707,1185,1593,2231,2565,,707,478,408,638,334,3364
5948,704,1185,1594,2230,2562,,704,481,409,636,332,3386
6225,687,1128,1610,2317,2728,,687,441,482,707,411,3497
6353,717,1234,1701,2474,2907,,717,517,467,773,433,3446
6320,715,1265,1753,2476,2896,,715,550,488,723,420,3424
6317,716,1234,1721,2443,2867,,716,518,487,722,424,3450
6333,715,1233,1722,2444,2864,,715,518,489,722,420,3469
6236,715,1233,1701,2420,2842,,715,518,468,719,422,3394
6236,740,1234,1723,2439,2841,,740,494,489,716,402,3395
6137,717,1187,1672,2328,2715,,717,470,485,656,387,3422
6130,715,1233,1642,2359,2690,,715,518,409,717,331,3440
6309,717,1234,1721,2459,2881,,717,517,487,738,422,3428
6224,716,1240,1726,2442,2819,,716,524,486,716,377,3405
6291,711,1233,1721,2446,2865,,711,522,488,725,419,3426
6345,717,1265,1752,2475,2897,,717,548,487,723,422,3448
6290,716,1233,1721,2442,2864,,716,517,488,721,422,3426
6306,718,1234,1745,2457,2880,,718,516,511,712,423,3426
6261,717,1234,1722,2439,2854,,717,517,488,717,415,3407
6229,656,1159,1646,2358,2768,,656,503,487,712,410,3461
6330,716,1220,1704,2458,2882,,716,504,484,754,424,3448
6129,717,1234,1689,2358,2717,,717,517,455,669,359,3412
6200,705,1225,1698,2408,2824,,705,520,473,710,416,3376
6229,707,1179,1671,2384,2794,,707,472,492,713,410,3435
6192,656,1159,1616,2329,2734,,656,503,457,713,405,3458
6189,712,1238,1710,2425,2818,,712,526,472,715,393,3371
6007,702,1171,1642,2302,2639,,702,469,471,660,337,3368
6021,689,1169,1640,2303,2639,,689,480,471,663,336,3382
5934,705,1180,1608,2241,2574,,705,475,428,633,333,3360
6015,675,1144,1614,2231,2564,,675,469,470,617,333,3451
6230,687,1175,1658,2353,2770,,687,488,483,695,417,3460
6276,717,1234,1701,2435,2856,,717,517,467,734,421,3420
6317,711,1261,1748,2470,2893,,711,550,487,722,423,3424
6267,716,1233,1721,2442,2860,,716,517,488,721,418,3407
6303,719,1234,1701,2421,2845,,719,515,467,720,424,3458
6328,718,1232,1719,2458,2880,,718,514,487,739,422,3448
6327,717,1234,1721,2458,2881,,717,517,487,737,423,3446
6330,708,1237,1722,2459,2882,,708,529,485,737,423,3448
6008,673,1116,1555,2241,2603,,673,443,439,686,362,3405
5986,673,1085,1531,2194,2581,,673,412,446,663,387,3405
5985,672,1118,1559,2219,2582,,672,446,441,660,363,3403
6293,711,1260,1749,2434,2856,,711,549,489,685,422,3437
6291,705,1223,1697,2448,2868,,705,518,474,751,420,3423
6125,705,1180,1630,2322,2743,,705,475,450,692,421,3382
6174,666,1109,1597,2311,2694,,666,443,488,714,383,3480
6329,716,1235,1721,2459,2882,,716,519,486,738,423,3447
6328,716,1234,1721,2460,2881,,716,518,487,739,421,3447
6329,716,1233,1721,2459,2881,,716,517,488,738,422,3448
6359,719,1233,1720,2458,2881,,719,514,487,738,423,3478
6329,719,1183,1671,2386,2882,,719,464,488,715,496,3447
6330,716,1233,1721,2458,2881,,716,517,488,737,423,3449
6275,716,1234,1702,2435,2858,,716,518,468,733,423,3417
6309,716,1235,1723,2464,2883,,716,519,488,741,419,3426
6193,716,1219,1632,2319,2715,,716,503,413,687,396,3478
6232,706,1182,1671,2444,2828,,706,476,489,773,384,3404
6164,676,1158,1647,2359,2749,,676,482,489,712,390,3415
6263,716,1233,1722,2459,2862,,716,517,489,737,403,3401
6378,716,1218,1729,2487,2934,,716,502,511,758,447,3444
6328,717,1233,1721,2457,2881,,717,516,488,736,424,3447
6330,718,1217,1701,2459,2881,,718,499,484,758,422,3449
6329,716,1233,1702,2462,2881,,716,517,469,760,419,3448
6266,716,1233,1721,2459,2827,,716,517,488,738,368,3439
6203,705,1223,1694,2448,2827,,705,518,471,754,379,3376
6231,705,1222,1652,2359,2770,,705,517,430,707,411,3461
6265,716,1236,1747,2435,2821,,716,520,511,688,386,3444
6144,648,1123,1594,2299,2697,,648,475,471,705,398,3447
6278,704,1223,1696,2448,2868,,704,519,473,752,420,3410
6204,665,1103,1596,2308,2742,,665,438,493,712,434,3462
6308,717,1233,1720,2458,2881,,717,516,487,738,423,3427
6309,716,1236,1717,2459,2882,,716,520,481,742,423,3427
6283,716,1234,1680,2384,2824,,716,518,446,704,440,3459
6242,716,1232,1721,2443,2806,,716,516,489,722,363,3436
6264,716,1234,1723,2437,2858,,716,518,489,714,421,3406
6238,716,1234,1706,2435,2854,,716,518,472,729,419,3384
6166,716,1236,1669,2361,2730,,716,520,433,692,369,3436
6275,705,1223,1695,2447,2869,,705,518,472,752,422,3406
6222,712,1238,1710,2424,2841,,712,526,472,714,417,3381
6203,664,1103,1596,2308,2718,,664,439,493,712,410,3485
6328,715,1232,1720,2457,2880,,715,517,488,737,423,3448
6327,716,1232,1665,2381,2879,,716,516,433,716,498,3448
6307,715,1235,1724,2437,2870,,715,520,489,713,433,3437
6251,717,1232,1720,2457,2802,,717,515,488,737,345,3449
6308,716,1234,1721,2459,2881,,716,518,487,738,422,3427
6237,715,1233,1701,2435,2854,,715,518,468,734,419,3383
6186,716,1235,1671,2361,2695,,716,519,436,690,334,3491
6329,717,1181,1673,2458,2881,,717,464,492,785,423,3448
6329,719,1236,1722,2459,2882,,719,517,486,737,423,3447
6329,717,1234,1721,2459,2881,,717,517,487,738,422,3448
6308,718,1234,1721,2459,2881,,718,516,487,738,422,3427
6314,717,1234,1686,2409,2880,,717,517,452,723,471,3434
6314,717,1234,1722,2446,2867,,717,517,488,724,421,3447
6319,716,1234,1721,2445,2866,,716,518,487,724,421,3453
6289,717,1233,1721,2443,2867,,717,516,488,722,424,3422
6295,716,1234,1708,2445,2867,,716,518,474,737,422,3428
6232,706,1223,1649,2362,2770,,706,517,426,713,408,3462
6306,717,1233,1705,2458,2885,,717,516,472,753,427,3421
6287,716,1229,1719,2441,2863,,716,513,490,722,422,3424
6270,717,1233,1694,2452,2861,,717,516,461,758,409,3409
6288,716,1233,1722,2445,2866,,716,517,489,723,421,3422
6264,717,1233,1723,2437,2856,,717,516,490,714,419,3408
6313,717,1233,1722,2422,2868,,717,516,489,700,446,3445
6316,716,1232,1721,2444,2866,,716,516,489,723,422,3450
6298,717,1229,1721,2444,2868,,717,512,492,723,424,3430
6216,717,1234,1702,2434,2841,,717,517,468,732,407,3375
6140,716,1235,1723,2389,2764,,716,519,488,666,375,3376
6265,705,1223,1770,2459,2858,,705,518,547,689,399,3407
6268,716,1234,1723,2443,2867,,716,518,489,720,424,3401
6259,717,1234,1724,2437,2855,,717,517,490,713,418,3404
6261,717,1233,1722,2438,2842,,717,516,489,716,404,3419
6238,704,1233,1723,2438,2841,,704,529,490,715,403,3397
6332,716,1235,1693,2418,2882,,716,519,458,725,464,3450
6306,717,1234,1722,2459,2882,,717,517,488,737,423,3424
6310,716,1236,1753,2463,2882,,716,520,517,710,419,3428
6266,716,1234,1702,2436,2859,,716,518,468,734,423,3407
6006,664,1148,1619,2285,2640,,664,484,471,666,355,3366
6168,705,1183,1636,2325,2711,,705,478,453,689,386,3457
6273,717,1234,1722,2445,2849,,717,517,488,723,404,3424
6237,716,1233,1723,2439,2841,,716,517,490,716,402,3396
6196,742,1202,1683,2370,2783,,742,460,481,687,413,3413
6315,716,1234,1722,2447,2867,,716,518,488,725,420,3448
6330,716,1232,1721,2459,2881,,716,516,489,738,422,3449
6327,716,1232,1722,2458,2880,,716,516,490,736,422,3447
6308,717,1234,1723,2460,2882,,717,517,489,737,422,3426
6263,716,1234,1703,2437,2857,,716,518,469,734,420,3406
6254,703,1223,1695,2419,2872,,703,520,472,724,453,3382
6202,705,1223,1721,2411,2826,,705,518,498,690,415,3376
5934,677,1156,1586,2235,2572,,677,479,430,649,337,3362
5923,700,1131,1566,2231,2566,,700,431,435,665,335,3357
6204,649,1116,1598,2308,2743,,649,467,482,710,435,3461
6203,716,1184,1657,2316,2748,,716,468,473,659,432,3455
6307,715,1235,1722,2461,2861,,715,520,487,739,400,3446
6329,716,1236,1722,2461,2882,,716,520,486,739,421,3447
6330,717,1234,1751,2461,2882,,717,517,517,710,421,3448
6315,717,1235,1722,2443,2868,,717,518,487,721,425,3447
6306,716,1240,1725,2422,2849,,716,524,485,697,427,3457
6362,716,1266,1753,2443,2914,,716,550,487,690,471,3448
6326,717,1231,1720,2458,2880,,717,514,489,738,422,3446
6328,717,1233,1721,2458,2881,,717,516,488,737,423,3447
6308,717,1233,1721,2460,2881,,717,516,488,739,421,3427
6315,717,1235,1722,2420,2869,,717,518,487,698,449,3446
6214,716,1234,1723,2390,2782,,716,518,489,667,392,3432
6291,715,1233,1721,2442,2867,,715,518,488,721,425,3424
6312,717,1231,1720,2443,2865,,717,514,489,723,422,3447
6236,716,1234,1702,2435,2845,,716,518,468,733,410,3391
6355,706,1197,1683,2489,2907,,706,491,486,806,418,3448
6308,717,1263,1751,2488,2892,,717,546,488,737,404,3416
6355,722,1272,1760,2483,2906,,722,550,488,723,423,3449
6315,718,1234,1722,2422,2868,,718,516,488,700,446,3447
6195,717,1233,1664,2367,2780,,717,516,431,703,413,3415
6137,716,1235,1671,2367,2744,,716,519,436,696,377,3393
6260,718,1236,1723,2440,2844,,718,518,487,717,404,3416
6237,717,1235,1723,2446,2865,,717,518,488,723,419,3372
6265,718,1233,1753,2442,2856,,718,515,520,689,414,3409
6240,716,1235,1702,2436,2855,,716,519,467,734,419,3385
6237,717,1235,1728,2439,2820,,717,518,493,711,381,3417
6309,717,1266,1755,2452,2877,,717,549,489,697,425,3432
6314,716,1234,1722,2444,2867,,716,518,488,722,423,3447
6261,717,1234,1701,2435,2843,,717,517,467,734,408,3418
6262,716,1234,1723,2438,2844,,716,518,489,715,406,3418
6262,717,1235,1722,2443,2849,,717,518,487,721,406,3413
6236,716,1232,1690,2436,2820,,716,516,458,746,384,3416
6260,717,1235,1724,2439,2844,,717,518,489,715,405,3416
6238,716,1235,1724,2438,2842,,716,519,489,714,404,3396
6216,716,1236,1702,2437,2839,,716,520,466,735,402,3377
6330,714,1233,1721,2458,2905,,714,519,488,737,447,3425
5972,710,1184,1614,2244,2577,,710,474,430,630,333,3395
5930,705,1183,1596,2231,2564,,705,478,413,635,333,3366
5928,704,1178,1594,2230,2565,,704,474,416,636,335,3363
5925,705,1181,1594,2234,2566,,705,476,413,640,332,3359
5927,706,1178,1595,2235,2564,,706,472,417,640,329,3363
5906,704,1177,1581,2206,2538,,704,473,404,625,332,3368
5929,707,1180,1593,2230,2563,,707,473,413,637,333,3366
5874,666,1105,1520,2155,2489,,666,439,415,635,334,3385
5854,664,1104,1519,2155,2487,,664,440,415,636,332,3367
5832,664,1102,1506,2129,2468,,664,438,404,623,339,3364
6185,705,1222,1693,2410,2802,,705,517,471,717,392,3383
6130,704,1184,1662,2346,2722,,704,480,478,684,376,3408
6165,709,1222,1650,2348,2726,,709,513,428,698,378,3439
6332,716,1235,1721,2460,2882,,716,519,486,739,422,3450
6305,715,1233,1721,2430,2848,,715,518,488,709,418,3457
6306,741,1234,1722,2464,2860,,741,493,488,742,396,3446
6333,716,1232,1719,2457,2880,,716,516,487,738,423,3453
6309,717,1237,1723,2459,2882,,717,520,486,736,423,3427
6267,716,1234,1722,2459,2862,,716,518,488,737,403,3405
6281,714,1235,1751,2431,2844,,714,521,516,680,413,3437
6330,717,1235,1723,2434,2882,,717,518,488,711,448,3448
6328,707,1234,1721,2458,2881,,707,527,487,737,423,3447
6330,717,1233,1721,2458,2885,,717,516,488,737,427,3445
6310,715,1234,1724,2468,2882,,715,519,490,744,414,3428
6280,715,1235,1722,2445,2851,,715,520,487,723,406,3429
6265,717,1235,1723,2445,2835,,717,518,488,722,390,3430
6293,717,1234,1722,2445,2866,,717,517,488,723,421,3427
6312,717,1232,1720,2440,2865,,717,515,488,720,425,3447
6242,716,1236,1703,2436,2855,,716,520,467,733,419,3387
6280,717,1236,1723,2444,2856,,717,519,487,721,412,3424
6240,717,1234,1725,2440,2843,,717,517,491,715,403,3397
6283,722,1234,1722,2444,2864,,722,512,488,722,420,3419
6310,717,1234,1723,2445,2867,,717,517,489,722,422,3443
6315,716,1234,1722,2421,2868,,716,518,488,699,447,3447
6267,718,1234,1722,2445,2818,,718,516,488,723,373,3449
6271,716,1234,1722,2445,2863,,716,518,488,723,418,3408
6311,717,1233,1721,2444,2866,,717,516,488,723,422,3445
6239,716,1234,1702,2435,2842,,716,518,468,733,407,3397
6228,715,1234,1703,2436,2845,,715,519,469,733,409,3383
6265,717,1235,1723,2445,2862,,717,518,488,722,417,3403
6206,633,1109,1597,2310,2721,,633,476,488,713,411,3485
6334,717,1235,1721,2460,2883,,717,518,486,739,423,3451
6306,714,1234,1723,2445,2863,,714,520,489,722,418,3443
6237,716,1235,1702,2422,2845,,716,519,467,720,423,3392
6275,719,1234,1722,2443,2865,,719,515,488,721,422,3410
6265,717,1236,1723,2443,2855,,717,519,487,720,412,3410
6235,716,1237,1725,2440,2842,,716,521,488,715,402,3393
6271,717,1235,1723,2420,2864,,717,518,488,697,444,3407
6228,717,1235,1702,2436,2854,,717,518,467,734,418,3374
6276,718,1239,1725,2445,2865,,718,521,486,720,420,3411
6295,711,1233,1723,2444,2868,,711,522,490,721,424,3427
6317,716,1234,1722,2443,2868,,716,518,488,721,425,3449
6290,716,1234,1722,2443,2865,,716,518,488,721,422,3425
6315,716,1235,1722,2444,2869,,716,519,487,722,425,3446
6116,717,1212,1676,2360,2742,,717,495,464,684,382,3374
6273,716,1235,1722,2446,2849,,716,519,487,724,403,3424
6276,715,1235,1723,2445,2848,,715,520,488,722,403,3428
6290,717,1234,1723,2443,2867,,717,517,489,720,424,3423
6314,717,1233,1720,2444,2865,,717,516,487,724,421,3449
6289,716,1234,1719,2441,2864,,716,518,485,722,423,3425
6330,716,1234,1722,2461,2882,,716,518,488,739,421,3448
6204,716,1231,1661,2360,2771,,716,515,430,699,411,3433
6331,716,1235,1723,2460,2882,,716,519,488,737,422,3449
6223,718,1237,1723,2439,2834,,718,519,486,716,395,3389
6327,716,1233,1722,2459,2881,,716,517,489,737,422,3446
6282,716,1235,1722,2461,2863,,716,519,487,739,402,3419
6312,716,1237,1724,2461,2882,,716,521,487,737,421,3430
6309,717,1235,1723,2460,2883,,717,518,488,737,423,3426
6267,716,1235,1723,2460,2863,,716,519,488,737,403,3404
6304,716,1234,1723,2460,2858,,716,518,489,737,398,3446
6330,716,1210,1696,2461,2881,,716,494,486,765,420,3449
6323,718,1233,1721,2458,2882,,718,515,488,737,424,3441
6331,716,1236,1724,2461,2884,,716,520,488,737,423,3447
6310,717,1234,1725,2459,2883,,717,517,491,734,424,3427
6165,718,1235,1670,2360,2767,,718,517,435,690,407,3398
6291,716,1236,1724,2444,2867,,716,520,488,720,423,3424
6285,721,1235,1752,2461,2883,,721,514,517,709,422,3402
6332,716,1235,1754,2464,2883,,716,519,519,710,419,3449
6316,717,1234,1722,2446,2866,,717,517,488,724,420,3450
6292,716,1235,1725,2444,2868,,716,519,490,719,424,3424
6280,715,1235,1721,2443,2849,,715,520,486,722,406,3431
6333,716,1237,1721,2460,2883,,716,521,484,739,423,3450
6274,716,1236,1724,2447,2864,,716,520,488,723,417,3410
6310,716,1265,1750,2461,2883,,716,549,485,711,422,3427
6263,716,1235,1704,2435,2858,,716,519,469,731,423,3405
6205,704,1222,1718,2450,2827,,704,518,496,732,377,3378
6173,706,1220,1691,2409,2803,,706,514,471,718,394,3370
6171,704,1220,1691,2404,2802,,704,516,471,713,398,3369
6008,702,1173,1646,2306,2641,,702,471,473,660,335,3367
5985,701,1155,1632,2281,2614,,701,454,477,649,333,3371
5959,700,1158,1609,2259,2596,,700,458,451,650,337,3363
6116,701,1174,1602,2299,2691,,701,473,428,697,392,3425
6329,744,1234,1721,2487,2882,,744,490,487,766,395,3447
6330,716,1234,1721,2459,2882,,716,518,487,738,423,3448
6309,717,1236,1724,2459,2883,,717,519,488,735,424,3426
6331,717,1238,1724,2460,2883,,717,521,486,736,423,3448
6332,717,1236,1748,2460,2884,,717,519,512,712,424,3448
6330,745,1235,1722,2459,2882,,745,490,487,737,423,3448
6311,716,1235,1722,2461,2884,,716,519,487,739,423,3427
6319,716,1235,1723,2449,2868,,716,519,488,726,419,3451
6230,715,1235,1669,2384,2794,,715,520,434,715,410,3436
6229,716,1235,1668,2385,2796,,716,519,433,717,411,3433
6308,717,1235,1723,2460,2883,,717,518,488,737,423,3425
6291,716,1236,1723,2443,2868,,716,520,487,720,425,3423
6165,717,1235,1703,2379,2767,,717,518,468,676,388,3398
6254,715,1235,1724,2422,2851,,715,520,489,698,429,3403
6127,704,1221,1675,2383,2712,,704,517,454,708,329,3415
5924,704,1179,1595,2230,2564,,704,475,416,635,334,3360
5927,708,1180,1595,2231,2565,,708,472,415,636,334,3362
5958,705,1178,1594,2229,2574,,705,473,416,635,345,3384
6151,709,1138,1594,2307,2700,,709,429,456,713,393,3451
6332,715,1234,1722,2464,2882,,715,519,488,742,418,3450
6331,716,1235,1723,2460,2882,,716,519,488,737,422,3449
6331,717,1237,1723,2460,2883,,717,520,486,737,423,3448
6279,716,1235,1723,2445,2866,,716,519,488,722,421,3413
6292,718,1235,1724,2459,2847,,718,517,489,735,388,3445
6176,704,1224,1698,2412,2804,,704,520,474,714,392,3372
5926,701,1172,1602,2233,2565,,701,471,430,631,332,3361
5952,703,1172,1601,2231,2565,,703,469,429,630,334,3387
6155,703,1178,1651,2353,2722,,703,475,473,702,369,3433
6076,620,1046,1527,2225,2664,,620,426,481,698,439,3412
6279,716,1236,1754,2464,2883,,716,520,518,710,419,3396
6330,717,1236,1723,2458,2884,,717,519,487,735,426,3446
6304,716,1231,1719,2456,2879,,716,515,488,737,423,3425
6269,716,1236,1724,2446,2824,,716,520,488,722,378,3445
6297,716,1236,1723,2445,2866,,716,520,487,722,421,3431
6273,715,1236,1723,2446,2864,,715,521,487,723,418,3409
6270,716,1235,1723,2445,2862,,716,519,488,722,417,3408
6271,716,1235,1722,2444,2862,,716,519,487,722,418,3409
6308,716,1235,1724,2446,2870,,716,519,489,722,424,3438
6287,710,1258,1745,2471,2888,,710,548,487,726,417,3399
6263,716,1232,1720,2387,2860,,716,516,488,667,473,3403
6291,716,1235,1723,2445,2868,,716,519,488,722,423,3423
6290,717,1235,1723,2445,2867,,717,518,488,722,422,3423
6277,716,1235,1708,2444,2867,,716,519,473,736,423,3410
5976,706,1223,1653,2283,2613,,706,517,430,630,330,3363
5923,706,1183,1596,2231,2565,,706,477,413,635,334,3358
5930,706,1181,1595,2232,2565,,706,475,414,637,333,3365
5858,666,1106,1519,2158,2489,,666,440,413,639,331,3369
5860,664,1104,1520,2155,2488,,664,440,416,635,333,3372
6159,726,1210,1673,2375,2754,,726,484,463,702,379,3405
6239,717,1235,1723,2441,2843,,717,518,488,718,402,3396
6274,716,1233,1724,2446,2863,,716,517,491,722,417,3411
6275,716,1235,1723,2445,2849,,716,519,488,722,404,3426
6241,717,1235,1702,2437,2843,,717,518,467,735,406,3398
6273,717,1239,1723,2451,2849,,717,522,484,728,398,3424
6263,717,1236,1724,2439,2844,,717,519,488,715,405,3419
6271,716,1236,1723,2446,2865,,716,520,487,723,419,3406
6274,717,1234,1722,2444,2863,,717,517,488,722,419,3411
6318,716,1206,1698,2445,2868,,716,490,492,747,423,3450
6301,721,1270,1759,2481,2900,,721,549,489,722,419,3401
6291,715,1234,1722,2443,2869,,715,519,488,721,426,3422
6273,716,1234,1721,2443,2862,,716,518,487,722,419,3411
6316,717,1235,1722,2444,2867,,717,518,487,722,423,3449
6233,716,1237,1709,2443,2863,,716,521,472,734,420,3370
6266,716,1231,1718,2441,2845,,716,515,487,723,404,3421
6232,716,1236,1723,2444,2865,,716,520,487,721,421,3367
5976,707,1224,1654,2283,2616,,707,517,430,629,333,3360
5928,706,1185,1597,2231,2567,,706,479,412,634,336,3361
6207,703,1178,1660,2359,2770,,703,475,482,699,411,3437
6268,717,1237,1727,2445,2867,,717,520,490,718,422,3401
6282,716,1235,1703,2459,2826,,716,519,468,756,367,3456
6331,715,1237,1724,2461,2884,,715,522,487,737,423,3447
6332,717,1235,1723,2459,2883,,717,518,488,736,424,3449
6290,716,1234,1723,2445,2866,,716,518,489,722,421,3424
6329,715,1234,1721,2459,2882,,715,519,487,738,423,3447
6332,715,1234,1722,2460,2883,,715,519,488,738,423,3449
6311,715,1235,1723,2460,2883,,715,520,488,737,423,3428
6266,715,1236,1724,2461,2864,,715,521,488,737,403,3402
6303,716,1236,1694,2462,2884,,716,520,458,768,422,3419
6331,685,1235,1723,2460,2888,,685,550,488,737,428,3443
6331,715,1234,1722,2460,2883,,715,519,488,738,423,3448
6329,720,1234,1722,2460,2882,,720,514,488,738,422,3447
6329,715,1235,1721,2459,2880,,715,520,486,738,421,3449
6111,716,1232,1676,2358,2740,,716,516,444,682,382,3371
6244,717,1235,1722,2444,2847,,717,518,487,722,403,3397
6271,715,1235,1722,2445,2864,,715,520,487,723,419,3407
6290,716,1238,1722,2445,2868,,716,522,484,723,423,3422
6273,716,1234,1722,2444,2862,,716,518,488,722,418,3411
6262,718,1235,1724,2440,2854,,718,517,489,716,414,3408
6242,720,1236,1727,2440,2843,,720,516,491,713,403,3399
6276,717,1236,1723,2446,2850,,717,519,487,723,404,3426
6273,716,1236,1722,2447,2864,,716,520,486,725,417,3409
6233,655,1162,1649,2362,2773,,655,507,487,713,411,3460
6261,717,1235,1702,2437,2860,,717,518,467,735,423,3401
5979,706,1223,1653,2283,2617,,706,517,430,630,334,3362
5926,706,1183,1595,2233,2565,,706,477,412,638,332,3361
5899,705,1156,1570,2206,2543,,705,451,414,636,337,3356
5927,705,1179,1595,2230,2563,,705,474,416,635,333,3364
5926,704,1183,1594,2238,2566,,704,479,411,644,328,3360
5834,664,1109,1521,2131,2466,,664,445,412,610,335,3368
5930,706,1182,1596,2231,2566,,706,476,414,635,335,3364
5905,705,1180,1583,2206,2540,,705,475,403,623,334,3365
5852,664,1105,1519,2156,2488,,664,441,414,637,332,3364
5919,665,1104,1520,2136,2513,,665,439,416,616,377,3406
6167,716,1235,1721,2404,2824,,716,519,486,683,420,3343
6002,705,1226,1653,2286,2617,,705,521,427,633,331,3385
5926,706,1179,1595,2231,2568,,706,473,416,636,337,3358
5956,705,1181,1596,2232,2566,,705,476,415,636,334,3390
5878,664,1106,1520,2157,2499,,664,442,414,637,342,3379
5961,705,1186,1620,2258,2592,,705,481,434,638,334,3369
5952,704,1181,1594,2231,2578,,704,477,413,637,347,3374
5926,706,1179,1596,2234,2565,,706,473,417,638,331,3361
5991,706,1181,1596,2231,2564,,706,475,415,635,333,3427
5851,665,1083,1495,2132,2479,,665,418,412,637,347,3372
5852,665,1105,1522,2156,2490,,665,440,417,634,334,3362
5951,704,1181,1597,2232,2565,,704,477,416,635,333,3386
5925,706,1179,1596,2231,2564,,706,473,417,635,333,3361
5827,665,1105,1509,2131,2467,,665,440,404,622,336,3360
5878,664,1106,1521,2157,2502,,664,442,415,636,345,3376
6171,706,1168,1617,2301,2706,,706,462,449,684,405,3465
6306,716,1234,1723,2461,2863,,716,518,489,738,402,3443
6330,716,1235,1724,2460,2883,,716,519,489,736,423,3447
6330,716,1236,1724,2435,2883,,716,520,488,711,448,3447
6360,715,1236,1724,2461,2899,,715,521,488,737,438,3461
6269,715,1234,1721,2460,2881,,715,519,487,739,421,3388
6330,716,1235,1722,2461,2883,,716,519,487,739,422,3447
6261,678,1166,1653,2365,2801,,678,488,487,712,436,3460
6305,716,1231,1718,2431,2882,,716,515,487,713,451,3423
6276,716,1236,1704,2462,2863,,716,520,468,758,401,3413
6203,707,1162,1653,2361,2780,,707,455,491,708,419,3423
6268,704,1226,1697,2448,2827,,704,522,471,751,379,3441
6205,706,1225,1697,2413,2828,,706,519,472,716,415,3377
5928,706,1184,1595,2230,2565,,706,478,411,635,335,3363
5829,670,1082,1495,2132,2466,,670,412,413,637,334,3363
5878,665,1106,1520,2157,2515,,665,441,414,637,358,3363
5926,706,1182,1596,2232,2565,,706,476,414,636,333,3361
5872,664,1104,1519,2154,2504,,664,440,415,635,350,3368
5877,664,1105,1522,2161,2491,,664,441,417,639,330,3386
5931,704,1181,1596,2232,2569,,704,477,415,636,337,3362
5937,714,1198,1625,2245,2564,,714,484,427,620,319,3373
5906,705,1181,1596,2231,2553,,705,476,415,635,322,3353
5925,705,1180,1596,2231,2564,,705,475,416,635,333,3361
5931,705,1180,1595,2231,2563,,705,475,415,636,332,3368
5930,705,1180,1595,2234,2564,,705,475,415,639,330,3366
5854,666,1106,1521,2157,2494,,666,440,415,636,337,3360
5926,705,1181,1595,2232,2567,,705,476,414,637,335,3359
5904,706,1138,1548,2184,2517,,706,432,410,636,333,3387
5818,676,1123,1522,2151,2470,,676,447,399,629,319,3348
5881,664,1107,1522,2157,2508,,664,443,415,635,351,3373
5892,708,1140,1554,2194,2526,,708,432,414,640,332,3366
5926,705,1153,1566,2203,2538,,705,448,413,637,335,3388
5990,704,1180,1596,2231,2564,,704,476,416,635,333,3426
5827,668,1085,1493,2130,2452,,668,417,408,637,322,3375
5875,664,1105,1526,2158,2492,,664,441,421,632,334,3383
5824,646,1058,1470,2107,2441,,646,412,412,637,334,3383
5853,662,1080,1478,2112,2432,,662,418,398,634,320,3421
5927,704,1183,1600,2234,2569,,704,479,417,634,335,3358
5928,703,1183,1595,2231,2565,,703,480,412,636,334,3363
5926,705,1181,1599,2232,2566,,705,476,418,633,334,3360
5858,665,1105,1520,2161,2490,,665,440,415,641,329,3368
5927,705,1176,1591,2229,2562,,705,471,415,638,333,3365
5926,705,1181,1597,2232,2566,,705,476,416,635,334,3360
5928,704,1180,1593,2230,2562,,704,476,413,637,332,3366
5851,664,1106,1523,2156,2491,,664,442,417,633,335,3360
6178,705,1227,1699,2414,2806,,705,522,472,715,392,3372
6175,705,1224,1695,2411,2803,,705,519,471,716,392,3372
6204,705,1224,1677,2448,2831,,705,519,453,771,383,3373
6177,703,1224,1696,2407,2805,,703,521,472,711,398,3372
6118,704,1225,1676,2396,2717,,704,521,451,720,321,3401
6036,701,1176,1648,2313,2645,,701,475,472,665,332,3391
6031,701,1173,1644,2303,2639,,701,472,471,659,336,3392
5926,700,1174,1604,2232,2565,,700,474,430,628,333,3361
5928,699,1175,1604,2236,2567,,699,476,429,632,331,3361
6167,701,1221,1702,2384,2711,,701,520,481,682,327,3456
6034,709,1184,1657,2360,2684,,709,475,473,703,324,3350
6177,705,1226,1699,2414,2806,,705,521,473,715,392,3371
6000,706,1251,1682,2312,2642,,706,545,431,630,330,3358
5927,703,1172,1603,2231,2567,,703,469,431,628,336,3360
6056,679,1153,1625,2329,2680,,679,474,472,704,351,3376
6295,703,1227,1703,2466,2870,,703,524,476,763,404,3425
6011,705,1179,1650,2312,2648,,705,474,471,662,336,3363
5929,702,1173,1604,2232,2564,,702,471,431,628,332,3365
5937,698,1184,1653,2279,2597,,698,486,469,626,318,3340
6230,696,1182,1653,2358,2751,,696,486,471,705,393,3479
6276,705,1225,1696,2424,2868,,705,520,471,728,444,3408
6002,706,1224,1653,2284,2618,,706,518,429,631,334,3384
5951,706,1181,1596,2234,2566,,706,475,415,638,332,3385
5850,666,1107,1521,2156,2489,,666,441,414,635,333,3361
5852,665,1108,1521,2160,2493,,665,443,413,639,333,3359
5934,705,1185,1597,2231,2569,,705,480,412,634,338,3365
5891,708,1140,1555,2191,2524,,708,432,415,636,333,3367
5928,705,1181,1596,2231,2565,,705,476,415,635,334,3363
6177,705,1225,1696,2414,2805,,705,520,471,718,391,3372
6177,705,1223,1696,2414,2804,,705,518,473,718,390,3373
6229,707,1225,1699,2414,2835,,707,518,474,715,421,3394
5950,701,1173,1605,2233,2566,,701,472,432,628,333,3384
6028,702,1181,1661,2295,2646,,702,479,480,634,351,3382
6177,704,1224,1696,2409,2804,,704,520,472,713,395,3373
5993,704,1174,1646,2307,2644,,704,470,472,661,337,3349
5939,671,1151,1582,2211,2569,,671,480,431,629,358,3370
5902,650,1121,1550,2181,2513,,650,471,429,631,332,3389
6041,702,1221,1649,2282,2615,,702,519,428,633,333,3426
6319,705,1224,1695,2449,2871,,705,519,471,754,422,3448
6169,705,1224,1695,2449,2824,,705,519,471,754,375,3345
5932,706,1186,1599,2234,2567,,706,480,413,635,333,3365
5925,706,1181,1596,2233,2565,,706,475,415,637,332,3360
5932,705,1181,1598,2232,2568,,705,476,417,634,336,3364
5954,705,1181,1598,2237,2590,,705,476,417,639,353,3364
5931,704,1184,1597,2232,2565,,704,480,413,635,333,3366
5969,714,1220,1629,2266,2597,,714,506,409,637,331,3372
5930,705,1181,1596,2232,2564,,705,476,415,636,332,3366
5923,704,1180,1593,2231,2565,,704,476,413,638,334,3358
5851,664,1105,1523,2157,2490,,664,441,418,634,333,3361
5955,703,1183,1596,2233,2567,,703,480,413,637,334,3388
5950,706,1180,1595,2231,2565,,706,474,415,636,334,3385
5856,665,1110,1524,2161,2495,,665,445,414,637,334,3361
5879,668,1108,1522,2163,2493,,668,440,414,641,330,3386
5929,702,1182,1597,2232,2565,,702,480,415,635,333,3364
5981,704,1226,1656,2284,2616,,704,522,430,628,332,3365
5880,709,1136,1535,2161,2480,,709,427,399,626,319,3400
6163,687,1175,1646,2352,2728,,687,488,471,706,376,3435
6205,706,1227,1698,2413,2826,,706,521,471,715,413,3379
6178,705,1228,1699,2410,2805,,705,523,471,711,395,3373
6179,704,1226,1698,2408,2805,,704,522,472,710,397,3374
6004,703,1173,1645,2306,2642,,703,470,472,661,336,3362
6027,701,1198,1673,2332,2668,,701,497,475,659,336,3359
5929,701,1173,1603,2236,2567,,701,472,430,633,331,3362
5925,702,1173,1601,2232,2564,,702,471,428,631,332,3361
6169,703,1179,1650,2354,2705,,703,476,471,704,351,3464
6306,717,1236,1725,2463,2865,,717,519,489,738,402,3441
6331,711,1236,1724,2461,2884,,711,525,488,737,423,3447
6332,717,1236,1724,2465,2884,,717,519,488,741,419,3448
6331,716,1237,1724,2462,2883,,716,521,487,738,421,3448
6320,717,1235,1723,2445,2867,,717,518,488,722,422,3453
6295,715,1233,1722,2444,2863,,715,518,489,722,419,3432
6294,716,1238,1725,2450,2871,,716,522,487,725,421,3423
6265,718,1237,1706,2438,2846,,718,519,469,732,408,3419
6272,716,1236,1723,2445,2864,,716,520,487,722,419,3408
6281,717,1235,1753,2441,2860,,717,518,518,688,419,3421
6254,707,1235,1724,2445,2851,,707,528,489,721,406,3403
6178,705,1223,1694,2406,2806,,705,518,471,712,400,3372
5924,709,1183,1597,2231,2553,,709,474,414,634,322,3371
5926,708,1183,1596,2233,2567,,708,475,413,637,334,3359
5852,664,1104,1518,2156,2489,,664,440,414,638,333,3363
5927,706,1184,1597,2235,2568,,706,478,413,638,333,3359
5949,705,1181,1596,2232,2591,,705,476,415,636,359,3358
5854,663,1106,1523,2160,2495,,663,443,417,637,335,3359
5929,704,1188,1596,2231,2555,,704,484,408,635,324,3374
5929,704,1181,1595,2232,2567,,704,477,414,637,335,3362
5859,704,1125,1530,2157,2490,,704,421,405,627,333,3369
6038,666,1107,1581,2248,2640,,666,441,474,667,392,3398
6240,717,1238,1705,2441,2846,,717,521,467,736,405,3394
6273,716,1237,1724,2446,2850,,716,521,487,722,404,3423
6111,716,1184,1661,2351,2729,,716,468,477,690,378,3382
5982,703,1225,1654,2283,2615,,703,522,429,629,332,3367
5923,704,1177,1591,2228,2562,,704,473,414,637,334,3361
5955,706,1184,1597,2233,2569,,706,478,413,636,336,3386
5925,704,1178,1591,2229,2561,,704,474,413,638,332,3364
5928,705,1183,1600,2233,2568,,705,478,417,633,335,3360
5936,667,1118,1550,2182,2517,,667,451,432,632,335,3419
6240,715,1238,1705,2424,2846,,715,523,467,719,422,3394
6240,717,1236,1726,2441,2845,,717,519,490,715,404,3395
6240,717,1239,1725,2441,2847,,717,522,486,716,406,3393
6138,716,1205,1626,2327,2680,,716,489,421,701,353,3458
6049,703,1197,1670,2331,2666,,703,494,473,661,335,3383
6209,704,1227,1699,2413,2827,,704,523,472,714,414,3382
6208,703,1225,1698,2411,2830,,703,522,473,713,419,3378
6178,705,1226,1700,2408,2807,,705,521,474,708,399,3371
6118,706,1226,1702,2398,2719,,706,520,476,696,321,3399
6105,666,1102,1573,2277,2696,,666,436,471,704,419,3409
6206,716,1236,1674,2386,2779,,716,520,438,712,393,3427
6312,716,1237,1725,2463,2886,,716,521,488,738,423,3426
6291,717,1237,1726,2446,2869,,717,520,489,720,423,3422
6195,718,1220,1650,2350,2725,,718,502,430,700,375,3470
6303,704,1223,1696,2450,2870,,704,519,473,754,420,3433
6177,705,1223,1695,2413,2805,,705,518,472,718,392,3372
5929,701,1172,1606,2232,2565,,701,471,434,626,333,3364
5932,703,1177,1606,2236,2569,,703,474,429,630,333,3363
5906,704,1178,1649,2272,2564,,704,474,471,623,292,3342
6234,709,1183,1655,2358,2780,,709,474,472,703,422,3454
6332,703,1203,1687,2461,2884,,703,500,484,774,423,3448
6333,716,1238,1725,2461,2884,,716,522,487,736,423,3449
6311,716,1236,1725,2462,2884,,716,520,489,737,422,3427
6130,716,1240,1692,2377,2728,,716,524,452,685,351,3402
5780,648,1065,1460,2088,2431,,648,417,395,628,343,3349
5728,625,1037,1434,2062,2384,,625,412,397,628,322,3344
6057,626,1067,1536,2240,2630,,626,441,469,704,390,3427
6320,703,1224,1697,2451,2873,,703,521,473,754,422,3447
6295,704,1225,1697,2451,2869,,704,521,472,754,418,3426
6089,708,1182,1654,2292,2694,,708,474,472,638,402,3395
6208,704,1184,1663,2378,2799,,704,480,479,715,421,3409
6277,705,1225,1697,2451,2871,,705,520,472,754,420,3406
6154,702,1176,1647,2326,2742,,702,474,471,679,416,3412
6280,704,1226,1696,2431,2874,,704,522,470,735,443,3406
6161,708,1184,1655,2359,2776,,708,476,471,704,417,3385
6227,703,1225,1697,2449,2827,,703,522,472,752,378,3400
6210,705,1226,1699,2452,2831,,705,521,473,753,379,3379
6161,704,1200,1672,2375,2728,,704,496,472,703,353,3433
6213,706,1224,1696,2461,2819,,706,518,472,765,358,3394
6030,712,1133,1617,2261,2599,,712,421,484,644,338,3431
6334,707,1185,1665,2437,2886,,707,478,480,772,449,3448
6331,716,1236,1722,2461,2883,,716,520,486,739,422,3448
6331,716,1235,1724,2462,2883,,716,519,489,738,421,3448
6320,717,1237,1723,2406,2872,,717,520,486,683,466,3448
6190,709,1186,1659,2358,2749,,709,477,473,699,391,3441
6277,687,1225,1698,2451,2873,,687,538,473,753,422,3404
6206,706,1224,1697,2451,2826,,706,518,473,754,375,3380
6210,706,1226,1697,2450,2827,,706,520,471,753,377,3383
6205,705,1228,1699,2451,2831,,705,523,471,752,380,3374
6069,687,1160,1633,2270,2634,,687,473,473,637,364,3435
6038,704,1227,1656,2306,2659,,704,523,429,650,353,3379
6204,706,1226,1699,2452,2830,,706,520,473,753,378,3374
6170,710,1209,1682,2383,2759,,710,499,473,701,376,3411
6229,705,1225,1697,2452,2818,,705,520,472,755,366,3411
6165,712,1187,1657,2361,2736,,712,475,470,704,375,3429
6205,704,1225,1697,2451,2828,,704,521,472,754,377,3377
6208,705,1225,1698,2450,2829,,705,520,473,752,379,3379
6210,706,1228,1703,2412,2829,,706,522,475,709,417,3381
6071,665,1109,1566,2263,2640,,665,444,457,697,377,3431
6097,705,1181,1615,2301,2669,,705,476,434,686,368,3428
6269,727,1225,1713,2449,2829,,727,498,488,736,380,3440
6356,716,1235,1723,2489,2908,,716,519,488,766,419,3448
6331,717,1235,1724,2461,2883,,717,518,489,737,422,3448
6266,716,1234,1721,2443,2828,,716,518,487,722,385,3438
6282,723,1212,1699,2410,2822,,723,489,487,711,412,3460
6354,716,1259,1747,2483,2906,,716,543,488,736,423,3448
6282,715,1235,1723,2460,2864,,715,520,488,737,404,3418
6312,717,1238,1726,2463,2885,,717,521,488,737,422,3427
6338,719,1238,1726,2447,2869,,719,519,488,721,422,3469
6275,745,1251,1702,2402,2812,,745,506,451,700,410,3463
6335,716,1236,1723,2461,2886,,716,520,487,738,425,3449
6359,717,1267,1778,2488,2911,,717,550,511,710,423,3448
6332,717,1236,1753,2462,2884,,717,519,517,709,422,3448
6307,716,1236,1754,2442,2859,,716,520,518,688,417,3448
6333,718,1235,1723,2461,2884,,718,517,488,738,423,3449
6332,716,1236,1724,2461,2883,,716,520,488,737,422,3449
6336,715,1236,1723,2461,2864,,715,521,487,738,403,3472
6332,721,1236,1724,2462,2883,,721,515,488,738,421,3449
6332,717,1236,1724,2440,2883,,717,519,488,716,443,3449
6082,632,1075,1504,2210,2620,,632,443,429,706,410,3462
6331,717,1236,1723,2465,2883,,717,519,487,742,418,3448
6332,716,1236,1724,2461,2884,,716,520,488,737,423,3448
6332,717,1238,1723,2460,2884,,717,521,485,737,424,3448
6333,716,1237,1726,2463,2886,,716,521,489,737,423,3447
6365,717,1237,1726,2462,2885,,717,520,489,736,423,3480
6334,717,1238,1725,2462,2885,,717,521,487,737,423,3449
6331,716,1237,1725,2462,2884,,716,521,488,737,422,3447
6334,718,1238,1725,2463,2885,,718,520,487,738,422,3449
6308,718,1236,1725,2462,2863,,718,518,489,737,401,3445
6195,709,1236,1690,2376,2771,,709,527,454,686,395,3424
6258,706,1227,1698,2452,2871,,706,521,471,754,419,3387
6270,705,1226,1699,2452,2827,,705,521,473,753,375,3443
6037,709,1184,1657,2319,2673,,709,475,473,662,354,3364
6129,707,1227,1671,2325,2689,,707,520,444,654,364,3440
6212,706,1229,1702,2418,2831,,706,523,473,716,413,3381
6206,688,1226,1699,2415,2830,,688,538,473,716,415,3376
6206,706,1227,1699,2452,2829,,706,521,472,753,377,3377
6210,705,1226,1697,2452,2828,,705,521,471,755,376,3382
6098,705,1183,1665,2326,2691,,705,478,482,661,365,3407
6233,704,1227,1675,2388,2798,,704,523,448,713,410,3435
6386,717,1235,1724,2492,2908,,717,518,489,768,416,3478
6332,716,1236,1724,2463,2884,,716,520,488,739,421,3448
6331,716,1235,1724,2460,2883,,716,519,489,736,423,3448
6219,717,1235,1666,2374,2770,,717,518,431,708,396,3449
6334,730,1238,1724,2463,2885,,730,508,486,739,422,3449
6331,716,1236,1724,2461,2884,,716,520,488,737,423,3447
6332,715,1236,1725,2461,2884,,715,521,489,736,423,3448
6332,717,1236,1725,2461,2883,,717,519,489,736,422,3449
6195,716,1221,1672,2377,2772,,716,505,451,705,395,3423
6132,705,1193,1623,2342,2763,,705,488,430,719,421,3369
6180,705,1226,1699,2410,2806,,705,521,473,711,396,3374
6002,706,1226,1657,2285,2622,,706,520,431,628,337,3380
6376,742,1284,1797,2533,2929,,742,542,513,736,396,3447
6330,715,1243,1711,2483,2882,,715,528,468,772,399,3448
6332,717,1238,1724,2460,2884,,717,521,486,736,424,3448
6364,717,1268,1755,2491,2915,,717,551,487,736,424,3449
6361,718,1235,1723,2461,2883,,718,517,488,738,422,3478
6330,716,1235,1725,2460,2882,,716,519,490,735,422,3448
6331,716,1235,1723,2461,2885,,716,519,488,738,424,3446
6352,717,1261,1747,2488,2906,,717,544,486,741,418,3446
6333,716,1236,1724,2462,2884,,716,520,488,738,422,3449
6333,718,1236,1724,2463,2884,,718,518,488,739,421,3449
6332,717,1237,1724,2463,2886,,717,520,487,739,423,3446
6367,720,1270,1758,2508,2921,,720,550,488,750,413,3446
6333,717,1246,1732,2462,2885,,717,529,486,730,423,3448
6333,716,1237,1724,2464,2884,,716,521,487,740,420,3449
6330,716,1236,1724,2461,2884,,716,520,488,737,423,3446
6331,716,1234,1722,2461,2883,,716,518,488,739,422,3448
6333,716,1237,1725,2455,2884,,716,521,488,730,429,3449
6334,716,1236,1724,2430,2884,,716,520,488,706,454,3450
6333,717,1236,1725,2463,2884,,717,519,489,738,421,3449
6334,717,1239,1725,2463,2885,,717,522,486,738,422,3449
6334,746,1238,1725,2463,2885,,746,492,487,738,422,3449
6352,722,1270,1730,2444,2905,,722,548,460,714,461,3447
6235,705,1166,1649,2362,2772,,705,461,483,713,410,3463
6332,748,1238,1723,2461,2884,,748,490,485,738,423,3448
6293,717,1236,1724,2461,2884,,717,519,488,737,423,3409
6208,705,1227,1700,2452,2830,,705,522,473,752,378,3378
6169,704,1226,1698,2415,2808,,704,522,472,717,393,3361
6095,705,1187,1608,2302,2661,,705,482,421,694,359,3434
6268,716,1236,1725,2464,2863,,716,520,489,739,399,3405
6308,743,1236,1724,2460,2865,,743,493,488,736,405,3443
6333,715,1237,1724,2461,2884,,715,522,487,737,423,3449
6366,723,1270,1736,2495,2909,,723,547,466,759,414,3457
6195,704,1184,1662,2353,2748,,704,480,478,691,395,3447
6279,705,1226,1697,2454,2870,,705,521,471,757,416,3409
6206,704,1228,1700,2450,2828,,704,524,472,750,378,3378
6209,704,1227,1700,2451,2828,,704,523,473,751,377,3381
6033,704,1226,1657,2309,2665,,704,522,431,652,356,3368
6108,705,1225,1653,2312,2666,,705,520,428,659,354,3442
6332,716,1236,1725,2461,2884,,716,520,489,736,423,3448
6331,716,1235,1723,2460,2883,,716,519,488,737,423,3448
6332,698,1237,1724,2461,2884,,698,539,487,737,423,3448
6181,721,1221,1713,2390,2743,,721,500,492,677,353,3438
6177,703,1229,1672,2375,2793,,703,526,443,703,418,3384
6206,705,1226,1698,2451,2831,,705,521,472,753,380,3375
6205,707,1226,1699,2451,2828,,707,519,473,752,377,3377
6207,707,1226,1698,2413,2828,,707,519,472,715,415,3379
5983,705,1186,1620,2285,2618,,705,481,434,665,333,3365
6169,704,1184,1641,2352,2707,,704,480,457,711,355,3462
6320,703,1225,1695,2450,2870,,703,522,470,755,420,3450
6280,704,1226,1696,2451,2873,,704,522,470,755,422,3407
6234,666,1165,1652,2364,2773,,666,499,487,712,409,3461
6293,716,1234,1722,2446,2850,,716,518,488,724,404,3443
6204,705,1226,1703,2453,2829,,705,521,477,750,376,3375
6040,712,1188,1684,2346,2682,,712,476,496,662,336,3358
6178,705,1224,1696,2409,2805,,705,519,472,713,396,3373
5980,705,1226,1656,2286,2620,,705,521,430,630,334,3360
6108,702,1136,1572,2252,2668,,702,434,436,680,416,3440
6230,744,1213,1697,2448,2831,,744,469,484,751,383,3399
6282,705,1226,1698,2453,2871,,705,521,472,755,418,3411
6204,705,1227,1698,2452,2827,,705,522,471,754,375,3377
6137,664,1153,1624,2325,2704,,664,489,471,701,379,3433
6208,704,1228,1700,2452,2828,,704,524,472,752,376,3380
6206,705,1227,1700,2417,2829,,705,522,473,717,412,3377
6179,704,1225,1697,2415,2808,,704,521,472,718,393,3371
6295,704,1226,1700,2455,2872,,704,522,474,755,417,3423
6280,706,1227,1698,2454,2871,,706,521,471,756,417,3409
6008,704,1187,1621,2283,2639,,704,483,434,662,356,3369
6082,706,1226,1655,2321,2659,,706,520,429,666,338,3423
6208,661,1163,1652,2365,2752,,661,502,489,713,387,3456
6335,716,1238,1726,2464,2887,,716,522,488,738,423,3448
6335,716,1228,1737,2463,2886,,716,512,509,726,423,3449
6334,717,1238,1725,2464,2884,,717,521,487,739,420,3450
6209,718,1238,1647,2365,2774,,718,520,409,718,409,3435
6363,718,1237,1726,2465,2886,,718,519,489,739,421,3477
6330,715,1237,1725,2462,2887,,715,522,488,737,425,3443
6295,717,1213,1689,2401,2878,,717,496,476,712,477,3417
6232,705,1225,1696,2451,2829,,705,520,471,755,378,3403
6132,706,1225,1655,2307,2669,,706,519,430,652,362,3463
6362,717,1267,1755,2492,2915,,717,550,488,737,423,3447
6331,717,1238,1725,2462,2885,,717,521,487,737,423,3446
6333,716,1237,1725,2461,2884,,716,521,488,736,423,3449
6207,717,1237,1657,2338,2747,,717,520,420,681,409,3460
6308,716,1237,1726,2462,2866,,716,521,489,736,404,3442
6313,716,1214,1700,2462,2885,,716,498,486,762,423,3428
6335,716,1238,1727,2462,2886,,716,522,489,735,424,3449
6332,717,1238,1726,2463,2885,,717,521,488,737,422,3447
6338,718,1265,1753,2488,2911,,718,547,488,735,423,3427
6289,717,1239,1727,2463,2822,,717,522,488,736,359,3467
6247,718,1269,1736,2469,2877,,718,551,467,733,408,3370
6334,715,1238,1726,2463,2885,,715,523,488,737,422,3449
6332,715,1236,1724,2461,2886,,715,521,488,737,425,3446
6332,717,1236,1709,2449,2884,,717,519,473,740,435,3448
6258,716,1237,1725,2380,2809,,716,521,488,655,429,3449
6282,717,1236,1725,2462,2868,,717,519,489,737,406,3414
6333,715,1237,1725,2463,2886,,715,522,488,738,423,3447
6333,717,1238,1725,2462,2884,,717,521,487,737,422,3449
6356,716,1259,1748,2489,2907,,716,543,489,741,418,3449
6246,716,1237,1725,2425,2822,,716,521,488,700,397,3424
6156,703,1194,1665,2370,2745,,703,491,471,705,375,3411
6075,704,1198,1694,2358,2693,,704,494,496,664,335,3382
6209,700,1133,1601,2312,2748,,700,433,468,711,436,3461
6355,717,1236,1723,2461,2909,,717,519,487,738,448,3446
6334,716,1237,1724,2453,2885,,716,521,487,729,432,3449
6331,716,1234,1722,2461,2882,,716,518,488,739,421,3449
6335,718,1238,1727,2463,2886,,718,520,489,736,423,3449
6334,715,1239,1725,2463,2884,,715,524,486,738,421,3450
6334,716,1261,1750,2488,2908,,716,545,489,738,420,3426
6110,745,1203,1605,2289,2673,,745,458,402,684,384,3437
6330,717,1235,1723,2460,2882,,717,518,488,737,422,3448
6334,716,1238,1726,2465,2885,,716,522,488,739,420,3449
6333,716,1237,1726,2462,2884,,716,521,489,736,422,3449
6291,715,1237,1725,2451,2868,,715,522,488,726,417,3423
6358,717,1238,1726,2493,2900,,717,521,488,767,407,3458
6332,717,1236,1725,2462,2886,,717,519,489,737,424,3446
6334,717,1237,1726,2464,2887,,717,520,489,738,423,3447
6334,716,1240,1726,2463,2886,,716,524,486,737,423,3448
6350,720,1272,1759,2496,2918,,720,552,487,737,422,3432
6297,716,1238,1725,2463,2852,,716,522,487,738,389,3445
6277,706,1226,1699,2451,2870,,706,520,473,752,419,3407
6163,709,1184,1656,2359,2775,,709,475,472,703,416,3388
6234,707,1185,1641,2364,2773,,707,478,456,723,409,3461
6307,717,1227,1712,2463,2872,,717,510,485,751,409,3435
6357,716,1236,1725,2491,2907,,716,520,489,766,416,3450
6358,716,1261,1749,2487,2908,,716,545,488,738,421,3450
6335,718,1237,1726,2462,2885,,718,519,489,736,423,3450
6334,715,1237,1726,2463,2886,,715,522,489,737,423,3448
6308,717,1237,1724,2462,2861,,717,520,487,738,399,3447
6309,716,1237,1726,2447,2870,,716,521,489,721,423,3439
6333,716,1239,1727,2462,2886,,716,523,488,735,424,3447
6333,716,1238,1727,2462,2886,,716,522,489,735,424,3447
6334,715,1240,1727,2464,2885,,715,525,487,737,421,3449
6314,716,1238,1727,2463,2886,,716,522,489,736,423,3428
6260,718,1239,1756,2465,2808,,718,521,517,709,343,3452
6233,703,1111,1599,2342,2751,,703,408,488,743,409,3482
6334,717,1238,1725,2463,2886,,717,521,487,738,423,3448
6360,716,1236,1724,2462,2886,,716,520,488,738,424,3474
6310,716,1238,1726,2463,2886,,716,522,488,737,423,3424
6335,715,1239,1726,2449,2888,,715,524,487,723,439,3447
6333,690,1236,1725,2463,2885,,690,546,489,738,422,3448
6334,715,1238,1726,2463,2889,,715,523,488,737,426,3445
6333,719,1237,1725,2462,2885,,719,518,488,737,423,3448
6312,716,1239,1726,2463,2885,,716,523,487,737,422,3427
6333,717,1239,1727,2464,2886,,717,522,488,737,422,3447
6335,716,1238,1726,2464,2885,,716,522,488,738,421,3450
6336,718,1239,1727,2465,2887,,718,521,488,738,422,3449
6327,716,1231,1720,2457,2878,,716,515,489,737,421,3449
6333,716,1262,1749,2486,2908,,716,546,487,737,422,3425
6333,716,1239,1726,2464,2885,,716,523,487,738,421,3448
6335,718,1239,1727,2464,2887,,718,521,488,737,423,3448
6346,725,1250,1739,2474,2897,,725,525,489,735,423,3449
6334,719,1239,1719,2423,2887,,719,520,480,704,464,3447
6312,717,1238,1709,2464,2886,,717,521,471,755,422,3426
6335,720,1239,1757,2467,2886,,720,519,518,710,419,3449
6333,703,1239,1725,2463,2886,,703,536,486,738,423,3447
6333,716,1238,1726,2464,2886,,716,522,488,738,422,3447
6363,715,1294,1778,2490,2912,,715,579,484,712,422,3451
6342,721,1300,1786,2495,2918,,721,579,486,709,423,3424
6208,716,1205,1654,2355,2761,,716,489,449,701,406,3447
6363,716,1238,1726,2464,2886,,716,522,488,738,422,3477
6335,717,1237,1726,2464,2885,,717,520,489,738,421,3450
6334,716,1238,1725,2465,2885,,716,522,487,740,420,3449
6311,717,1239,1726,2465,2886,,717,522,487,739,421,3425
6334,716,1241,1727,2465,2887,,716,525,486,738,422,3447
6356,716,1259,1747,2484,2907,,716,543,488,737,423,3449
6333,717,1236,1725,2462,2883,,717,519,489,737,421,3450
6333,716,1237,1726,2462,2885,,716,521,489,736,423,3448
6345,722,1271,1760,2496,2920,,722,549,489,736,424,3425
6333,718,1237,1725,2462,2884,,718,519,488,737,422,3449
6356,716,1232,1722,2485,2908,,716,516,490,763,423,3448
6333,716,1238,1726,2463,2886,,716,522,488,737,423,3447
6366,717,1238,1727,2462,2902,,717,521,489,735,440,3464
6333,717,1239,1727,2463,2887,,717,522,488,736,424,3446
6333,717,1237,1725,2461,2884,,717,520,488,736,423,3449
6368,722,1272,1762,2497,2920,,722,550,490,735,423,3448
6332,716,1236,1724,2462,2884,,716,520,488,738,422,3448
6332,717,1240,1726,2463,2884,,717,523,486,737,421,3448
6355,721,1271,1759,2496,2918,,721,550,488,737,422,3437
6296,718,1236,1724,2462,2852,,718,518,488,738,390,3444
6240,707,1139,1632,2344,2754,,707,432,493,712,410,3486
6333,690,1237,1725,2438,2885,,690,547,488,713,447,3448
6284,717,1238,1726,2463,2842,,717,521,488,737,379,3442
6334,717,1239,1726,2465,2887,,717,522,487,739,422,3447
6310,716,1239,1727,2464,2867,,716,523,488,737,403,3443
6367,722,1272,1760,2497,2920,,722,550,488,737,423,3447
6334,717,1239,1725,2462,2885,,717,522,486,737,423,3449
6365,721,1270,1758,2495,2918,,721,549,488,737,423,3447
6345,721,1272,1759,2496,2919,,721,551,487,737,423,3426
6293,716,1236,1723,2462,2850,,716,520,487,739,388,3443
6232,704,1181,1677,2387,2797,,704,477,496,710,410,3435
6334,719,1237,1725,2464,2885,,719,518,488,739,421,3449
6334,718,1238,1726,2463,2886,,718,520,488,737,423,3448
6188,716,1202,1649,2324,2754,,716,486,447,675,430,3434
6333,717,1238,1728,2463,2886,,717,521,490,735,423,3447
6368,724,1273,1784,2498,2919,,724,549,511,714,421,3449
6333,716,1240,1725,2462,2884,,716,524,485,737,422,3449
6367,722,1272,1760,2497,2919,,722,550,488,737,422,3448
6281,725,1226,1713,2400,2810,,725,501,487,687,410,3471
6310,718,1238,1727,2464,2866,,718,520,489,737,402,3444
6359,717,1261,1716,2486,2909,,717,544,455,770,423,3450
6333,716,1238,1725,2463,2885,,716,522,487,738,422,3448
6271,716,1238,1727,2464,2866,,716,522,489,737,402,3405
6206,745,1239,1727,2399,2779,,745,494,488,672,380,3427
6335,717,1239,1727,2464,2887,,717,522,488,737,423,3448
6368,723,1274,1760,2498,2923,,723,551,486,738,425,3445
6335,716,1238,1726,2464,2886,,716,522,488,738,422,3449
6270,725,1225,1712,2424,2835,,725,500,487,712,411,3435
6291,718,1238,1726,2427,2872,,718,520,488,701,445,3419
6280,715,1217,1688,2422,2820,,715,502,471,734,398,3460
6394,719,1268,1761,2495,2916,,719,549,493,734,421,3478
6382,717,1262,1749,2515,2932,,717,545,487,766,417,3450
6335,717,1238,1727,2464,2886,,717,521,489,737,422,3449
6331,715,1238,1725,2462,2884,,715,523,487,737,422,3447
6334,716,1237,1725,2463,2886,,716,521,488,738,423,3448
6270,724,1225,1713,2424,2835,,724,501,488,711,411,3435
6334,746,1237,1725,2462,2885,,746,491,488,737,423,3449
6334,717,1238,1727,2463,2885,,717,521,489,736,422,3449
6320,718,1240,1726,2464,2874,,718,522,486,738,410,3446
6334,748,1239,1756,2465,2886,,748,491,517,709,421,3448
6269,723,1222,1711,2423,2833,,723,499,489,712,410,3436
6335,716,1240,1755,2464,2886,,716,524,515,709,422,3449
6309,716,1238,1727,2465,2865,,716,522,489,738,400,3444
6259,717,1239,1726,2463,2808,,717,522,487,737,345,3451
6364,716,1238,1727,2463,2887,,716,522,489,736,424,3477
6334,716,1237,1724,2461,2884,,716,521,487,737,423,3450
6360,717,1238,1727,2463,2917,,717,521,489,736,454,3443
6335,716,1239,1727,2463,2887,,716,523,488,736,424,3448
6283,716,1242,1727,2464,2862,,716,526,485,737,398,3421
6334,715,1239,1727,2465,2887,,715,524,488,738,422,3447
6317,717,1237,1725,2451,2870,,717,520,488,726,419,3447
6307,743,1236,1723,2460,2864,,743,493,487,737,404,3443
6309,715,1237,1725,2463,2864,,715,522,488,738,401,3445
6295,717,1237,1725,2463,2862,,717,520,488,738,399,3433
6283,711,1226,1698,2453,2874,,711,515,472,755,421,3409
6114,705,1227,1671,2376,2727,,705,522,444,705,351,3387
6210,705,1228,1699,2453,2832,,705,523,471,754,379,3378
6081,675,1152,1624,2326,2698,,675,477,472,702,372,3383
6295,705,1227,1698,2409,2852,,705,522,471,711,443,3443
6333,717,1238,1726,2462,2885,,717,521,488,736,423,3448
6335,715,1238,1727,2461,2886,,715,523,489,734,425,3449
6366,721,1273,1759,2497,2918,,721,552,486,738,421,3448
6333,717,1238,1727,2463,2886,,717,521,489,736,423,3447
6271,717,1239,1728,2450,2832,,717,522,489,722,382,3439
6212,704,1228,1698,2451,2832,,704,524,470,753,381,3380
6206,704,1227,1699,2452,2829,,704,523,472,753,377,3377
6206,704,1227,1701,2415,2832,,704,523,474,714,417,3374
6054,664,1149,1622,2326,2676,,664,485,473,704,350,3378
6213,705,1227,1724,2410,2828,,705,522,497,686,418,3385
6214,705,1227,1698,2415,2830,,705,522,471,717,415,3384
6260,709,1229,1677,2389,2800,,709,520,448,712,411,3460
6365,720,1269,1758,2495,2917,,720,549,489,737,422,3448
6334,717,1238,1757,2470,2886,,717,521,519,713,416,3448
6297,718,1237,1727,2464,2849,,718,519,490,737,385,3448
6269,703,1227,1700,2453,2830,,703,524,473,753,377,3439
5998,704,1186,1623,2281,2620,,704,482,437,658,339,3378
6181,704,1227,1701,2412,2809,,704,523,474,711,397,3372
5950,706,1174,1606,2232,2565,,706,468,432,626,333,3385
5911,650,1126,1556,2186,2519,,650,476,430,630,333,3392
6097,704,1227,1633,2259,2647,,704,523,406,626,388,3450
6033,633,1102,1533,2227,2581,,633,469,431,694,354,3452
6203,708,1172,1639,2332,2744,,708,464,467,693,412,3459
6335,718,1238,1727,2463,2886,,718,520,489,736,423,3449
6310,717,1239,1727,2463,2867,,717,522,488,736,404,3443
6296,717,1239,1727,2449,2870,,717,522,488,722,421,3426
6292,718,1237,1725,2449,2870,,718,519,488,724,421,3422
6294,716,1238,1727,2449,2871,,716,522,489,722,422,3423
6205,705,1225,1697,2451,2832,,705,520,472,754,381,3373
6279,710,1239,1726,2448,2867,,710,529,487,722,419,3412
6241,715,1238,1725,2442,2846,,715,523,487,717,404,3395
6217,719,1239,1728,2444,2814,,719,520,489,716,370,3403
6275,717,1238,1726,2451,2869,,717,521,488,725,418,3406
6294,718,1238,1726,2448,2869,,718,520,488,722,421,3425
6280,715,1240,1726,2448,2865,,715,525,486,722,417,3415
6295,717,1237,1724,2447,2869,,717,520,487,723,422,3426
6240,716,1239,1727,2442,2846,,716,523,488,715,404,3394
6278,716,1240,1728,2450,2869,,716,524,488,722,419,3409
6157,705,1183,1629,2326,2679,,705,478,446,697,353,3478
5935,666,1152,1582,2237,2570,,666,486,430,655,333,3365
5964,705,1190,1599,2236,2569,,705,485,409,637,333,3395
6271,716,1266,1732,2467,2874,,716,550,466,735,407,3397
6242,719,1241,1731,2444,2850,,719,522,490,713,406,3392
6276,719,1239,1727,2447,2868,,719,520,488,720,421,3408
6282,718,1238,1727,2442,2861,,718,520,489,715,419,3421
6283,717,1238,1726,2449,2866,,717,521,488,723,417,3417
6209,662,1163,1572,2292,2725,,662,501,409,720,433,3484
6278,718,1210,1695,2407,2818,,718,492,485,712,411,3460
6311,705,1222,1705,2464,2886,,705,517,483,759,422,3425
6317,704,1269,1754,2463,2887,,704,565,485,709,424,3430
6299,715,1239,1727,2464,2887,,715,524,488,737,423,3412
6298,716,1227,1710,2451,2872,,716,511,483,741,421,3426
5981,655,1127,1597,2261,2619,,655,472,470,664,358,3362
5932,705,1189,1598,2234,2568,,705,484,409,636,334,3364
6073,706,1187,1624,2289,2666,,706,481,437,665,377,3407
6334,716,1238,1725,2463,2885,,716,522,487,738,422,3449
6332,719,1236,1724,2461,2884,,719,517,488,737,423,3448
6334,716,1238,1726,2463,2885,,716,522,488,737,422,3449
6234,712,1236,1657,2362,2772,,712,524,421,705,410,3462
6361,716,1240,1728,2459,2889,,716,524,488,731,430,3472
6265,716,1241,1727,2465,2887,,716,525,486,738,422,3378
6313,717,1242,1727,2463,2887,,717,525,485,736,424,3426
6362,706,1240,1728,2467,2891,,706,534,488,739,424,3471
6269,717,1239,1727,2464,2865,,717,522,488,737,401,3404
6310,716,1242,1727,2431,2852,,716,526,485,704,421,3458
6248,718,1239,1727,2464,2866,,718,521,488,737,402,3382
6336,716,1240,1730,2466,2887,,716,524,490,736,421,3449
6336,717,1240,1728,2465,2888,,717,523,488,737,423,3448
6311,717,1238,1727,2462,2887,,717,521,489,735,425,3424
6268,717,1238,1728,2443,2861,,717,521,490,715,418,3407
6260,716,1241,1756,2426,2845,,716,525,515,670,419,3415
6336,716,1240,1729,2465,2888,,716,524,489,736,423,3448
6305,715,1244,1719,2477,2900,,715,529,475,758,423,3405
5982,703,1226,1654,2284,2619,,703,523,428,630,335,3363
6047,704,1225,1652,2286,2617,,704,521,427,634,331,3430
6340,706,1227,1699,2453,2870,,706,521,472,754,417,3470
6360,715,1239,1726,2464,2916,,715,524,487,738,452,3444
6346,721,1265,1753,2474,2896,,721,544,488,721,422,3450
6265,716,1237,1705,2438,2857,,716,521,468,733,419,3408
6271,704,1231,1705,2412,2831,,704,527,474,707,419,3440
6277,715,1239,1726,2448,2866,,715,524,487,722,418,3411
6310,715,1239,1673,2448,2870,,715,524,434,775,422,3440
6235,705,1185,1665,2378,2775,,705,480,480,713,397,3460
6312,717,1239,1726,2469,2886,,717,522,487,743,417,3426
6274,717,1238,1726,2449,2866,,717,521,488,723,417,3408
6294,719,1242,1728,2449,2872,,719,523,486,721,423,3422
6266,717,1240,1728,2442,2857,,717,523,488,714,415,3409
6277,716,1238,1728,2448,2871,,716,522,490,720,423,3406
6167,717,1184,1659,2304,2694,,717,467,475,645,390,3473
6134,718,1187,1664,2378,2732,,718,469,477,714,354,3402
5982,706,1226,1656,2285,2617,,706,520,430,629,332,3365
6160,706,1184,1620,2326,2717,,706,478,436,706,391,3443
6169,716,1206,1643,2353,2702,,716,490,437,710,349,3467
6312,717,1240,1727,2464,2887,,717,523,487,737,423,3425
6281,715,1238,1726,2448,2868,,715,523,488,722,420,3413
6299,717,1239,1727,2449,2871,,717,522,488,722,422,3428
6192,717,1190,1601,2313,2723,,717,473,411,712,410,3469
6310,722,1235,1724,2445,2869,,722,513,489,721,424,3441
6219,718,1226,1692,2428,2846,,718,508,466,736,418,3373
6258,705,1183,1676,2388,2797,,705,478,493,712,409,3461
6279,716,1237,1725,2462,2864,,716,521,488,737,402,3415
6322,716,1238,1726,2451,2872,,716,522,488,725,421,3450
6210,715,1222,1651,2354,2725,,715,507,429,703,371,3485
6310,716,1239,1727,2465,2887,,716,523,488,738,422,3423
6281,717,1240,1727,2450,2867,,717,523,487,723,417,3414
6240,716,1239,1726,2442,2845,,716,523,487,716,403,3395
6301,716,1240,1727,2449,2869,,716,524,487,722,420,3432
6294,718,1240,1728,2448,2871,,718,522,488,720,423,3423
6266,717,1240,1720,2440,2859,,717,523,480,720,419,3407
6247,716,1241,1706,2441,2860,,716,525,465,735,419,3387
6240,717,1239,1727,2443,2847,,717,522,488,716,404,3393
6312,717,1239,1727,2442,2886,,717,522,488,715,444,3426
6210,717,1239,1670,2377,2748,,717,522,431,707,371,3462
6309,718,1239,1756,2465,2887,,718,521,517,709,422,3422
6338,716,1239,1728,2465,2888,,716,523,489,737,423,3450
6334,716,1238,1726,2467,2886,,716,522,488,741,419,3448
6358,716,1239,1726,2463,2917,,716,523,487,737,454,3441
6334,716,1241,1726,2463,2890,,716,525,485,737,427,3444
6259,716,1241,1729,2464,2841,,716,525,488,735,377,3418
6219,716,1238,1706,2440,2846,,716,522,468,734,406,3373
6284,716,1269,1752,2441,2845,,716,553,483,689,404,3439
6332,716,1238,1726,2447,2885,,716,522,488,721,438,3447
6195,714,1237,1687,2350,2728,,714,523,450,663,378,3467
6205,704,1226,1698,2450,2830,,704,522,472,752,380,3375
6011,704,1225,1654,2283,2617,,704,521,429,629,334,3394
5927,704,1183,1596,2235,2567,,704,479,413,639,332,3360
6192,705,1205,1674,2373,2764,,705,500,469,699,391,3428
6320,716,1239,1726,2448,2872,,716,523,487,722,424,3448
6322,719,1238,1727,2450,2872,,719,519,489,723,422,3450
6311,718,1238,1679,2388,2885,,718,520,441,709,497,3426
6265,717,1240,1727,2444,2861,,717,523,487,717,417,3404
6242,716,1240,1726,2445,2851,,716,524,486,719,406,3391
6185,715,1239,1708,2366,2750,,715,524,469,658,384,3435
6269,717,1239,1728,2444,2860,,717,522,489,716,416,3409
6283,715,1240,1727,2449,2853,,715,525,487,722,404,3430
6277,717,1238,1727,2448,2867,,717,521,489,721,419,3410
6264,716,1238,1728,2417,2860,,716,522,490,689,443,3404
6320,716,1240,1728,2450,2873,,716,524,488,722,423,3447
6280,716,1239,1729,2464,2867,,716,523,490,735,403,3413
6221,719,1223,1692,2428,2844,,719,504,469,736,416,3377
6264,717,1238,1730,2443,2847,,717,521,492,713,404,3417
6281,717,1239,1727,2449,2871,,717,522,488,722,422,3410
6222,715,1239,1708,2406,2803,,715,524,469,698,397,3419
5952,705,1187,1596,2233,2566,,705,482,409,637,333,3386
6241,717,1239,1707,2440,2846,,717,522,468,733,406,3395
6276,716,1239,1727,2449,2868,,716,523,488,722,419,3408
6165,717,1237,1680,2363,2734,,717,520,443,683,371,3431
6276,718,1240,1729,2450,2854,,718,522,489,721,404,3422
6270,716,1238,1727,2430,2858,,716,522,489,703,428,3412
6269,718,1242,1755,2446,2863,,718,524,513,691,417,3406
6294,717,1239,1727,2450,2872,,717,522,488,723,422,3422
6244,718,1239,1728,2443,2836,,718,521,489,715,393,3408
6297,718,1239,1729,2450,2876,,718,521,490,721,426,3421
6294,717,1240,1731,2450,2873,,717,523,491,719,423,3421
6308,716,1236,1754,2466,2884,,716,520,518,712,418,3424
6337,716,1241,1729,2465,2888,,716,525,488,736,423,3449
6334,716,1238,1728,2464,2887,,716,522,490,736,423,3447
6336,716,1239,1727,2464,2887,,716,523,488,737,423,3449
6312,717,1240,1728,2464,2889,,717,523,488,736,425,3423
6214,716,1241,1708,2408,2791,,716,525,467,700,383,3423
6334,715,1240,1727,2464,2888,,715,525,487,737,424,3446
6282,716,1239,1727,2444,2862,,716,523,488,717,418,3420
6273,715,1240,1728,2432,2832,,715,525,488,704,400,3441
5979,704,1227,1656,2286,2620,,704,523,429,630,334,3359
6172,705,1227,1699,2395,2725,,705,522,472,696,330,3447
6297,705,1228,1698,2455,2872,,705,523,470,757,417,3425
6147,704,1182,1619,2324,2703,,704,478,437,705,379,3444
6180,705,1228,1702,2412,2808,,705,523,474,710,396,3372
6043,701,1176,1606,2259,2615,,701,475,430,653,356,3428
6245,716,1240,1727,2436,2821,,716,524,487,709,385,3424
6283,716,1239,1727,2445,2852,,716,523,488,718,407,3431
6308,706,1227,1723,2452,2851,,706,521,496,729,399,3457
6297,719,1239,1727,2449,2853,,719,520,488,722,404,3444
6180,704,1228,1699,2415,2829,,704,524,471,716,414,3351
6011,704,1228,1656,2311,2644,,704,524,428,655,333,3367
5854,645,1061,1475,2110,2443,,645,416,414,635,333,3411
5720,633,1030,1425,2056,2371,,633,397,395,631,315,3349
5714,625,1016,1411,2041,2384,,625,391,395,630,343,3330
6230,707,1228,1700,2412,2817,,707,521,472,712,405,3413
6336,716,1240,1727,2462,2874,,716,524,487,735,412,3462
6330,717,1239,1728,2465,2887,,717,522,489,737,422,3443
6335,717,1243,1729,2465,2888,,717,526,486,736,423,3447
6294,725,1273,1761,2498,2841,,725,548,488,737,343,3453
6337,717,1240,1728,2464,2888,,717,523,488,736,424,3449
6335,718,1240,1729,2466,2889,,718,522,489,737,423,3446
6313,718,1240,1728,2466,2888,,718,522,488,738,422,3425
6333,716,1237,1727,2463,2886,,716,521,490,736,423,3447
6366,721,1270,1759,2496,2918,,721,549,489,737,422,3448
6260,716,1240,1727,2465,2811,,716,524,487,738,346,3449
6336,717,1239,1729,2456,2888,,717,522,490,727,432,3448
6320,717,1242,1729,2466,2891,,717,525,487,737,425,3429
6310,717,1241,1729,2466,2888,,717,524,488,737,422,3422
6343,752,1272,1760,2497,2894,,752,520,488,737,397,3449
6336,716,1241,1729,2466,2888,,716,525,488,737,422,3448
6269,717,1241,1709,2442,2863,,717,524,468,733,421,3406
6284,706,1228,1724,2453,2875,,706,522,496,729,422,3409
6280,707,1229,1700,2440,2877,,707,522,471,740,437,3403
6209,708,1228,1702,2428,2831,,708,520,474,726,403,3378
6212,704,1227,1698,2454,2830,,704,523,471,756,376,3382
6211,704,1228,1659,2309,2711,,704,524,431,650,402,3500
6337,716,1240,1728,2465,2888,,716,524,488,737,423,3449
6333,715,1238,1726,2463,2886,,715,523,488,737,423,3447
6310,716,1239,1727,2465,2868,,716,523,488,738,403,3442
6335,719,1240,1728,2464,2888,,719,521,488,736,424,3447
6333,716,1238,1726,2464,2887,,716,522,488,738,423,3446
6334,715,1239,1727,2463,2886,,715,524,488,736,423,3448
6337,717,1240,1730,2466,2889,,717,523,490,736,423,3448
6284,716,1239,1727,2465,2866,,716,523,488,738,401,3418
6336,717,1240,1728,2465,2887,,717,523,488,737,422,3449
6330,716,1236,1723,2465,2882,,716,520,487,742,417,3448
6335,716,1238,1725,2462,2885,,716,522,487,737,423,3450
6334,716,1240,1729,2469,2888,,716,524,489,740,419,3446
6311,715,1240,1702,2466,2866,,715,525,462,764,400,3445
6334,717,1242,1726,2465,2886,,717,525,484,739,421,3448
6278,715,1240,1728,2465,2888,,715,525,488,737,423,3390
6209,705,1228,1702,2453,2831,,705,523,474,751,378,3378
6162,704,1228,1659,2311,2725,,704,524,431,652,414,3437
6336,718,1239,1728,2465,2887,,718,521,489,737,422,3449
6296,715,1236,1724,2461,2852,,715,521,488,737,391,3444
6013,704,1230,1660,2288,2633,,704,526,430,628,345,3380
6247,705,1229,1704,2419,2812,,705,524,475,715,393,3435
6252,713,1186,1658,2362,2738,,713,473,472,704,376,3514
6335,716,1239,1728,2464,2890,,716,523,489,736,426,3445
6336,716,1240,1727,2466,2890,,716,524,487,739,424,3446
6370,715,1238,1726,2464,2886,,715,523,488,738,422,3484
6337,716,1241,1729,2467,2889,,716,525,488,738,422,3448
6335,715,1239,1728,2466,2888,,715,524,489,738,422,3447
6335,716,1240,1727,2465,2889,,716,524,487,738,424,3446
6310,715,1238,1728,2463,2866,,715,523,490,735,403,3444
6311,717,1240,1727,2465,2865,,717,523,487,738,400,3446
6335,717,1241,1728,2465,2887,,717,524,487,737,422,3448
6370,721,1271,1759,2497,2919,,721,550,488,738,422,3451
6336,715,1240,1728,2465,2887,,715,525,488,737,422,3449
6336,717,1241,1728,2465,2888,,717,524,487,737,423,3448
6334,716,1239,1727,2463,2886,,716,523,488,736,423,3448
6337,720,1241,1728,2467,2888,,720,521,487,739,421,3449
6334,715,1240,1728,2464,2886,,715,525,488,736,422,3448
6271,717,1241,1728,2444,2864,,717,524,487,716,420,3407
6219,712,1188,1635,2348,2758,,712,476,447,713,410,3461
6311,716,1240,1726,2464,2861,,716,524,486,738,397,3450
6336,716,1240,1727,2465,2888,,716,524,487,738,423,3448
6393,723,1273,1761,2498,2921,,723,550,488,737,423,3472
6299,716,1205,1692,2405,2840,,716,489,487,713,435,3459
6337,716,1240,1727,2464,2888,,716,524,487,737,424,3449
6391,716,1240,1726,2411,2887,,716,524,486,685,476,3504
6280,717,1242,1728,2465,2888,,717,525,486,737,423,3392
6152,713,1187,1658,2362,2735,,713,474,471,704,373,3417
6281,690,1229,1701,2455,2876,,690,539,472,754,421,3405
6207,705,1227,1700,2452,2830,,705,522,473,752,378,3377
6273,705,1230,1701,2413,2836,,705,525,471,712,423,3437
6333,716,1237,1724,2463,2886,,716,521,487,739,423,3447
6257,711,1189,1660,2361,2752,,711,478,471,701,391,3505
6296,704,1228,1700,2454,2873,,704,524,472,754,419,3423
6206,704,1227,1699,2452,2831,,704,523,472,753,379,3375
6204,704,1226,1696,2414,2837,,704,522,470,718,423,3367
6208,703,1228,1699,2418,2830,,703,525,471,719,412,3378
6101,711,1186,1617,2311,2662,,711,475,431,694,351,3439
6336,716,1240,1729,2464,2888,,716,524,489,735,424,3448
6334,716,1239,1728,2466,2887,,716,523,489,738,421,3447
6285,717,1240,1727,2463,2835,,717,523,487,736,372,3450
6335,717,1240,1728,2441,2888,,717,523,488,713,447,3447
6333,718,1241,1727,2463,2885,,718,523,486,736,422,3448
6335,715,1238,1728,2465,2887,,715,523,490,737,422,3448
6313,715,1241,1728,2464,2888,,715,526,487,736,424,3425
6315,716,1240,1728,2465,2837,,716,524,488,737,372,3478
6338,718,1240,1729,2467,2889,,718,522,489,738,422,3449
6311,716,1241,1728,2466,2863,,716,525,487,738,397,3448
6295,720,1240,1727,2449,2873,,720,520,487,722,424,3422
6333,716,1239,1727,2465,2887,,716,523,488,738,422,3446
6312,717,1239,1729,2465,2888,,717,522,490,736,423,3424
6287,741,1241,1730,2466,2889,,741,500,489,736,423,3398
6335,718,1239,1728,2468,2887,,718,521,489,740,419,3448
6367,724,1274,1761,2498,2919,,724,550,487,737,421,3448
6335,716,1240,1728,2466,2887,,716,524,488,738,421,3448
6337,717,1239,1729,2464,2887,,717,522,490,735,423,3450
6341,716,1242,1728,2495,2912,,716,526,486,767,417,3429
6375,729,1279,1767,2503,2928,,729,550,488,736,425,3447
6368,723,1275,1761,2498,2921,,723,552,486,737,423,3447
6335,716,1240,1729,2465,2887,,716,524,489,736,422,3448
6337,717,1239,1728,2464,2888,,717,522,489,736,424,3449
6316,717,1241,1729,2466,2889,,717,524,488,737,423,3427
6288,716,1242,1728,2465,2888,,716,526,486,737,423,3400
6331,718,1238,1752,2463,2885,,718,520,514,711,422,3446
6336,717,1239,1727,2438,2886,,717,522,488,711,448,3450
6336,716,1240,1729,2465,2887,,716,524,489,736,422,3449
6334,716,1238,1726,2464,2885,,716,522,488,738,421,3449
6334,716,1238,1726,2463,2889,,716,522,488,737,426,3445
6300,716,1285,1770,2460,2879,,716,569,485,690,419,3421
6289,715,1240,1728,2464,2889,,715,525,488,736,425,3400
6326,717,1241,1728,2465,2887,,717,524,487,737,422,3439
6334,716,1240,1727,2465,2888,,716,524,487,738,423,3446
6334,696,1240,1728,2465,2887,,696,544,488,737,422,3447
6318,726,1251,1739,2477,2899,,726,525,488,738,422,3419
6335,715,1240,1728,2465,2888,,715,525,488,737,423,3447
6336,716,1240,1729,2467,2888,,716,524,489,738,421,3448
6278,717,1238,1726,2463,2886,,717,521,488,737,423,3392
6360,717,1241,1729,2465,2900,,717,524,488,736,435,3460
6289,708,1236,1723,2444,2866,,708,528,487,721,422,3423
6330,715,1239,1726,2465,2887,,715,524,487,739,422,3443
6335,718,1238,1726,2464,2886,,718,520,488,738,422,3449
6335,715,1240,1728,2465,2887,,715,525,488,737,422,3448
6334,715,1239,1727,2463,2887,,715,524,488,736,424,3447
6263,716,1239,1732,2466,2850,,716,523,493,734,384,3413
6236,695,1192,1664,2364,2781,,695,497,472,700,417,3455
6324,704,1230,1704,2455,2874,,704,526,474,751,419,3450
6209,706,1229,1700,2452,2831,,706,523,471,752,379,3378
6186,706,1228,1701,2413,2811,,706,522,473,712,398,3375
6132,705,1230,1704,2394,2724,,705,525,474,690,330,3408
6183,704,1230,1702,2418,2813,,704,526,472,716,395,3370
6189,705,1231,1703,2413,2808,,705,526,472,710,395,3381
6181,703,1228,1700,2413,2810,,703,525,472,713,397,3371
6012,703,1184,1655,2315,2650,,703,481,471,660,335,3362
6238,704,1179,1651,2329,2703,,704,475,472,678,374,3535
6334,716,1239,1727,2466,2887,,716,523,488,739,421,3447
6332,718,1236,1724,2461,2884,,718,518,488,737,423,3448
6335,716,1241,1728,2466,2888,,716,525,487,738,422,3447
6334,718,1240,1729,2467,2887,,718,522,489,738,420,3447
6334,716,1238,1726,2464,2886,,716,522,488,738,422,3448
6357,716,1240,1727,2495,2913,,716,524,487,768,418,3444
6337,716,1238,1726,2464,2887,,716,522,488,738,423,3450
6338,716,1240,1728,2466,2887,,716,524,488,738,421,3451
6238,702,1165,1653,2364,2774,,702,463,488,711,410,3464
6361,717,1240,1728,2465,2888,,717,523,488,737,423,3473
6337,718,1240,1728,2465,2888,,718,522,488,737,423,3449
6359,718,1264,1751,2488,2912,,718,546,487,737,424,3447
6336,718,1242,1730,2466,2889,,718,524,488,736,423,3447
6336,716,1241,1729,2466,2889,,716,525,488,737,423,3447
6287,716,1241,1728,2444,2864,,716,525,487,716,420,3423
6356,718,1242,1729,2466,2890,,718,524,487,737,424,3466
6338,715,1240,1728,2464,2887,,715,525,488,736,423,3451
6336,716,1240,1728,2466,2888,,716,524,488,738,422,3448
6220,645,1123,1613,2316,2725,,645,478,490,703,409,3495
6328,717,1257,1745,2482,2907,,717,540,488,737,425,3421
6336,716,1241,1730,2466,2889,,716,525,489,736,423,3447
6370,724,1274,1762,2500,2925,,724,550,488,738,425,3445
6338,716,1242,1730,2467,2889,,716,526,488,737,422,3449
6361,717,1226,1710,2467,2919,,717,509,484,757,452,3442
6326,721,1270,1758,2480,2902,,721,549,488,722,422,3424
6305,716,1257,1745,2482,2904,,716,541,488,737,422,3401
6300,716,1241,1728,2470,2852,,716,525,487,742,382,3448
6178,705,1226,1698,2415,2807,,705,521,472,717,392,3371
5921,712,1185,1617,2248,2570,,712,473,432,631,322,3351
6031,681,1156,1627,2330,2657,,681,475,471,703,327,3374
6336,707,1241,1729,2464,2888,,707,534,488,735,424,3448
6337,718,1240,1728,2441,2872,,718,522,488,713,431,3465
6334,718,1241,1728,2465,2888,,718,523,487,737,423,3446
6332,718,1238,1749,2462,2888,,718,520,511,713,426,3444
6335,716,1247,1731,2464,2888,,716,531,484,733,424,3447
6336,716,1240,1728,2465,2888,,716,524,488,737,423,3448
6285,716,1239,1725,2462,2831,,716,523,486,737,369,3454
6335,715,1240,1727,2464,2889,,715,525,487,737,425,3446
6213,716,1240,1635,2340,2749,,716,524,395,705,409,3464
6294,715,1265,1754,2491,2890,,715,550,489,737,399,3404
6336,718,1240,1729,2465,2888,,718,522,489,736,423,3448
6361,716,1240,1727,2464,2890,,716,524,487,737,426,3471
6335,715,1239,1727,2466,2887,,715,524,488,739,421,3448
6335,717,1239,1727,2465,2888,,717,522,488,738,423,3447
6319,716,1238,1726,2463,2887,,716,522,488,737,424,3432
6270,717,1239,1708,2442,2862,,717,522,469,734,420,3408
6277,709,1231,1703,2457,2835,,709,522,472,754,378,3442
6334,717,1238,1726,2463,2886,,717,521,488,737,423,3448
6210,716,1240,1648,2363,2775,,716,524,408,715,412,3435
6271,715,1240,1727,2464,2868,,715,525,487,737,404,3403
6366,721,1240,1728,2466,2888,,721,519,488,738,422,3478
6333,715,1265,1752,2469,2875,,715,550,487,717,406,3458
6335,716,1237,1727,2463,2886,,716,521,490,736,423,3449
6319,717,1240,1697,2466,2887,,717,523,457,769,421,3432
6314,716,1240,1727,2464,2888,,716,524,487,737,424,3426
6269,717,1241,1708,2441,2863,,717,524,467,733,422,3406
6302,706,1230,1703,2456,2854,,706,524,473,753,398,3448
6336,717,1239,1728,2465,2887,,717,522,489,737,422,3449
6236,715,1239,1649,2365,2775,,715,524,410,716,410,3461
6383,717,1263,1750,2488,2910,,717,546,487,738,422,3473
6365,717,1242,1728,2464,2887,,717,525,486,736,423,3478
6370,723,1274,1762,2498,2922,,723,551,488,736,424,3448
6336,716,1240,1728,2465,2887,,716,524,488,737,422,3449
6335,715,1238,1728,2463,2887,,715,523,490,735,424,3448
6350,726,1277,1765,2502,2924,,726,551,488,737,422,3426
6272,715,1241,1710,2446,2864,,715,526,469,736,418,3408
6217,704,1231,1704,2455,2831,,704,527,473,751,376,3386
6184,706,1231,1703,2413,2811,,706,525,472,710,398,3373
6184,705,1232,1687,2418,2810,,705,527,455,731,392,3374
5882,653,1131,1602,2223,2555,,653,478,471,621,332,3327
6327,706,1232,1705,2457,2875,,706,526,473,752,418,3452
6313,705,1232,1704,2423,2855,,705,527,472,719,432,3458
6337,717,1240,1729,2466,2889,,717,523,489,737,423,3448
6336,716,1240,1727,2465,2889,,716,524,487,738,424,3447
6336,716,1240,1728,2466,2888,,716,524,488,738,422,3448
6316,719,1242,1730,2467,2889,,719,523,488,737,422,3427
6337,716,1241,1728,2466,2888,,716,525,487,738,422,3449
6336,717,1241,1728,2466,2887,,717,524,487,738,421,3449
6258,718,1241,1727,2433,2876,,718,523,486,706,443,3382
6209,703,1227,1696,2410,2808,,703,524,469,714,398,3401
6299,705,1230,1703,2456,2873,,705,525,473,753,417,3426
5906,705,1175,1648,2269,2562,,705,470,473,621,293,3344
6217,705,1231,1702,2454,2837,,705,526,471,752,383,3380
6212,705,1188,1668,2380,2752,,705,483,480,712,372,3460
6336,716,1212,1701,2465,2889,,716,496,489,764,424,3447
6336,716,1240,1727,2465,2887,,716,524,487,738,422,3449
6335,715,1239,1727,2439,2888,,715,524,488,712,449,3447
6336,718,1240,1728,2464,2888,,718,522,488,736,424,3448
6189,715,1240,1650,2338,2752,,715,525,410,688,414,3437
6362,715,1241,1728,2466,2888,,715,526,487,738,422,3474
6360,716,1239,1726,2498,2911,,716,523,487,772,413,3449
6333,719,1238,1726,2462,2885,,719,519,488,736,423,3448
6336,716,1243,1729,2465,2888,,716,527,486,736,423,3448
6336,717,1242,1729,2465,2889,,717,525,487,736,424,3447
6287,716,1240,1728,2467,2868,,716,524,488,739,401,3419
6269,716,1241,1708,2441,2863,,716,525,467,733,422,3406
6218,705,1231,1704,2456,2832,,705,526,473,752,376,3386
6182,706,1231,1705,2416,2811,,706,525,474,711,395,3371
6011,706,1232,1661,2291,2631,,706,526,429,630,340,3380
5922,700,1190,1660,2285,2578,,700,490,470,625,293,3344
6325,708,1230,1704,2455,2875,,708,522,474,751,420,3450
6275,705,1231,1703,2456,2834,,705,526,472,753,378,3441
6175,713,1187,1659,2363,2742,,713,474,472,704,379,3433
6367,706,1231,1705,2464,2889,,706,525,474,759,425,3478
6353,716,1257,1745,2482,2904,,716,541,488,737,422,3449
6335,716,1239,1727,2463,2887,,716,523,488,736,424,3448
6337,717,1240,1729,2466,2891,,717,523,489,737,425,3446
6336,716,1240,1728,2465,2888,,716,524,488,737,423,3448
6283,717,1263,1752,2490,2863,,717,546,489,738,373,3420
6312,717,1215,1703,2416,2827,,717,498,488,713,411,3485
6367,721,1271,1759,2496,2919,,721,550,488,737,423,3448
6337,716,1241,1727,2465,2887,,716,525,486,738,422,3450
6254,718,1210,1698,2409,2820,,718,492,488,711,411,3434
6334,717,1238,1725,2463,2895,,717,521,487,738,432,3439
6316,717,1243,1729,2467,2889,,717,526,486,738,422,3427
6271,716,1242,1709,2441,2864,,716,526,467,732,423,3407
6091,705,1178,1650,2354,2702,,705,473,472,704,348,3389
6182,707,1231,1703,2413,2813,,707,524,472,710,400,3369
6125,705,1229,1660,2332,2679,,705,524,431,672,347,3446
6295,727,1226,1713,2425,2835,,727,499,487,712,410,3460
6336,717,1240,1728,2465,2887,,717,523,488,737,422,3449
6336,716,1242,1728,2465,2887,,716,526,486,737,422,3449
6337,717,1241,1728,2470,2888,,717,524,487,742,418,3449
6286,748,1242,1731,2466,2842,,748,494,489,735,376,3444
6335,717,1244,1729,2466,2888,,717,527,485,737,422,3447
6275,717,1241,1708,2441,2864,,717,524,467,733,423,3411
6047,714,1190,1661,2322,2677,,714,476,471,661,355,3370
6182,704,1230,1702,2414,2811,,704,526,472,712,397,3371
6192,683,1231,1704,2414,2811,,683,548,473,710,397,3381
6146,655,1130,1605,2305,2699,,655,475,475,700,394,3447
6326,706,1232,1704,2460,2876,,706,526,472,756,416,3450
6311,709,1239,1728,2465,2868,,709,530,489,737,403,3443
6350,718,1256,1745,2481,2903,,718,538,489,736,422,3447
6388,715,1240,1729,2495,2937,,715,525,489,766,442,3451
6361,717,1241,1730,2494,2913,,717,524,489,764,419,3448
6312,716,1240,1728,2465,2866,,716,524,488,737,401,3446
6274,718,1241,1729,2466,2838,,718,523,488,737,372,3436
6180,705,1230,1702,2418,2810,,705,525,472,716,392,3370
5991,707,1231,1661,2289,2621,,707,524,430,628,332,3370
5918,702,1191,1666,2285,2577,,702,489,475,619,292,3341
6298,705,1229,1701,2456,2874,,705,524,472,755,418,3424
6325,706,1231,1703,2455,2878,,706,525,472,752,423,3447
6211,707,1231,1705,2455,2834,,707,524,474,750,379,3377
6339,707,1233,1708,2433,2876,,707,526,475,725,443,3463
6361,717,1241,1729,2493,2913,,717,524,488,764,420,3448
6336,747,1239,1726,2463,2887,,747,492,487,737,424,3449
6292,718,1259,1776,2486,2850,,718,541,517,710,364,3442
6212,705,1231,1704,2418,2834,,705,526,473,714,416,3378
6014,704,1231,1660,2289,2623,,704,527,429,629,334,3391
5950,701,1194,1666,2288,2605,,701,493,472,622,317,3345
5995,705,1171,1642,2300,2636,,705,466,471,658,336,3359
6250,705,1231,1705,2420,2812,,705,526,474,715,392,3438
6325,707,1232,1705,2455,2876,,707,525,473,750,421,3449
6239,705,1238,1667,2349,2754,,705,533,429,682,405,3485
6345,725,1279,1763,2479,2898,,725,554,484,716,419,3447
6334,715,1239,1727,2464,2886,,715,524,488,737,422,3448
6373,715,1295,1808,2546,2923,,715,580,513,738,377,3450
6211,706,1231,1703,2455,2833,,706,525,472,752,378,3378
5991,705,1230,1659,2288,2621,,705,525,429,629,333,3370
5892,639,1106,1578,2203,2521,,639,467,472,625,318,3371
6300,706,1230,1701,2457,2876,,706,524,471,756,419,3424
6324,705,1231,1703,2456,2877,,705,526,472,753,421,3447
6208,705,1231,1703,2455,2833,,705,526,472,752,378,3375
6235,707,1232,1704,2414,2836,,707,525,472,710,422,3399
6208,705,1232,1704,2419,2832,,705,527,472,715,413,3376
6184,705,1230,1702,2418,2810,,705,525,472,716,392,3374
6041,712,1188,1660,2321,2677,,712,476,472,661,356,3364
6182,706,1231,1704,2415,2812,,706,525,473,711,397,3370
5991,706,1230,1660,2290,2622,,706,524,430,630,332,3369
5860,655,1131,1602,2225,2519,,655,476,471,623,294,3341
6324,703,1230,1701,2456,2875,,703,527,471,755,419,3449
6368,689,1202,1685,2466,2889,,689,513,483,781,423,3479
6336,684,1240,1756,2466,2888,,684,556,516,710,422,3448
6388,716,1240,1728,2465,2916,,716,524,488,737,451,3472
6336,716,1241,1729,2469,2889,,716,525,488,740,420,3447
6336,717,1240,1729,2466,2888,,717,523,489,737,422,3448
6387,717,1240,1757,2465,2916,,717,523,517,708,451,3471
6360,716,1241,1757,2495,2913,,716,525,516,738,418,3447
6363,718,1268,1785,2495,2915,,718,550,517,710,420,3448
6244,672,1147,1635,2346,2757,,672,475,488,711,411,3487
6186,636,1115,1605,2316,2725,,636,479,490,711,409,3461
6298,716,1240,1729,2466,2855,,716,524,489,737,389,3443
6137,665,1130,1603,2305,2699,,665,465,473,702,394,3438
6336,716,1241,1729,2466,2889,,716,525,488,737,423,3447
6335,715,1239,1673,2390,2887,,715,524,434,717,497,3448
6311,716,1239,1728,2465,2867,,716,523,489,737,402,3444
6364,716,1240,1729,2494,2894,,716,524,489,765,400,3470
6361,718,1240,1730,2494,2913,,718,522,490,764,419,3448
6244,725,1225,1713,2424,2815,,725,500,488,711,391,3429
6399,728,1253,1740,2533,2951,,728,525,487,793,418,3448
6339,709,1241,1729,2466,2888,,709,532,488,737,422,3451
6313,717,1242,1730,2466,2869,,717,525,488,736,403,3444
6336,716,1240,1728,2465,2888,,716,524,488,737,423,3448
6331,716,1235,1724,2461,2885,,716,519,489,737,424,3446
6314,745,1249,1733,2466,2890,,745,504,484,733,424,3424
6270,716,1241,1708,2443,2863,,716,525,467,735,420,3407
6120,707,1196,1669,2380,2733,,707,489,473,711,353,3387
6183,707,1231,1703,2414,2811,,707,524,472,711,397,3372
5952,717,1190,1620,2251,2583,,717,473,430,631,332,3369
6225,654,1131,1628,2331,2752,,654,477,497,703,421,3473
6322,705,1228,1700,2454,2876,,705,523,472,754,422,3446
6188,664,1156,1625,2341,2752,,664,492,469,716,411,3436
6337,717,1241,1757,2466,2889,,717,524,516,709,423,3448
6335,716,1241,1728,2466,2888,,716,525,487,738,422,3447
6335,716,1240,1727,2466,2886,,716,524,487,739,420,3449
6335,716,1239,1756,2466,2886,,716,523,517,710,420,3449
6334,704,1223,1736,2466,2889,,704,519,513,730,423,3445
6362,747,1242,1729,2465,2917,,747,495,487,736,452,3445
6394,753,1273,1761,2529,2947,,753,520,488,768,418,3447
6322,713,1181,1668,2400,2836,,713,468,487,732,436,3486
6335,719,1223,1708,2465,2886,,719,504,485,757,421,3449
6337,715,1240,1728,2465,2887,,715,525,488,737,422,3450
6339,718,1232,1726,2464,2886,,718,514,494,738,422,3453
6366,717,1268,1752,2466,2889,,717,551,484,714,423,3477
6329,683,1197,1683,2467,2888,,683,514,486,784,421,3441
6392,703,1241,1729,2468,2918,,703,538,488,739,450,3474
6386,704,1243,1704,2466,2919,,704,539,461,762,453,3467
6361,705,1240,1728,2464,2917,,705,535,488,736,453,3444
6366,717,1270,1755,2471,2889,,717,553,485,716,418,3477
6130,683,1172,1585,2285,2680,,683,489,413,700,395,3450
6227,703,1172,1610,2308,2747,,703,469,438,698,439,3480
6337,717,1241,1757,2466,2888,,717,524,516,709,422,3449
6361,716,1240,1729,2494,2917,,716,524,489,765,423,3444
6335,715,1239,1758,2467,2888,,715,524,519,709,421,3447
6336,717,1271,1755,2465,2887,,717,554,484,710,422,3449
6245,716,1260,1748,2407,2812,,716,544,488,659,405,3433
5987,660,1114,1552,2254,2607,,660,454,438,702,353,3380
6183,707,1232,1705,2414,2813,,707,525,473,709,399,3370
6017,681,1155,1627,2287,2626,,681,474,472,660,339,3391
6223,654,1148,1619,2306,2728,,654,494,471,687,422,3495
6222,699,1189,1616,2326,2737,,699,490,427,710,411,3485
6349,717,1270,1785,2495,2916,,717,553,515,710,421,3433
6316,705,1208,1687,2466,2917,,705,503,479,779,451,3399
6338,717,1242,1730,2467,2890,,717,525,488,737,423,3448
6337,716,1240,1728,2465,2888,,716,524,488,737,423,3449
6313,704,1215,1703,2465,2889,,704,511,488,762,424,3424
6157,703,1227,1677,2341,2697,,703,524,450,664,356,3460
6210,706,1231,1703,2418,2835,,706,525,472,715,417,3375
5992,707,1232,1662,2291,2623,,707,525,430,629,332,3369
5851,649,1125,1596,2224,2514,,649,476,471,628,290,3337
6240,707,1140,1597,2318,2728,,707,433,457,721,410,3512
6298,716,1238,1726,2464,2851,,716,522,488,738,387,3447
6242,706,1188,1626,2342,2751,,706,482,438,716,409,3491
6337,718,1242,1729,2468,2889,,718,524,487,739,421,3448
6334,716,1238,1725,2463,2885,,716,522,487,738,422,3449
6336,716,1270,1753,2464,2886,,716,554,483,711,422,3450
6282,703,1226,1692,2450,2853,,703,523,466,758,403,3429
6209,707,1231,1705,2456,2835,,707,524,474,751,379,3374
6017,707,1231,1662,2290,2625,,707,524,431,628,335,3392
5848,656,1132,1600,2186,2513,,656,476,468,586,327,3335
6052,707,1140,1578,2209,2623,,707,433,438,631,414,3429
6212,707,1232,1660,2298,2714,,707,525,428,638,416,3498
6336,746,1243,1752,2466,2888,,746,497,509,714,422,3448
6313,741,1241,1757,2467,2889,,741,500,516,710,422,3424
6362,716,1272,1783,2491,2917,,716,556,511,708,426,3445
6335,716,1270,1754,2465,2886,,716,554,484,711,421,3449
6050,702,1149,1614,2231,2600,,702,447,465,617,369,3450
6206,705,1226,1698,2450,2830,,705,521,472,752,380,3376
6001,678,1168,1641,2299,2635,,678,490,473,658,336,3366
5882,657,1130,1603,2224,2543,,657,473,473,621,319,3339
6166,708,1182,1631,2287,2705,,708,474,449,656,418,3461
6172,719,1240,1729,2408,2749,,719,521,489,679,341,3423
6263,707,1207,1676,2391,2801,,707,500,469,715,410,3462
6337,716,1239,1728,2464,2886,,716,523,489,736,422,3451
6337,695,1270,1755,2466,2889,,695,575,485,711,423,3448
6334,716,1239,1727,2463,2886,,716,523,488,736,423,3448
6125,717,1187,1630,2290,2690,,717,470,443,660,400,3435
6211,707,1231,1704,2420,2834,,707,524,473,716,414,3377
6014,713,1230,1664,2289,2622,,713,517,434,625,333,3392
6228,654,1131,1603,2307,2728,,654,477,472,704,421,3500
6116,657,1131,1561,2256,2635,,657,474,430,695,379,3481
6337,715,1242,1729,2444,2888,,715,527,487,715,444,3449
6337,718,1241,1758,2468,2889,,718,523,517,710,421,3448
6333,748,1242,1760,2469,2890,,748,494,518,709,421,3443
6364,720,1269,1782,2491,2915,,720,549,513,709,424,3449
6367,746,1242,1761,2471,2889,,746,496,519,710,418,3478
6337,717,1224,1708,2450,2918,,717,507,484,742,468,3419
6368,717,1242,1759,2469,2891,,717,525,517,710,422,3477
6311,702,1240,1728,2466,2889,,702,538,488,738,423,3422
6247,731,1229,1724,2455,2812,,731,498,495,731,357,3435
6214,665,1156,1627,2332,2695,,665,491,471,705,363,3519
6311,716,1241,1728,2467,2867,,716,525,487,739,400,3444
6338,716,1242,1730,2453,2890,,716,526,488,723,437,3448
6321,718,1241,1730,2466,2889,,718,523,489,736,423,3432
6338,715,1244,1758,2468,2888,,715,529,514,710,420,3450
6337,716,1240,1707,2465,2887,,716,524,467,758,422,3450
6274,715,1224,1677,2413,2838,,715,509,453,736,425,3436
6323,705,1229,1700,2452,2872,,705,524,471,752,420,3451
6297,705,1229,1700,2454,2873,,705,524,471,754,419,3424
6276,705,1230,1702,2457,2839,,705,525,472,755,382,3437
6323,704,1229,1700,2456,2873,,704,525,471,756,417,3450
6300,704,1231,1705,2456,2864,,704,527,474,751,408,3436
6199,705,1230,1661,2313,2715,,705,525,431,652,402,3484
6260,706,1231,1729,2456,2835,,706,525,498,727,379,3425
6363,717,1266,1754,2493,2914,,717,549,488,739,421,3449
6336,717,1243,1729,2466,2889,,717,526,486,737,423,3447
6098,716,1225,1657,2315,2674,,716,509,432,658,359,3424
6283,706,1230,1703,2455,2875,,706,524,473,752,420,3408
6235,705,1231,1703,2457,2834,,705,526,472,754,377,3401
6136,680,1141,1618,2305,2724,,680,461,477,687,419,3412
6287,705,1234,1706,2457,2875,,705,529,472,751,418,3412
6236,706,1231,1702,2456,2834,,706,525,471,754,378,3402
6258,705,1230,1702,2456,2878,,705,525,472,754,422,3380
6264,704,1229,1700,2455,2834,,704,525,471,755,379,3430
6264,695,1193,1681,2421,2828,,695,498,488,740,407,3436
6336,715,1241,1729,2467,2889,,715,526,488,738,422,3447
6198,719,1240,1696,2350,2692,,719,521,456,654,342,3506
6259,706,1231,1702,2431,2875,,706,525,471,729,444,3384
6157,666,1107,1581,2280,2700,,666,441,474,699,420,3457
6198,717,1183,1654,2355,2750,,717,466,471,701,395,3448
6289,705,1237,1719,2455,2877,,705,532,482,736,422,3412
6213,706,1231,1703,2455,2832,,706,525,472,752,377,3381
6211,705,1231,1704,2455,2835,,705,526,473,751,380,3376
6303,705,1231,1703,2456,2876,,705,526,472,753,420,3427
6336,716,1240,1728,2464,2888,,716,524,488,736,424,3448
6335,716,1241,1728,2464,2888,,716,525,487,736,424,3447
6276,717,1245,1708,2443,2851,,717,528,463,735,408,3425
6259,707,1231,1703,2455,2875,,707,524,472,752,420,3384
6160,708,1213,1695,2382,2758,,708,505,482,687,376,3402
6228,707,1169,1646,2360,2779,,707,462,477,714,419,3449
6300,706,1231,1702,2456,2874,,706,525,471,754,418,3426
6212,705,1230,1701,2455,2833,,705,525,471,754,378,3379
6212,706,1232,1729,2415,2836,,706,526,497,686,421,3376
6182,705,1231,1704,2420,2812,,705,526,473,716,392,3370
6136,706,1193,1670,2358,2709,,706,487,477,688,351,3427
6183,706,1231,1702,2419,2813,,706,525,471,717,394,3370
6213,706,1229,1700,2426,2836,,706,523,471,726,410,3377
5981,706,1231,1661,2289,2623,,706,525,430,628,334,3358
6156,706,1154,1629,2331,2728,,706,448,475,702,397,3428
6187,666,1111,1588,2317,2727,,666,445,477,729,410,3460
6199,716,1206,1643,2330,2750,,716,490,437,687,420,3449
6297,704,1227,1698,2453,2877,,704,523,471,755,424,3420
6210,704,1229,1701,2456,2833,,704,525,472,755,377,3377
6027,703,1172,1645,2306,2640,,703,469,473,661,334,3387
6207,706,1231,1703,2423,2832,,706,525,472,720,409,3375
6181,706,1231,1706,2416,2812,,706,525,475,710,396,3369
6187,706,1231,1703,2415,2814,,706,525,472,712,399,3373
6036,706,1231,1661,2316,2651,,706,525,430,655,335,3385
6005,705,1178,1649,2313,2646,,705,473,471,664,333,3359
6300,707,1231,1706,2456,2875,,707,524,475,750,419,3425
6300,706,1230,1711,2456,2874,,706,524,481,745,418,3426
6212,705,1229,1700,2456,2833,,705,524,471,756,377,3379
6210,705,1230,1701,2414,2832,,705,525,471,713,418,3378
6183,706,1231,1704,2419,2812,,706,525,473,715,393,3371
5983,682,1155,1627,2289,2625,,682,473,472,662,336,3358
6184,707,1231,1704,2415,2813,,707,524,473,711,398,3371
6187,706,1231,1702,2414,2815,,706,525,471,712,401,3372
5983,706,1231,1661,2290,2623,,706,525,430,629,333,3360
5950,706,1181,1618,2280,2601,,706,475,437,662,321,3349
6324,717,1231,1703,2459,2874,,717,514,472,756,415,3450
5985,705,1228,1659,2291,2622,,705,523,431,632,331,3363
6049,704,1228,1655,2289,2623,,704,524,427,634,334,3426
6236,706,1232,1704,2455,2834,,706,526,472,751,379,3402
6210,708,1230,1702,2456,2835,,708,522,472,754,379,3375
6209,705,1229,1701,2418,2832,,705,524,472,717,414,3377
6181,708,1232,1703,2414,2812,,708,524,471,711,398,3369
6188,707,1230,1702,2416,2813,,707,523,472,714,397,3375
5984,706,1233,1664,2291,2623,,706,527,431,627,332,3361
5976,706,1242,1661,2303,2624,,706,536,419,642,321,3352
6304,707,1233,1706,2456,2876,,707,526,473,750,420,3428
6323,707,1230,1702,2454,2877,,707,523,472,752,423,3446
6213,705,1229,1702,2455,2834,,705,524,473,753,379,3379
6035,707,1232,1660,2315,2649,,707,525,428,655,334,3386
6317,706,1256,1742,2467,2890,,706,550,486,725,423,3427
6344,718,1229,1715,2467,2891,,718,511,486,752,424,3453
6338,717,1243,1730,2467,2890,,717,526,487,737,423,3448
6316,717,1242,1729,2450,2875,,717,525,487,721,425,3441
6286,716,1242,1731,2444,2869,,716,526,489,713,425,3417
6191,716,1241,1659,2368,2778,,716,525,418,709,410,3413
6090,648,1040,1530,2223,2629,,648,392,490,693,406,3461
6338,717,1242,1708,2467,2890,,717,525,466,759,423,3448
6313,717,1242,1729,2442,2868,,717,525,487,713,426,3445
6263,718,1242,1730,2468,2812,,718,524,488,738,344,3451
6338,717,1242,1729,2467,2889,,717,525,487,738,422,3449
6134,646,1062,1552,2263,2675,,646,416,490,711,412,3459
6338,718,1243,1731,2468,2890,,718,525,488,737,422,3448
6265,719,1244,1730,2469,2813,,719,525,486,739,344,3452
6287,718,1244,1731,2468,2870,,718,526,487,737,402,3417
6262,718,1226,1694,2441,2879,,718,508,468,747,438,3383
6326,706,1232,1727,2467,2875,,706,526,495,740,408,3451
6324,707,1235,1706,2411,2878,,707,528,471,705,467,3446
6238,707,1231,1703,2456,2835,,707,524,472,753,379,3403
6213,705,1230,1702,2421,2832,,705,525,472,719,411,3381
6022,705,1192,1663,2328,2661,,705,487,471,665,333,3361
6181,705,1231,1702,2420,2812,,705,526,471,718,392,3369
6182,704,1230,1701,2416,2810,,704,526,471,715,394,3372
6188,706,1232,1703,2416,2813,,706,526,471,713,397,3375
6008,705,1231,1660,2291,2622,,705,526,429,631,331,3386
6058,707,1138,1618,2307,2683,,707,431,480,689,376,3375
6201,684,1156,1628,2331,2736,,684,472,472,703,405,3465
6239,708,1231,1704,2415,2836,,708,523,473,711,421,3403
6238,706,1231,1704,2456,2837,,706,525,473,752,381,3401
6211,706,1231,1703,2420,2833,,706,525,472,717,413,3378
6107,705,1231,1703,2392,2724,,705,526,472,689,332,3383
6133,717,1232,1704,2395,2726,,717,515,472,691,331,3407
6184,708,1231,1702,2418,2812,,708,523,471,716,394,3372
6187,706,1231,1704,2415,2812,,706,525,473,711,397,3375
5982,706,1231,1661,2290,2623,,706,525,430,629,333,3359
6122,707,1141,1620,2331,2727,,707,434,479,711,396,3395
6299,706,1231,1701,2456,2863,,706,525,470,755,407,3436
6187,707,1232,1705,2459,2838,,707,525,473,754,379,3349
6238,706,1231,1726,2456,2835,,706,525,495,730,379,3403
6213,712,1232,1704,2419,2833,,712,520,472,715,414,3380
6186,709,1233,1731,2416,2813,,709,524,498,685,397,3373
6260,701,1231,1703,2457,2879,,701,530,472,754,422,3381
6184,707,1232,1703,2420,2813,,707,525,471,717,393,3371
6190,706,1230,1701,2413,2813,,706,524,471,712,400,3377
5982,706,1231,1661,2290,2624,,706,525,430,629,334,3358
6114,708,1183,1655,2357,2777,,708,475,472,702,420,3337
6200,705,1197,1670,2355,2746,,705,492,473,685,391,3454
6238,706,1230,1702,2460,2847,,706,524,472,758,387,3391
6216,706,1231,1702,2455,2835,,706,525,471,753,380,3381
6211,705,1233,1704,2420,2832,,705,528,471,716,412,3379
6185,707,1232,1704,2420,2814,,707,525,472,716,394,3371
6181,705,1241,1717,2415,2811,,705,536,476,698,396,3370
6181,708,1232,1705,2419,2812,,708,524,473,714,393,3369
6188,706,1229,1700,2413,2809,,706,523,471,713,396,3379
5984,706,1231,1661,2289,2622,,706,525,430,628,333,3362
6143,705,1179,1651,2331,2750,,705,474,472,680,419,3393
6326,705,1231,1701,2456,2879,,705,526,470,755,423,3447
6251,707,1232,1702,2457,2836,,707,525,470,755,379,3415
6215,707,1232,1705,2457,2837,,707,525,473,752,380,3378
6213,708,1231,1702,2393,2834,,708,523,471,691,441,3379
6210,706,1231,1702,2418,2833,,706,525,471,716,415,3377
6183,707,1232,1704,2419,2812,,707,525,472,715,393,3371
6039,671,1158,1629,2291,2648,,671,487,471,662,357,3391
6188,708,1231,1702,2415,2812,,708,523,471,713,397,3376
5982,706,1231,1659,2290,2622,,706,525,428,631,332,3360
6238,706,1193,1669,2344,2752,,706,487,476,675,408,3486
6239,717,1243,1654,2368,2779,,717,526,411,714,411,3460
6311,718,1242,1730,2452,2874,,718,524,488,722,422,3437
6314,717,1242,1731,2451,2874,,717,525,489,720,423,3440
6338,716,1241,1730,2466,2889,,716,525,489,736,423,3449
6337,716,1240,1728,2465,2887,,716,524,488,737,422,3450
6337,717,1241,1729,2442,2889,,717,524,488,713,447,3448
6363,717,1242,1729,2499,2914,,717,525,487,770,415,3449
6312,717,1242,1730,2466,2868,,717,525,488,736,402,3444
6315,718,1242,1730,2467,2890,,718,524,488,737,423,3425
6364,718,1242,1731,2424,2893,,718,524,489,693,469,3471
6211,676,1166,1654,2368,2699,,676,490,488,714,331,3512
6305,724,1274,1761,2476,2881,,724,550,487,715,405,3424
6327,706,1230,1703,2455,2876,,706,524,473,752,421,3451
6213,708,1233,1707,2462,2837,,708,525,474,755,375,3376
6184,706,1230,1702,2420,2812,,706,524,472,718,392,3372
6263,667,1166,1653,2366,2801,,667,499,487,713,435,3462
6363,718,1244,1731,2468,2890,,718,526,487,737,422,3473
6301,719,1242,1731,2467,2857,,719,523,489,736,390,3444
6184,709,1233,1705,2415,2815,,709,524,472,710,400,3369
5960,705,1180,1652,2275,2615,,705,475,472,623,340,3345
6173,665,1154,1625,2332,2751,,665,489,471,707,419,3422
5985,707,1232,1662,2294,2623,,707,525,430,632,329,3362
6252,706,1231,1702,2414,2812,,706,525,471,712,398,3440
6299,706,1232,1703,2456,2876,,706,526,471,753,420,3423
6210,706,1232,1704,2433,2836,,706,526,472,729,403,3374
6034,705,1145,1617,2305,2657,,705,440,472,688,352,3377
6181,707,1232,1703,2419,2813,,707,525,471,716,394,3368
6187,707,1233,1705,2415,2811,,707,526,472,710,396,3376
5983,707,1231,1661,2290,2623,,707,524,430,629,333,3360
5985,706,1184,1654,2276,2647,,706,478,470,622,371,3338
6325,707,1232,1705,2457,2879,,707,525,473,752,422,3446
6292,704,1228,1702,2453,2872,,704,524,474,751,419,3420
6213,706,1230,1702,2418,2833,,706,524,472,716,415,3380
6186,706,1232,1704,2420,2813,,706,526,472,716,393,3373
6185,708,1233,1704,2421,2814,,708,525,471,717,393,3371
6214,664,1090,1579,2291,2726,,664,426,489,712,435,3488
6339,719,1243,1731,2469,2891,,719,524,488,738,422,3448
6342,722,1242,1730,2467,2890,,722,520,488,737,423,3452
6341,717,1243,1730,2496,2914,,717,526,487,766,418,3427
6361,717,1242,1729,2467,2895,,717,525,487,738,428,3466
6315,716,1245,1732,2467,2890,,716,529,487,735,423,3425
6264,719,1242,1730,2469,2813,,719,523,488,739,344,3451
6315,719,1244,1732,2470,2870,,719,525,488,738,400,3445
6339,719,1243,1731,2468,2891,,719,524,488,737,423,3448
6341,719,1243,1731,2469,2891,,719,524,488,738,422,3450
6339,719,1243,1731,2473,2893,,719,524,488,742,420,3446
6339,718,1243,1731,2469,2891,,718,525,488,738,422,3448
6337,717,1245,1730,2467,2889,,717,528,485,737,422,3448
6317,720,1243,1732,2472,2892,,720,523,489,740,420,3425
6272,718,1243,1709,2444,2865,,718,525,466,735,421,3407
6074,704,1187,1655,2310,2637,,704,483,468,655,327,3437
6308,705,1231,1704,2457,2875,,705,526,473,753,418,3433
6284,707,1230,1703,2457,2875,,707,523,473,754,418,3409
6185,707,1231,1702,2420,2812,,707,524,471,718,392,3373
6141,708,1232,1703,2397,2725,,708,524,471,694,328,3416
6195,705,1180,1628,2326,2758,,705,475,448,698,432,3437
6363,746,1242,1730,2496,2915,,746,496,488,766,419,3448
6335,717,1242,1731,2466,2889,,717,525,489,735,423,3446
6318,717,1243,1731,2468,2892,,717,526,488,737,424,3426
6363,717,1243,1731,2467,2884,,717,526,488,736,417,3479
6338,692,1242,1732,2467,2890,,692,550,490,735,423,3448
6314,721,1243,1730,2467,2871,,721,522,487,737,404,3443
6363,718,1242,1731,2496,2917,,718,524,489,765,421,3446
6367,748,1243,1760,2469,2890,,748,495,517,709,421,3477
6365,719,1243,1759,2470,2919,,719,524,516,711,449,3446
6391,720,1299,1783,2494,2946,,720,579,484,711,452,3445
6339,717,1243,1730,2468,2891,,717,526,487,738,423,3448
6337,718,1272,1755,2468,2892,,718,554,483,713,424,3445
6318,718,1243,1731,2468,2891,,718,525,488,737,423,3427
6366,748,1244,1732,2469,2917,,748,496,488,737,448,3449
6286,718,1244,1731,2448,2865,,718,526,487,717,417,3421
6340,718,1244,1732,2469,2892,,718,526,488,737,423,3448
6336,717,1219,1734,2466,2893,,717,502,515,732,427,3443
6363,718,1243,1730,2497,2915,,718,525,487,767,418,3448
6337,716,1241,1758,2468,2889,,716,525,517,710,421,3448
6134,709,1148,1585,2290,2709,,709,439,437,705,419,3425
6208,704,1229,1700,2416,2831,,704,525,471,716,415,3377
6189,707,1233,1729,2416,2814,,707,526,496,687,398,3375
5981,706,1232,1662,2291,2623,,706,526,430,629,332,3358
5910,706,1181,1652,2277,2569,,706,475,471,625,292,3341
6175,642,1067,1578,2280,2715,,642,425,511,702,435,3460
6371,720,1272,1757,2469,2891,,720,552,485,712,422,3480
6355,747,1244,1762,2473,2919,,747,497,518,711,446,3436
6388,720,1273,1811,2520,2942,,720,553,538,709,422,3446
6366,720,1244,1731,2469,2920,,720,524,487,738,451,3446
6429,740,1281,1767,2532,2950,,740,541,486,765,418,3479
6394,719,1244,1731,2497,2916,,719,525,487,766,419,3478
6367,718,1244,1733,2468,2891,,718,526,489,735,423,3476
6315,717,1242,1730,2467,2893,,717,525,488,737,426,3422
6392,719,1243,1731,2469,2920,,719,524,488,738,451,3472
6287,718,1243,1759,2449,2867,,718,525,516,690,418,3420
6369,719,1243,1731,2470,2892,,719,524,488,739,422,3477
6341,719,1244,1731,2467,2891,,719,525,487,736,424,3450
6365,717,1242,1730,2471,2889,,717,525,488,741,418,3476
6393,747,1272,1755,2469,2919,,747,525,483,714,450,3474
6303,711,1205,1680,2378,2813,,711,494,475,698,435,3490
6135,707,1200,1667,2336,2703,,707,493,467,669,367,3432
6307,708,1231,1703,2456,2879,,708,523,472,753,423,3428
6317,718,1243,1730,2468,2890,,718,525,487,738,422,3427
6277,688,1250,1721,2456,2838,,688,562,471,735,382,3439
6300,716,1191,1645,2382,2814,,716,475,454,737,432,3486
6338,717,1243,1732,2468,2891,,717,526,489,736,423,3447
6314,719,1244,1731,2452,2874,,719,525,487,721,422,3440
6303,722,1245,1732,2469,2892,,722,523,487,737,423,3411
6340,720,1244,1733,2470,2892,,720,524,489,737,422,3448
6314,719,1242,1730,2467,2878,,719,523,488,737,411,3436
6338,718,1242,1729,2466,2890,,718,524,487,737,424,3448
6288,718,1243,1730,2467,2870,,718,525,487,737,403,3418
6316,718,1242,1730,2468,2892,,718,524,488,738,424,3424
6272,719,1243,1710,2443,2867,,719,524,467,733,424,3405
6382,718,1263,1751,2491,2937,,718,545,488,740,446,3445
6365,716,1243,1730,2465,2889,,716,527,487,735,424,3476
6340,719,1243,1731,2454,2891,,719,524,488,723,437,3449
6339,721,1242,1731,2474,2891,,721,521,489,743,417,3448
6339,718,1243,1731,2468,2890,,718,525,488,737,422,3449
6362,716,1258,1753,2490,2913,,716,542,495,737,423,3449
6314,716,1241,1729,2466,2888,,716,525,488,737,422,3426
6301,718,1242,1730,2468,2858,,718,524,488,738,390,3443
6015,711,1188,1660,2320,2655,,711,477,472,660,335,3360
6226,706,1180,1652,2355,2771,,706,474,472,703,416,3455
6291,707,1138,1661,2397,2805,,707,431,523,736,408,3486
6391,717,1271,1755,2496,2914,,717,554,484,741,418,3477
6275,746,1272,1755,2447,2852,,746,526,483,692,405,3423
6302,706,1232,1704,2458,2876,,706,526,472,754,418,3426
6258,706,1233,1705,2460,2878,,706,527,472,755,418,3380
6338,705,1187,1710,2468,2890,,705,482,523,758,422,3448
6338,718,1242,1730,2467,2890,,718,524,488,737,423,3448
6325,717,1273,1787,2496,2882,,717,556,514,709,386,3443
6039,712,1187,1658,2321,2658,,712,475,471,663,337,3381
6225,705,1181,1652,2355,2706,,705,476,471,703,351,3519
6162,654,1101,1569,2293,2703,,654,447,468,724,410,3459
6338,746,1241,1730,2469,2889,,746,495,489,739,420,3449
6302,719,1243,1730,2468,2859,,719,524,487,738,391,3443
6257,706,1231,1704,2456,2875,,706,525,473,752,419,3382
6134,707,1232,1705,2390,2727,,707,525,473,685,337,3407
6013,672,1115,1557,2258,2637,,672,443,442,701,379,3376
6184,706,1232,1703,2420,2814,,706,526,471,717,394,3370
6184,706,1229,1701,2414,2809,,706,523,472,713,395,3375
5969,708,1194,1624,2251,2584,,708,486,430,627,333,3385
6224,707,1181,1653,2356,2731,,707,474,472,703,375,3493
6144,643,1132,1563,2268,2680,,643,489,431,705,412,3464
6337,719,1244,1731,2468,2891,,719,525,487,737,423,3446
6314,718,1243,1731,2469,2869,,718,525,488,738,400,3445
6338,716,1244,1731,2467,2889,,716,528,487,736,422,3449
6338,719,1242,1731,2468,2890,,719,523,489,737,422,3448
6297,734,1261,1708,2426,2837,,734,527,447,718,411,3460
6338,719,1270,1755,2467,2889,,719,551,485,712,422,3449
6337,716,1242,1729,2466,2889,,716,526,487,737,423,3448
6345,723,1249,1740,2474,2896,,723,526,491,734,422,3449
6340,750,1245,1731,2470,2892,,750,495,486,739,422,3448
6316,725,1272,1758,2470,2869,,725,547,486,712,399,3447
6388,718,1243,1730,2468,2921,,718,525,487,738,453,3467
6333,716,1261,1749,2485,2889,,716,545,488,736,404,3444
6339,718,1242,1731,2468,2891,,718,524,489,737,423,3448
6364,718,1242,1731,2470,2922,,718,524,489,739,452,3442
6427,726,1276,1765,2532,2944,,726,550,489,767,412,3483
6288,748,1243,1731,2469,2870,,748,495,488,738,401,3418
6368,718,1243,1759,2468,2890,,718,525,516,709,422,3478
6338,718,1242,1730,2468,2890,,718,524,488,738,422,3448
6338,718,1242,1730,2467,2889,,718,524,488,737,422,3449
6297,718,1244,1729,2452,2873,,718,526,485,723,421,3424
6337,718,1244,1732,2469,2891,,718,526,488,737,422,3446
6339,718,1273,1756,2468,2890,,718,555,483,712,422,3449
6337,715,1242,1728,2466,2888,,715,527,486,738,422,3449
6338,718,1243,1731,2468,2891,,718,525,488,737,423,3447
6369,724,1270,1762,2500,2922,,724,546,492,738,422,3447
6315,718,1272,1755,2467,2892,,718,554,483,712,425,3423
6340,748,1244,1731,2468,2891,,748,496,487,737,423,3449
6338,719,1243,1759,2468,2890,,719,524,516,709,422,3448
6337,716,1243,1730,2467,2889,,716,527,487,737,422,3448
6252,747,1192,1669,2381,2803,,747,445,477,712,422,3449
6199,705,1192,1663,2367,2758,,705,487,471,704,391,3441
6239,707,1234,1705,2458,2838,,707,527,471,753,380,3401
6236,707,1234,1704,2457,2836,,707,527,470,753,379,3400
6275,706,1232,1704,2457,2838,,706,526,472,753,381,3437
6095,686,1091,1575,2288,2652,,686,405,484,713,364,3443
6303,708,1233,1704,2459,2877,,708,525,471,755,418,3426
6215,707,1233,1704,2457,2837,,707,526,471,753,380,3378
6141,706,1180,1651,2356,2706,,706,474,471,705,350,3435
6240,708,1232,1702,2460,2837,,708,524,470,758,377,3403
6245,668,1115,1608,2320,2731,,668,447,493,712,411,3514
6337,718,1243,1731,2468,2890,,718,525,488,737,422,3447
6337,687,1242,1731,2468,2891,,687,555,489,737,423,3446
6363,717,1243,1730,2468,2891,,717,526,487,738,423,3472
6339,718,1242,1760,2469,2893,,718,524,518,709,424,3446
6346,711,1232,1716,2474,2897,,711,521,484,758,423,3449
6339,720,1242,1731,2468,2891,,720,522,489,737,423,3448
6337,717,1243,1731,2468,2890,,717,526,488,737,422,3447
6339,718,1244,1729,2467,2890,,718,526,485,738,423,3449
6339,718,1243,1731,2468,2891,,718,525,488,737,423,3448
6199,706,1188,1621,2305,2702,,706,482,433,684,397,3497
6275,707,1233,1705,2456,2876,,707,526,472,751,420,3399
6164,666,1132,1605,2307,2726,,666,466,473,702,419,3438
6285,707,1232,1704,2457,2875,,707,525,472,753,418,3410
6237,707,1233,1704,2458,2835,,707,526,471,754,377,3402
6018,675,1163,1559,2264,2640,,675,488,396,705,376,3378
6165,703,1142,1614,2324,2701,,703,439,472,710,377,3464
6214,709,1233,1704,2458,2836,,709,524,471,754,378,3378
6118,664,1141,1613,2316,2710,,664,477,472,703,394,3408
6140,708,1233,1681,2383,2757,,708,525,448,702,374,3383
6175,709,1193,1603,2309,2703,,709,484,410,706,394,3472
6086,705,1183,1679,2339,2698,,705,478,496,660,359,3388
6040,708,1195,1671,2317,2672,,708,487,476,646,355,3368
6214,707,1233,1706,2420,2834,,707,526,473,714,414,3380
6214,709,1233,1705,2422,2836,,709,524,472,717,414,3378
6278,707,1232,1720,2468,2839,,707,525,488,748,371,3439
6212,708,1232,1704,2458,2838,,708,524,472,754,380,3374
6214,706,1234,1706,2456,2833,,706,528,472,750,377,3381
6277,667,1155,1672,2381,2790,,667,488,517,709,409,3487
6370,720,1244,1734,2469,2891,,720,524,490,735,422,3479
6264,704,1249,1648,2367,2803,,704,545,399,719,436,3461
6340,720,1244,1732,2469,2892,,720,524,488,737,423,3448
6226,705,1193,1667,2355,2776,,705,488,474,688,421,3450
6328,708,1233,1705,2458,2877,,708,525,472,753,419,3451
6259,707,1233,1705,2457,2877,,707,526,472,752,420,3382
6265,708,1233,1659,2369,2807,,708,525,426,710,438,3458
6339,718,1271,1757,2469,2893,,718,553,486,712,424,3446
6371,717,1242,1732,2469,2890,,717,525,490,737,421,3481
6212,669,1167,1653,2365,2776,,669,498,486,712,411,3436
6338,717,1242,1730,2467,2889,,717,525,488,737,422,3449
6239,718,1208,1627,2371,2779,,718,490,419,744,408,3460
6315,702,1189,1678,2390,2826,,702,487,489,712,436,3489
6338,705,1225,1700,2498,2892,,705,520,475,798,394,3446
6339,717,1241,1760,2470,2889,,717,524,519,710,419,3450
6364,717,1241,1715,2498,2915,,717,524,474,783,417,3449
6243,747,1222,1682,2367,2753,,747,475,460,685,386,3490
6317,718,1243,1731,2468,2891,,718,525,488,737,423,3426
6367,748,1273,1788,2528,2920,,748,525,515,740,392,3447
6390,680,1169,1657,2398,2922,,680,489,488,741,524,3468
6340,719,1242,1732,2469,2891,,719,523,490,737,422,3449
6326,719,1227,1726,2457,2880,,719,508,499,731,423,3446
6095,705,1190,1662,2366,2719,,705,485,472,704,353,3376
6202,710,1234,1694,2406,2827,,710,524,460,712,421,3375
6213,709,1233,1705,2458,2837,,709,524,472,753,379,3376
6210,708,1231,1702,2420,2834,,708,523,471,718,414,3376
6138,708,1191,1670,2373,2754,,708,483,479,703,381,3384
6162,708,1232,1711,2417,2798,,708,524,479,706,381,3364
6214,708,1232,1704,2461,2836,,708,524,472,757,375,3378
6247,675,1177,1664,2377,2787,,675,502,487,713,410,3460
6368,717,1244,1758,2467,2890,,717,527,514,709,423,3478
6252,719,1243,1698,2410,2805,,719,524,455,712,395,3447
6326,706,1229,1701,2455,2877,,706,523,472,754,422,3449
6301,708,1231,1702,2457,2876,,708,523,471,755,419,3425
6135,704,1179,1652,2356,2729,,704,475,473,704,373,3406
6011,706,1181,1652,2316,2649,,706,475,471,664,333,3362
6244,667,1115,1573,2259,2691,,667,448,458,686,432,3553
6339,717,1269,1754,2466,2889,,717,552,485,712,423,3450
6340,719,1273,1758,2469,2891,,719,554,485,711,422,3449
6234,672,1164,1651,2363,2773,,672,492,487,712,410,3461
6317,719,1244,1732,2469,2892,,719,525,488,737,423,3425
6341,745,1270,1733,2462,2869,,745,525,463,729,407,3472
6368,720,1243,1731,2452,2891,,720,523,488,721,439,3477
6370,721,1226,1693,2469,2893,,721,505,467,776,424,3477
6339,748,1243,1759,2469,2890,,748,495,516,710,421,3449
6153,660,1132,1604,2308,2703,,660,472,472,704,395,3450
6203,658,1145,1660,2350,2745,,658,487,515,690,395,3458
6252,708,1233,1704,2458,2877,,708,525,471,754,419,3375
6340,749,1273,1757,2470,2892,,749,524,484,713,422,3448
6355,715,1259,1777,2485,2906,,715,544,518,708,421,3449
6340,719,1243,1731,2469,2891,,719,524,488,738,422,3449
6252,690,1252,1724,2384,2802,,690,562,472,660,418,3450
6327,708,1233,1704,2457,2879,,708,525,471,753,422,3448
6325,708,1232,1703,2420,2880,,708,524,471,717,460,3445
6326,706,1233,1705,2456,2876,,706,527,472,751,420,3450
6235,704,1166,1637,2340,2756,,704,462,471,703,416,3479
6202,709,1195,1672,2358,2730,,709,486,477,686,372,3472
6302,708,1233,1705,2458,2877,,708,525,472,753,419,3425
6327,708,1234,1706,2459,2877,,708,526,472,753,418,3450
6226,707,1211,1693,2381,2776,,707,504,482,688,395,3450
6301,707,1233,1704,2463,2876,,707,526,471,759,413,3425
6075,707,1231,1655,2303,2635,,707,524,424,648,332,3440
6224,690,1179,1650,2356,2775,,690,489,471,706,419,3449
6275,707,1231,1702,2458,2850,,707,524,471,756,392,3425
6210,704,1166,1637,2341,2758,,704,462,471,704,417,3452
6325,707,1231,1701,2457,2878,,707,524,470,756,421,3447
6240,706,1222,1656,2356,2792,,706,516,434,700,436,3448
6368,750,1244,1733,2468,2891,,750,494,489,735,423,3477
6337,719,1240,1730,2471,2891,,719,521,490,741,420,3446
6239,705,1173,1657,2368,2779,,705,468,484,711,411,3460
6340,720,1245,1733,2469,2893,,720,525,488,736,424,3447
6177,705,1228,1652,2358,2724,,705,523,424,706,366,3453
6160,705,1180,1649,2356,2775,,705,475,469,707,419,3385
6273,707,1234,1706,2458,2881,,707,527,472,752,423,3392
6171,705,1192,1664,2367,2718,,705,487,472,703,351,3453
6156,706,1182,1653,2357,2733,,706,476,471,704,376,3423
6189,708,1201,1629,2308,2696,,708,493,428,679,388,3493
6340,719,1245,1733,2470,2893,,719,526,488,737,423,3447
6388,718,1243,1732,2497,2946,,718,525,489,765,449,3442
6266,692,1190,1669,2370,2810,,692,498,479,701,440,3456
6338,747,1244,1731,2469,2891,,747,497,487,738,422,3447
6066,747,1206,1622,2300,2628,,747,459,416,678,328,3438
6369,719,1244,1731,2469,2891,,719,525,487,738,422,3478
6268,719,1245,1732,2437,2858,,719,526,487,705,421,3410
6236,703,1191,1663,2366,2782,,703,488,472,703,416,3454
6193,715,1189,1660,2366,2756,,715,474,471,706,390,3437
6190,708,1212,1696,2361,2732,,708,504,484,665,371,3458
5936,659,1076,1547,2257,2582,,659,417,471,710,325,3354
6328,710,1235,1705,2460,2879,,710,525,470,755,419,3449
6235,725,1222,1657,2363,2782,,725,497,435,706,419,3453
6284,707,1234,1708,2457,2876,,707,527,474,749,419,3408
6214,708,1234,1663,2335,2694,,708,526,429,672,359,3520
6342,719,1252,1737,2474,2891,,719,533,485,737,417,3451
6344,720,1246,1733,2470,2878,,720,526,487,737,408,3466
6364,718,1244,1729,2496,2914,,718,526,485,767,418,3450
6248,715,1177,1664,2377,2787,,715,462,487,713,410,3461
6203,706,1192,1653,2359,2738,,706,486,461,706,379,3465
6286,707,1233,1705,2458,2877,,707,526,472,753,419,3409
6214,708,1234,1731,2458,2838,,708,526,497,727,380,3376
6187,709,1222,1674,2384,2780,,709,513,452,710,396,3407
6214,707,1233,1706,2460,2837,,707,526,473,754,377,3377
6290,709,1232,1703,2435,2834,,709,523,471,732,399,3456
6240,719,1180,1664,2369,2779,,719,461,484,705,410,3461
6341,720,1246,1733,2469,2895,,720,526,487,736,426,3446
6370,723,1273,1761,2498,2921,,723,550,488,737,423,3449
6340,719,1244,1732,2469,2892,,719,525,488,737,423,3448
6102,719,1192,1611,2309,2661,,719,473,419,698,352,3441
6263,710,1234,1706,2456,2878,,710,524,472,750,422,3385
6216,707,1233,1704,2457,2836,,707,526,471,753,379,3380
6066,660,1085,1538,2226,2629,,660,425,453,688,403,3437
6339,719,1244,1732,2470,2892,,719,525,488,738,422,3447
6315,719,1273,1759,2458,2857,,719,554,486,699,399,3458
6341,720,1244,1732,2470,2892,,720,524,488,738,422,3449
6301,749,1245,1762,2469,2861,,749,496,517,707,392,3440
6211,705,1229,1701,2456,2836,,705,524,472,755,380,3375
6315,719,1219,1707,2419,2858,,719,500,488,712,439,3457
6244,706,1227,1642,2344,2753,,706,521,415,702,409,3491
6394,746,1243,1732,2497,2917,,746,497,489,765,420,3477
6369,719,1244,1731,2468,2891,,719,525,487,737,423,3478
6190,706,1178,1608,2285,2716,,706,472,430,677,431,3474
6364,719,1245,1732,2470,2922,,719,526,487,738,452,3442
6214,718,1245,1654,2368,2702,,718,527,409,714,334,3512
6341,719,1273,1746,2469,2893,,719,554,473,723,424,3448
6288,718,1245,1733,2468,2871,,718,527,488,735,403,3417
6287,747,1273,1786,2477,2864,,747,526,513,691,387,3423
6340,707,1227,1697,2469,2891,,707,520,470,772,422,3449
6201,717,1208,1657,2357,2776,,717,491,449,700,419,3425
6302,707,1233,1703,2456,2877,,707,526,470,753,421,3425
6301,708,1233,1704,2458,2876,,708,525,471,754,418,3425
6214,707,1189,1635,2295,2705,,707,482,446,660,410,3509
6367,720,1244,1733,2468,2891,,720,524,489,735,423,3476
6304,721,1245,1734,2469,2857,,721,524,489,735,388,3447
6316,719,1249,1737,2443,2854,,719,530,488,706,411,3462
6314,718,1243,1731,2469,2876,,718,525,488,738,407,3438
6366,720,1245,1734,2469,2921,,720,525,489,735,452,3445
6338,748,1273,1757,2469,2894,,748,525,484,712,425,3444
6207,720,1245,1654,2313,2717,,720,525,409,659,404,3490
6330,710,1233,1705,2461,2881,,710,523,472,756,420,3449
6327,708,1235,1706,2458,2878,,708,527,471,752,420,3449
6080,708,1210,1644,2295,2639,,708,502,434,651,344,3441
6325,709,1233,1705,2458,2882,,709,524,472,753,424,3443
6242,709,1234,1704,2404,2779,,709,525,470,700,375,3463
6341,720,1245,1733,2471,2893,,720,525,488,738,422,3448
6341,749,1245,1733,2472,2892,,749,496,488,739,420,3449
6341,721,1246,1733,2470,2894,,721,525,487,737,424,3447
6340,722,1226,1712,2469,2893,,722,504,486,757,424,3447
6221,721,1244,1660,2344,2754,,721,523,416,684,410,3467
6341,748,1274,1758,2470,2892,,748,526,484,712,422,3449
6402,728,1277,1766,2531,2950,,728,549,489,765,419,3452
6267,719,1244,1667,2370,2805,,719,525,423,703,435,3462
6285,720,1245,1733,2470,2894,,720,525,488,737,424,3391
6179,707,1229,1655,2359,2754,,707,522,426,704,395,3425
6302,708,1233,1704,2457,2881,,708,525,471,753,424,3421
6227,708,1181,1654,2356,2772,,708,473,473,702,416,3455
6327,696,1235,1708,2459,2882,,696,539,473,751,423,3445
6161,664,1160,1631,2335,2686,,664,496,471,704,351,3475
6239,708,1234,1734,2458,2838,,708,526,500,724,380,3401
6237,707,1233,1704,2458,2837,,707,526,471,754,379,3400
6234,705,1233,1704,2455,2835,,705,528,471,751,380,3399
6142,709,1193,1629,2313,2696,,709,484,436,684,383,3446
6344,720,1245,1733,2470,2892,,720,525,488,737,422,3452
6205,719,1228,1659,2358,2777,,719,509,431,699,419,3428
6327,709,1234,1707,2415,2880,,709,525,473,708,465,3447
6198,715,1191,1663,2367,2783,,715,476,472,704,416,3415
6234,708,1235,1706,2460,2836,,708,527,471,754,376,3398
6216,669,1145,1632,2345,2756,,669,476,487,713,411,3460
6215,720,1244,1655,2289,2718,,720,524,411,634,429,3497
6341,720,1246,1733,2472,2895,,720,526,487,739,423,3446
6339,719,1245,1732,2470,2892,,719,526,487,738,422,3447
6078,748,1209,1628,2280,2644,,748,461,419,652,364,3434
6265,708,1235,1706,2460,2879,,708,527,471,754,419,3386
6305,709,1233,1704,2459,2857,,709,524,471,755,398,3448
6214,666,1169,1657,2369,2780,,666,503,488,712,411,3434
6339,720,1245,1733,2470,2892,,720,525,488,737,422,3447
6341,720,1246,1733,2470,2892,,720,526,487,737,422,3449
6340,749,1245,1732,2470,2892,,749,496,487,738,422,3448
6340,718,1275,1682,2389,2891,,718,557,407,707,502,3449
6342,750,1247,1732,2469,2892,,750,497,485,737,423,3450
6339,720,1273,1758,2470,2892,,720,553,485,712,422,3447
6342,720,1227,1694,2470,2893,,720,507,467,776,423,3449
6341,719,1244,1732,2469,2892,,719,525,488,737,423,3449
6266,718,1273,1757,2384,2811,,718,555,484,627,427,3455
6368,720,1244,1732,2469,2882,,720,524,488,737,413,3486
6367,720,1245,1733,2471,2892,,720,525,488,738,421,3475
6395,719,1245,1733,2470,2922,,719,526,488,737,452,3473
6341,721,1244,1732,2469,2893,,721,523,488,737,424,3448
6228,718,1244,1697,2359,2778,,718,526,453,662,419,3450
6227,703,1187,1659,2359,2780,,703,484,472,700,421,3447
6287,708,1232,1703,2456,2877,,708,524,471,753,421,3410
6169,708,1233,1663,2315,2694,,708,525,430,652,379,3475
6325,742,1245,1677,2456,2879,,742,503,432,779,423,3446
6223,708,1183,1654,2358,2736,,708,475,471,704,378,3487
6219,709,1234,1665,2333,2684,,709,525,431,668,351,3535
6314,719,1245,1733,2471,2872,,719,526,488,738,401,3442
6192,707,1161,1644,2344,2756,,707,454,483,700,412,3436
6264,706,1188,1686,2394,2805,,706,482,498,708,411,3459
6341,721,1244,1716,2469,2890,,721,523,472,753,421,3451
6318,720,1245,1735,2470,2892,,720,525,490,735,422,3426
6319,695,1245,1735,2471,2873,,695,550,490,736,402,3446
6365,719,1244,1732,2500,2916,,719,525,488,768,416,3449
6342,720,1274,1759,2470,2892,,720,554,485,711,422,3450
6341,720,1273,1680,2468,2892,,720,553,407,788,424,3449
6370,720,1202,1688,2470,2893,,720,482,486,782,423,3477
6333,719,1264,1751,2489,2890,,719,545,487,738,401,3443
6228,707,1191,1672,2384,2779,,707,484,481,712,395,3449
6266,708,1190,1681,2395,2806,,708,482,491,714,411,3460
6240,719,1244,1656,2369,2780,,719,525,412,713,411,3460
6325,720,1245,1733,2445,2893,,720,525,488,712,448,3432
6365,719,1245,1733,2499,2917,,719,526,488,766,418,3448
6318,720,1246,1704,2415,2868,,720,526,458,711,453,3450
6341,719,1245,1733,2469,2892,,719,526,488,736,423,3449
6244,720,1245,1654,2371,2781,,720,525,409,717,410,3463
6268,719,1242,1695,2407,2781,,719,523,453,712,374,3487
6263,748,1244,1761,2499,2896,,748,496,517,738,397,3367
6204,709,1192,1673,2386,2781,,709,483,481,713,395,3423
6397,710,1211,1694,2502,2919,,710,501,483,808,417,3478
6269,720,1245,1654,2348,2781,,720,525,409,694,433,3488
6341,751,1275,1760,2470,2893,,751,524,485,710,423,3448
6370,722,1245,1734,2470,2893,,722,523,489,736,423,3477
6291,720,1245,1701,2405,2835,,720,525,456,704,430,3456
6391,720,1274,1788,2527,2943,,720,554,514,739,416,3448
6369,751,1246,1713,2470,2893,,751,495,467,757,423,3476
6393,746,1274,1764,2503,2915,,746,528,490,739,412,3478
6379,749,1246,1732,2470,2894,,749,497,486,738,424,3485
6372,720,1228,1711,2469,2892,,720,508,483,758,423,3480
6370,719,1244,1677,2424,2892,,719,525,433,747,468,3478
6022,684,1128,1566,2229,2617,,684,444,438,663,388,3405
5975,667,1106,1546,2207,2594,,667,439,440,661,387,3381
5973,665,1104,1543,2205,2566,,665,439,439,662,361,3407
6281,752,1248,1707,2419,2844,,752,496,459,712,425,3437
6214,710,1235,1707,2460,2837,,710,525,472,753,377,3377
6236,707,1232,1704,2418,2839,,707,525,472,714,421,3397
6271,709,1235,1662,2370,2781,,709,526,427,708,411,3490
6396,735,1246,1735,2501,2921,,735,511,489,766,420,3475
6304,720,1231,1692,2459,2881,,720,511,461,767,422,3423
6216,710,1194,1628,2345,2754,,710,484,434,717,409,3462
6327,720,1273,1757,2399,2881,,720,553,484,642,482,3446
6215,708,1234,1707,2458,2838,,708,526,473,751,380,3377
6192,710,1236,1708,2423,2817,,710,526,472,715,394,3375
6193,710,1236,1709,2418,2819,,710,526,473,709,401,3374
5935,709,1185,1614,2243,2574,,709,476,429,629,331,3361
6253,706,1233,1702,2422,2818,,706,527,469,720,396,3435
6294,708,1208,1656,2369,2810,,708,500,448,713,441,3484
6343,721,1245,1733,2470,2892,,721,524,488,737,422,3451
6254,720,1245,1680,2385,2808,,720,525,435,705,423,3446
6265,708,1192,1649,2372,2808,,708,484,457,723,436,3457
6368,719,1244,1712,2420,2892,,719,525,468,708,472,3476
6340,719,1244,1732,2469,2895,,719,525,488,737,426,3445
6334,716,1217,1730,2441,2879,,716,501,513,711,438,3455
6314,719,1244,1711,2445,2870,,719,525,467,734,425,3444
6340,720,1244,1731,2470,2891,,720,524,487,739,421,3449
6339,719,1244,1710,2470,2891,,719,525,466,760,421,3448
6366,720,1245,1732,2467,2922,,720,525,487,735,455,3444
6340,720,1245,1732,2471,2893,,720,525,487,739,422,3447
6200,715,1207,1655,2355,2751,,715,492,448,700,396,3449
6205,710,1236,1667,2360,2756,,710,526,431,693,396,3449
6330,709,1236,1708,2433,2881,,709,527,472,725,448,3449
6235,708,1233,1707,2458,2838,,708,525,474,751,380,3397
6238,710,1234,1705,2459,2836,,710,524,471,754,377,3402
6238,711,1235,1707,2459,2841,,711,524,472,752,382,3397
6236,712,1233,1706,2460,2837,,712,521,473,754,377,3399
6289,709,1234,1705,2431,2882,,709,525,471,726,451,3407
6104,709,1192,1672,2326,2676,,709,483,480,654,350,3428
6288,709,1236,1707,2459,2885,,709,527,471,752,426,3403
6238,710,1236,1708,2461,2839,,710,526,472,753,378,3399
6188,710,1193,1672,2387,2781,,710,483,479,715,394,3407
6283,709,1233,1705,2456,2882,,709,524,472,751,426,3401
6321,751,1246,1734,2471,2894,,751,495,488,737,423,3427
6367,749,1275,1759,2499,2919,,749,526,484,740,420,3448
6281,720,1246,1734,2437,2838,,720,526,488,703,401,3443
6304,710,1234,1706,2460,2879,,710,524,472,754,419,3425
6257,711,1234,1706,2461,2880,,711,523,472,755,419,3377
6192,708,1235,1681,2340,2742,,708,527,446,659,402,3450
6285,718,1210,1704,2418,2828,,718,492,494,714,410,3457
6340,719,1228,1710,2470,2893,,719,509,482,760,423,3447
6339,719,1244,1731,2412,2892,,719,525,487,681,480,3447
6370,720,1245,1733,2470,2880,,720,525,488,737,410,3490
6343,722,1245,1763,2472,2894,,722,523,518,709,422,3449
6332,719,1243,1731,2468,2891,,719,524,488,737,423,3441
6277,720,1245,1735,2437,2838,,720,525,490,702,401,3439
6263,709,1236,1707,2460,2882,,709,527,471,753,422,3381
6238,709,1233,1705,2459,2842,,709,524,472,754,383,3396
6341,709,1234,1683,2424,2871,,709,525,449,741,447,3470
6348,720,1244,1733,2469,2892,,720,524,489,736,423,3456
6217,754,1225,1684,2342,2757,,754,471,459,658,415,3460
6341,722,1275,1760,2472,2894,,722,553,485,712,422,3447
6237,718,1245,1731,2445,2796,,718,527,486,714,351,3441
6342,712,1231,1727,2471,2894,,712,519,496,744,423,3448
6342,721,1245,1733,2470,2894,,721,524,488,737,424,3448
6239,722,1247,1735,2472,2816,,722,525,488,737,344,3423
6158,697,1231,1639,2334,2750,,697,534,408,695,416,3408
6249,711,1237,1708,2460,2882,,711,526,471,752,422,3367
6192,709,1235,1665,2361,2714,,709,526,430,696,353,3478
6341,720,1245,1732,2472,2871,,720,525,487,740,399,3470
6327,718,1273,1745,2406,2881,,718,555,472,661,475,3446
6286,708,1233,1715,2460,2884,,708,525,482,745,424,3402
6297,710,1235,1705,2460,2825,,710,525,470,755,365,3472
6280,719,1231,1698,2437,2857,,719,512,467,739,420,3423
6341,720,1245,1733,2469,2878,,720,525,488,736,409,3463
6278,720,1245,1732,2436,2857,,720,525,487,704,421,3421
6236,710,1236,1708,2460,2838,,710,526,472,752,378,3398
6148,711,1193,1674,2350,2728,,711,482,481,676,378,3420
6293,710,1234,1708,2434,2838,,710,524,474,726,404,3455
6241,720,1244,1675,2396,2784,,720,524,431,721,388,3457
6367,721,1245,1712,2446,2922,,721,524,467,734,476,3445
6290,749,1245,1733,2469,2835,,749,496,488,736,366,3455
6254,749,1245,1735,2416,2833,,749,496,490,681,417,3421
6216,709,1236,1708,2460,2839,,709,527,472,752,379,3377
6193,710,1236,1707,2423,2815,,710,526,471,716,392,3378
6216,710,1235,1708,2422,2836,,710,525,473,714,414,3380
6187,711,1235,1708,2420,2817,,711,524,473,712,397,3370
6037,710,1234,1662,2317,2664,,710,524,428,655,347,3373
5996,708,1235,1665,2293,2625,,708,527,430,628,332,3371
6319,710,1194,1630,2374,2835,,710,484,436,744,461,3484
6318,722,1247,1733,2472,2873,,722,525,486,739,401,3445
6343,720,1245,1733,2470,2893,,720,525,488,737,423,3450
6280,720,1245,1732,2456,2839,,720,525,487,724,383,3441
6327,707,1233,1706,2457,2878,,707,526,473,751,421,3449
6300,706,1233,1704,2456,2875,,706,527,471,752,419,3425
6282,710,1235,1706,2461,2879,,710,525,471,755,418,3403
6330,710,1235,1706,2459,2878,,710,525,471,753,419,3452
6330,710,1235,1707,2459,2882,,710,525,472,752,423,3448
6279,709,1234,1706,2418,2837,,709,525,472,712,419,3442
6242,708,1192,1648,2369,2779,,708,484,456,721,410,3463
6292,720,1245,1734,2455,2830,,720,525,489,721,375,3462
6342,723,1247,1735,2471,2895,,723,524,488,736,424,3447
6242,721,1247,1734,2471,2805,,721,526,487,737,334,3437
6343,723,1248,1736,2471,2897,,723,525,488,735,426,3446
6342,721,1246,1735,2471,2893,,721,525,489,736,422,3449
6342,722,1248,1736,2472,2894,,722,526,488,736,422,3448
6345,722,1247,1736,2472,2895,,722,525,489,736,423,3450
6369,722,1248,1735,2472,2897,,722,526,487,737,425,3472
6341,722,1247,1734,2472,2897,,722,525,487,738,425,3444
6342,721,1246,1734,2472,2894,,721,525,488,738,422,3448
6342,721,1245,1733,2471,2894,,721,524,488,738,423,3448
6343,721,1246,1734,2472,2896,,721,525,488,738,424,3447
6268,722,1248,1735,2472,2816,,722,526,487,737,344,3452
6343,721,1247,1735,2474,2895,,721,526,488,739,421,3448
6320,722,1246,1734,2473,2894,,722,524,488,739,421,3426
6304,722,1247,1735,2472,2896,,722,525,488,737,424,3408
6345,723,1248,1735,2473,2897,,723,525,487,738,424,3448
6341,723,1247,1735,2472,2895,,723,524,488,737,423,3446
6340,721,1246,1734,2472,2895,,721,525,488,738,423,3445
6342,722,1248,1735,2456,2894,,722,526,487,721,438,3448
6342,722,1247,1735,2473,2894,,722,525,488,738,421,3448
6341,722,1246,1735,2472,2895,,722,524,489,737,423,3446
6270,724,1247,1735,2473,2816,,724,523,488,738,343,3454
6343,721,1245,1734,2470,2893,,721,524,489,736,423,3450
6319,721,1247,1735,2476,2894,,721,526,488,741,418,3425
6225,752,1249,1736,2473,2817,,752,497,487,737,344,3408
6340,719,1246,1731,2469,2890,,719,527,485,738,421,3450
6343,753,1247,1735,2475,2894,,753,494,488,740,419,3449
6342,721,1246,1734,2446,2894,,721,525,488,712,448,3448
6341,722,1249,1735,2473,2895,,722,527,486,738,422,3446
6346,723,1276,1760,2471,2894,,723,553,484,711,423,3452
6291,751,1246,1734,2471,2873,,751,495,488,737,402,3418
6292,722,1247,1735,2475,2873,,722,525,488,740,398,3419
6319,722,1247,1735,2472,2894,,722,525,488,737,422,3425
6274,721,1246,1733,2471,2873,,721,525,487,738,402,3401
6273,750,1245,1734,2473,2874,,750,495,489,739,401,3399
6341,720,1247,1734,2472,2894,,720,527,487,738,422,3447
6369,720,1246,1734,2471,2882,,720,526,488,737,411,3487
6339,721,1245,1735,2471,2893,,721,524,490,736,422,3446
6341,723,1247,1735,2472,2895,,723,524,488,737,423,3446
6343,723,1278,1762,2472,2894,,723,555,484,710,422,3449
6341,721,1248,1734,2471,2893,,721,527,486,737,422,3448
6344,723,1248,1735,2472,2881,,723,525,487,737,409,3463
6344,723,1247,1735,2471,2894,,723,524,488,736,423,3450
6274,722,1247,1735,2471,2874,,722,525,488,736,403,3400
6274,722,1247,1736,2472,2873,,722,525,489,736,401,3401
6344,725,1247,1735,2473,2896,,725,522,488,738,423,3448
6343,721,1246,1737,2470,2895,,721,525,491,733,425,3448
6342,721,1276,1762,2471,2894,,721,555,486,709,423,3448
6242,722,1247,1735,2472,2837,,722,525,488,737,365,3405
6410,716,1239,1724,2510,2933,,716,523,485,786,423,3477
6280,751,1246,1764,2473,2875,,751,495,518,709,402,3405
6221,711,1238,1709,2461,2839,,711,527,471,752,378,3382
5985,708,1233,1663,2293,2625,,708,525,430,630,332,3360
5937,708,1183,1612,2243,2576,,708,475,429,631,333,3361
6019,700,1190,1662,2324,2659,,700,490,472,662,335,3360
6304,710,1234,1706,2463,2878,,710,524,472,757,415,3426
6240,709,1235,1708,2461,2840,,709,526,473,753,379,3400
6193,707,1233,1705,2420,2811,,707,526,472,715,391,3382
6275,707,1232,1704,2417,2835,,707,525,472,713,418,3440
6340,718,1242,1730,2468,2891,,718,524,488,738,423,3449
6370,720,1245,1732,2469,2893,,720,525,487,737,424,3477
6342,720,1245,1735,2471,2892,,720,525,490,736,421,3450
6229,729,1246,1656,2361,2782,,729,517,410,705,421,3447
6215,711,1235,1708,2425,2837,,711,524,473,717,412,3378
6190,710,1236,1708,2424,2814,,710,526,472,716,390,3376
5962,713,1185,1616,2247,2602,,713,472,431,631,355,3360
5962,711,1186,1616,2244,2576,,711,475,430,628,332,3386
6031,700,1170,1642,2299,2649,,700,470,472,657,350,3382
6347,713,1236,1708,2422,2859,,713,523,472,714,437,3488
6371,721,1247,1763,2472,2893,,721,526,516,709,421,3478
6326,745,1311,1797,2508,2931,,745,566,486,711,423,3395
6343,723,1247,1737,2472,2895,,723,524,490,735,423,3448
6342,722,1246,1734,2471,2894,,722,524,488,737,423,3448
6320,723,1277,1761,2471,2894,,723,554,484,710,423,3426
6394,722,1247,1763,2525,2946,,722,525,516,762,421,3448
6397,722,1246,1763,2501,2920,,722,524,517,738,419,3477
6275,721,1245,1733,2471,2872,,721,524,488,738,401,3403
6274,722,1248,1734,2471,2870,,722,526,486,737,399,3404
6343,723,1247,1735,2471,2895,,723,524,488,736,424,3448
6320,671,1169,1658,2401,2837,,671,498,489,743,436,3483
6277,722,1247,1714,2423,2870,,722,525,467,709,447,3407
6254,712,1237,1710,2420,2830,,712,525,473,710,410,3424
6372,721,1274,1760,2471,2894,,721,553,486,711,423,3478
6368,721,1246,1734,2445,2923,,721,525,488,711,478,3445
6342,721,1245,1734,2470,2895,,721,524,489,736,425,3447
6341,721,1275,1760,2471,2893,,721,554,485,711,422,3448
6273,721,1245,1734,2470,2870,,721,524,489,736,400,3403
6315,750,1246,1765,2476,2896,,750,496,519,711,420,3419
6341,750,1275,1786,2494,2893,,750,525,511,708,399,3448
6393,717,1273,1787,2497,2916,,717,556,514,710,419,3477
6277,725,1278,1765,2452,2870,,725,553,487,687,418,3407
6293,711,1238,1710,2461,2840,,711,527,472,751,379,3453
6397,751,1247,1763,2473,2924,,751,496,516,710,451,3473
6343,749,1245,1733,2500,2918,,749,496,488,767,418,3425
6447,721,1246,1765,2503,2949,,721,525,519,738,446,3498
6342,721,1246,1733,2473,2894,,721,525,487,740,421,3448
6274,716,1203,1692,2405,2815,,716,487,489,713,410,3459
6370,728,1277,1765,2502,2955,,728,549,488,737,453,3415
6343,722,1246,1764,2474,2897,,722,524,518,710,423,3446
6341,720,1192,1682,2395,2893,,720,472,490,713,498,3448
6276,721,1245,1714,2447,2869,,721,524,469,733,422,3407
6321,711,1235,1708,2461,2858,,711,524,473,753,397,3463
6340,719,1244,1733,2468,2891,,719,525,489,735,423,3449
6327,721,1246,1734,2473,2894,,721,525,488,739,421,3433
6369,721,1244,1732,2470,2892,,721,523,488,738,422,3477
6319,721,1246,1734,2471,2894,,721,525,488,737,423,3425
6304,750,1246,1736,2500,2900,,750,496,490,764,400,3404
6366,722,1275,1759,2473,2894,,722,553,484,714,421,3472
6341,753,1276,1760,2473,2895,,753,523,484,713,422,3446
6371,721,1246,1749,2472,2894,,721,525,503,723,422,3477
6274,721,1246,1713,2448,2871,,721,525,467,735,423,3403
6242,712,1236,1707,2461,2840,,712,524,471,754,379,3402
6021,705,1194,1671,2329,2662,,705,489,477,658,333,3359
6190,711,1237,1710,2424,2818,,711,526,473,714,394,3372
5939,711,1186,1616,2246,2576,,711,475,430,630,330,3363
5938,710,1188,1617,2245,2576,,710,478,429,628,331,3362
6036,703,1191,1620,2252,2586,,703,488,429,632,334,3450
6043,699,1188,1658,2362,2688,,699,489,470,704,326,3355
6316,710,1236,1710,2463,2858,,710,526,474,753,395,3458
6396,722,1276,1705,2475,2922,,722,554,429,770,447,3474
6368,722,1274,1759,2474,2893,,722,552,485,715,419,3475
6343,722,1249,1765,2474,2895,,722,527,516,709,421,3448
6391,749,1245,1733,2501,2947,,749,496,488,768,446,3444
6339,706,1244,1762,2472,2893,,706,538,518,710,421,3446
6396,721,1245,1733,2471,2923,,721,524,488,738,452,3473
6367,721,1246,1733,2500,2918,,721,525,487,767,418,3449
6250,721,1245,1733,2470,2830,,721,524,488,737,360,3420
6297,720,1269,1787,2495,2894,,720,549,518,708,399,3403
6420,750,1246,1735,2500,2948,,750,496,489,765,448,3472
6372,721,1246,1763,2472,2893,,721,525,517,709,421,3479
6273,752,1277,1742,2447,2870,,752,525,465,705,423,3403
6294,713,1236,1708,2461,2839,,713,523,472,753,378,3455
6293,701,1235,1708,2438,2882,,701,534,473,730,444,3411
6200,713,1238,1709,2421,2818,,713,525,471,712,397,3382
6191,711,1237,1710,2424,2817,,711,526,473,714,393,3374
5992,711,1238,1665,2297,2629,,711,527,427,632,332,3363
5930,700,1172,1601,2231,2561,,700,472,429,630,330,3369
6029,698,1170,1667,2329,2663,,698,472,497,662,334,3366
6285,712,1237,1708,2461,2844,,712,525,471,753,383,3441
6188,710,1193,1672,2393,2794,,710,483,479,721,401,3394
6214,712,1236,1707,2424,2839,,712,524,471,717,415,3375
6305,711,1235,1706,2420,2860,,711,524,471,714,440,3445
6395,724,1273,1791,2501,2951,,724,549,518,710,450,3444
6368,720,1245,1734,2471,2923,,720,525,489,737,452,3445
6341,721,1246,1733,2471,2893,,721,525,487,738,422,3448
6366,720,1245,1734,2500,2918,,720,525,489,766,418,3448
6305,720,1245,1733,2430,2878,,720,525,488,697,448,3427
6274,711,1206,1693,2405,2814,,711,495,487,712,409,3460
6342,720,1246,1733,2471,2893,,720,526,487,738,422,3449
6342,722,1248,1736,2419,2896,,722,526,488,683,477,3446
6302,721,1248,1734,2455,2879,,721,527,486,721,424,3423
6345,722,1248,1735,2477,2894,,722,526,487,742,417,3451
6342,722,1276,1760,2472,2894,,722,554,484,712,422,3448
6347,724,1250,1735,2503,2921,,724,526,485,768,418,3426
6343,751,1246,1735,2472,2894,,751,495,489,737,422,3449
6375,717,1233,1716,2503,2926,,717,516,483,787,423,3449
6319,751,1245,1734,2471,2893,,751,494,489,737,422,3426
6245,717,1207,1694,2407,2819,,717,490,487,713,412,3426
6368,722,1246,1734,2501,2920,,722,524,488,767,419,3448
6318,722,1276,1761,2472,2876,,722,554,485,711,404,3442
6288,722,1246,1715,2448,2870,,722,524,469,733,422,3418
6344,722,1247,1734,2472,2895,,722,525,487,738,423,3449
6082,656,1115,1533,2237,2657,,656,459,418,704,420,3425
6216,710,1235,1707,2460,2838,,710,525,472,753,378,3378
6190,711,1236,1710,2423,2815,,711,525,474,713,392,3375
6041,710,1234,1667,2296,2655,,710,524,433,629,359,3386
5934,701,1175,1604,2234,2568,,701,474,429,630,334,3366
6023,702,1195,1667,2369,2669,,702,493,472,702,300,3354
6332,713,1238,1709,2462,2881,,713,525,471,753,419,3451
6268,710,1235,1710,2462,2826,,710,525,475,752,364,3442
6346,719,1269,1756,2471,2917,,719,550,487,715,446,3429
6342,722,1246,1734,2471,2893,,722,524,488,737,422,3449
6342,721,1246,1734,2471,2895,,721,525,488,737,424,3447
6320,722,1247,1735,2472,2894,,722,525,488,737,422,3426
6341,722,1247,1735,2472,2895,,722,525,488,737,423,3446
6341,717,1267,1755,2493,2916,,717,550,488,738,423,3425
6282,716,1210,1698,2410,2820,,716,494,488,712,410,3462
6368,722,1247,1734,2473,2894,,722,525,487,739,421,3474
6291,722,1247,1734,2451,2870,,722,525,487,717,419,3421
6316,723,1247,1736,2473,2876,,723,524,489,737,403,3440
6342,722,1246,1734,2471,2895,,722,524,488,737,424,3447
6342,722,1248,1734,2471,2895,,722,526,486,737,424,3447
6242,668,1174,1659,2372,2783,,668,506,485,713,411,3459
6330,724,1247,1735,2477,2894,,724,523,488,742,417,3436
6342,722,1248,1735,2473,2896,,722,526,487,738,423,3446
6342,721,1249,1734,2472,2894,,721,528,485,738,422,3448
6287,722,1244,1733,2456,2875,,722,522,489,723,419,3412
6244,699,1197,1685,2398,2831,,699,498,488,713,433,3413
6342,722,1248,1735,2473,2895,,722,526,487,738,422,3447
6317,723,1249,1736,2473,2876,,723,526,487,737,403,3441
6289,724,1248,1736,2474,2896,,724,524,488,738,422,3393
6344,722,1248,1736,2473,2895,,722,526,488,737,422,3449
6267,723,1249,1736,2452,2846,,723,526,487,716,394,3421
6345,722,1250,1736,2473,2895,,722,528,486,737,422,3450
6342,724,1247,1734,2472,2898,,724,523,487,738,426,3444
6342,730,1249,1735,2472,2894,,730,519,486,737,422,3448
6279,723,1248,1735,2474,2873,,723,525,487,739,399,3406
6035,692,1181,1654,2357,2681,,692,489,473,703,324,3354
6328,712,1236,1709,2461,2880,,712,524,473,752,419,3448
6222,710,1236,1707,2461,2839,,710,526,471,754,378,3383
6262,711,1235,1706,2461,2880,,711,524,471,755,419,3382
6305,710,1233,1706,2422,2860,,710,523,473,716,438,3445
6343,722,1246,1734,2471,2895,,722,524,488,737,424,3448
6342,722,1248,1735,2473,2895,,722,526,487,738,422,3447
6342,722,1247,1735,2472,2894,,722,525,488,737,422,3448
6240,671,1145,1635,2345,2780,,671,474,490,710,435,3460
6322,723,1248,1735,2474,2898,,723,525,487,739,424,3424
6369,719,1247,1735,2472,2895,,719,528,488,737,423,3474
6318,723,1246,1736,2474,2895,,723,523,490,738,421,3423
6304,721,1245,1733,2470,2857,,721,524,488,737,387,3447
6262,710,1234,1706,2459,2878,,710,524,472,753,419,3384
6193,710,1235,1706,2422,2814,,710,525,471,716,392,3379
6140,711,1202,1674,2344,2704,,711,491,472,670,360,3436
6189,709,1234,1706,2417,2815,,709,525,472,711,398,3374
6174,711,1207,1639,2349,2751,,711,496,432,710,402,3423
6292,709,1197,1684,2396,2831,,709,488,487,712,435,3461
6318,723,1247,1735,2472,2895,,723,524,488,737,423,3423
6343,703,1249,1735,2472,2895,,703,546,486,737,423,3448
6341,723,1248,1735,2472,2895,,723,525,487,737,423,3446
6342,722,1246,1736,2470,2893,,722,524,490,734,423,3449
6341,722,1246,1739,2471,2881,,722,524,493,732,410,3460
6342,721,1246,1735,2472,2894,,721,525,489,737,422,3448
6342,722,1249,1736,2471,2893,,722,527,487,735,422,3449
6318,722,1257,1741,2472,2895,,722,535,484,731,423,3423
6341,722,1247,1736,2472,2894,,722,525,489,736,422,3447
6220,721,1190,1683,2396,2807,,721,469,493,713,411,3413
6279,723,1246,1734,2471,2875,,723,523,488,737,404,3404
6341,707,1247,1735,2473,2895,,707,540,488,738,422,3446
6308,723,1248,1736,2458,2880,,723,525,488,722,422,3428
6343,722,1246,1735,2472,2895,,722,524,489,737,423,3448
6342,723,1247,1734,2473,2894,,723,524,487,739,421,3448
6342,722,1246,1734,2472,2894,,722,524,488,738,422,3448
6340,719,1244,1732,2469,2892,,719,525,488,737,423,3448
6296,718,1244,1732,2468,2891,,718,526,488,736,423,3405
6239,711,1238,1709,2424,2839,,711,527,471,715,415,3400
6167,658,1104,1587,2296,2707,,658,446,483,709,411,3460
6320,709,1248,1734,2472,2894,,709,539,486,738,422,3426
6368,725,1239,1722,2474,2896,,725,514,483,752,422,3472
6345,723,1246,1735,2471,2894,,723,523,489,736,423,3451
6344,727,1247,1735,2472,2894,,727,520,488,737,422,3450
6343,724,1249,1735,2473,2894,,724,525,486,738,421,3449
6340,722,1246,1734,2471,2893,,722,524,488,737,422,3447
6147,715,1148,1584,2301,2712,,715,433,436,717,411,3435
6342,722,1246,1735,2472,2895,,722,524,489,737,423,3447
6270,720,1246,1733,2470,2891,,720,526,487,737,421,3379
6342,722,1246,1734,2473,2896,,722,524,488,739,423,3446
6207,669,1172,1660,2372,2783,,669,503,488,712,411,3424
6240,722,1198,1685,2399,2808,,722,476,487,714,409,3432
6355,725,1249,1736,2473,2896,,725,524,487,737,423,3459
6343,722,1250,1737,2472,2895,,722,528,487,735,423,3448
6344,723,1250,1735,2473,2896,,723,527,485,738,423,3448
6344,722,1246,1736,2472,2895,,722,524,490,736,423,3449
6302,723,1248,1737,2456,2879,,723,525,489,719,423,3423
6343,724,1248,1735,2472,2895,,724,524,487,737,423,3448
6338,723,1247,1735,2472,2896,,723,524,488,737,424,3442
6184,682,1163,1580,2298,2707,,682,481,417,718,409,3477
6292,728,1247,1715,2471,2874,,728,519,468,756,403,3418
6242,723,1208,1679,2398,2807,,723,485,471,719,409,3435
6297,723,1248,1736,2473,2899,,723,525,488,737,426,3398
6344,723,1247,1735,2473,2895,,723,524,488,738,422,3449
6343,722,1247,1735,2472,2894,,722,525,488,737,422,3449
6341,723,1247,1736,2472,2895,,723,524,489,736,423,3446
6342,726,1234,1703,2471,2894,,726,508,469,768,423,3448
6293,722,1246,1734,2472,2895,,722,524,488,738,423,3398
6344,724,1248,1736,2473,2896,,724,524,488,737,423,3448
6269,722,1246,1662,2376,2812,,722,524,416,714,436,3457
6372,722,1247,1736,2472,2895,,722,525,489,736,423,3477
6394,722,1273,1735,2497,2920,,722,551,462,762,423,3474
6320,722,1247,1735,2472,2894,,722,525,488,737,422,3426
6341,722,1249,1734,2472,2895,,722,527,485,738,423,3446
6343,725,1247,1735,2471,2889,,725,522,488,736,418,3454
6341,722,1247,1735,2472,2895,,722,525,488,737,423,3446
6345,723,1248,1736,2473,2896,,723,525,488,737,423,3449
6369,722,1250,1736,2472,2924,,722,528,486,736,452,3445
6342,722,1248,1736,2472,2895,,722,526,488,736,423,3447
6341,722,1250,1736,2473,2895,,722,528,486,737,422,3446
6327,719,1243,1732,2454,2878,,719,524,489,722,424,3449
6320,721,1246,1679,2472,2893,,721,525,433,793,421,3427
6280,723,1249,1717,2450,2871,,723,526,468,733,421,3409
6328,711,1234,1705,2466,2883,,711,523,471,761,417,3445
6213,710,1234,1705,2460,2839,,710,524,471,755,379,3374
6194,712,1238,1709,2423,2816,,712,526,471,714,393,3378
6215,711,1236,1709,2422,2839,,711,525,473,713,417,3376
6192,711,1236,1707,2419,2817,,711,525,471,712,398,3375
6008,708,1184,1656,2315,2652,,708,476,472,659,337,3356
6244,710,1142,1622,2308,2739,,710,432,480,686,431,3505
6292,721,1250,1734,2473,2875,,721,529,484,739,402,3417
6267,722,1248,1700,2398,2808,,722,526,452,698,410,3459
6359,746,1264,1752,2489,2911,,746,518,488,737,422,3448
6342,723,1247,1736,2472,2897,,723,524,489,736,425,3445
6342,722,1247,1735,2472,2897,,722,525,488,737,425,3445
6350,722,1246,1735,2472,2894,,722,524,489,737,422,3456
6341,720,1245,1733,2445,2894,,720,525,488,712,449,3447
6344,720,1247,1735,2471,2894,,720,527,488,736,423,3450
6342,722,1247,1735,2472,2894,,722,525,488,737,422,3448
6340,721,1246,1733,2470,2893,,721,525,487,737,423,3447
6319,717,1271,1759,2470,2892,,717,554,488,711,422,3427
6321,722,1247,1739,2474,2895,,722,525,492,735,421,3426
6204,709,1198,1665,2348,2733,,709,489,467,683,385,3471
6302,710,1234,1707,2460,2879,,710,524,473,753,419,3423
6230,710,1186,1659,2360,2777,,710,476,473,701,417,3453
6291,711,1236,1709,2460,2880,,711,525,473,751,420,3411
6216,711,1236,1706,2419,2846,,711,525,470,713,427,3370
6189,709,1236,1708,2417,2815,,709,527,472,709,398,3374
6034,711,1184,1657,2317,2653,,711,473,473,660,336,3381
6101,712,1144,1579,2284,2675,,712,432,435,705,391,3426
6193,724,1194,1674,2362,2782,,724,470,480,688,420,3411
6117,710,1142,1599,2273,2681,,710,432,457,674,408,3436
6294,711,1199,1688,2399,2834,,711,488,489,711,435,3460
6296,754,1249,1737,2474,2898,,754,495,488,737,424,3398
6264,712,1236,1709,2461,2880,,712,524,473,752,419,3384
6196,712,1236,1708,2425,2818,,712,524,472,717,393,3378
6214,710,1237,1708,2419,2845,,710,527,471,711,426,3369
6012,710,1184,1657,2316,2650,,710,474,473,659,334,3362
5935,708,1184,1614,2242,2575,,708,476,430,628,333,3360
5915,714,1146,1581,2226,2554,,714,432,435,645,328,3361
6254,708,1233,1701,2422,2813,,708,525,468,721,391,3441
5965,709,1143,1620,2219,2619,,709,434,477,599,400,3346
6212,696,1170,1642,2344,2737,,696,474,472,702,393,3475
6264,711,1238,1711,2462,2881,,711,527,473,751,419,3383
6104,706,1140,1569,2247,2655,,706,434,429,678,408,3449
6338,720,1246,1733,2471,2894,,720,526,487,738,423,3444
6344,723,1247,1735,2474,2901,,723,524,488,739,427,3443
6343,724,1248,1735,2473,2895,,724,524,487,738,422,3448
6344,723,1247,1735,2474,2894,,723,524,488,739,420,3450
6343,722,1247,1713,2473,2895,,722,525,466,760,422,3448
6321,724,1233,1702,2457,2895,,724,509,469,755,438,3426
6206,724,1248,1703,2374,2773,,724,524,455,671,399,3433
6227,683,1167,1641,2344,2736,,683,484,474,703,392,3491
6331,711,1238,1710,2462,2880,,711,527,472,752,418,3451
6215,711,1237,1709,2424,2838,,711,526,472,715,414,3377
6195,711,1236,1706,2424,2816,,711,525,470,718,392,3379
6195,712,1236,1707,2420,2817,,712,524,471,713,397,3378
6186,710,1234,1705,2418,2815,,710,524,471,713,397,3371
6035,710,1185,1659,2318,2655,,710,475,474,659,337,3380
6204,713,1211,1682,2354,2755,,713,498,471,672,401,3449
6290,722,1231,1713,2473,2874,,722,509,482,760,401,3416
6268,723,1248,1716,2398,2812,,723,525,468,682,414,3456
6218,657,1148,1636,2348,2759,,657,491,488,712,411,3459
6343,723,1247,1735,2472,2895,,723,524,488,737,423,3448
6367,722,1271,1760,2497,2919,,722,549,489,737,422,3448
6296,712,1198,1687,2399,2833,,712,486,489,712,434,3463
6344,700,1247,1734,2471,2894,,700,547,487,737,423,3450
6344,722,1247,1736,2448,2895,,722,525,489,712,447,3449
6344,723,1247,1735,2472,2895,,723,524,488,737,423,3449
6319,722,1231,1699,2476,2894,,722,509,468,777,418,3425
6207,723,1233,1629,2333,2698,,723,510,396,704,365,3509
6303,712,1236,1706,2461,2856,,712,524,470,755,395,3447
6139,649,1143,1614,2316,2709,,649,494,471,702,393,3430
6331,711,1237,1709,2461,2881,,711,526,472,752,420,3450
6216,711,1237,1707,2426,2838,,711,526,470,719,412,3378
6195,711,1235,1708,2424,2816,,711,524,473,716,392,3379
6194,711,1236,1707,2420,2817,,711,525,471,713,397,3377
6036,708,1185,1656,2317,2652,,708,477,471,661,335,3384
6035,710,1184,1656,2318,2652,,710,474,472,662,334,3383
6077,711,1185,1615,2269,2627,,711,474,430,654,358,3450
6223,723,1248,1665,2375,2809,,723,525,417,710,434,3414
6319,724,1249,1736,2475,2878,,724,525,487,739,403,3441
6269,710,1198,1686,2399,2808,,710,488,488,713,409,3461
6345,723,1248,1736,2473,2896,,723,525,488,737,423,3449
6344,723,1249,1737,2475,2897,,723,526,488,738,422,3447
6345,725,1249,1737,2473,2897,,725,524,488,736,424,3448
6345,723,1230,1712,2474,2898,,723,507,482,762,424,3447
6349,723,1248,1736,2473,2896,,723,525,488,737,423,3453
6342,721,1246,1734,2471,2894,,721,525,488,737,423,3448
6268,724,1249,1737,2475,2839,,724,525,488,738,364,3429
6293,724,1249,1738,2475,2878,,724,525,489,737,403,3415
6294,724,1249,1717,2424,2834,,724,525,468,707,410,3460
6369,737,1274,1762,2498,2921,,737,537,488,736,423,3448
6344,724,1249,1735,2474,2896,,724,525,486,739,422,3448
6257,718,1205,1698,2410,2820,,718,487,493,712,410,3437
6343,723,1249,1737,2474,2896,,723,526,488,737,422,3447
6343,723,1249,1736,2473,2894,,723,526,487,737,421,3449
6344,724,1248,1737,2473,2896,,724,524,489,736,423,3448
6347,724,1248,1735,2474,2897,,724,524,487,739,423,3450
6344,722,1248,1734,2476,2895,,722,526,486,742,419,3449
6322,724,1249,1738,2475,2896,,724,525,489,737,421,3426
6269,723,1249,1736,2472,2817,,723,526,487,736,345,3452
6049,651,1062,1544,2231,2622,,651,411,482,687,391,3427
6334,712,1237,1710,2463,2882,,712,525,473,753,419,3452
6216,713,1235,1734,2461,2838,,713,522,499,727,377,3378
6195,711,1235,1707,2425,2817,,711,524,472,718,392,3378
6194,710,1234,1704,2421,2817,,710,524,470,717,396,3377
6195,711,1236,1733,2419,2817,,711,525,497,686,398,3378
6012,710,1185,1656,2319,2656,,710,475,471,663,337,3356
5943,711,1187,1616,2246,2578,,711,476,429,630,332,3365
5944,709,1142,1579,2245,2581,,709,433,437,666,336,3363
5939,709,1184,1654,2279,2597,,709,475,470,625,318,3342
5938,627,1023,1453,2142,2514,,627,396,430,689,372,3424
6328,710,1233,1706,2460,2878,,710,523,473,754,418,3450
6214,712,1237,1709,2464,2842,,712,525,472,755,378,3372
6220,711,1236,1708,2423,2838,,711,525,472,715,415,3382
6268,713,1193,1685,2398,2809,,713,480,492,713,411,3459
6342,723,1248,1736,2473,2896,,723,525,488,737,423,3446
6345,724,1249,1737,2474,2896,,724,525,488,737,422,3449
6343,722,1247,1735,2473,2896,,722,525,488,738,423,3447
6249,723,1248,1736,2467,2855,,723,525,488,731,388,3394
6256,712,1237,1708,2462,2838,,712,525,471,754,376,3418
6011,636,1044,1465,2167,2558,,636,408,421,702,391,3453
5934,707,1183,1654,2276,2596,,707,476,471,622,320,3338
6218,714,1238,1711,2463,2840,,714,524,473,752,377,3378
6197,712,1237,1708,2426,2817,,712,525,471,718,391,3380
5992,711,1233,1658,2293,2626,,711,522,425,635,333,3366
5755,629,1044,1440,2069,2411,,629,415,396,629,342,3344
5696,627,1026,1421,2050,2365,,627,399,395,629,315,3331
5720,631,1028,1422,2053,2371,,631,397,394,631,318,3349
5932,698,1173,1601,2228,2555,,698,475,428,627,327,3377
6144,710,1186,1659,2320,2700,,710,476,473,661,380,3444
6342,700,1209,1694,2473,2896,,700,509,485,779,423,3446
6343,722,1250,1735,2472,2895,,722,528,485,737,423,3448
6276,715,1205,1693,2405,2816,,715,490,488,712,411,3460
6305,716,1208,1726,2433,2844,,716,492,518,707,411,3461
6344,725,1248,1737,2473,2896,,725,523,489,736,423,3448
6341,722,1248,1735,2471,2895,,722,526,487,736,424,3446
6345,722,1249,1736,2473,2895,,722,527,487,737,422,3450
6344,724,1250,1720,2457,2895,,724,526,470,737,438,3449
6318,722,1246,1735,2458,2878,,722,524,489,723,420,3440
6309,723,1248,1736,2472,2862,,723,525,488,736,390,3447
6056,656,1093,1508,2209,2626,,656,437,415,701,417,3430
6253,716,1205,1692,2406,2816,,716,489,487,714,410,3437
6304,717,1209,1698,2411,2845,,717,492,489,713,434,3459
6338,719,1244,1733,2469,2892,,719,525,489,736,423,3446
6343,723,1247,1734,2473,2897,,723,524,487,739,424,3446
6337,723,1249,1736,2474,2896,,723,526,487,738,422,3441
6344,723,1249,1736,2448,2896,,723,526,487,712,448,3448
6317,722,1247,1714,2448,2894,,722,525,467,734,446,3423
6212,722,1247,1735,2389,2802,,722,525,488,654,413,3410
6329,712,1236,1733,2463,2881,,712,524,497,730,418,3448
5983,633,1040,1436,2134,2552,,633,407,396,698,418,3431
6228,709,1185,1657,2360,2777,,709,476,472,703,417,3451
6215,710,1236,1708,2461,2841,,710,526,472,753,380,3374
6307,714,1237,1710,2426,2862,,714,523,473,716,436,3445
6374,724,1249,1736,2473,2897,,724,525,487,737,424,3477
6347,724,1248,1736,2473,2897,,724,524,488,737,424,3450
6278,724,1250,1736,2473,2876,,724,526,486,737,403,3402
6317,751,1276,1760,2457,2876,,751,525,484,697,419,3441
6330,722,1246,1717,2412,2884,,722,524,471,695,472,3446
6331,711,1237,1709,2462,2883,,711,526,472,753,421,3448
6205,699,1170,1582,2286,2704,,699,471,412,704,418,3501
6214,705,1194,1666,2370,2755,,705,489,472,704,385,3459
6171,709,1183,1655,2357,2732,,709,474,472,702,375,3439
6305,712,1238,1710,2423,2860,,712,526,472,713,437,3445
6184,723,1233,1661,2363,2758,,723,510,428,702,395,3426
6215,711,1235,1707,2461,2840,,711,524,472,754,379,3375
6189,712,1237,1710,2427,2816,,712,525,473,717,389,3373
6194,713,1239,1710,2422,2818,,713,526,471,712,396,3376
6090,712,1239,1669,2299,2659,,712,527,430,630,360,3431
6373,723,1249,1735,2474,2895,,723,526,486,739,421,3478
6243,721,1218,1672,2373,2784,,721,497,454,701,411,3459
6340,721,1246,1733,2470,2893,,721,525,487,737,423,3447
6345,725,1249,1737,2475,2900,,725,524,488,738,425,3445
6345,723,1248,1736,2472,2895,,723,525,488,736,423,3450
6343,723,1248,1737,2473,2896,,723,525,489,736,423,3447
6344,724,1248,1736,2473,2896,,724,524,488,737,423,3448
6370,724,1247,1736,2473,2898,,724,523,489,737,425,3472
6291,724,1248,1737,2474,2874,,724,524,489,737,400,3417
6322,724,1249,1716,2449,2897,,724,525,467,733,448,3425
6320,725,1249,1737,2474,2878,,725,524,488,737,404,3442
6244,749,1210,1652,2351,2785,,749,461,442,699,434,3459
6342,723,1248,1734,2472,2895,,723,525,486,738,423,3447
6373,727,1277,1766,2503,2924,,727,550,489,737,421,3449
6245,687,1172,1662,2375,2784,,687,485,490,713,409,3461
6204,721,1219,1659,2365,2761,,721,498,440,706,396,3443
6214,713,1238,1710,2463,2839,,713,525,472,753,376,3375
6189,712,1236,1708,2426,2817,,712,524,472,718,391,3372
6096,711,1186,1658,2321,2659,,711,475,472,663,338,3437
6344,722,1248,1735,2473,2885,,722,526,487,738,412,3459
6342,723,1247,1735,2472,2895,,723,524,488,737,423,3447
6195,748,1192,1656,2350,2759,,748,444,464,694,409,3436
6365,719,1270,1757,2494,2917,,719,551,487,737,423,3448
6229,689,1160,1608,2309,2729,,689,471,448,701,420,3500
6139,673,1137,1613,2311,2706,,673,464,476,698,395,3433
6220,711,1237,1710,2423,2838,,711,526,473,713,415,3382
6271,713,1214,1682,2399,2810,,713,501,468,717,411,3461
6344,723,1246,1735,2472,2894,,723,523,489,737,422,3450
6324,724,1248,1736,2473,2897,,724,524,488,737,424,3427
6292,726,1248,1736,2474,2876,,726,522,488,738,402,3416
6345,724,1250,1737,2474,2896,,724,526,487,737,422,3449
6220,748,1188,1627,2258,2715,,748,440,439,631,457,3505
6344,726,1248,1738,2473,2896,,726,522,490,735,423,3448
6347,722,1250,1737,2475,2897,,722,528,487,738,422,3450
6344,752,1249,1736,2473,2896,,752,497,487,737,423,3448
6290,722,1249,1736,2472,2875,,722,527,487,736,403,3415
6369,724,1249,1737,2473,2926,,724,525,488,736,453,3443
6370,724,1278,1791,2501,2921,,724,554,513,710,420,3449
6289,724,1248,1737,2452,2872,,724,524,489,715,420,3417
6278,725,1250,1737,2475,2890,,725,525,487,738,415,3388
6253,710,1234,1704,2417,2818,,710,524,470,713,401,3435
5905,651,1070,1491,2141,2478,,651,419,421,650,337,3427
6308,714,1238,1711,2462,2882,,714,524,473,751,420,3426
6345,698,1249,1736,2474,2896,,698,551,487,738,422,3449
6343,723,1250,1760,2472,2895,,723,527,510,712,423,3448
6340,722,1247,1717,2418,2893,,722,525,470,701,475,3447
6341,722,1247,1734,2472,2895,,722,525,487,738,423,3446
6345,724,1249,1737,2474,2896,,724,525,488,737,422,3449
6326,723,1249,1736,2473,2896,,723,526,487,737,423,3430
6202,713,1238,1710,2421,2819,,713,525,472,711,398,3383
6082,702,1146,1561,2263,2654,,702,444,415,702,391,3428
5903,651,1070,1482,2127,2453,,651,419,412,645,326,3450
6288,713,1237,1709,2462,2881,,713,524,472,753,419,3407
6344,689,1249,1735,2473,2894,,689,560,486,738,421,3450
6322,723,1251,1735,2477,2895,,723,528,484,742,418,3427
6321,723,1249,1736,2475,2896,,723,526,487,739,421,3425
6343,725,1249,1736,2450,2897,,725,524,487,714,447,3446
6346,723,1249,1737,2475,2896,,723,526,488,738,421,3450
6339,723,1250,1735,2472,2896,,723,527,485,737,424,3443
6268,723,1248,1738,2457,2862,,723,525,490,719,405,3406
6177,711,1237,1665,2361,2751,,711,526,428,696,390,3426
5912,651,1070,1479,2124,2452,,651,419,409,645,328,3460
6290,712,1237,1708,2462,2883,,712,525,471,754,421,3407
6149,713,1199,1675,2364,2742,,713,486,476,689,378,3407
6049,673,1123,1602,2313,2665,,673,450,479,711,352,3384
6036,709,1185,1657,2319,2652,,709,476,472,662,333,3384
6194,714,1238,1710,2427,2819,,714,524,472,717,392,3375
5963,713,1211,1641,2270,2603,,713,498,430,629,333,3360
5942,701,1189,1619,2248,2582,,701,488,430,629,334,3360
6054,710,1234,1662,2296,2628,,710,524,428,634,332,3426
6129,714,1237,1667,2299,2694,,714,523,430,632,395,3435
5906,652,1069,1482,2126,2453,,652,417,413,644,327,3453
6089,634,1112,1583,2287,2680,,634,478,471,704,393,3409
6222,677,1207,1614,2325,2736,,677,530,407,711,411,3486
6343,724,1250,1741,2474,2898,,724,526,491,733,424,3445
6345,726,1249,1739,2476,2897,,726,523,490,737,421,3448
6340,723,1277,1763,2473,2895,,723,554,486,710,422,3445
6375,724,1249,1737,2473,2897,,724,525,488,736,424,3478
6348,724,1248,1737,2476,2899,,724,524,489,739,423,3449
6293,723,1249,1766,2454,2873,,723,526,517,688,419,3420
6343,724,1249,1736,2453,2897,,724,525,487,717,444,3446
6121,750,1210,1648,2307,2667,,750,460,438,659,360,3454
6345,725,1249,1737,2474,2896,,725,524,488,737,422,3449
6322,724,1249,1737,2475,2897,,724,525,488,738,422,3425
6283,725,1249,1714,2477,2877,,725,524,465,763,400,3406
6322,709,1200,1687,2400,2834,,709,491,487,713,434,3488
6370,725,1249,1738,2504,2924,,725,524,489,766,420,3446
6346,724,1248,1737,2450,2897,,724,524,489,713,447,3449
6344,722,1248,1736,2476,2895,,722,526,488,740,419,3449
6335,724,1249,1736,2473,2896,,724,525,487,737,423,3439
6340,721,1249,1734,2450,2895,,721,528,485,716,445,3445
6145,749,1210,1648,2306,2692,,749,461,438,658,386,3453
6346,724,1249,1736,2474,2897,,724,525,487,738,423,3449
6342,709,1232,1692,2471,2893,,709,523,460,779,422,3449
6306,724,1249,1737,2474,2875,,724,525,488,737,401,3431
6319,725,1250,1739,2475,2897,,725,525,489,736,422,3422
6346,724,1250,1738,2475,2898,,724,526,488,737,423,3448
6344,724,1248,1736,2474,2895,,724,524,488,738,421,3449
6344,724,1249,1737,2474,2896,,724,525,488,737,422,3448
6291,721,1248,1766,2455,2871,,721,527,518,689,416,3420
6336,725,1250,1737,2454,2899,,725,525,487,717,445,3437
6221,751,1209,1662,2305,2706,,751,458,453,643,401,3515
6345,724,1259,1744,2475,2897,,724,535,485,731,422,3448
6345,724,1249,1712,2474,2897,,724,525,463,762,423,3448
6281,724,1249,1737,2474,2876,,724,525,488,737,402,3405
6276,725,1250,1737,2475,2873,,725,525,487,738,398,3403
6347,725,1249,1738,2476,2897,,725,524,489,738,421,3450
6346,725,1249,1737,2474,2897,,725,524,488,737,423,3449
6345,723,1249,1735,2472,2895,,723,526,486,737,423,3450
6322,723,1248,1736,2473,2895,,723,525,488,737,422,3427
6361,723,1248,1735,2452,2895,,723,525,487,717,443,3466
6096,750,1209,1646,2284,2647,,750,459,437,638,363,3449
6345,725,1250,1738,2474,2897,,725,525,488,736,423,3448
6246,725,1251,1660,2375,2785,,725,526,409,715,410,3461
6322,724,1249,1737,2473,2897,,724,525,488,736,424,3425
6043,653,1071,1491,2183,2588,,653,418,420,692,405,3455
6322,724,1251,1736,2449,2897,,724,527,485,713,448,3425
6292,726,1249,1737,2473,2876,,726,523,488,736,403,3416
6246,716,1267,1733,2467,2832,,716,551,466,734,365,3414
6194,714,1239,1711,2421,2819,,714,525,472,710,398,3375
5981,697,1189,1599,2222,2555,,697,492,410,623,333,3426
5982,711,1171,1584,2219,2547,,711,460,413,635,328,3435
6040,673,1121,1601,2315,2668,,673,448,480,714,353,3372
5979,658,1116,1573,2193,2580,,658,458,457,620,387,3399
6277,725,1250,1738,2458,2870,,725,525,488,720,412,3407
6321,709,1201,1689,2401,2841,,709,492,488,712,440,3480
6375,724,1249,1736,2467,2897,,724,525,487,731,430,3478
6323,725,1249,1736,2475,2897,,725,524,487,739,422,3426
6301,720,1270,1737,2470,2894,,720,550,467,733,424,3407
6200,714,1239,1712,2422,2820,,714,525,473,710,398,3380
5964,713,1188,1617,2248,2580,,713,475,429,631,332,3384
6054,711,1236,1641,2270,2603,,711,525,405,629,333,3451
6332,711,1237,1709,2462,2885,,711,526,472,753,423,3447
6276,711,1235,1707,2404,2874,,711,524,472,697,470,3402
6279,724,1248,1738,2457,2872,,724,524,490,719,415,3407
6265,709,1202,1689,2401,2811,,709,493,487,712,410,3454
6344,723,1250,1737,2474,2896,,723,527,487,737,422,3448
6346,725,1249,1737,2475,2896,,725,524,488,738,421,3450
6281,724,1249,1717,2449,2873,,724,525,468,732,424,3408
6198,714,1238,1710,2425,2818,,714,524,472,715,393,3380
5942,699,1189,1617,2247,2580,,699,490,428,630,333,3362
6032,712,1203,1609,2244,2579,,712,491,406,635,335,3453
6246,713,1238,1646,2349,2785,,713,525,408,703,436,3461
6321,724,1248,1738,2474,2876,,724,524,490,736,402,3445
6293,724,1248,1735,2448,2877,,724,524,487,713,429,3416
6371,724,1250,1737,2473,2897,,724,526,487,736,424,3474
6372,723,1249,1736,2474,2896,,723,526,487,738,422,3476
6370,724,1249,1737,2504,2923,,724,525,488,767,419,3447
6279,726,1248,1716,2450,2872,,726,522,468,734,422,3407
6201,710,1236,1708,2419,2817,,710,526,472,711,398,3384
5941,702,1189,1619,2245,2579,,702,487,430,626,334,3362
6067,711,1235,1641,2269,2602,,711,524,406,628,333,3465
6219,712,1237,1665,2373,2784,,712,525,428,708,411,3435
6346,724,1249,1738,2437,2899,,724,525,489,699,462,3447
6270,725,1252,1737,2474,2842,,725,527,485,737,368,3428
6413,717,1267,1755,2521,2940,,717,550,488,766,419,3473
6345,724,1254,1739,2475,2878,,724,530,485,736,403,3467
6346,724,1249,1738,2474,2898,,724,525,489,736,424,3448
6279,725,1248,1715,2449,2872,,725,523,467,734,423,3407
6007,705,1171,1641,2306,2639,,705,466,470,665,333,3368
5939,713,1189,1618,2246,2578,,713,476,429,628,332,3361
6023,705,1226,1632,2258,2594,,705,521,406,626,336,3429
6244,713,1194,1651,2374,2810,,713,481,457,723,436,3434
6319,723,1249,1718,2441,2854,,723,526,469,723,413,3465
6345,725,1251,1739,2474,2900,,725,526,488,735,426,3445
6303,718,1207,1694,2408,2817,,718,489,487,714,409,3486
6314,724,1249,1738,2474,2898,,724,525,489,736,424,3416
6346,725,1250,1738,2475,2898,,725,525,488,737,423,3448
6345,725,1250,1738,2474,2900,,725,525,488,736,426,3445
6292,725,1249,1737,2476,2877,,725,524,488,739,401,3415
6280,725,1249,1737,2457,2860,,725,524,488,720,403,3420
6296,725,1250,1737,2451,2854,,725,525,487,714,403,3442
6343,722,1247,1736,2473,2896,,722,525,489,737,423,3447
6323,725,1250,1722,2425,2898,,725,525,472,703,473,3425
6259,723,1248,1737,2474,2876,,723,525,489,737,402,3383
6368,722,1247,1735,2474,2894,,722,525,488,739,420,3474
6346,724,1248,1737,2433,2897,,724,524,489,696,464,3449
6345,724,1250,1737,2475,2897,,724,526,487,738,422,3448
6345,717,1249,1737,2473,2897,,717,532,488,736,424,3448
6324,724,1250,1738,2475,2897,,724,526,488,737,422,3427
6278,725,1250,1738,2454,2870,,725,525,488,716,416,3408
6293,723,1248,1736,2446,2852,,723,525,488,710,406,3441
6346,726,1250,1737,2475,2898,,726,524,487,738,423,3448
6371,727,1250,1738,2475,2912,,727,523,488,737,437,3459
6325,725,1250,1738,2479,2899,,725,525,488,741,420,3426
6373,725,1250,1737,2476,2898,,725,525,487,739,422,3475
6346,724,1252,1737,2473,2898,,724,528,485,736,425,3448
6346,725,1249,1736,2475,2896,,725,524,487,739,421,3450
6352,724,1251,1737,2475,2898,,724,527,486,738,423,3454
6278,721,1246,1734,2471,2872,,721,525,488,737,401,3406
6332,726,1250,1738,2461,2885,,726,524,488,723,424,3447
6295,725,1248,1716,2448,2853,,725,523,468,732,405,3442
6344,724,1248,1735,2469,2896,,724,524,487,734,427,3448
6283,725,1250,1738,2474,2839,,725,525,488,736,365,3444
6196,712,1238,1709,2420,2817,,712,526,471,711,397,3379
5947,700,1191,1660,2287,2606,,700,491,469,627,319,3341
6332,713,1238,1710,2463,2883,,713,525,472,753,420,3449
6322,704,1279,1763,2462,2897,,704,575,484,699,435,3425
6347,726,1250,1740,2476,2898,,726,524,490,736,422,3449
6324,724,1249,1737,2475,2896,,724,525,488,738,421,3428
6330,725,1251,1739,2461,2883,,725,526,488,722,422,3447
6295,724,1249,1736,2454,2861,,724,525,487,718,407,3434
6345,724,1250,1737,2474,2897,,724,526,487,737,423,3448
6285,724,1249,1738,2452,2837,,724,525,489,714,385,3448
6195,714,1239,1711,2420,2820,,714,525,472,709,400,3375
5919,701,1193,1665,2288,2583,,701,492,472,623,295,3336
6335,713,1239,1711,2463,2883,,713,526,472,752,420,3452
6218,713,1238,1734,2461,2842,,713,525,496,727,381,3376
6217,713,1238,1709,2426,2843,,713,525,471,717,417,3374
5976,651,1124,1597,2257,2591,,651,473,473,660,334,3385
5967,709,1185,1614,2246,2578,,709,476,429,632,332,3389
6044,712,1237,1667,2323,2656,,712,525,430,656,333,3388
6257,713,1238,1710,2464,2828,,713,525,472,754,364,3429
6200,711,1235,1708,2420,2816,,711,524,473,712,396,3384
5943,711,1187,1616,2244,2577,,711,476,429,628,333,3366
6012,671,1144,1616,2318,2665,,671,473,472,702,347,3347
6331,712,1237,1710,2463,2883,,712,525,473,753,420,3448
6216,713,1237,1708,2461,2841,,713,524,471,753,380,3375
6189,713,1242,1714,2421,2820,,713,529,472,707,399,3369
6038,647,1124,1596,2254,2593,,647,477,472,658,339,3445
5970,699,1193,1624,2254,2584,,699,494,431,630,330,3386
5969,711,1187,1618,2246,2580,,711,476,431,628,334,3389
6294,712,1236,1709,2440,2839,,712,524,473,731,399,3455
6309,723,1250,1716,2474,2862,,723,527,466,758,388,3447
6306,713,1239,1712,2421,2862,,713,526,473,709,441,3444
6370,721,1249,1738,2476,2897,,721,528,489,738,421,3473
6345,724,1248,1737,2459,2897,,724,524,489,722,438,3448
6345,725,1281,1766,2475,2899,,725,556,485,709,424,3446
6344,724,1248,1736,2474,2896,,724,524,488,738,422,3448
6280,717,1209,1697,2408,2820,,717,492,488,711,412,3460
6324,725,1279,1764,2475,2897,,725,554,485,711,422,3427
6342,721,1271,1760,2497,2896,,721,550,489,737,399,3446
6345,725,1249,1737,2475,2898,,725,524,488,738,423,3447
6346,724,1249,1737,2474,2897,,724,525,488,737,423,3449
6346,723,1248,1735,2473,2925,,723,525,487,738,452,3421
6345,726,1250,1739,2476,2899,,726,524,489,737,423,3446
6344,724,1249,1738,2475,2897,,724,525,489,737,422,3447
6345,724,1249,1737,2475,2896,,724,525,488,738,421,3449
6222,723,1192,1685,2398,2807,,723,469,493,713,409,3415
6239,718,1193,1681,2392,2803,,718,475,488,711,411,3436
6280,726,1249,1737,2474,2876,,726,523,488,737,402,3404
6225,714,1207,1695,2386,2792,,714,493,488,691,406,3433
6322,724,1248,1736,2474,2896,,724,524,488,738,422,3426
6346,726,1250,1738,2475,2898,,726,524,488,737,423,3448
6324,726,1249,1738,2474,2897,,726,523,489,736,423,3427
6343,723,1247,1736,2473,2895,,723,524,489,737,422,3448
6343,723,1249,1737,2474,2896,,723,526,488,737,422,3447
6345,723,1248,1737,2473,2897,,723,525,489,736,424,3448
6323,724,1255,1739,2473,2896,,724,531,484,734,423,3427
6344,701,1251,1739,2478,2897,,701,550,488,739,419,3447
6279,724,1252,1737,2474,2877,,724,528,485,737,403,3402
6345,725,1275,1762,2499,2897,,725,550,487,737,398,3448
6324,725,1249,1738,2475,2896,,725,524,489,737,421,3428
6309,700,1250,1738,2475,2867,,700,550,488,737,392,3442
6195,713,1239,1711,2420,2822,,713,526,472,709,402,3373
6157,699,1193,1665,2368,2764,,699,494,472,703,396,3393
6331,715,1239,1712,2463,2884,,715,524,473,751,421,3447
6219,713,1238,1711,2465,2843,,713,525,473,754,378,3376
6220,672,1141,1624,2325,2734,,672,469,483,701,409,3486
6290,721,1233,1701,2473,2876,,721,512,468,772,403,3414
6285,726,1250,1738,2461,2876,,726,524,488,723,415,3409
6229,715,1207,1695,2409,2817,,715,492,488,714,408,3412
6304,709,1235,1708,2459,2879,,709,526,473,751,420,3425
6193,709,1234,1706,2422,2816,,709,525,472,716,394,3377
5943,711,1187,1617,2247,2579,,711,476,430,630,332,3364
6087,649,1067,1537,2242,2638,,649,418,470,705,396,3449
6324,714,1238,1711,2464,2884,,714,524,473,753,420,3440
6191,716,1239,1713,2424,2819,,716,523,474,711,395,3372
5778,658,1080,1455,2087,2406,,658,422,375,632,319,3372
6145,664,1124,1597,2301,2690,,664,460,473,704,389,3455
6325,726,1251,1739,2476,2898,,726,525,488,737,422,3427
6223,717,1208,1695,2408,2819,,717,491,487,713,411,3404
6322,715,1240,1712,2465,2865,,715,525,472,753,400,3457
6320,724,1236,1693,2478,2878,,724,512,457,785,400,3442
6324,725,1249,1738,2476,2899,,725,524,489,738,423,3425
6345,724,1250,1738,2474,2898,,724,526,488,736,424,3447
6321,726,1249,1737,2475,2880,,726,523,488,738,405,3441
6345,723,1248,1735,2474,2896,,723,525,487,739,422,3449
6346,725,1250,1741,2475,2898,,725,525,491,734,423,3448
6071,707,1182,1633,2339,2701,,707,475,451,706,362,3370
5937,713,1186,1616,2246,2577,,713,473,430,630,331,3360
6180,705,1196,1668,2371,2724,,705,491,472,703,353,3456
6344,724,1251,1737,2474,2896,,724,527,486,737,422,3448
6321,725,1250,1738,2475,2898,,725,525,488,737,423,3423
6323,726,1249,1739,2450,2897,,726,523,490,711,447,3426
6346,726,1222,1713,2475,2899,,726,496,491,762,424,3447
6346,725,1249,1738,2475,2898,,725,524,489,737,423,3448
6344,724,1249,1737,2473,2897,,724,525,488,736,424,3447
6345,726,1249,1693,2400,2898,,726,523,444,707,498,3447
6345,725,1236,1703,2475,2898,,725,511,467,772,423,3447
6280,725,1250,1739,2474,2878,,725,525,489,735,404,3402
6213,715,1210,1677,2386,2767,,715,495,467,709,381,3446
6308,714,1239,1712,2464,2883,,714,525,473,752,419,3425
6247,712,1238,1710,2426,2839,,712,526,472,716,413,3408
6310,721,1272,1760,2478,2882,,721,551,488,718,404,3428
6243,712,1200,1688,2400,2810,,712,488,488,712,410,3433
6364,717,1269,1756,2492,2914,,717,552,487,736,422,3450
6345,725,1250,1739,2476,2898,,725,525,489,737,422,3447
6346,725,1250,1739,2475,2898,,725,525,489,736,423,3448
6117,712,1168,1649,2244,2659,,712,456,481,595,415,3458
6347,727,1251,1739,2477,2899,,727,524,488,738,422,3448
6215,711,1233,1706,2460,2836,,711,522,473,754,376,3379
6045,700,1188,1684,2346,2681,,700,488,496,662,335,3364
5991,711,1187,1643,2292,2631,,711,476,456,649,339,3360
5969,713,1188,1620,2272,2605,,713,475,432,652,333,3364
6087,647,1087,1561,2267,2664,,647,440,474,706,397,3423
6236,701,1192,1664,2368,2760,,701,491,472,704,392,3476
6217,715,1239,1711,2464,2841,,715,524,472,753,377,3376
6170,711,1145,1601,2298,2709,,711,434,456,697,411,3461
6093,723,1194,1639,2294,2697,,723,471,445,655,403,3396
5913,712,1187,1656,2255,2575,,712,475,469,599,320,3338
6208,697,1173,1645,2349,2765,,697,476,472,704,416,3443
6307,713,1238,1709,2468,2882,,713,525,471,759,414,3425
6218,713,1238,1710,2426,2841,,713,525,472,716,415,3377
6196,714,1242,1740,2422,2819,,714,528,498,682,397,3377
6221,671,1141,1615,2324,2720,,671,470,474,709,396,3501
6348,726,1250,1739,2476,2899,,726,524,489,737,423,3449
6346,725,1250,1738,2474,2897,,725,525,488,736,423,3449
6294,726,1249,1738,2454,2875,,726,523,489,716,421,3419
6320,725,1234,1703,2463,2898,,725,509,469,760,435,3422
6375,725,1249,1737,2475,2897,,725,524,488,738,422,3478
6169,711,1202,1689,2403,2810,,711,491,487,714,407,3359
6334,713,1238,1735,2463,2883,,713,525,497,728,420,3451
6144,714,1251,1703,2336,2730,,714,537,452,633,394,3414
6220,714,1238,1710,2426,2841,,714,524,472,716,415,3379
6219,674,1137,1607,2324,2734,,674,463,470,717,410,3485
6282,725,1249,1739,2438,2834,,725,524,490,699,396,3448
6215,714,1238,1709,2463,2843,,714,524,471,754,380,3372
5939,711,1143,1581,2245,2580,,711,432,438,664,335,3359
5944,711,1187,1621,2249,2577,,711,476,434,628,328,3367
6205,711,1187,1658,2361,2776,,711,476,471,703,415,3429
6082,651,1120,1592,2295,2686,,651,469,472,703,391,3396
6267,713,1238,1710,2465,2884,,713,525,472,755,419,3383
6218,714,1238,1735,2421,2838,,714,524,497,686,417,3380
6194,714,1238,1711,2421,2818,,714,524,473,710,397,3376
6078,661,1083,1504,2198,2633,,661,422,421,694,435,3445
6221,637,1125,1615,2326,2736,,637,488,490,711,410,3485
6346,755,1249,1737,2475,2898,,755,494,488,738,423,3448
6346,725,1250,1738,2475,2898,,725,525,488,737,423,3448
6282,724,1234,1727,2461,2844,,724,510,493,734,383,3438
6297,712,1238,1710,2464,2886,,712,526,472,754,422,3411
6013,631,1117,1588,2227,2561,,631,486,471,639,334,3452
6242,699,1172,1643,2348,2739,,699,473,471,705,391,3503
6243,713,1240,1715,2465,2844,,713,527,475,750,379,3399
6221,714,1239,1710,2427,2840,,714,525,471,717,413,3381
6123,673,1122,1560,2274,2685,,673,449,438,714,411,3438
6345,719,1254,1739,2475,2898,,719,535,485,736,423,3447
6346,725,1250,1738,2475,2898,,725,525,488,737,423,3448
6345,723,1247,1736,2473,2896,,723,524,489,737,423,3449
6275,723,1248,1715,2448,2837,,723,525,467,733,389,3438
6347,725,1250,1737,2474,2897,,725,525,487,737,423,3450
6185,675,1164,1637,2340,2759,,675,489,473,703,419,3426
5994,714,1237,1667,2299,2630,,714,523,430,632,331,3364
6056,712,1237,1666,2297,2628,,712,525,429,631,331,3428
6308,714,1240,1714,2465,2883,,714,526,474,751,418,3425
6222,714,1197,1634,2350,2761,,714,483,437,716,411,3461
6295,755,1249,1737,2476,2897,,755,494,488,739,421,3398
6190,712,1238,1710,2422,2819,,712,526,472,712,397,3371
6202,712,1201,1652,2293,2719,,712,489,451,641,426,3483
6243,725,1234,1717,2445,2845,,725,509,483,728,400,3398
6138,713,1237,1691,2396,2729,,713,524,454,705,333,3409
5995,672,1089,1491,2141,2545,,672,417,402,650,404,3450
6325,725,1250,1738,2475,2898,,725,525,488,737,423,3427
6330,727,1251,1739,2461,2883,,727,524,488,722,422,3447
6310,725,1250,1738,2460,2882,,725,525,488,722,422,3428
6330,726,1251,1740,2461,2884,,726,525,489,721,423,3446
6286,726,1248,1737,2460,2879,,726,522,489,723,419,3407
6276,726,1248,1738,2454,2871,,726,522,490,716,417,3405
6284,724,1249,1737,2436,2863,,724,525,488,699,427,3421
6261,725,1251,1738,2441,2885,,725,526,487,703,444,3376
5992,714,1239,1667,2300,2631,,714,525,428,633,331,3361
5857,674,1114,1525,2165,2509,,674,440,411,640,344,3348
6223,715,1239,1712,2427,2841,,715,524,473,715,414,3382
6042,712,1236,1672,2342,2687,,712,524,436,670,345,3355
6191,713,1237,1709,2427,2819,,713,524,472,718,392,3372
6222,713,1196,1634,2351,2760,,713,483,438,717,409,3462
6348,725,1256,1741,2479,2878,,725,531,485,738,399,3470
6346,725,1250,1737,2449,2896,,725,525,487,712,447,3450
6324,728,1254,1740,2478,2898,,728,526,486,738,420,3426
6309,726,1251,1738,2465,2882,,726,525,487,727,417,3427
6348,727,1252,1739,2476,2899,,727,525,487,737,423,3449
6206,724,1196,1678,2364,2783,,724,472,482,686,419,3423
6331,713,1238,1709,2463,2883,,713,525,471,754,420,3448
6218,715,1239,1710,2429,2841,,715,524,471,719,412,3377
6218,713,1239,1710,2423,2822,,713,526,471,713,399,3396
6347,725,1251,1738,2475,2899,,725,526,487,737,424,3448
6347,726,1249,1738,2475,2899,,726,523,489,737,424,3448
6347,725,1250,1738,2477,2901,,725,525,488,739,424,3446
6347,726,1250,1738,2477,2898,,726,524,488,739,421,3449
6321,726,1251,1739,2476,2885,,726,525,488,737,409,3436
6346,727,1251,1740,2477,2899,,727,524,489,737,422,3447
6297,725,1216,1676,2402,2836,,725,491,460,726,434,3461
6345,726,1252,1738,2475,2898,,726,526,486,737,423,3447
6344,724,1250,1737,2475,2896,,724,526,487,738,421,3448
6349,723,1247,1736,2473,2896,,723,524,489,737,423,3453
6346,726,1250,1739,2476,2898,,726,524,489,737,422,3448
6347,726,1251,1715,2477,2900,,726,525,464,762,423,3447
6346,726,1251,1739,2452,2898,,726,525,488,713,446,3448
6301,726,1250,1739,2475,2874,,726,524,489,736,399,3427
6360,726,1251,1740,2476,2904,,726,525,489,736,428,3456
6346,726,1252,1739,2476,2898,,726,526,487,737,422,3448
6274,725,1232,1656,2375,2815,,725,507,424,719,440,3459
6321,724,1280,1765,2475,2898,,724,556,485,710,423,3423
6346,754,1280,1764,2476,2898,,754,526,484,712,422,3448
6343,753,1250,1766,2475,2899,,753,497,516,709,424,3444
6344,723,1247,1735,2473,2896,,723,524,488,738,423,3448
6346,726,1251,1740,2476,2898,,726,525,489,736,422,3448
6347,725,1251,1739,2476,2898,,725,526,488,737,422,3449
6282,726,1250,1739,2480,2840,,726,524,489,741,360,3442
6321,726,1251,1739,2476,2899,,726,525,488,737,423,3422
6401,726,1254,1740,2508,2924,,726,528,486,768,416,3477
6346,749,1275,1691,2476,2897,,749,526,416,785,421,3449
6346,725,1248,1737,2503,2922,,725,523,489,766,419,3424
6320,728,1280,1764,2477,2900,,728,552,484,713,423,3420
6271,725,1250,1767,2477,2898,,725,525,517,710,421,3373
6134,726,1251,1641,2316,2689,,726,525,390,675,373,3445
6270,714,1239,1688,2401,2812,,714,525,449,713,411,3458
6325,725,1251,1740,2475,2898,,725,526,489,735,423,3427
6322,725,1279,1763,2475,2874,,725,554,484,712,399,3448
6352,725,1251,1738,2475,2901,,725,526,487,737,426,3451
6376,727,1253,1741,2454,2899,,727,526,488,713,445,3477
6222,751,1212,1653,2354,2763,,751,461,441,701,409,3459
6321,756,1251,1744,2476,2899,,756,495,493,732,423,3422
6110,727,1253,1664,2312,2676,,727,526,411,648,364,3434
6042,711,1186,1660,2319,2677,,711,475,474,659,358,3365
6219,688,1161,1610,2284,2717,,688,473,449,674,433,3502
6321,726,1280,1764,2476,2879,,726,554,484,712,403,3442
6347,725,1250,1738,2475,2898,,725,525,488,737,423,3449
6346,726,1250,1766,2476,2897,,726,524,516,710,421,3449
6320,725,1250,1740,2476,2898,,725,525,490,736,422,3422
6375,726,1252,1740,2462,2899,,726,526,488,722,437,3476
6270,749,1213,1660,2375,2810,,749,464,447,715,435,3460
6375,724,1250,1737,2474,2926,,724,526,487,737,452,3449
6347,725,1278,1762,2475,2899,,725,553,484,713,424,3448
6344,726,1250,1738,2476,2898,,726,524,488,738,422,3446
6343,723,1248,1735,2449,2895,,723,525,487,714,446,3448
6346,725,1251,1739,2472,2926,,725,526,488,733,454,3420
6344,751,1248,1735,2473,2895,,751,497,487,738,422,3449
6349,725,1251,1738,2503,2924,,725,526,487,765,421,3425
6319,725,1250,1738,2476,2899,,725,525,488,738,423,3420
6372,728,1252,1740,2460,2928,,728,524,488,720,468,3444
6027,753,1211,1659,2276,2659,,753,458,448,617,383,3368
6371,756,1254,1739,2476,2926,,756,498,485,737,450,3445
6350,719,1252,1738,2504,2924,,719,533,486,766,420,3426
6376,726,1251,1739,2476,2899,,726,525,488,737,423,3477
6346,754,1251,1739,2477,2898,,754,497,488,738,421,3448
6346,727,1280,1765,2478,2898,,727,553,485,713,420,3448
6349,727,1251,1739,2476,2899,,727,524,488,737,423,3450
6324,725,1251,1739,2476,2898,,725,526,488,737,422,3426
6321,727,1252,1740,2477,2899,,727,525,488,737,422,3422
6375,727,1251,1739,2460,2900,,727,524,488,721,440,3475
6220,753,1215,1655,2287,2718,,753,462,440,632,431,3502
6347,727,1251,1739,2476,2898,,727,524,488,737,422,3449
6347,726,1250,1740,2477,2899,,726,524,490,737,422,3448
6360,716,1264,1751,2463,2910,,716,548,487,712,447,3450
6347,727,1251,1739,2476,2898,,727,524,488,737,422,3449
6001,673,1108,1548,2208,2595,,673,435,440,660,387,3406
6001,668,1109,1547,2209,2596,,668,441,438,662,387,3405
5938,667,1110,1550,2211,2575,,667,443,440,661,364,3363
5979,668,1110,1549,2211,2577,,668,442,439,662,366,3402
6349,733,1278,1747,2463,2900,,733,545,469,716,437,3449
6223,725,1215,1660,2320,2713,,725,490,445,660,393,3510
6377,726,1252,1739,2451,2899,,726,526,487,712,448,3478
6346,727,1253,1739,2477,2899,,727,526,486,738,422,3447
6338,719,1245,1734,2469,2892,,719,526,489,735,423,3446
6322,727,1251,1741,2477,2875,,727,524,490,736,398,3447
6296,725,1251,1738,2476,2846,,725,526,487,738,370,3450
6349,728,1253,1740,2477,2899,,728,525,487,737,422,3450
6323,727,1251,1739,2477,2900,,727,524,488,738,423,3423
6317,748,1246,1762,2471,2868,,748,498,516,709,397,3449
6281,726,1251,1717,2452,2875,,726,525,466,735,423,3406
6037,715,1203,1613,2273,2610,,715,488,410,660,337,3427
6204,709,1185,1658,2359,2749,,709,476,473,701,390,3455
6284,715,1240,1712,2466,2889,,715,525,472,754,423,3395
6220,715,1244,1715,2466,2842,,715,529,471,751,376,3378
6223,713,1240,1670,2341,2716,,713,527,430,671,375,3507
6325,726,1250,1738,2476,2899,,726,524,488,738,423,3426
6346,724,1250,1737,2476,2897,,724,526,487,739,421,3449
6345,723,1248,1736,2473,2895,,723,525,488,737,422,3450
6342,723,1248,1736,2474,2896,,723,525,488,738,422,3446
6319,724,1252,1738,2477,2877,,724,528,486,739,400,3442
6098,726,1232,1680,2313,2644,,726,506,448,633,331,3454
6279,717,1209,1696,2410,2819,,717,492,487,714,409,3460
6346,701,1249,1739,2474,2899,,701,548,490,735,425,3447
6267,704,1197,1686,2399,2809,,704,493,489,713,410,3458
6346,725,1249,1738,2449,2899,,725,524,489,711,450,3447
6347,726,1253,1740,2475,2898,,726,527,487,735,423,3449
6346,725,1250,1738,2451,2897,,725,525,488,713,446,3449
6299,727,1282,1794,2482,2874,,727,555,512,688,392,3425
6345,729,1255,1740,2478,2901,,729,526,485,738,423,3444
6299,725,1250,1738,2450,2880,,725,525,488,712,430,3419
6271,727,1276,1725,2432,2823,,727,549,449,707,391,3448
6277,717,1206,1694,2406,2816,,717,489,488,712,410,3461
6346,727,1250,1739,2476,2899,,727,523,489,737,423,3447
6344,728,1251,1738,2475,2898,,728,523,487,737,423,3446
6347,726,1252,1740,2476,2900,,726,526,488,736,424,3447
6348,727,1251,1740,2476,2899,,727,524,489,736,423,3449
6346,726,1249,1738,2475,2898,,726,523,489,737,423,3448
6295,725,1250,1738,2455,2874,,725,525,488,717,419,3421
6323,727,1252,1740,2476,2900,,727,525,488,736,424,3423
6281,727,1252,1739,2476,2878,,727,525,487,737,402,3403
6300,727,1253,1716,2435,2836,,727,526,463,719,401,3464
6280,716,1209,1697,2409,2844,,716,493,488,712,435,3436
6346,725,1250,1738,2475,2897,,725,525,488,737,422,3449
6302,726,1251,1740,2477,2839,,726,525,489,737,362,3463
6326,727,1252,1739,2476,2899,,727,525,487,737,423,3427
6347,726,1255,1739,2476,2899,,726,529,484,737,423,3448
6346,726,1251,1738,2475,2899,,726,525,487,737,424,3447
6347,727,1251,1739,2476,2898,,727,524,488,737,422,3449
6332,726,1251,1739,2476,2899,,726,525,488,737,423,3433
6279,726,1252,1739,2456,2870,,726,526,487,717,414,3409
6299,728,1253,1716,2437,2857,,728,525,463,721,420,3442
6272,727,1226,1715,2426,2837,,727,499,489,711,411,3435
6348,726,1251,1740,2476,2901,,726,525,489,736,425,3447
6347,727,1237,1704,2477,2899,,727,510,467,773,422,3448
6209,727,1252,1688,2337,2702,,727,525,436,649,365,3507
6227,715,1239,1711,2467,2841,,715,524,472,756,374,3386
6192,715,1241,1711,2428,2820,,715,526,470,717,392,3372
6198,715,1240,1712,2424,2820,,715,525,472,712,396,3378
5945,699,1190,1620,2249,2581,,699,491,430,629,332,3364
5967,703,1190,1620,2250,2582,,703,487,430,630,332,3385
6036,714,1203,1611,2247,2605,,714,489,408,636,358,3431
6001,703,1172,1645,2346,2644,,703,469,473,701,298,3357
6222,716,1242,1739,2466,2842,,716,526,497,727,376,3380
6219,716,1241,1715,2465,2844,,716,525,474,750,379,3375
6024,705,1193,1665,2327,2661,,705,488,472,662,334,3363
6311,715,1241,1712,2429,2866,,715,526,471,717,437,3445
6346,727,1281,1766,2476,2899,,727,554,485,710,423,3447
6346,727,1251,1739,2476,2898,,727,524,488,737,422,3448
6323,728,1253,1740,2476,2898,,728,525,487,736,422,3425
6286,727,1251,1739,2461,2865,,727,524,488,722,404,3421
6220,725,1230,1677,2339,2707,,725,505,447,662,368,3513
6392,742,1297,1782,2493,2915,,742,555,485,711,422,3477
6344,724,1248,1736,2473,2896,,724,524,488,737,423,3448
6345,702,1251,1715,2476,2899,,702,549,464,761,423,3446
6347,726,1250,1739,2476,2900,,726,524,489,737,424,3447
6374,727,1250,1738,2475,2899,,727,523,488,737,424,3475
6349,727,1251,1739,2477,2900,,727,524,488,738,423,3449
6307,725,1253,1738,2460,2882,,725,528,485,722,422,3425
6321,726,1251,1738,2476,2899,,726,525,487,738,423,3422
6333,727,1253,1740,2437,2886,,727,526,487,697,449,3447
6270,754,1250,1713,2432,2854,,754,496,463,719,422,3416
6341,720,1244,1732,2469,2893,,720,524,488,737,424,3448
6371,726,1250,1738,2475,2927,,726,524,488,737,452,3444
6270,726,1250,1738,2475,2898,,726,524,488,737,423,3372
6349,727,1252,1740,2454,2900,,727,525,488,714,446,3449
6292,727,1250,1739,2476,2897,,727,523,489,737,421,3395
6220,717,1240,1712,2467,2843,,717,523,472,755,376,3377
6194,715,1240,1712,2427,2820,,715,525,472,715,393,3374
5993,699,1188,1621,2250,2583,,699,489,433,629,333,3410
6273,722,1272,1739,2468,2876,,722,550,467,729,408,3397
6326,728,1252,1740,2443,2862,,728,524,488,703,419,3464
6348,712,1251,1740,2477,2899,,712,539,489,737,422,3449
6348,727,1253,1740,2476,2899,,727,526,487,736,423,3449
6353,726,1250,1739,2475,2898,,726,524,489,736,423,3455
6347,755,1251,1739,2475,2898,,755,496,488,736,423,3449
6348,725,1251,1738,2475,2899,,725,526,487,737,424,3449
6303,710,1206,1694,2407,2842,,710,496,488,713,435,3461
6294,725,1249,1737,2474,2878,,725,524,488,737,404,3416
6311,728,1254,1740,2478,2900,,728,526,486,738,422,3411
6332,728,1253,1740,2464,2885,,728,525,487,724,421,3447
6296,725,1250,1713,2433,2854,,725,525,463,720,421,3442
6348,718,1251,1738,2476,2898,,718,533,487,738,422,3450
6348,727,1251,1740,2477,2899,,727,524,489,737,422,3449
6348,727,1252,1739,2437,2899,,727,525,487,698,462,3449
6344,724,1248,1735,2473,2895,,724,524,487,738,422,3449
6349,726,1250,1739,2476,2899,,726,524,489,737,423,3450
6378,727,1253,1740,2478,2899,,727,526,487,738,421,3479
6348,727,1253,1740,2478,2900,,727,526,487,738,422,3448
6320,727,1252,1740,2477,2900,,727,525,488,737,423,3420
6280,716,1255,1740,2457,2860,,716,539,485,717,403,3420
6325,727,1238,1701,2440,2864,,727,511,463,739,424,3461
6250,673,1176,1665,2379,2787,,673,503,489,714,408,3463
6347,729,1253,1741,2454,2900,,729,524,488,713,446,3447
6323,728,1285,1770,2479,2883,,728,557,485,709,404,3440
6349,727,1253,1741,2477,2901,,727,526,488,736,424,3448
6348,728,1251,1740,2477,2899,,728,523,489,737,422,3449
6350,728,1252,1740,2478,2900,,728,524,488,738,422,3450
6349,725,1251,1738,2475,2899,,725,526,487,737,424,3450
6310,728,1253,1740,2479,2903,,728,525,487,739,424,3407
6284,718,1254,1743,2479,2881,,718,536,489,736,402,3403
6298,716,1252,1740,2453,2857,,716,536,488,713,404,3441
6348,728,1224,1714,2477,2900,,728,496,490,763,423,3448
6347,726,1252,1738,2477,2898,,726,526,486,739,421,3449
6348,729,1253,1741,2478,2904,,729,524,488,737,426,3444
6373,728,1252,1741,2507,2924,,728,524,489,766,417,3449
6348,729,1253,1742,2478,2900,,729,524,489,736,422,3448
6348,717,1254,1742,2478,2901,,717,537,488,736,423,3447
6348,727,1252,1739,2476,2900,,727,525,487,737,424,3448
6302,727,1252,1740,2476,2899,,727,525,488,736,423,3403
6279,728,1253,1720,2454,2871,,728,525,467,734,417,3408
6332,728,1253,1740,2457,2866,,728,525,487,717,409,3466
6349,715,1209,1697,2477,2901,,715,494,488,780,424,3448
6347,727,1252,1740,2477,2900,,727,525,488,737,423,3447
6376,727,1251,1739,2476,2928,,727,524,488,737,452,3448
6347,759,1251,1740,2475,2900,,759,492,489,735,425,3447
6346,726,1252,1740,2476,2899,,726,526,488,736,423,3447
6344,722,1248,1736,2473,2898,,722,526,488,737,425,3446
6347,725,1251,1738,2475,2898,,725,526,487,737,423,3449
6324,726,1251,1739,2475,2900,,726,525,488,736,425,3424
6280,733,1278,1744,2463,2881,,733,545,466,719,418,3399
6322,727,1252,1739,2431,2863,,727,525,487,692,432,3459
6348,714,1235,1719,2478,2902,,714,521,484,759,424,3446
6349,726,1252,1740,2477,2900,,726,526,488,737,423,3449
6350,727,1252,1740,2478,2900,,727,525,488,738,422,3450
6348,727,1284,1769,2479,2901,,727,557,485,710,422,3447
6346,726,1252,1740,2476,2898,,726,526,488,736,422,3448
6347,725,1250,1738,2477,2898,,725,525,488,739,421,3449
6348,727,1252,1740,2476,2899,,727,525,488,736,423,3449
6321,720,1247,1734,2471,2892,,720,527,487,737,421,3429
6279,716,1253,1740,2456,2872,,716,537,487,716,416,3407
6296,727,1251,1739,2451,2856,,727,524,488,712,405,3440
6346,713,1231,1698,2474,2897,,713,518,467,776,423,3449
6348,727,1251,1739,2476,2900,,727,524,488,737,424,3448
6348,727,1253,1745,2478,2900,,727,526,492,733,422,3448
6286,717,1215,1703,2415,2826,,717,498,488,712,411,3460
6348,727,1254,1770,2480,2900,,727,527,516,710,420,3448
6347,701,1251,1739,2476,2899,,701,550,488,737,423,3448
6347,728,1256,1741,2478,2899,,728,528,485,737,421,3448
6344,727,1251,1739,2476,2898,,727,524,488,737,422,3446
6251,725,1250,1738,2454,2858,,725,525,488,716,404,3393
6296,728,1251,1739,2451,2856,,728,523,488,712,405,3440
6272,726,1250,1660,2376,2812,,726,524,410,716,436,3460
6347,727,1252,1740,2454,2900,,727,525,488,714,446,3447
6377,727,1252,1741,2477,2900,,727,525,489,736,423,3477
6347,727,1252,1740,2479,2899,,727,525,488,739,420,3448
6345,726,1251,1740,2476,2900,,726,525,489,736,424,3445
6347,726,1251,1739,2478,2899,,726,525,488,739,421,3448
6344,725,1249,1740,2475,2896,,725,524,491,735,421,3448
6262,723,1248,1737,2474,2895,,723,525,489,737,421,3367
6279,728,1252,1740,2456,2870,,728,524,488,716,414,3409
6323,729,1252,1741,2457,2864,,729,523,489,716,407,3459
6246,726,1252,1650,2376,2787,,726,526,398,726,411,3459
6348,726,1252,1740,2477,2898,,726,526,488,737,421,3450
6355,728,1254,1740,2477,2900,,728,526,486,737,423,3455
6347,727,1251,1739,2475,2899,,727,524,488,736,424,3448
6360,728,1255,1740,2478,2900,,728,527,485,738,422,3460
6349,727,1254,1741,2478,2902,,727,527,487,737,424,3447
6344,727,1252,1740,2476,2899,,727,525,488,736,423,3445
6349,727,1253,1744,2478,2900,,727,526,491,734,422,3449
6324,726,1249,1768,2478,2898,,726,523,519,710,420,3426
6288,727,1252,1739,2477,2875,,727,525,487,738,398,3413
6210,706,1191,1619,2317,2711,,706,485,428,698,394,3499
6145,704,1192,1664,2367,2716,,704,488,472,703,349,3429
6202,715,1239,1711,2427,2820,,715,524,472,716,393,3382
6197,715,1241,1714,2430,2822,,715,526,473,716,392,3375
6050,705,1197,1669,2332,2690,,705,492,472,663,358,3360
6190,716,1239,1712,2430,2821,,716,523,473,718,391,3369
6196,716,1241,1712,2425,2821,,716,525,471,713,396,3375
5968,699,1190,1620,2250,2584,,699,491,430,630,334,3384
5866,650,1114,1544,2174,2506,,650,464,430,630,332,3360
6071,704,1191,1662,2301,2633,,704,487,471,639,332,3438
6145,705,1192,1666,2332,2751,,705,487,474,666,419,3394
6037,706,1182,1655,2315,2669,,706,476,473,660,354,3368
6127,713,1238,1710,2402,2732,,713,525,472,692,330,3395
5997,662,1141,1613,2276,2608,,662,479,472,663,332,3389
6193,716,1240,1712,2430,2821,,716,524,472,718,391,3372
6043,705,1193,1689,2351,2685,,705,488,496,662,334,3358
6196,717,1241,1713,2427,2819,,717,524,472,714,392,3377
5918,701,1166,1595,2226,2559,,701,465,429,631,333,3359
5943,700,1193,1623,2251,2584,,700,493,430,628,333,3359
6059,716,1243,1673,2299,2632,,716,527,430,626,333,3427
6292,715,1241,1713,2438,2889,,715,526,472,725,451,3403
6045,705,1190,1661,2326,2680,,705,485,471,665,354,3365
6203,716,1239,1711,2428,2822,,716,523,472,717,394,3381
5996,676,1141,1612,2276,2609,,676,465,471,664,333,3387
6193,715,1243,1716,2427,2821,,715,528,473,711,394,3372
5944,702,1191,1620,2251,2583,,702,489,429,631,332,3361
5947,701,1175,1612,2251,2582,,701,474,437,639,331,3365
6059,713,1238,1665,2300,2633,,713,525,427,635,333,3426
5928,705,1175,1605,2235,2565,,705,470,430,630,330,3363
6060,716,1241,1673,2300,2632,,716,525,432,627,332,3428
6293,716,1240,1711,2465,2889,,716,524,471,754,424,3404
6097,707,1191,1624,2274,2660,,707,484,433,650,386,3437
6390,720,1269,1757,2524,2941,,720,549,488,767,417,3449
6347,727,1251,1739,2477,2902,,727,524,488,738,425,3445
6348,727,1254,1741,2477,2900,,727,527,487,736,423,3448
6349,726,1252,1740,2476,2899,,726,526,488,736,423,3450
6347,728,1252,1741,2478,2901,,728,524,489,737,423,3446
6339,727,1252,1740,2477,2899,,727,525,488,737,422,3440
6304,724,1273,1762,2498,2901,,724,549,489,736,403,3403
6322,728,1252,1740,2476,2876,,728,524,488,736,400,3446
6250,745,1254,1723,2456,2814,,745,509,469,733,358,3436
6348,727,1253,1769,2479,2899,,727,526,516,710,420,3449
6346,726,1251,1770,2479,2898,,726,525,519,709,419,3448
6306,709,1196,1681,2384,2850,,709,487,485,703,466,3456
6348,727,1252,1740,2477,2900,,727,525,488,737,423,3448
6348,727,1253,1740,2477,2899,,727,526,487,737,422,3449
6376,726,1251,1739,2477,2899,,726,525,488,738,422,3477
6324,728,1251,1739,2476,2903,,728,523,488,737,427,3421
6264,717,1215,1702,2415,2825,,717,498,487,713,410,3439
6308,726,1253,1740,2478,2875,,726,527,487,738,397,3433
6286,726,1251,1740,2443,2841,,726,525,489,703,398,3445
6154,706,1192,1665,2366,2742,,706,486,473,701,376,3412
6157,677,1166,1638,2341,2720,,677,489,472,703,379,3437
6347,715,1240,1724,2478,2899,,715,525,484,754,421,3448
6375,727,1250,1738,2475,2898,,727,523,488,737,423,3477
6349,726,1251,1739,2476,2899,,726,525,488,737,423,3450
6345,726,1254,1739,2477,2899,,726,528,485,738,422,3446
6347,727,1251,1739,2476,2899,,727,524,488,737,423,3448
6027,656,1147,1620,2281,2639,,656,491,473,661,358,3388
6238,717,1241,1711,2467,2822,,717,524,470,756,355,3416
6199,704,1190,1662,2366,2719,,704,486,472,704,353,3480
6346,757,1250,1739,2475,2898,,757,493,489,736,423,3448
6329,726,1251,1739,2477,2899,,726,525,488,738,422,3430
6346,727,1251,1739,2477,2899,,727,524,488,738,422,3447
6348,728,1253,1740,2476,2899,,728,525,487,736,423,3449
6350,728,1281,1766,2477,2902,,728,553,485,711,425,3448
6337,726,1251,1739,2476,2899,,726,525,488,737,423,3438
6282,728,1252,1740,2478,2880,,728,524,488,738,402,3402
6306,717,1209,1699,2411,2845,,717,492,490,712,434,3461
6300,727,1250,1740,2476,2899,,727,523,490,736,423,3401
6350,729,1253,1740,2462,2902,,729,524,487,722,440,3448
6348,727,1252,1739,2478,2899,,727,525,487,739,421,3449
6341,726,1251,1738,2475,2898,,726,525,487,737,423,3443
6283,727,1236,1706,2449,2865,,727,509,470,743,416,3418
6130,704,1192,1666,2366,2743,,704,488,474,700,377,3387
6193,716,1240,1714,2429,2823,,716,524,474,715,394,3370
6196,716,1242,1714,2429,2822,,716,526,472,715,393,3374
5993,715,1241,1672,2300,2633,,715,526,431,628,333,3360
5879,650,1127,1557,2188,2522,,650,477,430,631,334,3357
6047,700,1170,1641,2345,2672,,700,470,471,704,327,3375
6324,706,1241,1715,2442,2885,,706,535,474,727,443,3439
6319,725,1241,1726,2475,2866,,725,516,485,749,391,3453
6335,728,1252,1768,2477,2898,,728,524,516,709,421,3437
6347,727,1253,1711,2477,2900,,727,526,458,766,423,3447
6346,756,1252,1769,2479,2898,,756,496,517,710,419,3448
6350,727,1254,1741,2478,2900,,727,527,487,737,422,3450
6357,727,1252,1739,2481,2901,,727,525,487,742,420,3456
6330,726,1251,1739,2476,2899,,726,525,488,737,423,3431
6266,715,1213,1701,2393,2796,,715,498,488,692,403,3470
6246,708,1203,1691,2402,2812,,708,495,488,711,410,3434
6349,703,1252,1742,2478,2900,,703,549,490,736,422,3449
6235,698,1193,1677,2390,2812,,698,495,484,713,422,3423
6129,703,1196,1679,2391,2741,,703,493,483,712,350,3388
6046,704,1192,1621,2317,2670,,704,488,429,696,353,3376
6205,717,1239,1712,2428,2820,,717,522,473,716,392,3385
6019,705,1191,1663,2326,2660,,705,486,472,663,334,3359
6192,717,1241,1712,2429,2823,,717,524,471,717,394,3369
5944,705,1192,1622,2250,2584,,705,487,430,628,334,3360
5874,653,1085,1502,2135,2478,,653,432,417,633,343,3396
6050,700,1175,1647,2351,2681,,700,475,472,704,330,3369
6187,706,1191,1662,2366,2758,,706,485,471,704,392,3429
6130,705,1192,1665,2366,2718,,705,487,473,701,352,3412
6194,716,1242,1715,2430,2822,,716,526,473,715,392,3372
6022,705,1152,1589,2294,2645,,705,447,437,705,351,3377
6145,705,1192,1665,2365,2744,,705,487,473,700,379,3401
6194,718,1242,1713,2430,2822,,718,524,471,717,392,3372
6193,717,1243,1715,2429,2821,,717,526,472,714,392,3372
5993,715,1240,1669,2298,2631,,715,525,429,629,333,3362
5981,701,1151,1585,2209,2575,,701,450,434,624,366,3406
6247,709,1203,1691,2404,2815,,709,494,488,713,411,3432
6380,718,1255,1766,2509,2905,,718,537,511,743,396,3475
6378,729,1237,1720,2479,2900,,729,508,483,759,421,3478
6261,715,1219,1690,2391,2811,,715,504,471,701,420,3450
6154,705,1191,1664,2367,2722,,705,486,473,703,355,3432
5995,706,1192,1663,2302,2636,,706,486,471,639,334,3359
6188,712,1237,1709,2425,2816,,712,525,472,716,391,3372
6192,716,1240,1712,2429,2820,,716,524,472,717,391,3372
6018,716,1239,1669,2302,2633,,716,523,430,633,331,3385
5942,700,1192,1627,2250,2583,,700,492,435,623,333,3359
6149,699,1196,1666,2372,2724,,699,497,470,706,352,3425
6287,717,1244,1716,2467,2846,,717,527,472,751,379,3441
6222,717,1242,1713,2467,2845,,717,525,471,754,378,3377
5986,704,1194,1673,2315,2637,,704,490,479,642,322,3349
6097,704,1193,1666,2330,2686,,704,489,473,664,356,3411
6347,727,1253,1739,2476,2900,,727,526,486,737,424,3447
6349,730,1254,1741,2478,2900,,730,524,487,737,422,3449
6350,728,1253,1741,2478,2900,,728,525,488,737,422,3450
6347,727,1253,1741,2477,2900,,727,526,488,736,423,3447
6284,728,1254,1720,2478,2881,,728,526,466,758,403,3403
6218,711,1200,1687,2399,2808,,711,489,487,712,409,3410
6349,716,1253,1741,2478,2901,,716,537,488,737,423,3448
6187,728,1236,1668,2367,2766,,728,508,432,699,399,3421
6153,706,1191,1664,2366,2743,,706,485,473,702,377,3410
6020,705,1193,1623,2276,2639,,705,488,430,653,363,3381
6194,716,1240,1714,2429,2823,,716,524,474,715,394,3371
6019,704,1192,1664,2325,2660,,704,488,472,661,335,3359
6020,706,1192,1666,2326,2660,,706,486,474,660,334,3360
6019,706,1194,1665,2325,2661,,706,488,471,660,336,3358
5967,709,1192,1619,2254,2584,,709,483,427,635,330,3383
6072,701,1172,1643,2347,2699,,701,471,471,704,352,3373
6337,717,1244,1716,2466,2886,,717,527,472,750,420,3451
6146,705,1191,1663,2366,2741,,705,486,472,703,375,3405
6192,716,1242,1714,2430,2822,,716,526,472,716,392,3370
5969,705,1167,1597,2249,2611,,705,462,430,652,362,3358
6044,705,1192,1666,2326,2660,,705,487,474,660,334,3384
6015,713,1190,1662,2324,2659,,713,477,472,662,335,3356
6194,705,1242,1714,2430,2822,,705,537,472,716,392,3372
6019,716,1242,1672,2303,2634,,716,526,430,631,331,3385
5920,677,1168,1596,2228,2559,,677,491,428,632,331,3361
6056,711,1185,1658,2360,2687,,711,474,473,702,327,3369
6126,706,1192,1665,2367,2758,,706,486,473,702,391,3368
6145,704,1192,1665,2384,2735,,704,488,473,719,351,3410
6043,704,1191,1663,2325,2660,,704,487,472,662,335,3383
6020,705,1193,1665,2328,2645,,705,488,472,663,317,3375
6126,716,1200,1631,2341,2718,,716,484,431,710,377,3408
6017,715,1189,1661,2325,2658,,715,474,472,664,333,3359
6018,705,1192,1663,2327,2659,,705,487,471,664,332,3359
6044,704,1191,1662,2324,2660,,704,487,471,662,336,3384
5913,704,1178,1605,2222,2544,,704,474,427,617,322,3369
6070,699,1166,1639,2341,2691,,699,467,473,702,350,3379
6206,713,1187,1660,2362,2778,,713,474,473,702,416,3428
6294,716,1241,1712,2449,2891,,716,525,471,737,442,3403
6129,705,1192,1665,2340,2696,,705,487,473,675,356,3433
6209,704,1192,1665,2367,2729,,704,488,473,702,362,3480
6347,728,1252,1740,2477,2899,,728,524,488,737,422,3448
6348,727,1252,1741,2477,2899,,727,525,489,736,422,3449
6348,756,1250,1739,2476,2899,,756,494,489,737,423,3449
6348,727,1252,1740,2478,2900,,727,525,488,738,422,3448
6283,720,1254,1741,2460,2875,,720,534,487,719,415,3408
6302,709,1204,1693,2405,2815,,709,495,489,712,410,3487
6349,729,1253,1744,2478,2901,,729,524,491,734,423,3448
6349,757,1252,1722,2453,2901,,757,495,470,731,448,3448
6185,729,1254,1706,2362,2756,,729,525,452,656,394,3429
6011,705,1167,1639,2303,2650,,705,462,472,664,347,3361
6018,705,1191,1662,2302,2635,,705,486,471,640,333,3383
6017,714,1189,1661,2324,2657,,714,475,472,663,333,3360
6048,705,1193,1664,2327,2660,,705,488,471,663,333,3388
6107,706,1192,1664,2327,2661,,706,486,472,663,334,3446
5952,699,1173,1597,2257,2591,,699,474,424,660,334,3361
6031,700,1192,1665,2368,2692,,700,492,473,703,324,3339
6020,714,1190,1662,2365,2662,,714,476,472,703,297,3358
6226,704,1192,1622,2318,2715,,704,488,430,696,397,3511
6370,725,1251,1737,2459,2897,,725,526,486,722,438,3473
6311,727,1252,1740,2477,2867,,727,525,488,737,390,3444
6128,704,1192,1664,2367,2717,,704,488,472,703,350,3411
6027,704,1174,1645,2308,2663,,704,470,471,663,355,3364
6191,717,1241,1715,2428,2821,,717,524,474,713,393,3370
6043,705,1191,1663,2323,2660,,705,486,472,660,337,3383
5996,701,1168,1639,2280,2610,,701,467,471,641,330,3386
5976,700,1172,1643,2348,2647,,700,472,471,705,299,3329
6241,703,1199,1640,2347,2764,,703,496,441,707,417,3477
6260,717,1243,1698,2467,2835,,717,526,455,769,368,3425
6323,727,1252,1740,2479,2872,,727,525,488,739,393,3451
6315,728,1253,1740,2477,2867,,728,525,487,737,390,3448
6129,705,1192,1665,2368,2744,,705,487,473,703,376,3385
6052,705,1198,1671,2334,2666,,705,493,473,663,332,3386
6017,706,1191,1663,2325,2660,,706,485,472,662,335,3357
5921,700,1170,1600,2228,2560,,700,470,430,628,332,3361
5970,704,1198,1638,2278,2610,,704,494,440,640,332,3360
6058,704,1190,1662,2299,2633,,704,486,472,637,334,3425
6029,704,1199,1672,2373,2696,,704,495,473,701,323,3333
6202,705,1192,1665,2345,2760,,705,487,473,680,415,3442
6347,727,1252,1739,2476,2901,,727,525,487,737,425,3446
6347,726,1252,1740,2506,2903,,726,526,488,766,397,3444
6350,716,1254,1742,2478,2902,,716,538,488,736,424,3448
6349,717,1255,1741,2479,2901,,717,538,486,738,422,3448
6348,727,1254,1740,2477,2900,,727,527,486,737,423,3448
6346,726,1251,1769,2479,2898,,726,525,518,710,419,3448
6195,727,1255,1716,2399,2803,,727,528,461,683,404,3392
6019,700,1190,1663,2367,2689,,700,490,473,704,322,3330
6215,706,1201,1672,2373,2724,,706,495,471,701,351,3491
6255,699,1173,1645,2325,2733,,699,474,472,680,408,3522
6348,716,1253,1742,2479,2900,,716,537,489,737,421,3448
6325,715,1252,1743,2477,2880,,715,537,491,734,403,3445
6349,726,1252,1740,2476,2901,,726,526,488,736,425,3448
6288,716,1217,1705,2419,2828,,716,501,488,714,409,3460
6348,727,1283,1768,2478,2900,,727,556,485,710,422,3448
6349,716,1253,1741,2478,2900,,716,537,488,737,422,3449
6272,716,1254,1742,2422,2873,,716,538,488,680,451,3399
5940,701,1188,1658,2283,2603,,701,487,470,625,320,3337
6313,717,1205,1693,2407,2816,,717,488,488,714,409,3497
6349,717,1252,1770,2480,2901,,717,535,518,710,421,3448
6350,717,1253,1741,2478,2902,,717,536,488,737,424,3448
6350,718,1254,1742,2455,2902,,718,536,488,713,447,3448
6375,717,1254,1740,2479,2930,,717,537,486,739,451,3445
6331,716,1253,1742,2479,2905,,716,537,489,737,426,3426
6333,717,1255,1742,2480,2887,,717,538,487,738,407,3446
6321,725,1251,1767,2476,2878,,725,526,516,709,402,3443
6296,727,1252,1740,2478,2878,,727,525,488,738,400,3418
6349,716,1254,1743,2479,2902,,716,538,489,736,423,3447
6279,716,1254,1742,2478,2902,,716,538,488,736,424,3377
6281,728,1252,1741,2478,2825,,728,524,489,737,347,3456
6334,716,1253,1741,2463,2887,,716,537,488,722,424,3447
6285,716,1253,1742,2479,2865,,716,537,489,737,386,3420
6050,706,1192,1664,2324,2680,,706,486,472,660,356,3370
6193,715,1242,1714,2425,2823,,715,527,472,711,398,3370
6017,702,1189,1660,2322,2659,,702,487,471,662,337,3358
5943,701,1191,1623,2251,2582,,701,490,432,628,331,3361
5999,701,1149,1627,2273,2610,,701,448,478,646,337,3389
5915,700,1188,1658,2284,2579,,700,488,470,626,295,3336
6211,705,1168,1642,2344,2736,,705,463,474,702,392,3475
6123,704,1191,1661,2284,2674,,704,487,470,623,390,3449
6351,718,1254,1743,2480,2902,,718,536,489,737,422,3449
6330,721,1271,1759,2496,2882,,721,550,488,737,386,3448
6048,705,1193,1665,2324,2681,,705,488,472,659,357,3367
6192,716,1242,1714,2428,2822,,716,526,472,714,394,3370
5991,701,1164,1639,2295,2632,,701,463,475,656,337,3359
5917,699,1165,1595,2226,2559,,699,466,430,631,333,3358
5949,701,1165,1603,2246,2586,,701,464,438,643,340,3363
5898,698,1172,1642,2267,2562,,698,474,470,625,295,3336
6190,704,1191,1662,2366,2782,,704,487,471,704,416,3408
6346,727,1252,1741,2476,2899,,727,525,489,735,423,3447
6348,716,1252,1740,2478,2900,,716,536,488,738,422,3448
6326,716,1253,1742,2479,2882,,716,537,489,737,403,3444
6349,717,1253,1741,2478,2905,,717,536,488,737,427,3444
6223,662,1151,1639,2352,2764,,662,489,488,713,412,3459
6351,717,1254,1742,2479,2902,,717,537,488,737,423,3449
6326,728,1252,1743,2477,2880,,728,524,491,734,403,3446
6286,717,1253,1740,2439,2838,,717,536,487,699,399,3448
6291,715,1241,1712,2467,2889,,715,526,471,755,422,3402
6223,650,1152,1639,2352,2766,,650,502,487,713,414,3457
6350,716,1253,1742,2478,2901,,716,537,489,736,423,3449
6349,716,1252,1740,2477,2900,,716,536,488,737,423,3449
6350,721,1254,1740,2478,2901,,721,533,486,738,423,3449
6348,715,1252,1740,2478,2900,,715,537,488,738,422,3448
6348,728,1253,1740,2478,2899,,728,525,487,738,421,3449
6349,716,1254,1741,2479,2902,,716,538,487,738,423,3447
6349,716,1254,1741,2479,2902,,716,538,487,738,423,3447
6296,727,1252,1741,2478,2880,,727,525,489,737,402,3416
6350,716,1255,1742,2479,2902,,716,539,487,737,423,3448
6377,717,1254,1742,2478,2930,,717,537,488,736,452,3447
6349,716,1254,1741,2478,2901,,716,538,487,737,423,3448
6223,654,1156,1619,2303,2738,,654,502,463,684,435,3485
6337,719,1254,1740,2449,2889,,719,535,486,709,440,3448
6045,705,1190,1663,2324,2663,,705,485,473,661,339,3382
6045,704,1192,1664,2324,2683,,704,488,472,660,359,3362
6020,701,1189,1662,2323,2656,,701,488,473,661,333,3364
5969,701,1191,1621,2249,2582,,701,490,430,628,333,3387
6236,702,1149,1606,2328,2738,,702,447,457,722,410,3498
6351,716,1284,1768,2480,2902,,716,568,484,712,422,3449
6349,716,1256,1741,2478,2900,,716,540,485,737,422,3449
6327,716,1255,1742,2479,2881,,716,539,487,737,402,3446
6326,714,1253,1741,2477,2901,,714,539,488,736,424,3425
6351,716,1270,1754,2479,2902,,716,554,484,725,423,3449
6350,717,1253,1741,2480,2901,,717,536,488,739,421,3449
6351,717,1255,1747,2479,2902,,717,538,492,732,423,3449
6349,716,1254,1743,2479,2901,,716,538,489,736,422,3448
6374,718,1254,1742,2479,2930,,718,536,488,737,451,3444
6327,716,1254,1742,2481,2902,,716,538,488,739,421,3425
6350,716,1253,1741,2480,2905,,716,537,488,739,425,3445
6349,728,1225,1717,2478,2900,,728,497,492,761,422,3449
6350,716,1253,1741,2479,2900,,716,537,488,738,421,3450
6345,718,1252,1742,2479,2901,,718,534,490,737,422,3444
6349,717,1210,1696,2479,2902,,717,493,486,783,423,3447
6351,716,1255,1743,2480,2901,,716,539,488,737,421,3450
6350,717,1259,1745,2479,2902,,717,542,486,734,423,3448
6301,717,1255,1743,2459,2879,,717,538,488,716,420,3422
6330,718,1257,1744,2480,2902,,718,539,487,736,422,3428
6281,718,1255,1742,2456,2873,,718,537,487,714,417,3408
6296,716,1256,1745,2480,2878,,716,540,489,735,398,3418
6366,721,1274,1759,2496,2919,,721,553,485,737,423,3447
6352,717,1255,1743,2480,2903,,717,538,488,737,423,3449
6348,728,1253,1740,2478,2901,,728,525,487,738,423,3447
6350,716,1254,1728,2479,2902,,716,538,474,751,423,3448
6350,717,1254,1742,2479,2902,,717,537,488,737,423,3448
6350,717,1254,1744,2479,2902,,717,537,490,735,423,3448
6298,715,1254,1742,2457,2878,,715,539,488,715,421,3420
6326,716,1253,1741,2479,2900,,716,537,488,738,421,3426
6325,742,1255,1744,2480,2903,,742,513,489,736,423,3422
6329,716,1254,1743,2481,2903,,716,538,489,738,422,3426
6350,717,1256,1744,2484,2903,,717,539,488,740,419,3447
6349,716,1254,1740,2479,2900,,716,538,486,739,421,3449
6350,716,1256,1742,2480,2902,,716,540,486,738,422,3448
6351,716,1254,1727,2480,2903,,716,538,473,753,423,3448
6351,717,1255,1743,2479,2901,,717,538,488,736,422,3450
6180,717,1235,1665,2339,2726,,717,518,430,674,387,3454
5979,669,1113,1552,2212,2575,,669,444,439,660,363,3404
5989,669,1112,1551,2213,2600,,669,443,439,662,387,3389
6006,667,1113,1552,2215,2603,,667,446,439,663,388,3403
6253,709,1204,1690,2404,2814,,709,495,486,714,410,3439
6275,717,1255,1687,2405,2815,,717,538,432,718,410,3460
6375,717,1255,1743,2480,2905,,717,538,488,737,425,3470
6349,717,1254,1741,2478,2901,,717,537,487,737,423,3448
6352,716,1254,1743,2480,2901,,716,538,489,737,421,3451
6354,717,1255,1744,2481,2903,,717,538,489,737,422,3451
6350,717,1255,1746,2481,2903,,717,538,491,735,422,3447
6300,717,1254,1742,2479,2881,,717,537,488,737,402,3419
6349,718,1255,1744,2480,2904,,718,537,489,736,424,3445
6285,716,1253,1741,2470,2877,,716,537,488,729,407,3408
6329,716,1256,1743,2480,2902,,716,540,487,737,422,3427
6350,718,1255,1743,2480,2904,,718,537,488,737,424,3446
6349,717,1256,1743,2479,2902,,717,539,487,736,423,3447
6348,721,1252,1740,2477,2900,,721,531,488,737,423,3448
6348,717,1254,1742,2486,2902,,717,537,488,744,416,3446
6350,717,1253,1743,2478,2901,,717,536,490,735,423,3449
6350,715,1254,1741,2479,2900,,715,539,487,738,421,3450
6351,717,1255,1744,2480,2903,,717,538,489,736,423,3448
6351,718,1256,1743,2480,2903,,718,538,487,737,423,3448
6326,716,1255,1743,2481,2902,,716,539,488,738,421,3424
6300,717,1256,1743,2459,2879,,717,539,487,716,420,3421
6252,688,1180,1667,2380,2791,,688,492,487,713,411,3461
6350,719,1256,1744,2480,2903,,719,537,488,736,423,3447
6350,720,1256,1743,2484,2904,,720,536,487,741,420,3446
6349,716,1255,1743,2481,2902,,716,539,488,738,421,3447
6350,719,1256,1742,2480,2902,,719,537,486,738,422,3448
6351,747,1256,1742,2479,2902,,747,509,486,737,423,3449
6352,718,1254,1742,2480,2902,,718,536,488,738,422,3450
6351,718,1255,1744,2479,2903,,718,537,489,735,424,3448
6335,716,1253,1742,2479,2888,,716,537,489,737,409,3447
6297,716,1253,1742,2460,2877,,716,537,489,718,417,3420
6351,719,1255,1744,2483,2904,,719,536,489,739,421,3447
6350,719,1255,1743,2481,2904,,719,536,488,738,423,3446
6348,718,1254,1742,2479,2902,,718,536,488,737,423,3446
6300,716,1255,1743,2481,2848,,716,539,488,738,367,3452
6309,715,1213,1702,2413,2847,,715,498,489,711,434,3462
6349,716,1254,1741,2444,2901,,716,538,487,703,457,3448
6350,718,1253,1742,2478,2901,,718,535,489,736,423,3449
6372,725,1251,1738,2476,2899,,725,526,487,738,423,3473
6261,728,1254,1741,2478,2880,,728,526,487,737,402,3381
6299,717,1255,1743,2460,2877,,717,538,488,717,417,3422
6350,716,1256,1743,2484,2903,,716,540,487,741,419,3447
6349,717,1254,1742,2480,2902,,717,537,488,738,422,3447
6349,718,1254,1743,2479,2902,,718,536,489,736,423,3447
6348,717,1254,1741,2479,2902,,717,537,487,738,423,3446
6351,717,1257,1743,2482,2903,,717,540,486,739,421,3448
6351,716,1260,1745,2483,2902,,716,544,485,738,419,3449
6349,717,1255,1741,2478,2901,,717,538,486,737,423,3448
6354,719,1256,1743,2480,2902,,719,537,487,737,422,3452
6326,716,1254,1743,2479,2907,,716,538,489,736,428,3419
6299,716,1255,1744,2458,2878,,716,539,489,714,420,3421
6351,743,1272,1768,2481,2894,,743,529,496,713,413,3457
6347,717,1253,1742,2480,2901,,717,536,489,738,421,3446
6349,717,1255,1742,2479,2902,,717,538,487,737,423,3447
6348,718,1253,1741,2481,2886,,718,535,488,740,405,3462
6365,719,1269,1758,2494,2913,,719,550,489,736,419,3452
6373,728,1251,1740,2477,2914,,728,523,489,737,437,3459
6297,727,1254,1741,2477,2879,,727,527,487,736,402,3418
6351,714,1255,1743,2481,2903,,714,541,488,738,422,3448
6334,716,1254,1742,2478,2898,,716,538,488,736,420,3436
6355,716,1254,1742,2479,2901,,716,538,488,737,422,3454
6248,741,1174,1666,2379,2792,,741,433,492,713,413,3456
6315,716,1253,1742,2479,2901,,716,537,489,737,422,3414
6334,716,1255,1741,2464,2887,,716,539,486,723,423,3447
6349,718,1254,1742,2454,2902,,718,536,488,712,448,3447
6348,716,1255,1743,2454,2902,,716,539,488,711,448,3446
6324,717,1253,1742,2454,2858,,717,536,489,712,404,3466
6350,717,1253,1743,2453,2902,,717,536,490,710,449,3448
6351,716,1254,1742,2479,2902,,716,538,488,737,423,3449
6334,718,1253,1742,2480,2901,,718,535,489,738,421,3433
6374,715,1254,1741,2453,2901,,715,539,487,712,448,3473
6274,740,1193,1676,2403,2814,,740,453,483,727,411,3460
6352,716,1253,1741,2477,2904,,716,537,488,736,427,3448
6320,716,1254,1743,2458,2879,,716,538,489,715,421,3441
6300,716,1253,1742,2479,2902,,716,537,489,737,423,3398
6376,716,1254,1742,2480,2902,,716,538,488,738,422,3474
6282,715,1209,1697,2410,2821,,715,494,488,713,411,3461
6350,717,1253,1741,2478,2901,,717,536,488,737,423,3449
6352,717,1253,1740,2509,2925,,717,536,487,769,416,3427
6307,743,1250,1738,2476,2880,,743,507,488,738,404,3427
6276,713,1234,1701,2477,2875,,713,521,467,776,398,3401
6348,726,1217,1700,2477,2899,,726,491,483,777,422,3449
6350,716,1253,1742,2479,2902,,716,537,489,737,423,3448
6347,717,1254,1742,2480,2902,,717,537,488,738,422,3445
6287,716,1254,1741,2480,2881,,716,538,487,739,401,3406
6376,716,1255,1742,2479,2903,,716,539,487,737,424,3473
6351,718,1255,1743,2480,2902,,718,537,488,737,422,3449
6329,716,1285,1770,2480,2902,,716,569,485,710,422,3427
6231,718,1219,1692,2378,2794,,718,501,473,686,416,3437
6081,705,1193,1665,2327,2662,,705,488,472,662,335,3419
6282,688,1182,1669,2381,2792,,688,494,487,712,411,3490
6228,716,1218,1657,2378,2789,,716,502,439,721,411,3439
6350,717,1255,1743,2479,2902,,717,538,488,736,423,3448
6351,718,1255,1742,2480,2903,,718,537,487,738,423,3448
6286,717,1253,1741,2479,2881,,717,536,488,738,402,3405
6375,717,1255,1743,2481,2902,,717,538,488,738,421,3473
6379,717,1253,1741,2473,2901,,717,536,488,732,428,3478
6375,716,1254,1742,2480,2932,,716,538,488,738,452,3443
6326,717,1253,1742,2478,2903,,717,536,489,736,425,3423
6263,717,1254,1743,2479,2881,,717,537,489,736,402,3382
6329,717,1255,1745,2480,2903,,717,538,490,735,423,3426
6194,717,1240,1666,2366,2781,,717,523,426,700,415,3413
5863,647,1067,1484,2144,2509,,647,420,417,660,365,3354
6074,697,1171,1645,2345,2695,,697,474,474,700,350,3379
6153,705,1193,1664,2343,2759,,705,488,471,679,416,3394
6044,700,1195,1665,2327,2662,,700,495,470,662,335,3382
6225,704,1192,1667,2368,2766,,704,488,475,701,398,3459
6329,716,1254,1743,2480,2902,,716,538,489,737,422,3427
6299,715,1282,1745,2439,2858,,715,567,463,694,419,3441
6351,718,1255,1742,2480,2903,,718,537,487,738,423,3448
6323,716,1255,1743,2478,2901,,716,539,488,735,423,3422
6196,728,1277,1705,2402,2791,,728,549,428,697,389,3405
6350,716,1254,1741,2480,2903,,716,538,487,739,423,3447
6376,747,1256,1767,2481,2902,,747,509,511,714,421,3474
6350,717,1255,1742,2479,2903,,717,538,487,737,424,3447
6372,717,1253,1742,2479,2901,,717,536,489,737,422,3471
6348,729,1254,1740,2478,2901,,729,525,486,738,423,3447
6379,717,1253,1741,2479,2901,,717,536,488,738,422,3478
6350,716,1253,1741,2480,2902,,716,537,488,739,422,3448
6285,717,1254,1741,2483,2880,,717,537,487,742,397,3405
6347,715,1254,1742,2508,2926,,715,539,488,766,418,3421
6184,741,1216,1658,2330,2713,,741,475,442,672,383,3471
6095,716,1193,1665,2368,2716,,716,477,472,703,348,3379
6044,702,1168,1640,2343,2671,,702,466,472,703,328,3373
6298,715,1241,1711,2465,2884,,715,526,470,754,419,3414
6030,704,1178,1651,2311,2645,,704,474,473,660,334,3385
6212,704,1193,1666,2369,2746,,704,489,473,703,377,3466
6155,705,1193,1667,2369,2722,,705,488,474,702,353,3433
6045,707,1194,1665,2328,2662,,707,487,471,663,334,3383
5926,701,1170,1598,2228,2561,,701,469,428,630,333,3365
6166,705,1180,1653,2355,2731,,705,475,473,702,376,3435
6014,703,1131,1539,2177,2576,,703,428,408,638,399,3438
6028,705,1202,1673,2334,2670,,705,497,471,661,336,3358
6146,700,1194,1666,2369,2743,,700,494,472,703,374,3403
6130,705,1194,1689,2395,2785,,705,489,495,706,390,3345
6066,705,1179,1650,2355,2681,,705,474,471,705,326,3385
6101,705,1192,1665,2368,2743,,705,487,473,703,375,3358
6072,706,1193,1666,2337,2666,,706,487,473,671,329,3406
5995,648,1143,1615,2276,2611,,648,495,472,661,335,3384
5929,701,1171,1602,2229,2561,,701,470,431,627,332,3368
6082,705,1178,1650,2355,2707,,705,473,472,705,352,3375
5988,703,1103,1513,2149,2540,,703,400,410,636,391,3448
6222,716,1241,1712,2467,2845,,716,525,471,755,378,3377
5996,702,1167,1639,2301,2636,,702,465,472,662,335,3360
6126,704,1167,1639,2341,2732,,704,463,472,702,391,3394
6005,704,1179,1651,2311,2647,,704,475,472,660,336,3358
6212,704,1166,1639,2341,2733,,704,462,473,702,392,3479
6155,706,1171,1642,2344,2696,,706,465,471,702,352,3459
5997,670,1144,1616,2276,2611,,670,474,472,660,335,3386
5926,700,1168,1598,2228,2560,,700,468,430,630,332,3366
6164,706,1179,1652,2354,2729,,706,473,473,702,375,3435
5989,703,1128,1538,2175,2539,,703,425,410,637,364,3450
6222,723,1243,1714,2431,2845,,723,520,471,717,414,3377
6017,700,1192,1664,2326,2662,,700,492,472,662,336,3355
5922,664,1076,1486,2126,2458,,664,412,410,640,332,3464
6268,709,1201,1673,2377,2794,,709,492,472,704,417,3474
6077,704,1194,1665,2326,2684,,704,490,471,661,358,3393
6014,705,1192,1621,2251,2584,,705,487,429,630,333,3430
6248,680,1179,1667,2380,2790,,680,499,488,713,410,3458
6327,717,1253,1740,2478,2900,,717,536,487,738,422,3427
6263,719,1255,1744,2480,2885,,719,536,489,736,405,3378
6226,716,1221,1669,2343,2740,,716,505,448,674,397,3486
6275,674,1179,1667,2380,2814,,674,505,488,713,434,3461
6398,716,1253,1740,2507,2926,,716,537,487,767,419,3472
6348,716,1254,1741,2479,2901,,716,538,487,738,422,3447
6260,728,1253,1741,2478,2880,,728,525,488,737,402,3380
6349,728,1253,1740,2478,2900,,728,525,487,738,422,3449
6347,702,1251,1740,2476,2899,,702,549,489,736,423,3448
6345,725,1248,1736,2474,2896,,725,523,488,738,422,3449
6328,715,1255,1741,2478,2902,,715,540,486,737,424,3426
6304,717,1254,1741,2482,2902,,717,537,487,741,420,3402
6125,703,1185,1633,2334,2684,,703,482,448,701,350,3441
6225,639,1130,1617,2331,2741,,639,491,487,714,410,3484
6324,716,1254,1742,2479,2901,,716,538,488,737,422,3423
6347,716,1253,1743,2478,2902,,716,537,490,735,424,3445
6374,727,1252,1740,2476,2899,,727,525,488,736,423,3475
6349,715,1254,1740,2478,2900,,715,539,486,738,422,3449
6350,717,1254,1742,2478,2902,,717,537,488,736,424,3448
6350,717,1253,1736,2479,2901,,717,536,483,743,422,3449
6299,741,1254,1742,2478,2880,,741,513,488,736,402,3419
6266,717,1237,1705,2464,2870,,717,520,468,759,406,3396
5963,703,1150,1566,2201,2534,,703,447,416,635,333,3429
5982,705,1200,1681,2289,2606,,705,495,481,608,317,3376
6122,704,1195,1666,2369,2718,,704,491,471,703,349,3404
6175,704,1193,1667,2370,2786,,704,489,474,703,416,3389
6321,716,1256,1741,2480,2901,,716,540,485,739,421,3420
6349,716,1253,1742,2480,2901,,716,537,489,738,421,3448
6349,745,1252,1741,2477,2900,,745,507,489,736,423,3449
6328,718,1254,1742,2478,2902,,718,536,488,736,424,3426
6350,716,1256,1742,2509,2927,,716,540,486,767,418,3423
6291,717,1254,1742,2479,2885,,717,537,488,737,406,3406
6200,715,1242,1691,2366,2735,,715,527,449,675,369,3465
6124,645,1057,1542,2253,2666,,645,412,485,711,413,3458
6375,716,1253,1741,2479,2901,,716,537,488,738,422,3474
6350,716,1254,1742,2479,2905,,716,538,488,737,426,3445
6349,719,1252,1742,2478,2901,,719,533,490,736,423,3448
6349,748,1254,1742,2479,2901,,748,506,488,737,422,3448
6351,717,1254,1749,2479,2903,,717,537,495,730,424,3448
6350,716,1262,1746,2478,2902,,716,546,484,732,424,3448
6329,717,1254,1742,2479,2902,,717,537,488,737,423,3427
6327,747,1254,1743,2479,2902,,747,507,489,736,423,3425
6223,702,1188,1652,2318,2748,,702,486,464,666,430,3475
6086,644,1078,1555,2268,2663,,644,434,477,713,395,3423
5945,705,1194,1666,2287,2604,,705,489,472,621,317,3341
6023,705,1193,1665,2368,2691,,705,488,472,703,323,3332
6048,705,1172,1644,2345,2692,,705,467,472,701,347,3356
6188,704,1193,1665,2370,2760,,704,489,472,705,390,3428
6220,715,1240,1714,2464,2843,,715,525,474,750,379,3377
6226,688,1128,1619,2332,2766,,688,440,491,713,434,3460
6326,716,1253,1742,2454,2901,,716,537,489,712,447,3425
6394,721,1272,1759,2498,2919,,721,551,487,739,421,3475
6294,724,1248,1762,2436,2857,,724,524,514,674,421,3437
6211,704,1125,1611,2318,2713,,704,421,486,707,395,3498
6302,704,1193,1685,2404,2815,,704,489,492,719,411,3487
6352,717,1254,1743,2480,2903,,717,537,489,737,423,3449
6249,686,1180,1667,2379,2788,,686,494,487,712,409,3461
6346,717,1253,1741,2479,2901,,717,536,488,738,422,3445
6351,717,1258,1744,2480,2903,,717,541,486,736,423,3448
6350,716,1255,1742,2480,2901,,716,539,487,738,421,3449
6329,716,1256,1743,2480,2902,,716,540,487,737,422,3427
6332,716,1259,1743,2465,2887,,716,543,484,722,422,3445
6224,702,1164,1632,2353,2724,,702,462,468,721,371,3500
6338,716,1239,1734,2468,2892,,716,523,495,734,424,3446
5919,704,1194,1666,2289,2582,,704,490,472,623,293,3337
6171,708,1195,1668,2371,2763,,708,487,473,703,392,3408
5895,670,1144,1616,2239,2556,,670,474,472,623,317,3339
6212,705,1169,1642,2343,2735,,705,464,473,701,392,3477
6157,703,1193,1663,2367,2716,,703,490,470,704,349,3441
5949,665,1101,1582,2227,2587,,665,436,481,645,360,3362
5949,705,1193,1622,2251,2585,,705,488,429,629,334,3364
5847,648,1120,1591,2211,2506,,648,472,471,620,295,3341
5995,704,1192,1598,2226,2561,,704,488,406,628,335,3434
6188,705,1195,1630,2344,2764,,705,490,435,714,420,3424
6019,705,1193,1667,2329,2662,,705,488,474,662,333,3357
6125,706,1195,1668,2370,2764,,706,489,473,702,394,3361
6128,704,1194,1665,2369,2722,,704,490,471,704,353,3406
6214,705,1170,1642,2345,2736,,705,465,472,703,391,3478
6130,706,1194,1666,2368,2722,,706,488,472,702,354,3408
5999,704,1124,1605,2277,2636,,704,420,481,672,359,3363
6023,715,1242,1671,2325,2657,,715,527,429,654,332,3366
5906,671,1156,1626,2248,2566,,671,485,470,622,318,3340
6015,705,1193,1621,2254,2587,,705,488,428,633,333,3428
6099,705,1194,1666,2368,2721,,705,489,472,702,353,3378
5946,704,1195,1666,2289,2606,,704,491,471,623,317,3340
6182,700,1169,1640,2345,2722,,700,469,471,705,377,3460
5920,704,1194,1665,2288,2580,,704,490,471,623,292,3340
6280,730,1245,1717,2470,2890,,730,515,472,753,420,3390
6156,705,1194,1625,2319,2695,,705,489,431,694,376,3461
5895,664,1102,1525,2176,2535,,664,438,423,651,359,3360
5935,704,1178,1608,2236,2569,,704,474,430,628,333,3366
6289,642,1172,1657,2367,2777,,642,530,485,710,410,3512
6307,745,1253,1771,2456,2859,,745,508,518,685,403,3448
6236,716,1254,1706,2393,2789,,716,538,452,687,396,3447
6146,704,1193,1665,2369,2718,,704,489,472,704,349,3428
6034,714,1182,1587,2222,2569,,714,468,405,635,347,3465
6089,658,1087,1557,2271,2661,,658,429,470,714,390,3428
5921,708,1194,1665,2290,2582,,708,486,471,625,292,3339
6054,706,1194,1666,2327,2684,,706,488,472,661,357,3370
6230,705,1152,1577,2279,2718,,705,447,425,702,439,3512
6328,718,1254,1743,2479,2901,,718,536,489,736,422,3427
6234,716,1213,1700,2413,2783,,716,497,487,713,370,3451
6326,745,1254,1744,2504,2890,,745,509,490,760,386,3436
6378,715,1240,1706,2480,2902,,715,525,466,774,422,3476
6337,716,1212,1700,2412,2848,,716,496,488,712,436,3489
6389,717,1217,1706,2447,2940,,717,500,489,741,493,3449
6203,715,1196,1668,2374,2794,,715,481,472,706,420,3409
6377,747,1283,1766,2507,2926,,747,536,483,741,419,3451
6348,717,1254,1741,2479,2901,,717,537,487,738,422,3447
6379,717,1254,1717,2479,2902,,717,537,463,762,423,3477
6349,716,1254,1742,2480,2903,,716,538,488,738,423,3446
6241,720,1194,1684,2395,2805,,720,474,490,711,410,3436
6376,754,1280,1793,2531,2924,,754,526,513,738,393,3452
6338,716,1237,1704,2420,2891,,716,521,467,716,471,3447
6212,705,1194,1666,2368,2784,,705,489,472,702,416,3428
6214,705,1194,1666,2368,2759,,705,489,472,702,391,3455
5946,705,1196,1669,2289,2606,,705,491,473,620,317,3340
6125,703,1195,1666,2370,2744,,703,492,471,704,374,3381
6047,706,1194,1666,2328,2663,,706,488,472,662,335,3384
6228,705,1195,1624,2331,2742,,705,490,429,707,411,3486
6375,717,1254,1742,2512,2926,,717,537,488,770,414,3449
6348,715,1283,1797,2505,2906,,715,568,514,708,401,3442
6325,715,1257,1741,2446,2865,,715,542,484,705,419,3460
6266,720,1245,1733,2382,2811,,720,525,488,649,429,3455
6314,715,1215,1702,2414,2825,,715,500,487,712,411,3489
6352,716,1255,1745,2480,2902,,716,539,490,735,422,3450
6219,699,1153,1626,2325,2750,,699,454,473,699,425,3469
6147,705,1194,1666,2371,2763,,705,489,472,705,392,3384
5997,704,1167,1639,2303,2637,,704,463,472,664,334,3360
6202,707,1152,1608,2305,2716,,707,445,456,697,411,3486
6348,715,1254,1741,2453,2901,,715,539,487,712,448,3447
6284,715,1254,1733,2479,2882,,715,539,479,746,403,3402
6351,744,1283,1768,2509,2905,,744,539,485,741,396,3446
6338,716,1255,1711,2470,2896,,716,539,456,759,426,3442
6197,708,1181,1654,2354,2746,,708,473,473,700,392,3451
6240,700,1195,1666,2370,2786,,700,495,471,704,416,3454
5907,705,1181,1654,2276,2569,,705,476,473,622,293,3338
6046,705,1194,1666,2326,2681,,705,489,472,660,355,3365
6046,705,1194,1666,2328,2664,,705,489,472,662,336,3382
6227,704,1151,1611,2361,2770,,704,447,460,750,409,3457
6348,716,1254,1743,2479,2902,,716,538,489,736,423,3446
6283,719,1254,1744,2479,2881,,719,535,490,735,402,3402
6265,716,1256,1771,2429,2824,,716,540,515,658,395,3441
6165,705,1193,1665,2369,2739,,705,488,472,704,370,3426
5943,706,1194,1667,2286,2603,,706,488,473,619,317,3340
6253,704,1180,1654,2357,2773,,704,476,474,703,416,3480
6099,700,1172,1607,2297,2692,,700,472,435,690,395,3407
6019,705,1195,1669,2329,2664,,705,490,474,660,335,3355
5945,704,1195,1625,2255,2587,,704,491,430,630,332,3358
6011,703,1152,1588,2251,2588,,703,449,436,663,337,3423
6166,705,1176,1649,2352,2728,,705,471,473,703,376,3438
6179,664,1125,1603,2335,2767,,664,461,478,732,432,3412
6326,745,1283,1768,2479,2878,,745,538,485,711,399,3448
6274,716,1254,1742,2480,2837,,716,538,488,738,357,3437
6352,717,1258,1743,2481,2903,,717,541,485,738,422,3449
6351,717,1257,1745,2481,2905,,717,540,488,736,424,3446
6281,716,1254,1697,2394,2813,,716,538,443,697,419,3468
6349,715,1252,1741,2479,2900,,715,537,489,738,421,3449
6350,716,1255,1745,2479,2902,,716,539,490,734,423,3448
6406,716,1284,1768,2510,2928,,716,568,484,742,418,3478
6350,717,1257,1743,2481,2904,,717,540,486,738,423,3446
6329,720,1270,1754,2480,2903,,720,550,484,726,423,3426
6430,744,1285,1770,2510,2956,,744,541,485,740,446,3474
6353,716,1256,1744,2481,2906,,716,540,488,737,425,3447
6379,740,1254,1772,2481,2903,,740,514,518,709,422,3476
6348,716,1253,1770,2479,2900,,716,537,517,709,421,3448
6213,703,1205,1643,2343,2739,,703,502,438,700,396,3474
5945,705,1193,1665,2289,2607,,705,488,472,624,318,3338
6049,704,1194,1664,2329,2684,,704,490,470,665,355,3365
6024,704,1194,1666,2289,2665,,704,490,472,623,376,3359
6019,704,1191,1663,2326,2659,,704,487,472,663,333,3360
6078,646,1088,1553,2232,2645,,646,442,465,679,413,3433
6428,744,1285,1796,2533,2981,,744,541,511,737,448,3447
6352,717,1256,1743,2463,2886,,717,539,487,720,423,3466
6213,650,1120,1591,2293,2713,,650,470,471,702,420,3500
6242,709,1197,1669,2373,2766,,709,488,472,704,393,3476
5901,707,1175,1647,2268,2559,,707,468,472,621,291,3342
6150,704,1194,1666,2369,2718,,704,490,472,703,349,3432
6046,704,1193,1668,2328,2662,,704,489,475,660,334,3384
6178,703,1195,1643,2336,2743,,703,492,448,693,407,3435
6350,717,1256,1743,2481,2904,,717,539,487,738,423,3446
6278,727,1251,1719,2452,2872,,727,524,468,733,420,3406
6275,708,1206,1694,2405,2816,,708,498,488,711,411,3459
6328,716,1256,1743,2460,2903,,716,540,487,717,443,3425
6306,702,1207,1695,2406,2816,,702,505,488,711,410,3490
6353,716,1257,1745,2481,2904,,716,541,488,736,423,3449
6106,632,1088,1561,2261,2656,,632,456,473,700,395,3450
6172,707,1196,1668,2370,2761,,707,489,472,702,391,3411
6074,705,1193,1665,2328,2709,,705,488,472,663,381,3365
6000,705,1198,1628,2277,2641,,705,493,430,649,364,3359
6056,706,1202,1672,2335,2671,,706,496,470,663,336,3385
6127,699,1195,1623,2297,2671,,699,496,428,674,374,3456
6247,716,1204,1692,2404,2815,,716,488,488,712,411,3432
6351,719,1255,1742,2480,2903,,719,536,487,738,423,3448
6381,716,1257,1742,2481,2903,,716,541,485,739,422,3478
6390,717,1255,1723,2480,2942,,717,538,468,757,462,3448
5960,666,1088,1504,2137,2530,,666,422,416,633,393,3430
6172,703,1193,1666,2370,2786,,703,490,473,704,416,3386
6039,703,1194,1666,2327,2664,,703,491,472,661,337,3375
5967,698,1172,1601,2256,2608,,698,474,429,655,352,3359
6003,705,1175,1649,2308,2643,,705,470,474,659,335,3360
6102,701,1168,1597,2271,2641,,701,467,429,674,370,3461
6347,727,1253,1741,2477,2901,,727,526,488,736,424,3446
6324,716,1254,1742,2480,2881,,716,538,488,738,401,3443
6352,746,1256,1744,2481,2903,,746,510,488,737,422,3449
6400,715,1256,1773,2482,2933,,715,541,517,709,451,3467
5977,690,1131,1565,2226,2634,,690,441,434,661,408,3343
5946,704,1195,1629,2256,2590,,704,491,434,627,334,3356
6062,705,1191,1664,2301,2638,,705,486,473,637,337,3424
6132,706,1195,1624,2241,2635,,706,489,429,617,394,3497
6379,747,1255,1772,2482,2902,,747,508,517,710,420,3477
6287,717,1256,1745,2459,2878,,717,539,489,714,419,3409
6375,743,1283,1796,2533,2929,,743,540,513,737,396,3446
6328,745,1254,1743,2478,2882,,745,509,489,735,404,3446
6379,716,1283,1767,2480,2903,,716,567,484,713,423,3476
6299,701,1204,1692,2433,2841,,701,503,488,741,408,3458
5974,690,1129,1565,2242,2636,,690,439,436,677,394,3338
5997,704,1196,1667,2306,2637,,704,492,471,639,331,3360
6063,704,1167,1639,2301,2637,,704,463,472,662,336,3426
6131,705,1194,1624,2319,2656,,705,489,430,695,337,3475
6353,716,1255,1743,2480,2932,,716,539,488,737,452,3421
6325,743,1284,1768,2479,2879,,743,541,484,711,400,3446
6399,715,1254,1770,2509,2956,,715,539,516,739,447,3443
6350,744,1254,1743,2480,2901,,744,510,489,737,421,3449
6426,755,1252,1735,2505,2953,,755,497,483,770,448,3473
6311,716,1239,1705,2464,2887,,716,523,466,759,423,3424
6190,709,1209,1666,2342,2761,,709,500,457,676,419,3429
6021,705,1195,1667,2326,2662,,705,490,472,659,336,3359
6065,704,1193,1666,2302,2635,,704,489,473,636,333,3430
5946,705,1194,1693,2314,2606,,705,489,499,621,292,3340
6030,703,1179,1652,2312,2646,,703,476,473,660,334,3384
6078,704,1156,1609,2252,2632,,704,452,453,643,380,3446
6375,745,1284,1796,2534,2953,,745,539,512,738,419,3422
6284,715,1214,1701,2442,2850,,715,499,487,741,408,3434
6324,716,1258,1742,2480,2880,,716,542,484,738,400,3444
6298,715,1203,1719,2428,2839,,715,488,516,709,411,3459
6189,716,1206,1652,2292,2709,,716,490,446,640,417,3480
6020,705,1194,1665,2329,2664,,705,489,471,664,335,3356
6062,705,1191,1663,2302,2635,,705,486,472,639,333,3427
5946,704,1194,1666,2288,2605,,704,490,472,622,317,3341
6005,704,1179,1651,2313,2647,,704,475,472,662,334,3358
6156,665,1120,1591,2306,2683,,665,455,471,715,377,3473
6263,716,1256,1744,2482,2883,,716,540,488,738,401,3380
6357,717,1256,1745,2482,2884,,717,539,489,737,402,3473
6397,716,1284,1797,2537,2952,,716,568,513,740,415,3445
6310,716,1216,1702,2414,2849,,716,500,486,712,435,3461
6113,689,1127,1585,2269,2662,,689,438,458,684,393,3451
5921,705,1169,1600,2230,2563,,705,464,431,630,333,3358
6071,705,1178,1652,2287,2619,,705,473,474,635,332,3452
5900,703,1172,1643,2267,2559,,703,469,471,624,292,3341
6032,707,1181,1653,2315,2650,,707,474,472,662,335,3382
5955,706,1198,1628,2255,2587,,706,492,430,627,332,3368
5995,702,1169,1641,2304,2639,,702,467,472,663,335,3356
6166,705,1170,1642,2346,2737,,705,465,472,704,391,3429
6146,704,1170,1640,2356,2753,,704,466,470,716,397,3393
5954,669,1101,1570,2236,2573,,669,432,469,666,337,3381
5966,704,1171,1606,2267,2614,,704,467,435,661,347,3352
5971,705,1195,1625,2255,2587,,705,490,430,630,332,3384
5988,704,1170,1599,2229,2562,,704,466,429,630,333,3426
5946,705,1195,1665,2288,2608,,705,490,470,623,320,3338
6021,706,1194,1665,2327,2663,,706,488,471,662,336,3358
6112,703,1195,1625,2295,2666,,703,492,430,670,371,3446
6284,716,1256,1744,2481,2885,,716,540,488,737,404,3399
6284,715,1214,1700,2413,2848,,715,499,486,713,435,3436
6402,716,1255,1743,2509,2957,,716,539,488,766,448,3445
6150,694,1132,1604,2306,2728,,694,438,472,702,422,3422
6039,705,1195,1666,2316,2680,,705,490,471,650,364,3359
5946,705,1195,1624,2254,2586,,705,490,429,630,332,3360
6038,705,1170,1641,2278,2611,,705,465,471,637,333,3427
5921,704,1195,1665,2288,2583,,704,491,470,623,295,3338
5998,704,1171,1644,2304,2639,,704,467,473,660,335,3359
5951,704,1195,1624,2255,2586,,704,491,429,631,331,3365
6025,701,1196,1668,2330,2663,,701,495,472,662,333,3362
6214,706,1170,1642,2345,2736,,706,464,472,703,391,3478
6147,705,1170,1641,2345,2763,,705,465,471,704,418,3384
5972,673,1103,1594,2254,2588,,673,430,491,660,334,3384
6139,706,1195,1623,2331,2693,,706,489,428,708,362,3446
6017,704,1192,1665,2324,2660,,704,488,473,659,336,3357
6035,705,1177,1606,2237,2569,,705,472,429,631,332,3466
6316,716,1285,1768,2481,2872,,716,569,483,713,391,3444
6132,675,1146,1623,2321,2695,,675,471,477,698,374,3437
5949,705,1195,1626,2254,2586,,705,490,431,628,332,3363
6022,700,1195,1667,2329,2664,,700,495,472,662,335,3358
6231,714,1187,1658,2362,2779,,714,473,471,704,417,3452
6172,704,1194,1666,2370,2786,,704,490,472,704,416,3386
5983,715,1193,1619,2267,2631,,715,478,426,648,364,3352
6141,709,1207,1676,2344,2711,,709,498,469,668,367,3430
6021,705,1195,1666,2328,2664,,705,490,471,662,336,3357
6044,705,1204,1634,2260,2593,,705,499,430,626,333,3451
5920,707,1194,1664,2288,2583,,707,487,470,624,295,3337
6048,706,1195,1691,2355,2689,,706,489,496,664,334,3359
5951,704,1196,1627,2254,2588,,704,492,431,627,334,3363
5995,700,1171,1643,2303,2638,,700,471,472,660,335,3357
6213,704,1196,1669,2369,2760,,704,492,473,700,391,3453
6199,704,1196,1669,2371,2787,,704,492,473,702,416,3412
6048,705,1166,1596,2258,2657,,705,461,430,662,399,3391
6060,705,1153,1633,2307,2684,,705,448,480,674,377,3376
5974,705,1197,1627,2256,2588,,705,492,430,629,332,3386
6002,704,1178,1651,2309,2645,,704,474,473,658,336,3357
6113,705,1197,1669,2377,2687,,705,492,472,708,310,3426
5964,711,1186,1616,2268,2606,,711,475,430,652,338,3358
5928,704,1170,1598,2230,2561,,704,466,428,632,331,3367
6175,701,1197,1669,2373,2723,,701,496,472,704,350,3452
6183,705,1170,1641,2345,2737,,705,465,471,704,392,3446
6171,704,1171,1641,2346,2763,,704,467,470,705,417,3408
5996,679,1171,1643,2303,2637,,679,492,472,660,334,3359
6015,713,1203,1640,2302,2639,,713,490,437,662,337,3376
5923,704,1171,1601,2230,2562,,704,467,430,629,332,3361
6304,719,1218,1734,2472,2904,,719,499,516,738,432,3400
6328,715,1256,1774,2484,2885,,715,541,518,710,401,3443
6402,716,1285,1799,2534,2954,,716,569,514,735,420,3448
6352,716,1255,1742,2479,2902,,716,539,487,737,423,3450
6375,715,1256,1771,2485,2902,,715,541,515,714,417,3473
6351,716,1257,1745,2481,2904,,716,541,488,736,423,3447
6352,715,1259,1744,2483,2904,,715,544,485,739,421,3448
6292,717,1197,1679,2391,2802,,717,480,482,712,411,3490
6290,716,1256,1723,2423,2845,,716,540,467,700,422,3445
6022,705,1195,1668,2326,2663,,705,490,473,658,337,3359
6118,706,1168,1641,2344,2698,,706,462,473,703,354,3420
6173,704,1196,1669,2371,2790,,704,492,473,702,419,3383
5946,705,1195,1624,2254,2587,,705,490,429,630,333,3359
6063,704,1195,1667,2304,2637,,704,491,472,637,333,3426
6122,705,1171,1643,2349,2699,,705,466,472,706,350,3423
6211,667,1145,1617,2319,2739,,667,478,472,702,420,3472
6148,705,1195,1667,2369,2761,,705,490,472,702,392,3387
6022,704,1195,1668,2327,2663,,704,491,473,659,336,3359
6015,704,1171,1600,2253,2570,,704,467,429,653,317,3445
5924,700,1171,1600,2231,2563,,700,471,429,631,332,3361
6046,705,1195,1668,2326,2663,,705,490,473,658,337,3383
5999,704,1195,1669,2370,2669,,704,491,474,701,299,3330
6046,705,1194,1667,2327,2662,,705,489,473,660,335,3384
5950,705,1195,1627,2255,2586,,705,490,432,628,331,3364
6173,701,1196,1667,2370,2743,,701,495,471,703,373,3430
6189,704,1195,1666,2370,2763,,704,491,471,704,393,3426
6173,706,1196,1670,2371,2788,,706,490,474,701,417,3385
6030,705,1179,1650,2323,2652,,705,474,471,673,329,3378
6091,706,1191,1663,2323,2669,,706,485,472,660,346,3422
6286,717,1257,1746,2482,2885,,717,540,489,736,403,3401
5917,669,1113,1553,2238,2550,,669,444,440,685,312,3367
6034,683,1142,1580,2243,2631,,683,459,438,663,388,3403
5977,677,1125,1564,2227,2589,,677,448,439,663,362,3388
6379,737,1284,1773,2508,2961,,737,547,489,735,453,3418
6379,717,1257,1746,2483,2906,,717,540,489,737,423,3473
6354,717,1257,1746,2482,2905,,717,540,489,736,423,3449
6378,715,1286,1771,2510,2929,,715,571,485,739,419,3449
6223,717,1215,1671,2326,2748,,717,498,456,655,422,3475
6058,707,1197,1668,2329,2666,,707,490,471,661,337,3392
5898,704,1154,1568,2203,2535,,704,450,414,635,332,3363
6052,662,1146,1619,2321,2697,,662,484,473,702,376,3355
6112,705,1194,1663,2325,2664,,705,489,469,662,339,3448
5933,706,1180,1653,2277,2594,,706,474,473,624,317,3339
6026,706,1196,1667,2329,2663,,706,490,471,662,334,3363
6099,701,1170,1642,2345,2719,,701,469,472,703,374,3380
6183,708,1170,1645,2344,2761,,708,462,475,699,417,3422
6254,699,1172,1643,2347,2784,,699,473,471,704,437,3470
6047,667,1140,1613,2315,2670,,667,473,473,702,355,3377
6084,705,1196,1668,2328,2689,,705,491,472,660,361,3395
5948,704,1196,1627,2256,2590,,704,492,431,629,334,3358
6045,703,1196,1669,2328,2664,,703,493,473,659,336,3381
6215,705,1171,1643,2346,2762,,705,466,472,703,416,3453
6151,707,1194,1667,2371,2721,,707,487,473,704,350,3430
5924,703,1169,1598,2227,2561,,703,466,429,629,334,3363
6148,702,1196,1667,2371,2745,,702,494,471,704,374,3403
6214,704,1196,1668,2370,2787,,704,492,472,702,417,3427
6130,705,1169,1642,2346,2722,,705,464,473,704,376,3408
5998,704,1170,1642,2304,2638,,704,466,472,662,334,3360
6143,705,1196,1667,2329,2709,,705,491,471,662,380,3434
6383,717,1287,1770,2482,2905,,717,570,483,712,423,3478
6291,715,1253,1769,2479,2901,,715,538,516,710,422,3390
6377,715,1256,1745,2510,2930,,715,541,489,765,420,3447
6403,745,1257,1745,2511,2960,,745,512,488,766,449,3443
6327,716,1256,1745,2482,2905,,716,540,489,737,423,3422
6378,716,1257,1746,2483,2904,,716,541,489,737,421,3474
6377,717,1241,1716,2483,2932,,717,524,475,767,449,3445
6351,744,1255,1744,2481,2903,,744,511,489,737,422,3448
6288,716,1256,1723,2443,2840,,716,540,467,720,397,3448
6140,705,1170,1642,2345,2719,,705,465,472,703,374,3421
5958,705,1181,1613,2240,2573,,705,476,432,627,333,3385
6182,700,1132,1613,2319,2740,,700,432,481,706,421,3442
6216,705,1195,1667,2370,2763,,705,490,472,703,393,3453
6159,715,1204,1677,2379,2730,,715,489,473,702,351,3429
5976,705,1197,1628,2253,2587,,705,492,431,625,334,3389
6214,702,1171,1644,2346,2763,,702,469,473,702,417,3451
6215,706,1196,1676,2372,2788,,706,490,480,696,416,3427
6156,704,1195,1667,2370,2720,,704,491,472,703,350,3436
6008,704,1180,1652,2314,2647,,704,476,472,662,333,3361
6141,705,1193,1664,2328,2706,,705,488,471,664,378,3435
6377,717,1286,1800,2509,2931,,717,569,514,709,422,3446
6191,720,1163,1641,2354,2773,,720,443,478,713,419,3418
6216,705,1171,1644,2345,2761,,705,466,473,701,416,3455
6085,704,1167,1643,2331,2706,,704,463,476,688,375,3379
5948,705,1195,1624,2255,2587,,705,490,429,631,332,3361
6215,700,1172,1643,2347,2763,,700,472,471,704,416,3452
6215,705,1196,1667,2370,2785,,705,491,471,703,415,3430
6158,704,1196,1694,2395,2746,,704,492,498,701,351,3412
6124,707,1177,1655,2369,2720,,707,470,478,714,351,3404
6034,705,1197,1669,2329,2665,,705,492,472,660,336,3369
5969,705,1197,1639,2278,2609,,705,492,442,639,331,3360
6172,701,1193,1665,2367,2742,,701,492,472,702,375,3430
6188,704,1195,1692,2361,2756,,704,491,497,669,395,3432
5976,705,1155,1592,2253,2614,,705,450,437,661,361,3362
5948,704,1194,1625,2256,2588,,704,490,431,631,332,3360
6216,700,1173,1646,2347,2764,,700,473,473,701,417,3452
6212,705,1193,1663,2370,2761,,705,488,470,707,391,3451
6159,704,1196,1667,2372,2723,,704,492,471,705,351,3436
6050,705,1168,1664,2329,2665,,705,463,496,665,336,3385
6056,707,1195,1665,2328,2664,,707,488,470,663,336,3392
5947,705,1170,1599,2230,2565,,705,465,429,631,335,3382
6078,701,1170,1657,2346,2694,,701,469,487,689,348,3384
6174,705,1196,1668,2374,2779,,705,491,472,706,405,3395
5974,704,1171,1602,2255,2609,,704,467,431,653,354,3365
5924,705,1171,1602,2230,2563,,705,466,431,628,333,3361
6240,702,1173,1644,2348,2764,,702,471,471,704,416,3476
6140,705,1170,1642,2308,2706,,705,465,472,666,398,3434
6173,705,1171,1641,2347,2738,,705,466,470,706,391,3435
6002,704,1171,1641,2304,2642,,704,467,470,663,338,3360
6032,704,1195,1665,2328,2661,,704,491,470,663,333,3371
5946,700,1171,1602,2229,2565,,700,471,431,627,336,3381
6173,702,1195,1666,2370,2722,,702,493,471,704,352,3451
6025,705,1194,1667,2370,2668,,705,489,473,703,298,3357
5999,706,1197,1628,2277,2614,,706,491,431,649,337,3385
6032,704,1171,1642,2302,2640,,704,467,471,660,338,3392
5947,706,1195,1667,2291,2608,,706,489,472,624,317,3339
6217,705,1173,1646,2346,2737,,705,468,473,700,391,3480
6173,705,1195,1693,2394,2769,,705,490,498,701,375,3404
6026,705,1196,1667,2329,2664,,705,491,471,662,335,3362
6004,703,1172,1644,2304,2639,,703,469,472,660,335,3365
5945,706,1195,1624,2252,2585,,706,489,429,628,333,3360
6072,700,1172,1643,2346,2703,,700,472,471,703,357,3369
6220,703,1176,1647,2351,2768,,703,473,471,704,417,3452
6076,705,1196,1693,2354,2709,,705,491,497,661,355,3367
5997,710,1247,1675,2306,2637,,710,537,428,631,331,3360
6225,703,1178,1650,2354,2746,,703,475,472,704,392,3479
6214,704,1195,1667,2371,2740,,704,491,472,704,369,3474
6157,705,1194,1666,2371,2722,,705,489,472,705,351,3435
6024,705,1194,1664,2327,2663,,705,489,470,663,336,3361
5951,701,1195,1625,2250,2585,,701,494,430,625,335,3366
5948,702,1194,1624,2254,2590,,702,492,430,630,336,3358
6020,699,1174,1646,2319,2668,,699,475,472,673,349,3352
6214,705,1194,1666,2370,2786,,705,489,472,704,416,3428
6080,704,1199,1671,2332,2688,,704,495,472,661,356,3392
5946,700,1192,1621,2250,2583,,700,492,429,629,333,3363
5953,698,1172,1604,2255,2612,,698,474,432,651,357,3341
6239,705,1194,1667,2370,2792,,705,489,473,703,422,3447
6151,707,1171,1645,2347,2697,,707,464,474,702,350,3454
6010,705,1181,1652,2315,2651,,705,476,471,663,336,3359
5953,703,1194,1625,2252,2584,,703,491,431,627,332,3369
5921,700,1167,1599,2227,2561,,700,467,432,628,334,3360
6071,702,1177,1648,2355,2693,,702,475,471,707,338,3378
6128,703,1172,1642,2347,2683,,703,469,470,705,336,3445
6321,721,1248,1734,2471,2894,,721,527,486,737,423,3427
6381,717,1258,1745,2483,2936,,717,541,487,738,453,3445
6353,716,1286,1770,2482,2905,,716,570,484,712,423,3448
6290,746,1286,1771,2461,2845,,746,540,485,690,384,3445
5926,706,1195,1665,2292,2587,,706,489,470,627,295,3339
6281,705,1143,1653,2387,2794,,705,438,510,734,407,3487
6405,716,1256,1773,2482,2935,,716,540,517,709,453,3470
6301,718,1256,1746,2482,2884,,718,538,490,736,402,3417
6339,742,1258,1710,2476,2894,,742,516,452,766,418,3445
6214,704,1195,1667,2369,2785,,704,491,472,702,416,3429
5898,706,1179,1570,2191,2535,,706,473,391,621,344,3363
5949,723,1197,1628,2256,2590,,723,474,431,628,334,3359
6249,705,1181,1677,2380,2772,,705,476,496,703,392,3477
6233,713,1188,1686,2388,2782,,713,475,498,702,394,3451
6183,705,1195,1668,2370,2720,,705,490,473,702,350,3463
6033,707,1177,1650,2313,2667,,707,470,473,663,354,3366
5926,702,1169,1598,2228,2558,,702,467,429,630,330,3368
5920,700,1170,1599,2230,2563,,700,470,429,631,333,3357
6073,701,1175,1648,2350,2706,,701,474,473,702,356,3367
6215,705,1171,1642,2346,2763,,705,466,471,704,417,3452
6005,706,1180,1651,2312,2649,,706,474,471,661,337,3356
5947,701,1195,1625,2256,2586,,701,494,430,631,330,3361
5908,707,1183,1655,2275,2571,,707,476,472,620,296,3337
6193,698,1173,1646,2348,2741,,698,475,473,702,393,3452
6132,706,1197,1667,2371,2722,,706,491,470,704,351,3410
5984,660,1130,1600,2264,2618,,660,470,470,664,354,3366
5950,700,1167,1596,2226,2559,,700,467,429,630,333,3391
5947,709,1195,1626,2254,2585,,709,486,431,628,331,3362
6082,701,1176,1647,2351,2700,,701,475,471,704,349,3382
6213,704,1195,1665,2371,2787,,704,491,470,706,416,3426
6233,670,1164,1651,2364,2773,,670,494,487,713,409,3460
6175,716,1205,1684,2396,2794,,716,489,479,712,398,3381
6238,700,1171,1643,2345,2736,,700,471,472,702,391,3502
6245,703,1177,1649,2351,2767,,703,474,472,702,416,3478
6071,704,1191,1661,2365,2714,,704,487,470,704,349,3357
6351,669,1185,1697,2480,2903,,669,516,512,783,423,3448
6353,716,1259,1746,2482,2906,,716,543,487,736,424,3447
6286,716,1256,1744,2481,2883,,716,540,488,737,402,3403
6290,717,1258,1773,2461,2845,,717,541,515,688,384,3445
6214,704,1195,1666,2370,2761,,704,491,471,704,391,3453
6242,670,1186,1699,2388,2810,,670,516,513,689,422,3432
5949,705,1197,1626,2256,2588,,705,492,429,630,332,3361
6248,706,1183,1655,2355,2746,,706,477,472,700,391,3502
6239,700,1194,1667,2369,2762,,700,494,473,702,393,3477
6191,704,1177,1673,2378,2753,,704,473,496,705,375,3438
6279,688,1181,1669,2381,2817,,688,493,488,712,436,3462
6382,718,1258,1746,2482,2906,,718,540,488,736,424,3476
6287,716,1257,1745,2483,2884,,716,541,488,738,401,3403
6281,717,1259,1746,2511,2896,,717,542,487,765,385,3385
6368,708,1234,1706,2435,2891,,708,526,472,729,456,3477
6353,717,1257,1745,2483,2905,,717,540,488,738,422,3448
6378,717,1257,1773,2511,2929,,717,540,516,738,418,3449
6406,717,1257,1776,2516,2931,,717,540,519,740,415,3475
6382,716,1257,1745,2482,2905,,716,541,488,737,423,3477
6311,716,1213,1702,2412,2822,,716,497,489,710,410,3489
6381,717,1256,1743,2481,2903,,717,539,487,738,422,3478
6351,717,1259,1744,2482,2904,,717,542,485,738,422,3447
6287,717,1256,1745,2481,2884,,717,539,489,736,403,3403
6380,717,1258,1747,2512,2910,,717,541,489,765,398,3470
6381,747,1256,1744,2482,2904,,747,509,488,738,422,3477
6354,716,1286,1771,2484,2905,,716,570,485,713,421,3449
6287,718,1257,1745,2482,2885,,718,539,488,737,403,3402
6302,716,1259,1746,2483,2886,,716,543,487,737,403,3416
6255,690,1184,1671,2383,2795,,690,494,487,712,412,3460
6315,719,1219,1732,2443,2853,,719,500,513,711,410,3462
6371,726,1303,1787,2499,2924,,726,577,484,712,425,3447
6352,718,1256,1745,2481,2905,,718,538,489,736,424,3447
6287,716,1256,1745,2481,2884,,716,540,489,736,403,3403
6380,717,1258,1747,2485,2907,,717,541,489,738,422,3473
6352,716,1257,1747,2482,2905,,716,541,490,735,423,3447
6320,720,1221,1708,2420,2831,,720,501,487,712,411,3489
6378,717,1258,1746,2485,2935,,717,541,488,739,450,3443
6303,717,1258,1745,2483,2886,,717,541,487,738,403,3417
6355,717,1258,1746,2483,2906,,717,541,488,737,423,3449
6371,726,1275,1763,2501,2923,,726,549,488,738,422,3448
6276,716,1207,1692,2407,2841,,716,491,485,715,434,3435
6149,711,1209,1699,2396,2740,,711,498,490,697,344,3409
5940,697,1170,1593,2225,2569,,697,473,423,632,344,3371
5906,706,1180,1650,2275,2570,,706,474,470,625,295,3336
6177,705,1174,1650,2347,2763,,705,469,476,697,416,3414
6081,706,1181,1652,2356,2710,,706,475,471,704,354,3371
5922,704,1170,1601,2232,2561,,704,466,431,631,329,3361
6114,702,1133,1610,2297,2687,,702,431,477,687,390,3427
6216,662,1149,1622,2322,2713,,662,487,473,700,391,3503
6135,705,1196,1668,2372,2746,,705,491,472,704,374,3389
5972,706,1180,1652,2274,2615,,706,474,472,622,341,3357
5883,705,1138,1552,2188,2521,,705,433,414,636,333,3362
5923,700,1173,1602,2231,2564,,700,473,429,629,333,3359
6189,700,1174,1646,2351,2726,,700,474,472,705,375,3463
6248,704,1196,1668,2372,2789,,704,492,472,704,417,3459
6193,707,1182,1679,2382,2758,,707,475,497,703,376,3435
5920,701,1169,1598,2229,2560,,701,468,429,631,331,3360
6247,708,1138,1618,2330,2747,,708,430,480,712,417,3500
6216,702,1125,1608,2296,2712,,702,423,483,688,416,3504
6158,705,1196,1668,2371,2722,,705,491,472,703,351,3436
6309,723,1273,1761,2483,2901,,723,550,488,722,418,3408
6351,716,1255,1745,2481,2932,,716,539,490,736,451,3419
6288,717,1259,1747,2483,2884,,717,542,488,736,401,3404
6323,716,1258,1745,2511,2910,,716,542,487,766,399,3413
6425,736,1312,1826,2532,2984,,736,576,514,706,452,3441
6279,702,1184,1672,2384,2820,,702,482,488,712,436,3459
6354,716,1258,1747,2483,2906,,716,542,489,736,423,3448
6355,717,1259,1747,2485,2906,,717,542,488,738,421,3449
6336,742,1242,1726,2483,2906,,742,500,484,757,423,3430
6177,673,1146,1618,2319,2715,,673,473,472,701,396,3462
6278,714,1243,1670,2383,2818,,714,529,427,713,435,3460
6277,718,1256,1746,2482,2905,,718,538,490,736,423,3372
6330,717,1257,1745,2456,2905,,717,540,488,711,449,3425
6379,748,1259,1776,2485,2907,,748,511,517,709,422,3472
6372,726,1279,1765,2475,2927,,726,553,486,710,452,3445
6373,726,1304,1788,2500,2923,,726,578,484,712,423,3450
6353,717,1257,1746,2483,2905,,717,540,489,737,422,3448
6339,719,1219,1706,2449,2888,,719,500,487,743,439,3451
6255,742,1197,1681,2383,2794,,742,455,484,702,411,3461
6280,694,1208,1698,2407,2818,,694,514,490,709,411,3462
6406,717,1258,1746,2482,2933,,717,541,488,736,451,3473
6372,717,1259,1746,2484,2935,,717,542,487,738,451,3437
6287,717,1258,1746,2483,2885,,717,541,488,737,402,3402
6380,717,1259,1746,2484,2908,,717,542,487,738,424,3472
6353,716,1258,1747,2483,2905,,716,542,489,736,422,3448
6353,709,1260,1745,2482,2905,,709,551,485,737,423,3448
6352,717,1258,1744,2482,2903,,717,541,486,738,421,3449
6344,724,1274,1762,2483,2907,,724,550,488,721,424,3437
5883,634,1050,1445,2093,2457,,634,416,395,648,364,3426
6153,704,1173,1646,2348,2742,,704,469,473,702,394,3411
6251,658,1191,1675,2383,2793,,658,533,484,708,410,3458
6353,716,1258,1747,2483,2905,,716,542,489,736,422,3448
6354,717,1242,1711,2483,2906,,717,525,469,772,423,3448
6378,717,1260,1746,2484,2905,,717,543,486,738,421,3473
6353,717,1258,1776,2485,2908,,717,541,518,709,423,3445
6354,715,1258,1745,2483,2905,,715,543,487,738,422,3449
6340,716,1258,1710,2425,2894,,716,542,452,715,469,3446
6112,705,1169,1599,2294,2686,,705,464,430,695,392,3426
5990,645,1056,1466,2171,2563,,645,411,410,705,392,3427
6175,705,1158,1634,2322,2743,,705,453,476,688,421,3432
5999,664,1147,1619,2281,2615,,664,483,472,662,334,3384
5921,700,1171,1602,2229,2562,,700,471,431,627,333,3359
6285,716,1258,1746,2462,2877,,716,542,488,716,415,3408
6331,711,1210,1697,2440,2847,,711,499,487,743,407,3484
6277,707,1206,1696,2407,2818,,707,499,490,711,411,3459
6351,719,1257,1746,2483,2904,,719,538,489,737,421,3447
6353,716,1257,1746,2482,2904,,716,541,489,736,422,3449
6315,717,1216,1704,2416,2826,,717,499,488,712,410,3489
6227,741,1218,1636,2359,2767,,741,477,418,723,408,3460
6354,717,1207,1697,2484,2906,,717,490,490,787,422,3448
6363,716,1238,1721,2483,2906,,716,522,483,762,423,3457
6352,716,1257,1746,2484,2906,,716,541,489,738,422,3446
6301,716,1257,1745,2482,2884,,716,541,488,737,402,3417
6300,716,1259,1747,2484,2907,,716,543,488,737,423,3393
6085,645,1124,1596,2298,2671,,645,479,472,702,373,3414
6300,714,1248,1719,2476,2896,,714,534,471,757,420,3404
5949,705,1197,1626,2257,2587,,705,492,429,631,330,3362
6014,709,1145,1543,2174,2588,,709,436,398,631,414,3426
6010,664,1081,1491,2192,2607,,664,417,410,701,415,3403
6085,705,1140,1569,2280,2698,,705,435,429,711,418,3387
6205,704,1195,1623,2333,2742,,704,491,428,710,409,3463
6329,716,1258,1746,2483,2906,,716,542,488,737,423,3423
6302,716,1207,1694,2406,2846,,716,491,487,712,440,3456
6378,716,1257,1774,2483,2906,,716,541,517,709,423,3472
6379,717,1258,1746,2484,2934,,717,541,488,738,450,3445
6257,718,1211,1697,2410,2820,,718,493,486,713,410,3437
6407,717,1258,1746,2512,2931,,717,541,488,766,419,3476
6315,716,1216,1704,2419,2827,,716,500,488,715,408,3488
6293,716,1219,1687,2408,2816,,716,503,468,721,408,3477
6351,717,1255,1722,2480,2904,,717,538,467,758,424,3447
6352,716,1257,1744,2482,2904,,716,541,487,738,422,3448
6323,717,1258,1746,2458,2905,,717,541,488,712,447,3418
6285,717,1214,1703,2414,2824,,717,497,489,711,410,3461
6432,716,1258,1746,2513,2931,,716,542,488,767,418,3501
6353,718,1259,1747,2484,2906,,718,541,488,737,422,3447
6282,717,1206,1694,2407,2816,,717,489,488,713,409,3466
6452,717,1286,1800,2539,2985,,717,569,514,739,446,3467
6284,717,1204,1695,2410,2818,,717,487,491,715,408,3466
6256,716,1227,1686,2385,2796,,716,511,459,699,411,3460
6255,717,1259,1674,2385,2795,,717,542,415,711,410,3460
6384,717,1259,1747,2485,2907,,717,542,488,738,422,3477
6361,717,1261,1747,2485,2909,,717,544,486,738,424,3452
6311,725,1276,1763,2502,2905,,725,551,487,739,403,3406
6353,717,1260,1748,2485,2907,,717,543,488,737,422,3446
6354,743,1236,1722,2485,2906,,743,493,486,763,421,3448
6256,688,1185,1673,2385,2796,,688,497,488,712,411,3460
6280,718,1259,1747,2485,2830,,718,541,488,738,345,3450
6379,717,1258,1747,2463,2935,,717,541,489,716,472,3444
6255,717,1224,1671,2380,2793,,717,507,447,709,413,3462
6254,716,1260,1667,2383,2796,,716,544,407,716,413,3458
6371,728,1275,1763,2501,2923,,728,547,488,738,422,3448
6357,719,1260,1748,2485,2907,,719,541,488,737,422,3450
6287,721,1259,1746,2483,2884,,721,538,487,737,401,3403
6354,717,1259,1749,2485,2908,,717,542,490,736,423,3446
6354,740,1223,1707,2483,2905,,740,483,484,776,422,3449
6376,731,1281,1770,2505,2929,,731,550,489,735,424,3447
6354,718,1259,1746,2484,2905,,718,541,487,738,421,3449
6254,700,1184,1673,2384,2794,,700,484,489,711,410,3460
6230,716,1248,1696,2366,2775,,716,532,448,670,409,3455
6354,716,1259,1726,2483,2907,,716,543,467,757,424,3447
6355,716,1260,1748,2484,2906,,716,544,488,736,422,3449
6355,719,1259,1747,2484,2907,,719,540,488,737,423,3448
6303,716,1260,1748,2484,2887,,716,544,488,736,403,3416
6385,716,1260,1750,2485,2908,,716,544,490,735,423,3477
6352,716,1258,1746,2483,2908,,716,542,488,737,425,3444
6355,715,1257,1747,2484,2907,,715,542,490,737,423,3448
6355,717,1259,1748,2485,2906,,717,542,489,737,421,3449
6304,716,1259,1747,2463,2867,,716,543,488,716,404,3437
6256,718,1246,1696,2409,2812,,718,528,450,713,403,3444
6379,702,1237,1750,2460,2934,,702,535,513,710,474,3445
6356,716,1259,1746,2484,2907,,716,543,487,738,423,3449
6354,716,1257,1744,2482,2905,,716,541,487,738,423,3449
6281,698,1183,1671,2383,2818,,698,485,488,712,435,3463
6379,716,1285,1769,2481,2904,,716,569,484,712,423,3475
6405,716,1258,1740,2512,2959,,716,542,482,772,447,3446
6355,716,1258,1746,2485,2905,,716,542,488,739,420,3450
6354,717,1287,1771,2486,2906,,717,570,484,715,420,3448
6302,718,1259,1746,2463,2868,,718,541,487,717,405,3434
6231,716,1246,1695,2373,2754,,716,530,449,678,381,3477
6256,717,1259,1670,2382,2795,,717,542,411,712,413,3461
6354,710,1258,1747,2484,2906,,710,548,489,737,422,3448
6355,717,1262,1748,2485,2907,,717,545,486,737,422,3448
6354,710,1260,1748,2484,2906,,710,550,488,736,422,3448
6353,718,1258,1746,2485,2906,,718,540,488,739,421,3447
6256,716,1259,1679,2385,2797,,716,543,420,706,412,3459
6230,676,1159,1646,2360,2769,,676,483,487,714,409,3461
6356,717,1260,1748,2485,2908,,717,543,488,737,423,3448
6385,717,1254,1746,2459,2907,,717,537,492,713,448,3478
6280,718,1259,1747,2484,2827,,718,541,488,737,343,3453
6384,716,1259,1747,2484,2907,,716,543,488,737,423,3477
6229,677,1183,1672,2384,2795,,677,506,489,712,411,3434
6356,716,1260,1747,2484,2907,,716,544,487,737,423,3449
6329,717,1263,1748,2482,2904,,717,546,485,734,422,3425
6350,716,1262,1748,2485,2907,,716,546,486,737,422,3443
6280,717,1259,1669,2385,2821,,717,542,410,716,436,3459
6355,717,1259,1747,2484,2906,,717,542,488,737,422,3449
6355,744,1259,1746,2483,2906,,744,515,487,737,423,3449
6354,716,1259,1747,2472,2906,,716,543,488,725,434,3448
6279,717,1258,1747,2484,2829,,717,541,489,737,345,3450
6330,717,1261,1748,2485,2888,,717,544,487,737,403,3442
6355,717,1259,1747,2484,2906,,717,542,488,737,422,3449
6355,717,1260,1748,2484,2907,,717,543,488,736,423,3448
6230,705,1134,1622,2334,2743,,705,429,488,712,409,3487
6380,716,1259,1747,2483,2906,,716,543,488,736,423,3474
6279,745,1258,1668,2384,2819,,745,513,410,716,435,3460
6356,716,1252,1747,2485,2907,,716,536,495,738,422,3449
6355,718,1259,1747,2484,2906,,718,541,488,737,422,3449
6354,716,1257,1745,2483,2892,,716,541,488,738,409,3462
6279,716,1259,1747,2483,2829,,716,543,488,736,346,3450
6280,718,1258,1745,2482,2828,,718,540,487,737,346,3452
6287,718,1210,1701,2483,2886,,718,492,491,782,403,3401
6333,715,1260,1747,2489,2908,,715,545,487,742,419,3425
6334,715,1259,1747,2486,2908,,715,544,488,739,422,3426
6378,717,1262,1749,2485,2937,,717,545,487,736,452,3441
6227,716,1259,1726,2408,2768,,716,543,467,682,360,3459
6277,703,1206,1693,2407,2817,,703,503,487,714,410,3460
6356,717,1260,1748,2485,2907,,717,543,488,737,422,3449
6354,717,1259,1748,2484,2907,,717,542,489,736,423,3447
6330,717,1259,1748,2485,2886,,717,542,489,737,401,3444
6226,716,1204,1693,2384,2775,,716,488,489,691,391,3451
6192,715,1226,1687,2350,2719,,715,511,461,663,369,3473
6258,713,1210,1697,2409,2820,,713,497,487,712,411,3438
6036,718,1260,1671,2320,2660,,718,542,411,649,340,3376
5887,646,1071,1487,2120,2486,,646,425,416,633,366,3401
6192,703,1174,1648,2331,2734,,703,471,474,683,403,3458
6219,700,1172,1643,2349,2766,,700,472,471,706,417,3453
6135,705,1198,1671,2372,2747,,705,493,473,701,375,3388
6003,704,1153,1591,2256,2612,,704,449,438,665,356,3391
5929,705,1173,1604,2234,2565,,705,468,431,630,331,3364
5930,701,1199,1671,2293,2585,,701,498,472,622,292,3345
6004,703,1175,1645,2350,2675,,703,472,470,705,325,3329
5999,704,1173,1645,2307,2641,,704,469,472,662,334,3358
5973,704,1201,1631,2261,2588,,704,497,430,630,327,3385
5899,701,1173,1646,2267,2559,,701,472,473,621,292,3340
6216,704,1173,1645,2347,2763,,704,469,472,702,416,3453
5975,647,1123,1596,2255,2590,,647,476,473,659,335,3385
6089,705,1195,1666,2305,2638,,705,490,471,639,333,3451
6230,705,1197,1668,2353,2770,,705,492,471,685,417,3460
6302,717,1234,1722,2484,2885,,717,517,488,762,401,3417
6355,717,1287,1772,2483,2906,,717,570,485,711,423,3449
6387,738,1291,1808,2516,2938,,738,553,517,708,422,3449
6383,716,1288,1772,2484,2906,,716,572,484,712,422,3477
6202,745,1223,1695,2397,2793,,745,478,472,702,396,3409
5945,699,1194,1669,2289,2606,,699,495,475,620,317,3339
6241,705,1198,1671,2375,2791,,705,493,473,704,416,3450
6143,646,1124,1619,2324,2716,,646,478,495,705,392,3427
6155,704,1196,1693,2395,2773,,704,492,497,702,378,3382
6228,704,1172,1621,2317,2698,,704,468,449,696,381,3530
6303,745,1259,1746,2484,2886,,745,514,487,738,402,3417
6317,716,1260,1748,2484,2876,,716,544,488,736,392,3441
6117,632,1123,1594,2295,2685,,632,491,471,701,390,3432
6090,710,1185,1666,2361,2711,,710,475,481,695,350,3379
5967,704,1198,1629,2284,2618,,704,494,431,655,334,3349
5900,698,1173,1644,2269,2561,,698,475,471,625,292,3339
6218,705,1198,1670,2374,2765,,705,493,472,704,391,3453
6089,646,1073,1554,2245,2637,,646,427,481,691,392,3452
6026,705,1172,1644,2307,2664,,705,467,472,663,357,3362
6047,705,1196,1628,2281,2629,,705,491,432,653,348,3418
6333,717,1259,1746,2484,2906,,717,542,487,738,422,3427
6326,744,1255,1773,2482,2882,,744,511,518,709,400,3444
6435,699,1235,1718,2482,2932,,699,536,483,764,450,3503
6407,716,1257,1746,2482,2932,,716,541,489,736,450,3475
6299,746,1312,1790,2494,2918,,746,566,478,704,424,3381
5924,705,1172,1645,2268,2586,,705,467,473,623,318,3338
5990,697,1173,1603,2231,2565,,697,476,430,628,334,3425
6283,703,1142,1627,2332,2743,,703,439,485,705,411,3540
6405,716,1259,1748,2513,2961,,716,543,489,765,448,3444
6303,717,1258,1775,2484,2856,,717,541,517,709,372,3447
6324,717,1259,1746,2516,2911,,717,542,487,770,395,3413
6412,717,1290,1802,2536,2920,,717,573,512,734,384,3492
6280,716,1246,1693,2401,2833,,716,530,447,708,432,3447
6353,746,1259,1747,2484,2907,,746,513,488,737,423,3446
6264,718,1217,1686,2423,2759,,718,499,469,737,336,3505
6356,717,1261,1748,2485,2907,,717,544,487,737,422,3449
6116,721,1221,1630,2263,2667,,721,500,409,633,404,3449
6356,716,1260,1777,2490,2908,,716,544,517,713,418,3448
6356,746,1260,1749,2485,2908,,746,514,489,736,423,3448
6355,716,1261,1748,2484,2907,,716,545,487,736,423,3448
6304,717,1259,1747,2517,2853,,717,542,488,770,336,3451
6355,718,1258,1746,2513,2910,,718,540,488,767,397,3445
6230,660,1160,1648,2360,2771,,660,500,488,712,411,3459
6356,716,1259,1747,2513,2932,,716,543,488,766,419,3424
6304,716,1259,1746,2465,2881,,716,543,487,719,416,3423
6355,716,1260,1749,2486,2907,,716,544,489,737,421,3448
6356,717,1260,1749,2485,2891,,717,543,489,736,406,3465
6356,722,1260,1748,2484,2907,,722,538,488,736,423,3449
6355,717,1259,1748,2484,2910,,717,542,489,736,426,3445
6356,717,1261,1748,2485,2908,,717,544,487,737,423,3448
6357,718,1261,1693,2410,2907,,718,543,432,717,497,3450
6356,718,1261,1748,2485,2909,,718,543,487,737,424,3447
6355,716,1259,1748,2485,2907,,716,543,489,737,422,3448
6334,716,1260,1776,2485,2907,,716,544,516,709,422,3427
6294,718,1262,1731,2461,2884,,718,544,469,730,423,3410
6358,716,1289,1803,2511,2933,,716,573,514,708,422,3425
6409,716,1259,1747,2466,2937,,716,543,488,719,471,3472
6379,717,1258,1746,2513,2931,,717,541,488,767,418,3448
6409,716,1258,1775,2484,2935,,716,542,517,709,451,3474
6379,716,1289,1803,2513,2933,,716,573,514,710,420,3446
6355,745,1258,1746,2485,2907,,745,513,488,739,422,3448
6383,716,1258,1746,2483,2905,,716,542,488,737,422,3478
6229,687,1106,1627,2334,2774,,687,419,521,707,440,3455
6433,716,1289,1773,2484,2935,,716,573,484,711,451,3498
6056,705,1192,1664,2325,2680,,705,487,472,661,355,3376
6215,698,1172,1643,2348,2764,,698,474,471,705,416,3451
6242,700,1173,1646,2349,2765,,700,473,473,703,416,3477
6256,688,1114,1625,2363,2800,,688,426,511,738,437,3456
6385,717,1259,1747,2484,2906,,717,542,488,737,422,3479
6459,716,1259,1775,2517,2985,,716,543,516,742,468,3474
6403,744,1288,1800,2540,2955,,744,544,512,740,415,3448
6303,716,1206,1695,2407,2849,,716,490,489,712,442,3454
6259,702,1170,1653,2388,2796,,702,468,483,735,408,3463
6356,718,1259,1777,2486,2906,,718,541,518,709,420,3450
6403,717,1259,1746,2513,2961,,717,542,487,767,448,3442
6300,716,1259,1747,2484,2886,,716,543,488,737,402,3414
6341,716,1260,1748,2514,2905,,716,544,488,766,391,3436
6192,704,1157,1585,2296,2716,,704,453,428,711,420,3476
6176,704,1197,1669,2376,2765,,704,493,472,707,389,3411
6033,705,1173,1646,2307,2662,,705,468,473,661,355,3371
6003,705,1172,1644,2306,2641,,705,467,472,662,335,3362
6063,704,1196,1668,2328,2686,,704,492,472,660,358,3377
6001,706,1174,1646,2308,2646,,706,468,472,662,338,3355
6037,708,1183,1654,2317,2654,,708,475,471,663,337,3383
5934,705,1172,1604,2232,2563,,705,467,432,628,331,3371
6242,701,1174,1646,2348,2766,,701,473,472,702,418,3476
6116,653,1124,1596,2298,2690,,653,471,472,702,392,3426
5922,707,1194,1666,2290,2583,,707,487,472,624,293,3339
6161,706,1196,1669,2372,2722,,706,490,473,703,350,3439
6055,704,1199,1671,2333,2687,,704,495,472,662,354,3368
6001,704,1171,1643,2304,2639,,704,467,472,661,335,3362
6029,705,1200,1671,2332,2667,,705,495,471,661,335,3362
6001,704,1174,1647,2307,2641,,704,470,473,660,334,3360
6024,707,1197,1670,2330,2667,,707,490,473,660,337,3357
5963,705,1200,1631,2258,2592,,705,495,431,627,334,3371
6064,705,1197,1670,2372,2673,,705,492,473,702,301,3391
6311,648,1164,1649,2390,2822,,648,516,485,741,432,3489
6319,718,1197,1682,2395,2834,,718,479,485,713,439,3485
6411,716,1287,1772,2514,2932,,716,571,485,742,418,3479
6352,715,1259,1775,2484,2907,,715,544,516,709,423,3445
6353,717,1259,1776,2478,2906,,717,542,517,702,428,3447
6080,704,1176,1649,2350,2701,,704,472,473,701,351,3379
5990,662,1084,1555,2262,2613,,662,422,471,707,351,3377
6050,705,1198,1668,2332,2667,,705,493,470,664,335,3383
5940,681,1174,1602,2232,2565,,681,493,428,630,333,3375
5946,700,1170,1667,2289,2607,,700,470,497,622,318,3339
6144,649,1123,1595,2299,2695,,649,474,472,704,396,3449
6250,706,1185,1670,2357,2776,,706,479,485,687,419,3474
6048,704,1169,1641,2344,2693,,704,465,472,703,349,3355
6128,705,1199,1671,2375,2767,,705,494,472,704,392,3361
6219,705,1199,1696,2399,2792,,705,494,497,703,393,3427
6240,703,1198,1671,2373,2790,,703,495,473,702,417,3450
6218,704,1173,1645,2349,2766,,704,469,472,704,417,3452
6220,705,1199,1672,2373,2767,,705,494,473,701,394,3453
6222,700,1173,1646,2348,2740,,700,473,473,702,392,3482
6219,706,1174,1646,2348,2764,,706,468,472,702,416,3455
6052,704,1198,1669,2333,2667,,704,494,471,664,334,3385
5701,639,1035,1426,2038,2356,,639,396,391,612,318,3345
5727,627,1036,1432,2061,2380,,627,409,396,629,319,3347
6268,707,1200,1673,2377,2793,,707,493,473,704,416,3475
5883,703,1171,1642,2268,2560,,703,468,471,626,292,3323
5955,705,1201,1673,2294,2612,,705,496,472,621,318,3343
6119,706,1173,1604,2300,2695,,706,467,431,696,395,3424
6192,673,1146,1618,2322,2737,,673,473,472,704,415,3455
6117,700,1136,1610,2298,2690,,700,436,474,688,392,3427
6218,706,1174,1646,2350,2768,,706,468,472,704,418,3450
6242,705,1199,1693,2398,2815,,705,494,494,705,417,3427
6279,714,1183,1656,2358,2776,,714,469,473,702,418,3503
6175,706,1198,1670,2375,2768,,706,492,472,705,393,3407
6090,704,1176,1647,2348,2739,,704,472,471,701,391,3351
6194,705,1175,1647,2348,2741,,705,470,472,701,393,3453
6342,724,1249,1722,2473,2892,,724,525,473,751,419,3450
6219,706,1176,1648,2350,2751,,706,470,472,702,401,3468
6219,707,1199,1671,2373,2789,,707,492,472,702,416,3430
6230,710,1188,1661,2360,2776,,710,478,473,699,416,3454
6218,705,1199,1674,2375,2766,,705,494,475,701,391,3452
6218,662,1162,1636,2324,2718,,662,500,474,688,394,3500
6157,712,1150,1624,2338,2730,,712,438,474,714,392,3427
6029,703,1197,1669,2331,2690,,703,494,472,662,359,3339
6160,705,1173,1643,2349,2728,,705,468,470,706,379,3432
6212,710,1210,1698,2410,2822,,710,500,488,712,412,3390
6215,670,1160,1646,2360,2769,,670,490,486,714,409,3446
6410,715,1262,1776,2485,2937,,715,547,514,709,452,3473
6356,716,1259,1746,2484,2907,,716,543,487,738,423,3449
6115,702,1131,1610,2297,2692,,702,429,479,687,395,3423
6152,703,1200,1671,2373,2766,,703,497,471,702,393,3386
6182,704,1128,1610,2298,2718,,704,424,482,688,420,3464
6142,688,1121,1593,2299,2692,,688,433,472,706,393,3450
6129,705,1173,1644,2346,2736,,705,468,471,702,390,3393
6027,704,1199,1670,2334,2669,,704,495,471,664,335,3358
6146,704,1199,1629,2299,2695,,704,495,430,670,396,3451
6301,717,1285,1770,2481,2905,,717,568,485,711,424,3396
6154,646,1055,1553,2259,2694,,646,409,498,706,435,3460
6232,703,1186,1674,2386,2797,,703,483,488,712,411,3435
6202,646,1118,1611,2335,2748,,646,472,493,724,413,3454
6355,716,1260,1746,2484,2907,,716,544,486,738,423,3448
6112,647,1065,1557,2269,2678,,647,418,492,712,409,3434
6105,647,1056,1524,2235,2669,,647,409,468,711,434,3436
6356,718,1261,1748,2487,2908,,718,543,487,739,421,3448
6355,719,1261,1750,2486,2908,,719,542,489,736,422,3447
6357,747,1261,1750,2485,2909,,747,514,489,735,424,3448
6391,716,1266,1751,2485,2908,,716,550,485,734,423,3483
6106,703,1111,1535,2235,2644,,703,408,424,700,409,3462
6194,703,1142,1640,2325,2720,,703,439,498,685,395,3474
6055,705,1173,1615,2325,2673,,705,468,442,710,348,3382
6001,706,1199,1673,2309,2640,,706,493,474,636,331,3361
6166,701,1174,1598,2300,2717,,701,473,424,702,417,3449
6067,647,1122,1533,2223,2641,,647,475,411,690,418,3426
6252,729,1249,1722,2431,2851,,729,520,473,709,420,3401
6026,709,1199,1671,2331,2665,,709,490,472,660,334,3361
5926,705,1174,1604,2233,2566,,705,469,430,629,333,3360
6185,649,1073,1588,2310,2721,,649,424,515,722,411,3464
6255,745,1234,1650,2360,2795,,745,489,416,710,435,3460
6231,704,1112,1597,2310,2719,,704,408,485,713,409,3512
6228,716,1259,1669,2385,2794,,716,543,410,716,409,3434
6325,717,1261,1749,2486,2909,,717,544,488,737,423,3416
6155,714,1189,1690,2325,2721,,714,475,501,635,396,3434
5969,642,1052,1448,2145,2535,,642,410,396,697,390,3434
6127,707,1200,1673,2373,2723,,707,493,473,700,350,3404
5906,706,1175,1605,2235,2566,,706,469,430,630,331,3340
6075,701,1175,1648,2351,2706,,701,474,473,703,355,3369
6306,667,1124,1637,2390,2853,,667,457,513,753,463,3453
6363,745,1321,1811,2477,2918,,745,576,490,666,441,3445
6217,703,1132,1611,2324,2719,,703,429,479,713,395,3498
6243,708,1183,1655,2357,2774,,708,475,472,702,417,3469
6053,706,1174,1647,2309,2665,,706,468,473,662,356,3388
6241,699,1173,1629,2324,2743,,699,474,456,695,419,3498
6216,664,1148,1619,2323,2740,,664,484,471,704,417,3476
6028,705,1174,1647,2308,2665,,705,469,473,661,357,3363
6057,706,1201,1672,2335,2668,,706,495,471,663,333,3389
6359,716,1260,1749,2485,2936,,716,544,489,736,451,3423
6385,716,1259,1749,2485,2908,,716,543,490,736,423,3477
6266,744,1224,1706,2419,2830,,744,480,482,713,411,3436
6243,714,1227,1698,2399,2819,,714,513,471,701,420,3424
6161,708,1183,1657,2357,2733,,708,475,474,700,376,3428
5950,705,1199,1632,2257,2590,,705,494,433,625,333,3360
6239,700,1172,1649,2347,2738,,700,472,477,698,391,3501
6039,657,1107,1581,2270,2596,,657,450,474,689,326,3443
5975,704,1174,1602,2232,2564,,704,470,428,630,332,3411
6128,689,1160,1624,2312,2719,,689,471,464,688,407,3409
6357,718,1262,1751,2486,2910,,718,544,489,735,424,3447
6380,747,1259,1752,2512,2931,,747,512,493,760,419,3449
6383,740,1260,1776,2486,2906,,740,520,516,710,420,3477
6260,745,1238,1621,2334,2745,,745,493,383,713,411,3515
6354,716,1247,1715,2485,2907,,716,531,468,770,422,3447
6434,715,1288,1773,2513,2960,,715,573,485,740,447,3474
6266,716,1244,1676,2399,2821,,716,528,432,723,422,3445
6042,639,1059,1536,2223,2615,,639,420,477,687,392,3427
6104,705,1174,1648,2348,2741,,705,469,474,700,393,3363
6001,706,1175,1647,2310,2643,,706,469,472,663,333,3358
5950,705,1199,1631,2258,2590,,705,494,432,627,332,3360
6120,701,1133,1572,2276,2671,,701,432,439,704,395,3449
6042,648,1056,1506,2198,2591,,648,408,450,692,393,3451
6133,706,1173,1645,2348,2724,,706,467,472,703,376,3409
6009,706,1182,1654,2314,2651,,706,476,472,660,337,3358
5925,705,1173,1605,2233,2566,,705,468,432,628,333,3359
6211,711,1198,1628,2323,2738,,711,487,430,695,415,3473
5967,633,1030,1441,2148,2543,,633,397,411,707,395,3424
5987,708,1182,1679,2342,2646,,708,474,497,663,304,3341
6128,706,1176,1650,2352,2726,,706,470,474,702,374,3402
6050,704,1200,1673,2336,2666,,704,496,473,663,330,3384
6050,706,1158,1638,2324,2678,,706,452,480,686,354,3372
5969,680,1175,1645,2296,2617,,680,495,470,651,321,3352
6051,708,1199,1670,2333,2668,,708,491,471,663,335,3383
6036,711,1185,1657,2320,2664,,711,474,472,663,344,3372
5952,700,1174,1606,2235,2567,,700,474,432,629,332,3385
6092,702,1173,1642,2305,2642,,702,471,469,663,337,3450
5925,705,1174,1645,2267,2583,,705,469,471,622,316,3342
6102,706,1176,1649,2310,2689,,706,470,473,661,379,3413
6192,704,1174,1648,2350,2766,,704,470,474,702,416,3426
6244,705,1200,1673,2378,2794,,705,495,473,705,416,3450
6343,716,1251,1723,2475,2895,,716,535,472,752,420,3448
6242,705,1173,1669,2374,2791,,705,468,496,705,417,3451
6217,706,1197,1670,2374,2791,,706,491,473,704,417,3426
6166,706,1171,1645,2345,2739,,706,465,474,700,394,3427
6219,705,1199,1671,2374,2792,,705,494,472,703,418,3427
6219,704,1147,1619,2323,2714,,704,443,472,704,391,3505
6216,663,1105,1584,2296,2715,,663,442,479,712,419,3501
6178,706,1173,1645,2348,2745,,706,467,472,703,397,3433
6217,705,1173,1646,2348,2764,,705,468,473,702,416,3453
6155,705,1174,1648,2349,2724,,705,469,474,701,375,3431
6105,704,1173,1604,2254,2669,,704,469,431,650,415,3436
6242,715,1194,1671,2372,2796,,715,479,477,701,424,3446
6217,704,1199,1672,2357,2758,,704,495,473,685,401,3459
6153,705,1175,1646,2351,2704,,705,470,471,705,353,3449
6178,706,1200,1673,2378,2770,,706,494,473,705,392,3408
6152,704,1176,1648,2349,2766,,704,472,472,701,417,3386
6153,665,1150,1622,2324,2743,,665,485,472,702,419,3410
6176,705,1197,1669,2372,2723,,705,492,472,703,351,3453
6176,705,1200,1672,2374,2724,,705,495,472,702,350,3452
6182,704,1203,1675,2374,2749,,704,499,472,699,375,3433
6012,704,1200,1631,2282,2633,,704,496,431,651,351,3379
6230,705,1148,1615,2309,2745,,705,443,467,694,436,3485
6386,716,1260,1748,2445,2908,,716,544,488,697,463,3478
6311,716,1260,1749,2486,2830,,716,544,489,737,344,3481
6381,716,1260,1749,2486,2938,,716,544,489,737,452,3443
6194,716,1205,1687,2369,2765,,716,489,482,682,396,3429
6232,705,1179,1598,2310,2724,,705,474,419,712,414,3508
6378,717,1288,1773,2513,2932,,717,571,485,740,419,3446
6356,716,1260,1749,2484,2907,,716,544,489,735,423,3449
6411,718,1259,1748,2514,2934,,718,541,489,766,420,3477
6357,717,1260,1748,2484,2897,,717,543,488,736,413,3460
6355,715,1260,1713,2435,2908,,715,545,453,722,473,3447
6356,717,1262,1727,2460,2910,,717,545,465,733,450,3446
6256,716,1259,1748,2485,2830,,716,543,489,737,345,3426
6358,720,1247,1716,2487,2909,,720,527,469,771,422,3449
6243,718,1227,1699,2406,2810,,718,509,472,707,404,3433
6231,705,1158,1592,2341,2748,,705,453,434,749,407,3483
6356,716,1289,1775,2485,2907,,716,573,486,710,422,3449
6381,716,1260,1747,2514,2933,,716,544,487,767,419,3448
6361,716,1260,1749,2485,2937,,716,544,489,736,452,3424
6388,716,1262,1750,2487,2913,,716,546,488,737,426,3475
6256,712,1189,1647,2360,2801,,712,477,458,713,441,3455
6385,716,1259,1727,2486,2910,,716,543,468,759,424,3475
6269,745,1260,1749,2448,2843,,745,515,489,699,395,3426
6164,703,1174,1647,2349,2740,,703,471,473,702,391,3424
6042,705,1174,1652,2349,2694,,705,469,478,697,345,3348
6206,686,1105,1586,2312,2752,,686,419,481,726,440,3454
6355,716,1260,1748,2485,2909,,716,544,488,737,424,3446
6354,744,1257,1744,2416,2905,,744,513,487,672,489,3449
6380,716,1258,1746,2511,2931,,716,542,488,765,420,3449
6380,717,1288,1802,2513,2932,,717,571,514,711,419,3448
6393,747,1295,1782,2520,2921,,747,548,487,738,401,3472
6319,716,1260,1776,2486,2881,,716,544,516,710,395,3438
6184,706,1173,1645,2348,2724,,706,467,472,703,376,3460
6138,706,1176,1648,2352,2702,,706,470,472,704,350,3436
6045,706,1199,1671,2326,2689,,706,493,472,655,363,3356
6225,664,1098,1574,2306,2739,,664,434,476,732,433,3486
6379,746,1259,1748,2512,2932,,746,513,489,764,420,3447
6355,715,1260,1776,2485,2907,,715,545,516,709,422,3448
6335,717,1261,1750,2487,2909,,717,544,489,737,422,3426
6383,717,1262,1749,2515,2934,,717,545,487,766,419,3449
6171,715,1148,1595,2300,2713,,715,433,447,705,413,3458
6292,744,1259,1747,2467,2854,,744,515,488,720,387,3438
6231,723,1251,1724,2476,2855,,723,528,473,752,379,3376
6049,704,1197,1668,2332,2663,,704,493,471,664,331,3386
6056,706,1199,1671,2335,2677,,706,493,472,664,342,3379
6108,660,1101,1519,2237,2648,,660,441,418,718,411,3460
6353,744,1287,1771,2512,2908,,744,543,484,741,396,3445
6356,716,1260,1750,2486,2908,,716,544,490,736,422,3448
6384,717,1258,1746,2486,2906,,717,541,488,740,420,3478
6411,717,1260,1748,2514,2933,,717,543,488,766,419,3478
6329,715,1261,1754,2476,2899,,715,546,493,722,423,3430
6218,704,1199,1671,2375,2766,,704,495,472,704,391,3452
6195,681,1176,1649,2350,2766,,681,495,473,701,416,3429
6220,706,1199,1672,2374,2767,,706,493,473,702,393,3453
6221,707,1200,1674,2385,2789,,707,493,474,711,404,3432
6143,667,1123,1577,2273,2693,,667,456,454,696,420,3450
6244,706,1201,1675,2374,2791,,706,495,474,699,417,3453
6243,706,1198,1698,2398,2814,,706,492,500,700,416,3429
6254,710,1185,1656,2360,2777,,710,475,471,704,417,3477
6181,707,1199,1669,2333,2714,,707,492,470,664,381,3467
6299,746,1292,1725,2432,2850,,746,546,433,707,418,3449
6178,705,1174,1647,2349,2740,,705,469,473,702,391,3438
6195,705,1175,1646,2349,2740,,705,470,471,703,391,3455
6240,704,1172,1644,2346,2740,,704,468,472,702,394,3500
6133,705,1200,1629,2328,2730,,705,495,429,699,402,3403
6145,666,1106,1600,2298,2694,,666,440,494,698,396,3451
6177,706,1201,1672,2375,2766,,706,495,471,703,391,3411
6219,704,1200,1671,2375,2793,,704,496,471,704,418,3426
6255,709,1185,1658,2360,2750,,709,476,473,702,390,3505
6129,704,1173,1646,2306,2684,,704,469,473,660,378,3445
6190,646,1144,1610,2298,2729,,646,498,466,688,431,3461
6331,715,1261,1778,2489,2886,,715,546,517,711,397,3445
6359,702,1210,1698,2409,2886,,702,508,488,711,477,3473
6356,716,1262,1747,2490,2908,,716,546,485,743,418,3448
6294,716,1260,1747,2430,2853,,716,544,487,683,423,3441
6143,663,1150,1567,2288,2709,,663,487,417,721,421,3434
6195,705,1175,1648,2351,2767,,705,470,473,703,416,3428
6244,707,1199,1672,2374,2790,,707,492,473,702,416,3454
6249,707,1183,1656,2358,2776,,707,476,473,702,418,3473
6163,710,1164,1646,2333,2728,,710,454,482,687,395,3435
6418,747,1293,1809,2549,2945,,747,546,516,740,396,3473
6356,716,1260,1748,2485,2907,,716,544,488,737,422,3449
6319,718,1217,1705,2419,2833,,718,499,488,714,414,3486
6357,715,1290,1775,2486,2908,,715,575,485,711,422,3449
6218,714,1290,1773,2407,2785,,714,576,483,634,378,3433
6208,705,1172,1621,2336,2747,,705,467,449,715,411,3461
6382,715,1260,1748,2515,2934,,715,545,488,767,419,3448
6435,715,1261,1748,2485,2936,,715,546,487,737,451,3499
6417,718,1217,1704,2447,2939,,718,499,487,743,492,3478
6386,716,1261,1748,2485,2908,,716,545,487,737,423,3478
6080,683,1110,1529,2234,2630,,683,427,419,705,396,3450
6109,704,1198,1671,2373,2765,,704,494,473,702,392,3344
6149,704,1205,1685,2398,2750,,704,501,480,713,352,3399
6398,755,1301,1820,2529,2948,,755,546,519,709,419,3450
6269,716,1261,1749,2464,2824,,716,545,488,715,360,3445
6260,704,1204,1642,2359,2768,,704,500,438,717,409,3492
6356,716,1260,1749,2485,2908,,716,544,489,736,423,3448
6356,745,1288,1772,2484,2907,,745,543,484,712,423,3449
6304,716,1209,1726,2434,2845,,716,493,517,708,411,3459
6358,746,1290,1774,2487,2909,,746,544,484,713,422,3449
6215,708,1127,1573,2316,2749,,708,419,446,743,433,3466
6317,719,1260,1750,2485,2874,,719,541,490,735,389,3443
6152,704,1164,1637,2351,2767,,704,460,473,714,416,3385
6173,706,1199,1671,2372,2790,,706,493,472,701,418,3383
6167,706,1175,1648,2351,2728,,706,469,473,703,377,3439
6207,704,1174,1605,2312,2751,,704,470,431,707,439,3456
6382,746,1289,1804,2513,2933,,746,543,515,709,420,3449
6386,716,1290,1774,2485,2908,,716,574,484,711,423,3478
6304,715,1208,1695,2436,2844,,715,493,487,741,408,3460
6319,723,1224,1711,2424,2860,,723,501,487,713,436,3459
6206,715,1228,1681,2386,2776,,715,513,453,705,390,3430
6332,716,1290,1774,2487,2888,,716,574,484,713,401,3444
6217,702,1131,1610,2299,2719,,702,429,479,689,420,3498
6153,705,1176,1649,2352,2768,,705,471,473,703,416,3385
6181,705,1201,1673,2374,2765,,705,496,472,701,391,3416
6185,705,1131,1568,2267,2700,,705,426,437,699,433,3485
6355,744,1260,1746,2485,2910,,744,516,486,739,425,3445
6381,715,1261,1778,2515,2934,,715,546,517,737,419,3447
6280,681,1184,1673,2383,2818,,681,503,489,710,435,3462
6385,717,1261,1727,2485,2908,,717,544,466,758,423,3477
6198,715,1244,1675,2328,2744,,715,529,431,653,416,3454
6177,705,1172,1669,2374,2767,,705,467,497,705,393,3410
6137,707,1176,1649,2349,2700,,707,469,473,700,351,3437
6166,666,1149,1622,2326,2705,,666,483,473,704,379,3461
6037,706,1172,1603,2255,2612,,706,466,431,652,357,3425
6108,704,1133,1559,2189,2651,,704,429,426,630,462,3457
6380,717,1288,1802,2513,2932,,717,571,514,711,419,3448
6383,748,1289,1803,2512,2933,,748,541,514,709,421,3450
6303,705,1207,1695,2409,2848,,705,502,488,714,439,3455
6349,718,1268,1754,2486,2909,,718,550,486,732,423,3440
6277,642,1120,1607,2348,2780,,642,478,487,741,432,3497
6333,715,1260,1777,2486,2887,,715,545,517,709,401,3446
6220,702,1153,1626,2325,2745,,702,451,473,699,420,3475
6176,705,1176,1647,2348,2724,,705,471,471,701,376,3452
6057,705,1200,1672,2332,2688,,705,495,472,660,356,3369
6259,704,1135,1589,2313,2747,,704,431,454,724,434,3512
6380,716,1289,1772,2514,2932,,716,573,483,742,418,3448
6381,716,1261,1748,2515,2933,,716,545,487,767,418,3448
6398,727,1244,1738,2502,2953,,727,517,494,764,451,3445
6354,716,1263,1748,2485,2908,,716,547,485,737,423,3446
6305,710,1261,1748,2486,2887,,710,551,487,738,401,3418
6361,715,1262,1749,2486,2909,,715,547,487,737,423,3452
6282,744,1239,1700,2410,2821,,744,495,461,710,411,3461
6359,715,1262,1749,2487,2909,,715,547,487,738,422,3450
6308,716,1261,1750,2515,2856,,716,545,489,765,341,3452
6289,719,1219,1736,2444,2855,,719,500,517,708,411,3434
6405,744,1289,1774,2514,2958,,744,545,485,740,444,3447
6382,746,1261,1777,2516,2934,,746,515,516,739,418,3448
6356,716,1260,1749,2486,2939,,716,544,489,737,453,3417
6285,668,1161,1649,2362,2800,,668,493,488,713,438,3485
6343,716,1243,1717,2473,2906,,716,527,474,756,433,3437
6155,704,1200,1672,2376,2749,,704,496,472,704,373,3406
6054,705,1174,1631,2326,2677,,705,469,457,695,351,3377
6152,705,1178,1663,2376,2770,,705,473,485,713,394,3382
6165,706,1176,1673,2375,2752,,706,470,497,702,377,3413
6054,704,1199,1671,2317,2668,,704,495,472,646,351,3386
6027,704,1171,1643,2305,2663,,704,467,472,662,358,3364
6163,705,1176,1648,2351,2702,,705,471,472,703,351,3461
6260,688,1185,1617,2336,2745,,688,497,432,719,409,3515
6380,716,1261,1750,2487,2937,,716,545,489,737,450,3443
6262,707,1162,1615,2288,2727,,707,455,453,673,439,3535
6383,717,1289,1803,2512,2933,,717,572,514,709,421,3450
6255,716,1260,1677,2387,2796,,716,544,417,710,409,3459
6158,704,1113,1578,2288,2699,,704,409,465,710,411,3459
6283,718,1262,1750,2487,2831,,718,544,488,737,344,3452
6074,646,1141,1629,2286,2636,,646,495,488,657,350,3438
6220,706,1200,1672,2374,2767,,706,494,472,702,393,3453
6161,706,1175,1646,2351,2727,,706,469,471,705,376,3434
6233,653,1132,1607,2310,2751,,653,479,475,703,441,3482
6355,716,1261,1751,2491,2909,,716,545,490,740,418,3446
6260,648,1124,1612,2311,2744,,648,476,488,699,433,3516
6360,717,1263,1749,2487,2909,,717,546,486,738,422,3451
6410,716,1262,1750,2517,2936,,716,546,488,767,419,3474
6163,714,1261,1675,2375,2727,,714,547,414,700,352,3436
6068,702,1173,1643,2280,2617,,702,471,470,637,337,3451
6130,664,1148,1644,2308,2695,,664,484,496,664,387,3435
6412,716,1261,1749,2486,2937,,716,545,488,737,451,3475
6359,716,1264,1750,2490,2909,,716,548,486,740,419,3450
6196,702,1172,1622,2324,2720,,702,470,450,702,396,3476
6264,704,1128,1604,2310,2744,,704,424,476,706,434,3520
6255,703,1166,1625,2335,2800,,703,463,459,710,465,3455
6382,716,1261,1749,2515,2933,,716,545,488,766,418,3449
6249,717,1204,1693,2405,2816,,717,487,489,712,411,3433
6246,717,1247,1677,2374,2793,,717,530,430,697,419,3453
5902,704,1174,1646,2270,2562,,704,470,472,624,292,3340
6111,655,1096,1565,2268,2665,,655,441,469,703,397,3446
6221,705,1176,1674,2377,2793,,705,471,498,703,416,3428
6220,706,1174,1646,2350,2741,,706,468,472,704,391,3479
6074,707,1197,1628,2322,2675,,707,490,431,694,353,3399
6238,666,1107,1600,2312,2776,,666,441,493,712,464,3462
6223,716,1274,1654,2330,2741,,716,558,380,676,411,3482
6238,713,1252,1723,2432,2851,,713,539,471,709,419,3387
6226,704,1135,1590,2314,2722,,704,431,455,724,408,3504
6244,717,1260,1712,2400,2796,,717,543,452,688,396,3448
6182,705,1175,1647,2351,2767,,705,470,472,704,416,3415
6017,704,1174,1622,2262,2626,,704,470,448,640,364,3391
6179,705,1177,1648,2352,2704,,705,472,471,704,352,3475
6177,704,1199,1671,2374,2724,,704,495,472,703,350,3453
6090,706,1176,1648,2360,2709,,706,470,472,712,349,3381
6206,704,1150,1618,2336,2745,,704,446,468,718,409,3461
6257,716,1207,1651,2354,2801,,716,491,444,703,447,3456
6385,716,1262,1750,2491,2909,,716,546,488,741,418,3476
6302,717,1261,1749,2487,2909,,717,544,488,738,422,3393
6125,705,1197,1670,2338,2735,,705,492,473,668,397,3390
6008,703,1175,1650,2309,2646,,703,472,475,659,337,3362
6122,704,1176,1610,2262,2673,,704,472,434,652,411,3449
6056,707,1202,1675,2335,2690,,707,495,473,660,355,3366
6003,706,1175,1647,2309,2645,,706,469,472,662,336,3358
5953,705,1137,1573,2234,2568,,705,432,436,661,334,3385
6105,706,1135,1571,2268,2673,,706,429,436,697,405,3432
6233,745,1244,1653,2303,2735,,745,499,409,650,432,3498
6355,716,1262,1749,2486,2909,,716,546,487,737,423,3446
6363,746,1262,1750,2487,2911,,746,516,488,737,424,3452
6358,716,1293,1756,2463,2909,,716,577,463,707,446,3449
6360,718,1262,1750,2486,2909,,718,544,488,736,423,3451
6334,717,1261,1751,2430,2889,,717,544,490,679,459,3445
6359,715,1262,1750,2488,2909,,715,547,488,738,421,3450
6358,717,1261,1751,2487,2909,,717,544,490,736,422,3449
6120,716,1261,1693,2347,2687,,716,545,432,654,340,3433
6231,705,1157,1592,2311,2750,,705,452,435,719,439,3481
6434,746,1259,1747,2430,2937,,746,513,488,683,507,3497
6383,716,1260,1777,2487,2907,,716,544,517,710,420,3476
6386,716,1262,1749,2483,2909,,716,546,487,734,426,3477
6294,744,1261,1727,2486,2890,,744,517,466,759,404,3404
6382,745,1290,1807,2516,2935,,745,545,517,709,419,3447
6220,707,1187,1674,2352,2722,,707,480,487,678,370,3498
6106,705,1175,1647,2351,2744,,705,470,472,704,393,3362
6056,706,1203,1674,2337,2692,,706,497,471,663,355,3364
6005,704,1176,1649,2310,2644,,704,472,473,661,334,3361
6254,708,1142,1576,2323,2759,,708,434,434,747,436,3495
6359,747,1262,1751,2472,2943,,747,515,489,721,471,3416
6356,718,1262,1751,2487,2910,,718,544,489,736,423,3446
6354,727,1303,1789,2500,2921,,727,576,486,711,421,3433
6294,716,1260,1748,2452,2855,,716,544,488,704,403,3439
6156,707,1177,1649,2352,2725,,707,470,472,703,373,3431
6155,708,1253,1684,2376,2729,,708,545,431,692,353,3426
6027,705,1200,1671,2334,2669,,705,495,471,663,335,3358
6028,704,1175,1648,2309,2643,,704,471,473,661,334,3385
6004,704,1177,1649,2311,2644,,704,473,472,662,333,3360
6053,705,1175,1607,2302,2679,,705,470,432,695,377,3374
6018,704,1200,1672,2295,2642,,704,496,472,623,347,3376
6003,705,1176,1648,2310,2645,,705,471,472,662,335,3358
6055,706,1177,1648,2310,2674,,706,471,471,662,364,3381
6032,703,1175,1646,2309,2645,,703,472,471,663,336,3387
5978,701,1199,1631,2283,2617,,701,498,432,652,334,3361
6140,650,1125,1575,2270,2692,,650,475,450,695,422,3448
6355,715,1289,1772,2514,2908,,715,574,483,742,394,3447
6412,715,1262,1780,2489,2938,,715,547,518,709,449,3474
6347,718,1292,1775,2454,2901,,718,574,483,679,447,3446
6155,705,1175,1647,2356,2760,,705,470,472,709,404,3395
6234,720,1250,1699,2397,2787,,720,530,449,698,390,3447
6353,747,1262,1752,2516,2935,,747,515,490,764,419,3418
6066,704,1171,1600,2297,2639,,704,467,429,697,342,3427
5938,707,1181,1612,2241,2574,,707,474,431,629,333,3364
6007,705,1177,1649,2311,2643,,705,472,472,662,332,3364
6132,650,1064,1547,2260,2673,,650,414,483,713,413,3459
6387,717,1262,1751,2487,2910,,717,545,489,736,423,3477
6357,717,1258,1748,2484,2908,,717,541,490,736,424,3449
6294,716,1261,1729,2437,2887,,716,545,468,708,450,3407
6293,715,1262,1750,2472,2888,,715,547,488,722,416,3405
6283,720,1262,1750,2488,2845,,720,542,488,738,357,3438
6394,717,1263,1750,2489,2911,,717,546,487,739,422,3483
6334,718,1264,1752,2488,2887,,718,546,488,736,399,3447
6359,718,1262,1750,2487,2910,,718,544,488,737,423,3449
6356,718,1262,1748,2486,2908,,718,544,486,738,422,3448
6234,704,1113,1600,2312,2724,,704,409,487,712,412,3510
6359,717,1262,1750,2487,2910,,717,545,488,737,423,3449
6358,717,1263,1748,2486,2909,,717,546,485,738,423,3449
6369,717,1262,1751,2486,2926,,717,545,489,735,440,3443
6226,721,1261,1730,2458,2866,,721,540,469,728,408,3360
6234,717,1253,1701,2376,2746,,717,536,448,675,370,3488
6357,717,1261,1751,2487,2910,,717,544,490,736,423,3447
6333,718,1262,1751,2487,2889,,718,544,489,736,402,3444
6264,716,1263,1756,2466,2870,,716,547,493,710,404,3394
5873,648,1074,1490,2123,2486,,648,426,416,633,363,3387
6210,665,1152,1636,2344,2773,,665,487,484,708,429,3437
6358,716,1262,1749,2487,2912,,716,546,487,738,425,3446
6356,717,1261,1777,2485,2908,,717,544,516,708,423,3448
6357,717,1261,1748,2485,2911,,717,544,487,737,426,3446
6289,717,1263,1751,2470,2873,,717,546,488,719,403,3416
6234,715,1264,1718,2400,2793,,715,549,454,682,393,3441
6336,716,1262,1749,2487,2913,,716,546,487,738,426,3423
6357,716,1262,1750,2487,2909,,716,546,488,737,422,3448
6332,716,1261,1750,2487,2887,,716,545,489,737,400,3445
6378,717,1258,1746,2483,2935,,717,541,488,737,452,3443
6282,717,1260,1749,2404,2833,,717,543,489,655,429,3449
6356,717,1261,1748,2487,2908,,717,544,487,739,421,3448
6358,717,1262,1750,2462,2910,,717,545,488,712,448,3448
6334,716,1261,1749,2487,2909,,716,545,488,738,422,3425
6268,716,1262,1749,2472,2861,,716,546,487,723,389,3407
6363,715,1288,1737,2445,2871,,715,573,449,708,426,3492
6335,716,1263,1748,2488,2909,,716,547,485,740,421,3426
6384,717,1262,1750,2517,2935,,717,545,488,767,418,3449
6357,715,1262,1749,2487,2909,,715,547,487,738,422,3448
6324,715,1260,1750,2486,2908,,715,545,490,736,422,3416
6359,717,1264,1717,2437,2909,,717,547,453,720,472,3450
6359,716,1262,1750,2488,2909,,716,546,488,738,421,3450
6358,716,1263,1750,2491,2909,,716,547,487,741,418,3449
6334,716,1260,1748,2486,2907,,716,544,488,738,421,3427
6293,717,1265,1777,2488,2887,,717,548,512,711,399,3406
6235,717,1263,1706,2371,2725,,717,546,443,665,354,3510
6363,716,1292,1775,2487,2911,,716,576,483,712,424,3452
6357,717,1263,1750,2487,2912,,717,546,487,737,425,3445
6357,717,1261,1749,2487,2908,,717,544,488,738,421,3449
6356,716,1261,1749,2487,2910,,716,545,488,738,423,3446
6207,715,1259,1696,2401,2751,,715,544,437,705,350,3456
6358,716,1262,1750,2488,2909,,716,546,488,738,421,3449
6259,703,1186,1675,2387,2797,,703,483,489,712,410,3462
6334,716,1262,1749,2487,2911,,716,546,487,738,424,3423
6319,717,1261,1750,2472,2894,,717,544,489,722,422,3425
6232,715,1249,1698,2379,2759,,715,534,449,681,380,3473
6336,717,1263,1751,2487,2910,,717,546,488,736,423,3426
6357,717,1262,1749,2486,2909,,717,545,487,737,423,3448
6358,716,1261,1749,2486,2909,,716,545,488,737,423,3449
6356,716,1262,1735,2487,2909,,716,546,473,752,422,3447
6233,718,1262,1694,2400,2772,,718,544,432,706,372,3461
6355,716,1260,1747,2483,2906,,716,544,487,736,423,3449
6357,719,1263,1749,2485,2908,,719,544,486,736,423,3449
6337,716,1263,1750,2487,2910,,716,547,487,737,423,3427
6321,718,1262,1753,2472,2896,,718,544,491,719,424,3425
6308,716,1262,1726,2446,2869,,716,546,464,720,423,3439
6359,716,1262,1750,2487,2909,,716,546,488,737,422,3450
6356,716,1261,1749,2486,2909,,716,545,488,737,423,3447
6361,715,1262,1750,2486,2910,,715,547,488,736,424,3451
6358,715,1261,1749,2487,2909,,715,546,488,738,422,3449
6195,716,1246,1696,2401,2754,,716,530,450,705,353,3441
6163,704,1201,1674,2376,2751,,704,497,473,702,375,3412
6030,705,1175,1647,2310,2644,,705,470,472,663,334,3386
5933,700,1175,1605,2235,2567,,700,475,430,630,332,3366
5972,703,1189,1616,2256,2581,,703,486,427,640,325,3391
5948,703,1133,1546,2182,2515,,703,430,413,636,333,3433
6002,703,1175,1647,2350,2673,,703,472,472,703,323,3329
6143,706,1200,1672,2332,2711,,706,494,472,660,379,3432
6357,720,1261,1750,2487,2908,,720,541,489,737,421,3449
6298,716,1261,1748,2486,2908,,716,545,487,738,422,3390
6358,716,1247,1714,2468,2894,,716,531,467,754,426,3464
6357,716,1261,1749,2487,2909,,716,545,488,738,422,3448
6357,717,1261,1749,2486,2908,,717,544,488,737,422,3449
6336,716,1261,1749,2486,2909,,716,545,488,737,423,3427
6320,716,1263,1751,2473,2895,,716,547,488,722,422,3425
6179,682,1183,1672,2360,2732,,682,501,489,688,372,3447
6357,716,1262,1748,2486,2907,,716,546,486,738,421,3450
6358,718,1261,1750,2486,2909,,718,543,489,736,423,3449
6355,716,1261,1749,2489,2909,,716,545,488,740,420,3446
6356,716,1264,1749,2487,2910,,716,548,485,738,423,3446
6304,719,1291,1754,2486,2888,,719,572,463,732,402,3416
6331,717,1261,1778,2487,2885,,717,544,517,709,398,3446
6357,717,1263,1749,2486,2909,,717,546,486,737,423,3448
6330,717,1259,1747,2483,2907,,717,542,488,736,424,3423
6319,716,1260,1749,2470,2893,,716,544,489,721,423,3426
6305,715,1238,1723,2496,2860,,715,523,485,773,364,3445
6336,717,1261,1749,2487,2909,,717,544,488,738,422,3427
6360,716,1262,1750,2487,2910,,716,546,488,737,423,3450
6278,716,1209,1697,2409,2820,,716,493,488,712,411,3458
6357,717,1262,1750,2487,2910,,717,545,488,737,423,3447
6307,716,1255,1748,2467,2885,,716,539,493,719,418,3422
6387,717,1260,1749,2486,2909,,717,543,489,737,423,3478
6357,716,1263,1749,2486,2909,,716,547,486,737,423,3448
6341,717,1261,1750,2486,2909,,717,544,489,736,423,3432
6344,717,1261,1749,2472,2893,,717,544,488,723,421,3451
6264,718,1163,1654,2367,2757,,718,445,491,713,390,3507
6340,717,1260,1748,2484,2908,,717,543,488,736,424,3432
6358,717,1261,1749,2487,2910,,717,544,488,738,423,3448
6273,718,1210,1699,2411,2824,,718,492,489,712,413,3449
6357,716,1291,1776,2487,2910,,716,575,485,711,423,3447
5924,676,1122,1564,2221,2537,,676,446,442,657,316,3387
5989,675,1122,1561,2222,2584,,675,447,439,661,362,3405
6013,674,1121,1559,2222,2609,,674,447,438,663,387,3404
6245,715,1215,1703,2416,2811,,715,500,488,713,395,3434
6319,715,1261,1750,2472,2895,,715,546,489,722,423,3424
6366,749,1319,1807,2495,2900,,749,570,488,688,405,3466
6336,716,1262,1750,2489,2911,,716,546,488,739,422,3425
6358,717,1263,1750,2487,2914,,717,546,487,737,427,3444
6246,716,1264,1750,2489,2890,,716,548,486,739,401,3356
6072,705,1171,1640,2279,2642,,705,466,469,639,363,3430
6117,705,1130,1611,2297,2675,,705,425,481,686,378,3442
6156,705,1176,1649,2352,2726,,705,471,473,703,374,3430
6029,706,1176,1650,2309,2643,,706,470,474,659,334,3386
5933,701,1177,1606,2234,2567,,701,476,429,628,333,3366
5883,656,1127,1556,2186,2519,,656,471,429,630,333,3364
5967,704,1155,1559,2179,2513,,704,451,404,620,334,3454
6195,706,1180,1652,2351,2768,,706,474,472,699,417,3427
6181,704,1175,1647,2351,2726,,704,471,472,704,375,3455
6028,705,1174,1646,2309,2645,,705,469,472,663,336,3383
6029,705,1176,1649,2309,2643,,705,471,473,660,334,3386
6070,700,1134,1569,2288,2631,,700,434,435,719,343,3439
6028,704,1174,1647,2309,2665,,704,470,473,662,356,3363
6024,702,1174,1669,2331,2667,,702,472,495,662,336,3357
5951,701,1171,1601,2231,2565,,701,470,430,630,334,3386
5958,728,1202,1632,2259,2593,,728,474,430,627,334,3365
6037,703,1192,1622,2255,2587,,703,489,430,633,332,3450
6220,705,1176,1673,2375,2791,,705,471,497,702,416,3429
6104,702,1177,1648,2351,2701,,702,475,471,703,350,3403
6002,707,1176,1649,2309,2644,,707,469,473,660,335,3358
6004,704,1175,1648,2310,2643,,704,471,473,662,333,3361
6033,701,1174,1646,2310,2642,,701,473,472,664,332,3391
6164,673,1164,1650,2343,2743,,673,491,486,693,400,3421
6337,717,1262,1750,2487,2910,,717,545,488,737,423,3427
6363,717,1264,1753,2518,2936,,717,547,489,765,418,3427
6267,717,1263,1751,2467,2871,,717,546,488,716,404,3396
6305,717,1243,1711,2471,2846,,717,526,468,760,375,3459
6359,717,1263,1751,2488,2911,,717,546,488,737,423,3448
6357,717,1260,1750,2486,2908,,717,543,490,736,422,3449
6292,724,1219,1711,2421,2831,,724,495,492,710,410,3461
6355,718,1262,1752,2488,2913,,718,544,490,736,425,3442
6284,717,1263,1730,2487,2831,,717,546,467,757,344,3453
6360,718,1263,1751,2488,2911,,718,545,488,737,423,3449
6359,717,1263,1752,2488,2910,,717,546,489,736,422,3449
6358,718,1263,1752,2488,2911,,718,545,489,736,423,3447
6292,715,1263,1751,2467,2882,,715,548,488,716,415,3410
6282,718,1264,1752,2488,2833,,718,546,488,736,345,3449
6359,741,1263,1751,2488,2912,,741,522,488,737,424,3447
6359,717,1264,1750,2488,2912,,717,547,486,738,424,3447
6306,718,1263,1752,2489,2891,,718,545,489,737,402,3415
6359,717,1264,1753,2490,2912,,717,547,489,737,422,3447
6332,718,1263,1751,2446,2876,,718,545,488,695,430,3456
6356,716,1264,1750,2488,2910,,716,548,486,738,422,3446
6408,717,1266,1750,2517,2966,,717,549,484,767,449,3442
6357,716,1262,1749,2517,2934,,716,546,487,768,417,3423
6294,716,1262,1750,2487,2888,,716,546,488,737,401,3406
6333,716,1263,1732,2494,2877,,716,547,469,762,383,3456
6359,717,1264,1752,2489,2911,,717,547,488,737,422,3448
6360,717,1263,1751,2488,2912,,717,546,488,737,424,3448
6179,705,1194,1665,2367,2744,,705,489,471,702,377,3435
6019,711,1187,1658,2320,2654,,711,476,471,662,334,3365
5987,702,1175,1605,2261,2617,,702,473,430,656,356,3370
6006,704,1175,1646,2309,2644,,704,471,471,663,335,3362
6029,703,1175,1671,2334,2668,,703,472,496,663,334,3361
5929,702,1175,1607,2237,2566,,702,473,432,630,329,3363
5960,701,1176,1606,2236,2574,,701,475,430,630,338,3386
6206,653,1161,1650,2362,2747,,653,508,489,712,385,3459
6358,716,1263,1750,2487,2909,,716,547,487,737,422,3449
6259,657,1163,1651,2363,2798,,657,506,488,712,435,3461
6358,717,1263,1752,2463,2910,,717,546,489,711,447,3448
6358,716,1263,1750,2488,2911,,716,547,487,738,423,3447
6308,717,1263,1752,2489,2867,,717,546,489,737,378,3441
6360,717,1263,1751,2487,2914,,717,546,488,736,427,3446
6290,716,1262,1751,2467,2882,,716,546,489,716,415,3408
6281,717,1263,1751,2488,2910,,717,546,488,737,422,3371
6291,717,1263,1731,2463,2882,,717,546,468,732,419,3409
6232,676,1164,1657,2365,2775,,676,488,493,708,410,3457
6359,717,1263,1751,2488,2911,,717,546,488,737,423,3448
6357,717,1263,1751,2487,2910,,717,546,488,736,423,3447
6337,718,1264,1751,2490,2910,,718,546,487,739,420,3427
6359,717,1265,1752,2490,2913,,717,548,487,738,423,3446
6256,719,1211,1700,2410,2819,,719,492,489,710,409,3437
6332,717,1263,1752,2488,2885,,717,546,489,736,397,3447
6359,718,1265,1752,2490,2912,,718,547,487,738,422,3447
6340,718,1264,1754,2489,2912,,718,546,490,735,423,3428
6291,717,1264,1753,2467,2884,,717,547,489,714,417,3407
6336,716,1264,1752,2489,2912,,716,548,488,737,423,3424
6361,718,1264,1752,2489,2912,,718,546,488,737,423,3449
6359,717,1263,1750,2490,2911,,717,546,487,740,421,3448
6337,716,1263,1751,2489,2911,,716,547,488,738,422,3426
6359,717,1264,1752,2489,2912,,717,547,488,737,423,3447
6307,717,1210,1699,2411,2846,,717,493,489,712,435,3461
6360,716,1264,1752,2488,2911,,716,548,488,736,423,3449
6359,716,1263,1751,2495,2911,,716,547,488,744,416,3448
6290,717,1264,1731,2462,2883,,717,547,467,731,421,3407
6269,716,1267,1732,2464,2883,,716,551,465,732,419,3386
6304,719,1266,1751,2491,2887,,719,547,485,740,396,3417
6284,715,1214,1702,2414,2825,,715,499,488,712,411,3459
6357,717,1262,1750,2462,2910,,717,545,488,712,448,3447
6262,692,1189,1676,2390,2823,,692,497,487,714,433,3439
6361,717,1264,1753,2489,2913,,717,547,489,736,424,3448
6338,722,1223,1737,2520,2923,,722,501,514,783,403,3415
6291,717,1264,1752,2468,2884,,717,547,488,716,416,3407
6291,718,1264,1752,2469,2872,,718,546,488,717,403,3419
6266,716,1264,1752,2467,2872,,716,548,488,715,405,3394
6293,718,1266,1754,2469,2871,,718,548,488,715,402,3422
6269,717,1258,1733,2449,2872,,717,541,475,716,423,3397
6266,718,1267,1754,2468,2873,,718,549,487,714,405,3393
6340,717,1293,1777,2490,2912,,717,576,484,713,422,3428
6321,718,1264,1752,2473,2896,,718,546,488,721,423,3425
6357,716,1262,1752,2487,2913,,716,546,490,735,426,3444
6315,721,1221,1709,2421,2857,,721,500,488,712,436,3458
6360,717,1265,1752,2489,2913,,717,548,487,737,424,3447
6390,717,1263,1751,2488,2911,,717,546,488,737,423,3479
6292,723,1222,1709,2422,2832,,723,499,487,713,410,3460
6292,716,1263,1753,2491,2886,,716,547,490,738,395,3406
6198,715,1215,1651,2365,2775,,715,500,436,714,410,3423
6387,716,1264,1751,2489,2912,,716,548,487,738,423,3475
6294,722,1222,1710,2424,2857,,722,500,488,714,433,3437
6308,718,1264,1752,2468,2888,,718,546,488,716,420,3420
6261,715,1215,1705,2415,2825,,715,500,490,710,410,3436
6391,721,1224,1711,2446,2948,,721,503,487,735,502,3443
6359,718,1264,1753,2489,2912,,718,546,489,736,423,3447
6359,716,1264,1750,2463,2911,,716,548,486,713,448,3448
6361,717,1265,1752,2490,2912,,717,548,487,738,422,3449
6294,717,1264,1752,2493,2891,,717,547,488,741,398,3403
6258,719,1264,1696,2402,2798,,719,545,432,706,396,3460
6359,719,1265,1752,2488,2911,,719,546,487,736,423,3448
6356,745,1262,1754,2487,2910,,745,517,492,733,423,3446
6359,716,1228,1712,2487,2909,,716,512,484,775,422,3450
6282,715,1211,1698,2411,2822,,715,496,487,713,411,3460
6357,716,1247,1715,2488,2910,,716,531,468,773,422,3447
6359,716,1262,1750,2487,2911,,716,546,488,737,424,3448
6337,716,1261,1750,2488,2910,,716,545,489,738,422,3427
6359,715,1262,1750,2488,2905,,715,547,488,738,417,3454
6316,716,1261,1750,2472,2896,,716,545,489,722,424,3420
6220,716,1248,1679,2377,2797,,716,532,431,698,420,3423
6196,705,1177,1649,2352,2770,,705,472,472,703,418,3426
5928,705,1203,1675,2297,2592,,705,498,472,622,295,3336
6084,688,1106,1588,2298,2641,,688,418,482,710,343,3443
6359,716,1262,1750,2487,2910,,716,546,488,737,423,3449
6366,723,1256,1738,2497,2920,,723,533,482,759,423,3446
6358,715,1263,1750,2487,2909,,715,548,487,737,422,3449
6359,716,1263,1750,2488,2910,,716,547,487,738,422,3449
6358,717,1263,1750,2489,2911,,717,546,487,739,422,3447
6293,716,1263,1751,2488,2890,,716,547,488,737,402,3403
6384,715,1264,1735,2451,2911,,715,549,471,716,460,3473
6358,717,1264,1752,2488,2910,,717,547,488,736,422,3448
6357,716,1263,1751,2488,2911,,716,547,488,737,423,3446
6359,716,1263,1751,2488,2910,,716,547,488,737,422,3449
6291,721,1221,1711,2421,2831,,721,500,490,710,410,3460
6358,715,1263,1749,2470,2910,,715,548,486,721,440,3448
6361,716,1264,1781,2490,2911,,716,548,517,709,421,3450
6335,716,1261,1749,2487,2909,,716,545,488,738,422,3426
6359,716,1264,1751,2488,2910,,716,548,487,737,422,3449
6223,718,1217,1706,2398,2780,,718,499,489,692,382,3443
6246,716,1263,1731,2406,2801,,716,547,468,675,395,3445
6222,704,1178,1649,2352,2768,,704,474,471,703,416,3454
5814,626,1100,1572,2195,2490,,626,474,472,623,295,3324
6233,665,1152,1623,2339,2773,,665,487,471,716,434,3460
6293,723,1223,1710,2423,2833,,723,500,487,713,410,3460
6390,716,1263,1751,2517,2940,,716,547,488,766,423,3450
6358,717,1262,1750,2487,2910,,717,545,488,737,423,3448
6357,716,1261,1749,2486,2908,,716,545,488,737,422,3449
6358,716,1262,1750,2487,2910,,716,546,488,737,423,3448
6214,680,1186,1672,2386,2762,,680,506,486,714,376,3452
6292,716,1247,1730,2486,2889,,716,531,483,756,403,3403
6360,716,1264,1753,2490,2912,,716,548,489,737,422,3448
6357,718,1272,1756,2487,2913,,718,554,484,731,426,3444
6357,716,1262,1750,2487,2910,,716,546,488,737,423,3447
6319,723,1221,1739,2447,2858,,723,498,518,708,411,3461
6339,717,1263,1751,2489,2912,,717,546,488,738,423,3427
6360,716,1263,1752,2489,2912,,716,547,489,737,423,3448
6362,717,1264,1751,2488,2912,,717,547,487,737,424,3450
6362,718,1264,1751,2490,2913,,718,546,487,739,423,3449
6344,716,1265,1751,2485,2897,,716,549,486,734,412,3447
6244,672,1151,1623,2328,2749,,672,479,472,705,421,3495
6222,705,1179,1651,2353,2746,,705,474,472,702,393,3476
6181,665,1152,1624,2327,2749,,665,487,472,703,422,3432
6209,705,1153,1622,2337,2748,,705,448,469,715,411,3461
6291,717,1260,1750,2487,2889,,717,543,490,737,402,3402
6097,670,1153,1625,2285,2664,,670,483,472,660,379,3433
6386,715,1262,1751,2517,2911,,715,547,489,766,394,3475
6360,716,1263,1752,2488,2911,,716,547,489,736,423,3449
6358,717,1262,1750,2462,2910,,717,545,488,712,448,3448
6267,723,1224,1709,2421,2831,,723,501,485,712,410,3436
6384,716,1263,1732,2489,2912,,716,547,469,757,423,3472
6359,715,1263,1751,2488,2911,,715,548,488,737,423,3448
6358,717,1263,1749,2489,2911,,717,546,486,740,422,3447
6362,717,1263,1751,2515,2936,,717,546,488,764,421,3426
6359,716,1265,1754,2490,2912,,716,549,489,736,422,3447
6358,716,1267,1753,2489,2912,,716,551,486,736,423,3446
6360,717,1265,1752,2490,2912,,717,548,487,738,422,3448
6361,718,1264,1750,2489,2910,,718,546,486,739,421,3451
6358,718,1265,1751,2489,2911,,718,547,486,738,422,3447
6293,723,1222,1711,2422,2833,,723,499,489,711,411,3460
6358,716,1263,1730,2489,2892,,716,547,467,759,403,3466
6359,716,1262,1750,2487,2910,,716,546,488,737,423,3449
6239,716,1207,1699,2412,2823,,716,491,492,713,411,3416
6309,717,1263,1751,2487,2891,,717,546,488,736,404,3418
6235,670,1164,1653,2364,2775,,670,494,489,711,411,3460
6388,717,1263,1749,2488,2912,,717,546,486,739,424,3476
6359,717,1264,1752,2489,2911,,717,547,488,737,422,3448
6359,742,1263,1752,2488,2911,,742,521,489,736,423,3448
6384,716,1264,1752,2518,2937,,716,548,488,766,419,3447
6343,723,1224,1736,2447,2883,,723,501,512,711,436,3460
6135,703,1123,1607,2293,2673,,703,420,484,686,380,3462
6360,717,1265,1753,2490,2912,,717,548,488,737,422,3448
6359,717,1264,1752,2489,2910,,717,547,488,737,421,3449
6344,717,1264,1752,2447,2897,,717,547,488,695,450,3447
6232,702,1167,1649,2361,2772,,702,465,482,712,411,3460
6122,704,1126,1598,2302,2697,,704,422,472,704,395,3425
6178,704,1203,1674,2377,2793,,704,499,471,703,416,3385
6004,707,1176,1648,2311,2647,,707,469,472,663,336,3357
5926,701,1175,1606,2234,2566,,701,474,431,628,332,3360
5967,718,1213,1644,2271,2605,,718,495,431,627,334,3362
6117,711,1145,1624,2311,2708,,711,434,479,687,397,3409
6197,704,1180,1653,2365,2760,,704,476,473,712,395,3437
6054,666,1109,1548,2253,2647,,666,443,439,705,394,3407
5944,706,1177,1609,2259,2600,,706,471,432,650,341,3344
6031,707,1115,1590,2303,2658,,707,408,475,713,355,3373
6232,665,1127,1597,2311,2723,,665,462,470,714,412,3509
6359,717,1262,1752,2490,2915,,717,545,490,738,425,3444
6360,716,1267,1752,2489,2911,,716,551,485,737,422,3449
6359,716,1264,1751,2489,2910,,716,548,487,738,421,3449
6281,716,1211,1698,2410,2822,,716,495,487,712,412,3459
6386,716,1263,1740,2519,2918,,716,547,477,779,399,3468
6357,717,1260,1748,2485,2908,,717,543,488,737,423,3449
6358,715,1263,1719,2487,2910,,715,548,456,768,423,3448
6336,716,1265,1752,2491,2898,,716,549,487,739,407,3438
6361,718,1264,1752,2490,2912,,718,546,488,738,422,3449
6344,717,1265,1754,2488,2911,,717,548,489,734,423,3433
6360,717,1264,1753,2490,2914,,717,547,489,737,424,3446
6338,718,1264,1751,2489,2911,,718,546,487,738,422,3427
6360,717,1265,1753,2490,2912,,717,548,488,737,422,3448
6214,721,1220,1707,2400,2781,,721,499,487,693,381,3433
6389,716,1266,1753,2465,2913,,716,550,487,712,448,3476
6385,715,1263,1751,2488,2911,,715,548,488,737,423,3474
6359,717,1263,1751,2488,2911,,717,546,488,737,423,3448
6349,716,1265,1751,2490,2903,,716,549,486,739,413,3446
6360,717,1263,1749,2488,2911,,717,546,486,739,423,3449
6315,715,1263,1731,2488,2879,,715,548,468,757,391,3436
6360,717,1264,1751,2489,2911,,717,547,487,738,422,3449
6385,717,1264,1753,2491,2941,,717,547,489,738,450,3444
6389,717,1262,1752,2489,2911,,717,545,490,737,422,3478
6215,715,1197,1685,2397,2787,,715,482,488,712,390,3428
6359,717,1264,1753,2490,2911,,717,547,489,737,421,3448
6259,714,1208,1700,2412,2823,,714,494,492,712,411,3436
6359,717,1262,1751,2487,2910,,717,545,489,736,423,3449
6358,716,1263,1750,2488,2910,,716,547,487,738,422,3448
6358,717,1262,1754,2488,2910,,717,545,492,734,422,3448
6257,716,1211,1621,2340,2735,,716,495,410,719,395,3522
6361,716,1263,1752,2488,2911,,716,547,489,736,423,3450
6359,715,1262,1752,2488,2911,,715,547,490,736,423,3448
6358,717,1263,1751,2488,2910,,717,546,488,737,422,3448
6292,717,1265,1731,2463,2886,,717,548,466,732,423,3406
6007,706,1177,1648,2272,2665,,706,471,471,624,393,3342
6197,706,1177,1649,2353,2746,,706,471,472,704,393,3451
6221,705,1136,1616,2304,2727,,705,431,480,688,423,3494
6034,705,1177,1648,2314,2665,,705,472,471,666,351,3369
6327,729,1254,1740,2478,2900,,729,525,486,738,422,3427
6235,717,1263,1672,2334,2749,,717,546,409,662,415,3486
6359,716,1264,1784,2493,2911,,716,548,520,709,418,3448
6389,717,1264,1751,2464,2911,,717,547,487,713,447,3478
6360,718,1264,1752,2489,2915,,718,546,488,737,426,3445
6242,724,1226,1711,2403,2808,,724,502,485,692,405,3434
6236,664,1164,1652,2366,2755,,664,500,488,714,389,3481
6270,711,1199,1686,2399,2811,,711,488,487,713,412,3459
6247,716,1209,1690,2378,2798,,716,493,481,688,420,3449
6222,705,1178,1650,2352,2729,,705,473,472,702,377,3493
6069,705,1178,1608,2242,2656,,705,473,430,634,414,3413
6231,718,1210,1677,2384,2794,,718,492,467,707,410,3437
6359,716,1263,1751,2488,2910,,716,547,488,737,422,3449
6361,716,1264,1752,2490,2912,,716,548,488,738,422,3449
6385,718,1263,1751,2489,2911,,718,545,488,738,422,3474
6293,716,1264,1752,2467,2888,,716,548,488,715,421,3405
6362,716,1264,1754,2490,2911,,716,548,490,736,421,3451
6295,736,1225,1712,2425,2834,,736,489,487,713,409,3461
6360,715,1264,1753,2487,2912,,715,549,489,734,425,3448
6360,718,1264,1752,2489,2912,,718,546,488,737,423,3448
6319,715,1264,1752,2492,2894,,715,549,488,740,402,3425
6243,716,1263,1751,2466,2873,,716,547,488,715,407,3370
6047,704,1175,1647,2286,2619,,704,471,472,639,333,3428
5903,707,1177,1646,2245,2565,,707,470,469,599,320,3338
6029,705,1178,1651,2313,2646,,705,473,473,662,333,3383
6038,677,1136,1565,2237,2630,,677,459,429,672,393,3408
6138,717,1160,1653,2368,2699,,717,443,493,715,331,3439
6359,716,1267,1752,2489,2912,,716,551,485,737,423,3447
6361,717,1264,1754,2492,2913,,717,547,490,738,421,3448
6338,718,1265,1753,2491,2912,,718,547,488,738,421,3426
6310,717,1248,1714,2472,2861,,717,531,466,758,389,3449
6359,716,1265,1752,2505,2916,,716,549,487,753,411,3443
6362,718,1265,1753,2490,2913,,718,547,488,737,423,3449
6385,717,1265,1753,2521,2937,,717,548,488,768,416,3448
6360,716,1266,1754,2489,2913,,716,550,488,735,424,3447
6159,681,1147,1557,2265,2700,,681,466,410,708,435,3459
6360,717,1265,1752,2489,2915,,717,548,487,737,426,3445
6361,716,1265,1753,2490,2913,,716,549,488,737,423,3448
6337,718,1274,1761,2491,2912,,718,556,487,730,421,3425
6309,718,1265,1732,2465,2887,,718,547,467,733,422,3422
6023,692,1166,1629,2300,2647,,692,474,463,671,347,3376
6235,716,1213,1690,2375,2756,,716,497,477,685,381,3479
6360,716,1263,1751,2487,2911,,716,547,488,736,424,3449
6361,716,1264,1751,2488,2914,,716,548,487,737,426,3447
6389,718,1265,1752,2488,2912,,718,547,487,736,424,3477
6260,715,1244,1702,2414,2825,,715,529,458,712,411,3435
6259,715,1264,1696,2414,2824,,715,549,432,718,410,3435
6286,719,1216,1703,2415,2826,,719,497,487,712,411,3460
6335,715,1264,1752,2489,2885,,715,549,488,737,396,3450
6337,717,1265,1753,2490,2912,,717,548,488,737,422,3425
6359,715,1248,1716,2475,2913,,715,533,468,759,438,3446
6360,717,1265,1754,2467,2913,,717,548,489,713,446,3447
6361,718,1265,1753,2491,2914,,718,547,488,738,423,3447
6361,716,1266,1753,2492,2913,,716,550,487,739,421,3448
6359,718,1264,1753,2491,2912,,718,546,489,738,421,3447
6164,723,1139,1629,2321,2727,,723,416,490,692,406,3437
6360,718,1266,1753,2491,2912,,718,548,487,738,421,3448
6362,718,1266,1754,2496,2914,,718,548,488,742,418,3448
6235,719,1265,1697,2404,2755,,719,546,432,707,351,3480
6360,716,1265,1752,2488,2911,,716,549,487,736,423,3449
6359,717,1263,1753,2488,2910,,717,546,490,735,422,3449
6229,720,1223,1738,2445,2774,,720,503,515,707,329,3455
6058,704,1178,1649,2313,2669,,704,474,471,664,356,3389
6002,701,1175,1647,2308,2641,,701,474,472,661,333,3361
5952,702,1176,1609,2258,2595,,702,474,433,649,337,3357
5944,702,1178,1630,2273,2595,,702,476,452,643,322,3349
6102,698,1122,1561,2204,2611,,698,424,439,643,407,3491
6361,717,1264,1752,2489,2913,,717,547,488,737,424,3448
6360,717,1264,1753,2489,2914,,717,547,489,736,425,3446
6360,717,1263,1751,2489,2911,,717,546,488,738,422,3449
6359,716,1264,1752,2489,2912,,716,548,488,737,423,3447
6144,721,1223,1709,2333,2679,,721,502,486,624,346,3465
6360,717,1265,1752,2489,2911,,717,548,487,737,422,3449
6359,716,1262,1752,2488,2911,,716,546,490,736,423,3448
6359,716,1263,1751,2489,2910,,716,547,488,738,421,3449
6345,715,1247,1731,2449,2898,,715,532,484,718,449,3447
6358,717,1264,1751,2453,2910,,717,547,487,702,457,3448
6361,708,1265,1753,2491,2913,,708,557,488,738,422,3448
6361,717,1265,1752,2490,2912,,717,548,487,738,422,3449
6295,717,1265,1754,2469,2875,,717,548,489,715,406,3420
6111,706,1178,1652,2353,2703,,706,472,474,701,350,3408
5972,704,1177,1610,2261,2606,,704,473,433,651,345,3366
6030,706,1177,1650,2312,2649,,706,471,473,662,337,3381
6034,703,1174,1648,2308,2642,,703,471,474,660,334,3392
5951,702,1174,1605,2236,2567,,702,472,431,631,331,3384
6006,701,1176,1623,2284,2623,,701,475,447,661,339,3383
6121,701,1191,1640,2315,2680,,701,490,449,675,365,3441
6233,656,1162,1650,2362,2773,,656,506,488,712,411,3460
6360,718,1264,1752,2463,2911,,718,546,488,711,448,3449
6363,718,1267,1754,2495,2914,,718,549,487,741,419,3449
6293,719,1264,1733,2464,2890,,719,545,469,731,426,3403
6152,703,1190,1662,2365,2714,,703,487,472,703,349,3438
6004,705,1178,1650,2310,2647,,705,473,472,660,337,3357
6050,702,1199,1672,2331,2666,,702,497,473,659,335,3384
6025,702,1174,1645,2307,2641,,702,472,471,662,334,3384
5954,704,1175,1606,2239,2568,,704,471,431,633,329,3386
6304,693,1184,1673,2384,2800,,693,491,489,711,416,3504
6358,715,1263,1749,2487,2909,,715,548,486,738,422,3449
6360,716,1264,1752,2489,2912,,716,548,488,737,423,3448
6359,718,1264,1752,2489,2912,,718,546,488,737,423,3447
6360,714,1264,1754,2490,2898,,714,550,490,736,408,3462
6336,717,1263,1750,2469,2910,,717,546,487,719,441,3426
6360,718,1264,1752,2489,2912,,718,546,488,737,423,3448
6360,718,1263,1752,2489,2911,,718,545,489,737,422,3449
6361,716,1264,1754,2490,2912,,716,548,490,736,422,3449
5997,702,1131,1572,2226,2565,,702,429,441,654,339,3432
6191,667,1151,1623,2326,2747,,667,484,472,703,421,3444
6146,665,1106,1577,2281,2699,,665,441,471,704,418,3447
5906,706,1177,1646,2270,2561,,706,471,469,624,291,3345
6064,707,1180,1653,2355,2703,,707,473,473,702,348,3361
6016,704,1178,1649,2310,2647,,704,474,471,661,337,3369
6059,650,1129,1601,2301,2677,,650,479,472,700,376,3382
6006,705,1176,1649,2313,2646,,705,471,473,664,333,3360
6002,702,1175,1647,2309,2643,,702,473,472,662,334,3359
5953,702,1176,1607,2256,2593,,702,474,431,649,337,3360
5982,703,1175,1606,2239,2593,,703,472,431,633,354,3389
6167,659,1150,1624,2328,2724,,659,491,474,704,396,3443
5973,634,1053,1523,2183,2540,,634,419,470,660,357,3433
6358,715,1262,1750,2487,2909,,715,547,488,737,422,3449
6359,717,1263,1751,2487,2911,,717,546,488,736,424,3448
6309,717,1264,1751,2417,2900,,717,547,487,666,483,3409
6040,706,1178,1650,2312,2669,,706,472,472,662,357,3371
6029,702,1180,1652,2310,2646,,702,478,472,658,336,3383
6026,701,1174,1648,2307,2642,,701,473,474,659,335,3384
6025,700,1175,1647,2306,2642,,700,475,472,659,336,3383
6085,703,1173,1606,2275,2655,,703,470,433,669,380,3430
6095,687,1136,1616,2304,2701,,687,449,480,688,397,3394
6261,742,1191,1677,2388,2800,,742,449,486,711,412,3461
6357,717,1262,1752,2487,2910,,717,545,490,735,423,3447
6360,746,1265,1753,2489,2911,,746,519,488,736,422,3449
6361,717,1264,1752,2490,2913,,717,547,488,738,423,3448
6186,705,1217,1691,2380,2775,,705,512,474,689,395,3411
6002,707,1178,1650,2312,2647,,707,471,472,662,335,3355
6028,701,1176,1648,2309,2646,,701,475,472,661,337,3382
5979,702,1178,1650,2286,2619,,702,476,472,636,333,3360
5956,701,1174,1604,2234,2567,,701,473,430,630,333,3389
6154,686,1134,1604,2308,2728,,686,448,470,704,420,3426
5968,649,1055,1464,2148,2538,,649,406,409,684,390,3430
5933,705,1178,1648,2272,2591,,705,473,470,624,319,3342
6166,705,1178,1651,2353,2702,,705,473,473,702,349,3464
6072,704,1178,1651,2309,2644,,704,474,473,658,335,3428
5958,649,1127,1611,2260,2595,,649,478,484,649,335,3363
6116,705,1137,1581,2291,2699,,705,432,444,710,408,3417
6362,718,1267,1754,2493,2913,,718,549,487,739,420,3449
6360,718,1264,1751,2489,2911,,718,546,487,738,422,3449
6308,716,1265,1752,2491,2891,,716,549,487,739,400,3417
6024,668,1105,1516,2206,2600,,668,437,411,690,394,3424
6047,645,1061,1521,2204,2621,,645,416,460,683,417,3426
6062,707,1207,1679,2336,2694,,707,500,472,657,358,3368
5933,704,1179,1607,2238,2569,,704,475,428,631,331,3364
6022,702,1176,1603,2236,2571,,702,474,427,633,335,3451
5905,706,1179,1661,2267,2562,,706,473,482,606,295,3343
6043,697,1188,1659,2322,2676,,697,491,471,663,354,3367
6027,703,1176,1652,2334,2669,,703,473,476,682,335,3358
5927,703,1175,1605,2235,2567,,703,472,430,630,332,3360
5946,700,1174,1619,2257,2588,,700,474,445,638,331,3358
6002,705,1141,1553,2194,2588,,705,436,412,641,394,3414
5980,646,1062,1473,2179,2596,,646,416,411,706,417,3384
5883,706,1179,1650,2259,2550,,706,473,471,609,291,3333
6135,704,1180,1653,2355,2708,,704,476,473,702,353,3427
6015,703,1177,1650,2309,2646,,703,474,473,659,337,3369
5981,649,1124,1596,2248,2601,,649,475,472,652,353,3380
6016,712,1188,1662,2322,2656,,712,476,474,660,334,3360
6053,702,1200,1672,2334,2667,,702,498,472,662,333,3386
5951,703,1176,1607,2256,2594,,703,473,431,649,338,3357
5932,702,1178,1606,2236,2567,,702,476,428,630,331,3365
6044,704,1159,1570,2203,2616,,704,455,411,633,413,3428
5954,645,1060,1471,2150,2565,,645,415,411,679,415,3389
5931,703,1177,1648,2273,2593,,703,474,471,625,320,3338
6085,707,1205,1678,2338,2693,,707,498,473,660,355,3392
6035,707,1178,1650,2313,2649,,707,471,472,663,336,3386
6388,719,1246,1731,2516,2940,,719,527,485,785,424,3448
6268,722,1221,1710,2422,2831,,722,499,489,712,409,3437
6361,717,1266,1753,2489,2912,,717,549,487,736,423,3449
6360,716,1264,1752,2488,2912,,716,548,488,736,424,3448
6309,716,1265,1753,2489,2893,,716,549,488,736,404,3416
6350,716,1264,1743,2454,2904,,716,548,479,711,450,3446
6022,646,1060,1471,2183,2585,,646,414,411,712,402,3437
5907,704,1178,1649,2273,2568,,704,474,471,624,295,3339
6145,705,1179,1650,2354,2703,,705,474,471,704,349,3442
6007,706,1178,1650,2313,2647,,706,472,472,663,334,3360
6209,666,1165,1652,2345,2775,,666,499,487,693,430,3434
6295,725,1224,1710,2423,2833,,725,499,486,713,410,3462
6382,716,1260,1749,2516,2933,,716,544,489,767,417,3449
6362,718,1265,1752,2490,2912,,718,547,487,738,422,3450
6336,717,1263,1751,2493,2912,,717,546,488,742,419,3424
6199,718,1213,1655,2313,2731,,718,495,442,658,418,3468
5984,645,1062,1473,2117,2527,,645,417,411,644,410,3457
6359,717,1263,1751,2487,2910,,717,546,488,736,423,3449
6331,716,1266,1753,2490,2913,,716,550,487,737,423,3418
6361,721,1266,1753,2490,2913,,721,545,487,737,423,3448
6359,716,1265,1730,2464,2913,,716,549,465,734,449,3446
6297,724,1224,1712,2424,2837,,724,500,488,712,413,3460
6361,718,1266,1753,2489,2913,,718,548,487,736,424,3448
6360,716,1263,1752,2489,2911,,716,547,489,737,422,3449
6336,716,1246,1715,2489,2912,,716,530,469,774,423,3424
6363,717,1251,1715,2467,2915,,717,534,464,752,448,3448
6212,742,1227,1672,2303,2714,,742,485,445,631,411,3498
6361,717,1265,1753,2490,2914,,717,548,488,737,424,3447
6362,717,1263,1752,2489,2910,,717,546,489,737,421,3452
6359,716,1266,1753,2489,2912,,716,550,487,736,423,3447
6219,716,1263,1716,2373,2766,,716,547,453,657,393,3453
6064,704,1193,1619,2294,2664,,704,489,426,675,370,3400
6281,717,1210,1698,2410,2820,,717,493,488,712,410,3461
6361,717,1265,1753,2490,2913,,717,548,488,737,423,3448
6158,692,1177,1662,2352,2731,,692,485,485,690,379,3427
6024,703,1203,1634,2261,2594,,703,500,431,627,333,3430
5960,664,1086,1499,2135,2514,,664,422,413,636,379,3446
6360,715,1265,1753,2491,2914,,715,550,488,738,423,3446
6286,716,1216,1703,2414,2825,,716,500,487,711,411,3461
6360,718,1264,1753,2490,2913,,718,546,489,737,423,3447
6334,717,1266,1754,2490,2892,,717,549,488,736,402,3442
6360,717,1264,1750,2488,2911,,717,547,486,738,423,3449
6361,718,1265,1753,2490,2913,,718,547,488,737,423,3448
6340,747,1265,1754,2491,2913,,747,518,489,737,422,3427
6340,716,1250,1733,2491,2913,,716,534,483,758,422,3427
6322,719,1266,1701,2479,2902,,719,547,435,778,423,3420
5925,663,1088,1500,2159,2495,,663,425,412,659,336,3430
5955,704,1178,1672,2297,2616,,704,474,494,625,319,3339
6006,704,1178,1651,2312,2646,,704,474,473,661,334,3360
5929,705,1179,1609,2238,2569,,705,474,430,629,331,3360
5960,651,1058,1527,2228,2580,,651,407,469,701,352,3380
6006,712,1185,1613,2245,2578,,712,473,428,632,333,3428
6032,706,1178,1650,2353,2678,,706,472,472,703,325,3354
6008,705,1179,1652,2313,2646,,705,474,473,661,333,3362
5934,703,1175,1604,2237,2568,,703,472,429,633,331,3366
5923,702,1192,1596,2230,2574,,702,490,404,634,344,3349
5922,702,1110,1523,2159,2493,,702,408,413,636,334,3429
6222,705,1176,1647,2354,2745,,705,471,471,707,391,3477
6180,704,1177,1651,2353,2744,,704,473,474,702,391,3436
6004,706,1177,1650,2309,2644,,706,471,473,659,335,3360
6207,664,1111,1601,2313,2723,,664,447,490,712,410,3484
6282,716,1212,1700,2412,2822,,716,496,488,712,410,3460
6361,717,1266,1754,2491,2913,,717,549,488,737,422,3448
6361,716,1265,1753,2491,2912,,716,549,488,738,421,3449
6336,718,1266,1754,2491,2913,,718,548,488,737,422,3423
6247,717,1213,1668,2380,2801,,717,496,455,712,421,3446
5924,703,1113,1525,2162,2495,,703,410,412,637,333,3429
6222,706,1202,1673,2377,2768,,706,496,471,704,391,3454
6168,706,1179,1651,2355,2731,,706,473,472,704,376,3437
6006,704,1180,1652,2314,2647,,704,476,472,662,333,3359
5947,703,1178,1601,2249,2596,,703,475,423,648,347,3351
5815,645,1080,1488,2123,2457,,645,435,408,635,334,3358
5734,640,1061,1458,2085,2404,,640,421,397,627,319,3330
5687,626,1040,1441,2066,2355,,626,414,401,625,289,3332
5777,624,1041,1461,2092,2413,,624,417,420,631,321,3364
5974,704,1179,1626,2281,2605,,704,475,447,655,324,3369
5923,703,1113,1524,2161,2495,,703,410,411,637,334,3428
6197,707,1179,1651,2354,2772,,707,472,472,703,418,3425
5930,707,1177,1651,2273,2591,,707,470,474,622,318,3339
6140,707,1180,1650,2329,2707,,707,473,470,679,378,3433
6171,707,1179,1627,2330,2709,,707,472,448,703,379,3462
6296,715,1200,1689,2400,2810,,715,485,489,711,410,3486
6362,716,1265,1753,2490,2913,,716,549,488,737,423,3449
6359,716,1263,1753,2488,2912,,716,547,490,735,424,3447
6063,773,1201,1621,2331,2685,,773,428,420,710,354,3378
5924,705,1180,1611,2239,2568,,705,475,431,628,329,3356
5950,704,1113,1525,2161,2510,,704,409,412,636,349,3440
6165,705,1179,1649,2346,2741,,705,474,470,697,395,3424
5907,705,1181,1653,2276,2570,,705,476,472,623,294,3337
6157,706,1179,1652,2355,2705,,706,473,473,703,350,3452
6164,705,1180,1643,2353,2706,,705,475,463,710,353,3458
6067,672,1166,1639,2339,2693,,672,494,473,700,354,3374
6033,704,1175,1647,2309,2644,,704,471,472,662,335,3389
6362,716,1264,1753,2490,2915,,716,548,489,737,425,3447
6360,716,1265,1753,2490,2912,,716,549,488,737,422,3448
6308,716,1265,1733,2433,2903,,716,549,468,700,470,3405
5924,704,1113,1524,2161,2494,,704,409,411,637,333,3430
6204,703,1179,1676,2380,2773,,703,476,497,704,393,3431
5918,716,1192,1663,2287,2579,,716,476,471,624,292,3339
6166,705,1180,1653,2356,2732,,705,475,473,703,376,3434
5996,704,1177,1656,2300,2646,,704,473,479,644,346,3350
6141,705,1179,1652,2353,2732,,705,474,473,701,379,3409
6032,706,1180,1652,2313,2648,,706,474,472,661,335,3384
6031,706,1181,1652,2315,2648,,706,475,471,663,333,3383
6038,706,1179,1677,2336,2672,,706,473,498,659,336,3366
5961,705,1179,1608,2239,2577,,705,474,429,631,338,3384
5923,704,1112,1523,2163,2495,,704,408,411,640,332,3428
6224,705,1179,1651,2354,2747,,705,474,472,703,393,3477
5931,707,1179,1651,2272,2590,,707,472,472,621,318,3341
6158,709,1179,1652,2355,2731,,709,470,473,703,376,3427
6148,705,1178,1649,2309,2710,,705,473,471,660,401,3438
6362,716,1266,1754,2492,2913,,716,550,488,738,421,3449
6363,717,1267,1754,2491,2915,,717,550,487,737,424,3448
6261,685,1166,1653,2366,2800,,685,481,487,713,434,3461
6305,718,1264,1752,2490,2912,,718,546,488,738,422,3393
6257,717,1263,1753,2492,2854,,717,546,490,739,362,3403
5923,703,1112,1524,2160,2494,,703,409,412,636,334,3429
6199,704,1179,1650,2354,2771,,704,475,471,704,417,3428
5905,705,1179,1650,2273,2566,,705,474,471,623,293,3339
6084,705,1179,1651,2354,2703,,705,474,472,703,349,3381
6113,705,1177,1606,2261,2684,,705,472,429,655,423,3429
6361,716,1219,1704,2490,2915,,716,503,485,786,425,3446
6384,716,1264,1751,2518,2936,,716,548,487,767,418,3448
6362,717,1266,1754,2492,2914,,717,549,488,738,422,3448
6333,716,1263,1752,2488,2910,,716,547,489,736,422,3423
6260,717,1266,1754,2490,2862,,717,549,488,736,372,3398
5972,703,1179,1585,2211,2534,,703,476,406,626,323,3438
6224,705,1178,1650,2354,2746,,705,473,472,704,392,3478
5905,706,1179,1651,2274,2566,,706,473,472,623,292,3339
6197,707,1180,1652,2354,2730,,707,473,472,702,376,3467
6111,703,1180,1609,2262,2687,,703,477,429,653,425,3424
6362,745,1265,1754,2489,2913,,745,520,489,735,424,3449
6362,717,1265,1753,2491,2913,,717,548,488,738,422,3449
6360,717,1265,1753,2490,2913,,717,548,488,737,423,3447
6222,704,1171,1629,2340,2751,,704,467,458,711,411,3471
6286,715,1264,1752,2490,2880,,715,549,488,738,390,3406
6024,703,1179,1608,2262,2595,,703,476,429,654,333,3429
6196,704,1177,1649,2354,2745,,704,473,472,705,391,3451
5906,705,1181,1654,2274,2567,,705,476,473,620,293,3339
6134,704,1179,1651,2355,2705,,704,475,472,704,350,3429
6059,704,1143,1618,2330,2681,,704,439,475,712,351,3378
6166,706,1178,1618,2329,2708,,706,472,440,711,379,3458
6006,705,1181,1654,2313,2648,,705,476,473,659,335,3358
6025,706,1176,1648,2309,2644,,706,470,472,661,335,3381
6012,706,1179,1650,2313,2649,,706,473,471,663,336,3363
6124,652,1081,1564,2266,2676,,652,429,483,702,410,3448
6296,725,1222,1741,2425,2792,,725,497,519,684,367,3504
6362,717,1266,1753,2491,2913,,717,549,487,738,422,3449
6391,716,1266,1753,2490,2912,,716,550,487,737,422,3479
6337,716,1264,1753,2490,2912,,716,548,489,737,422,3425
6386,743,1268,1782,2519,2938,,743,525,514,737,419,3448
6362,716,1266,1703,2492,2913,,716,550,437,789,421,3449
6361,717,1263,1753,2492,2911,,717,546,490,739,419,3450
6321,717,1268,1753,2476,2897,,717,551,485,723,421,3424
6294,714,1266,1753,2490,2893,,714,552,487,737,403,3401
6305,716,1266,1754,2476,2894,,716,550,488,722,418,3411
6053,708,1182,1654,2292,2623,,708,474,472,638,331,3430
6200,704,1179,1653,2355,2773,,704,475,474,702,418,3427
6199,662,1128,1601,2307,2728,,662,466,473,706,421,3471
6132,704,1179,1652,2355,2730,,704,475,473,703,375,3402
5982,676,1162,1557,2265,2621,,676,486,395,708,356,3361
6034,682,1103,1518,2231,2625,,682,421,415,713,394,3409
6005,704,1176,1649,2311,2645,,704,472,473,662,334,3360
6006,705,1177,1648,2312,2649,,705,472,471,664,337,3357
6004,703,1179,1652,2314,2647,,703,476,473,662,333,3357
6103,705,1179,1595,2303,2689,,705,474,416,708,386,3414
6335,717,1263,1751,2455,2875,,717,546,488,704,420,3460
6359,716,1264,1751,2489,2911,,716,548,487,738,422,3448
6363,709,1267,1754,2492,2914,,709,558,487,738,422,3449
6361,717,1266,1755,2491,2912,,717,549,489,736,421,3449
6134,729,1231,1661,2315,2710,,729,502,430,654,395,3424
6362,713,1255,1703,2417,2913,,713,542,448,714,496,3449
6360,717,1265,1753,2489,2912,,717,548,488,736,423,3448
6361,718,1265,1753,2489,2913,,718,547,488,736,424,3448
6337,716,1265,1734,2465,2913,,716,549,469,731,448,3424
6198,718,1217,1649,2357,2735,,718,499,432,708,378,3463
6049,704,1177,1649,2288,2620,,704,473,472,639,332,3429
6206,706,1206,1703,2406,2824,,706,500,497,703,418,3382
5982,666,1158,1630,2290,2624,,666,492,472,660,334,3358
6046,702,1176,1645,2284,2616,,702,474,469,639,332,3430
6221,707,1202,1676,2354,2750,,707,495,474,678,396,3471
6119,705,1179,1651,2354,2750,,705,474,472,703,396,3369
6035,706,1181,1654,2314,2670,,706,475,473,660,356,3365
6006,704,1179,1652,2314,2649,,704,475,473,662,335,3357
6058,705,1177,1673,2339,2672,,705,472,496,666,333,3386
5936,704,1179,1607,2242,2572,,704,475,428,635,330,3364
5999,704,1180,1609,2240,2572,,704,476,429,631,332,3427
6200,705,1179,1651,2358,2737,,705,474,472,707,379,3463
6132,704,1178,1651,2353,2774,,704,474,473,702,421,3358
6192,713,1189,1664,2362,2738,,713,476,475,698,376,3454
6084,706,1181,1652,2320,2676,,706,475,471,668,356,3408
6237,706,1181,1612,2331,2763,,706,475,431,719,432,3474
6361,716,1266,1755,2491,2914,,716,550,489,736,423,3447
6364,717,1267,1755,2492,2915,,717,550,488,737,423,3449
6362,717,1265,1753,2491,2913,,717,548,488,738,422,3449
6302,724,1277,1745,2474,2894,,724,553,468,729,420,3408
6336,711,1267,1755,2471,2876,,711,556,488,716,405,3460
6361,716,1266,1754,2492,2913,,716,550,488,738,421,3448
6339,717,1265,1754,2491,2913,,717,548,489,737,422,3426
6261,704,1192,1679,2392,2802,,704,488,487,713,410,3459
6350,712,1267,1735,2462,2903,,712,555,468,727,441,3447
6057,705,1145,1617,2263,2666,,705,440,472,646,403,3391
6034,708,1182,1653,2313,2670,,708,474,471,660,357,3364
6007,705,1181,1652,2313,2649,,705,476,471,661,336,3358
6011,705,1180,1651,2313,2650,,705,475,471,662,337,3361
5963,703,1177,1608,2237,2575,,703,474,431,629,338,3388
6046,664,1153,1624,2286,2623,,664,489,471,662,337,3423
6199,704,1179,1651,2355,2771,,704,475,472,704,416,3428
6149,704,1144,1618,2305,2701,,704,440,474,687,396,3448
6159,705,1179,1652,2352,2727,,705,474,473,700,375,3432
6236,709,1256,1727,2481,2865,,709,547,471,754,384,3371
5951,707,1191,1617,2253,2601,,707,484,426,636,348,3350
6032,704,1180,1653,2314,2649,,704,476,473,661,335,3383
6032,708,1181,1654,2317,2649,,708,473,473,663,332,3383
6031,706,1181,1654,2311,2653,,706,475,473,657,342,3378
5960,705,1180,1610,2240,2572,,705,475,430,630,332,3388
6050,705,1179,1652,2292,2624,,705,474,473,640,332,3426
6224,704,1180,1651,2355,2748,,704,476,471,704,393,3476
6212,664,1112,1603,2316,2725,,664,448,491,713,409,3487
6363,716,1266,1755,2490,2913,,716,550,489,735,423,3450
6309,717,1264,1752,2474,2848,,717,547,488,722,374,3461
6337,717,1257,1754,2491,2897,,717,540,497,737,406,3440
6362,716,1266,1753,2490,2914,,716,550,487,737,424,3448
6362,717,1267,1755,2492,2917,,717,550,488,737,425,3445
6363,716,1267,1755,2492,2914,,716,551,488,737,422,3449
6338,718,1266,1755,2493,2915,,718,548,489,738,422,3423
6311,716,1272,1758,2467,2870,,716,556,486,709,403,3441
6363,717,1268,1755,2493,2916,,717,551,487,738,423,3447
6331,717,1269,1740,2475,2900,,717,552,471,735,425,3431
6267,670,1174,1662,2374,2810,,670,504,488,712,436,3457
6234,686,1140,1631,2341,2750,,686,454,491,710,409,3484
6238,703,1158,1632,2332,2708,,703,455,474,700,376,3530
6361,717,1265,1753,2466,2912,,717,548,488,713,446,3449
6362,716,1266,1753,2491,2914,,716,550,487,738,423,3448
6238,704,1127,1608,2320,2730,,704,423,481,712,410,3508
6288,718,1215,1706,2417,2828,,718,497,491,711,411,3460
6196,709,1123,1611,2323,2732,,709,414,488,712,409,3464
6338,722,1268,1756,2493,2878,,722,546,488,737,385,3460
6362,718,1268,1755,2491,2914,,718,550,487,736,423,3448
6363,716,1267,1755,2491,2914,,716,551,488,736,423,3449
6287,718,1270,1757,2492,2835,,718,552,487,735,343,3452
6288,717,1268,1755,2492,2835,,717,551,487,737,343,3453
6363,718,1267,1755,2491,2915,,718,549,488,736,424,3448
6363,716,1267,1754,2492,2914,,716,551,487,738,422,3449
6363,718,1268,1755,2492,2915,,718,550,487,737,423,3448
6340,717,1266,1754,2492,2914,,717,549,488,738,422,3426
6365,742,1266,1755,2491,2914,,742,524,489,736,423,3451
6363,717,1266,1755,2492,2914,,717,549,489,737,422,3449
6363,718,1268,1756,2494,2915,,718,550,488,738,421,3448
6315,718,1219,1707,2418,2853,,718,501,488,711,435,3462
6286,741,1267,1750,2491,2835,,741,526,483,741,344,3451
6287,717,1268,1758,2493,2836,,717,551,490,735,343,3451
6360,717,1264,1753,2490,2912,,717,547,489,737,422,3448
6363,718,1268,1756,2493,2915,,718,550,488,737,422,3448
6309,717,1267,1756,2493,2916,,717,550,489,737,423,3393
6159,706,1177,1606,2312,2724,,706,471,429,706,412,3435
6361,718,1251,1717,2493,2921,,718,533,466,776,428,3440
6362,718,1267,1755,2491,2913,,718,549,488,736,422,3449
6360,718,1266,1754,2490,2913,,718,548,488,736,423,3447
6310,716,1215,1703,2414,2850,,716,499,488,711,436,3460
6297,716,1265,1707,2431,2847,,716,549,442,724,416,3450
6063,705,1180,1642,2331,2681,,705,475,462,689,350,3382
6007,705,1180,1653,2313,2647,,705,475,473,660,334,3360
6006,705,1180,1653,2315,2648,,705,475,473,662,333,3358
6032,705,1180,1653,2313,2650,,705,475,473,660,337,3382
5924,699,1165,1595,2229,2558,,699,466,430,634,329,3366
6080,705,1179,1649,2354,2703,,705,474,470,705,349,3377
6224,705,1180,1652,2356,2772,,705,475,472,704,416,3452
6185,704,1179,1609,2314,2725,,704,475,430,705,411,3460
6362,719,1265,1754,2490,2913,,719,546,489,736,423,3449
6247,741,1266,1717,2404,2825,,741,525,451,687,421,3422
6094,712,1186,1658,2360,2711,,712,474,472,702,351,3383
6032,705,1176,1649,2309,2647,,705,471,473,660,338,3385
6053,704,1203,1675,2335,2672,,704,499,472,660,337,3381
6032,706,1181,1678,2341,2675,,706,475,497,663,334,3357
6014,715,1192,1622,2256,2608,,715,477,430,634,352,3406
6191,695,1191,1642,2354,2776,,695,496,451,712,422,3415
6221,705,1178,1650,2352,2770,,705,473,472,702,418,3451
6215,706,1179,1607,2318,2727,,706,473,428,711,409,3488
6361,716,1267,1755,2492,2914,,716,551,488,737,422,3447
6337,717,1265,1734,2467,2888,,717,548,469,733,421,3449
6225,718,1252,1681,2382,2777,,718,534,429,701,395,3448
6059,706,1181,1654,2354,2703,,706,475,473,700,349,3356
6031,705,1180,1652,2313,2649,,705,475,472,661,336,3382
6234,706,1158,1651,2363,2775,,706,452,493,712,412,3459
6163,719,1194,1662,2296,2705,,719,475,468,634,409,3458
6361,716,1296,1702,2490,2914,,716,580,406,788,424,3447
6363,718,1266,1755,2467,2918,,718,548,489,712,451,3445
6363,717,1267,1761,2492,2916,,717,550,494,731,424,3447
6365,715,1268,1736,2469,2914,,715,553,468,733,445,3451
6213,718,1267,1756,2400,2779,,718,549,489,644,379,3434
6251,716,1266,1704,2405,2825,,716,550,438,701,420,3426
6162,706,1180,1653,2355,2704,,706,474,473,702,349,3458
6008,705,1182,1656,2313,2650,,705,477,474,657,337,3358
6032,705,1180,1653,2314,2650,,705,475,473,661,336,3382
6046,654,1132,1605,2263,2628,,654,478,473,658,365,3418
6387,715,1266,1732,2491,2913,,715,551,466,759,422,3474
6390,716,1265,1752,2497,2912,,716,549,487,745,415,3478
6363,716,1267,1754,2491,2914,,716,551,487,737,423,3449
6340,716,1266,1754,2491,2915,,716,550,488,737,424,3425
6237,716,1266,1677,2391,2777,,716,550,411,714,386,3460
6277,720,1252,1701,2406,2826,,720,532,449,705,420,3451
6046,707,1180,1653,2312,2673,,707,473,473,659,361,3373
6008,705,1181,1652,2314,2650,,705,476,471,662,336,3358
6032,705,1181,1653,2314,2651,,705,476,472,661,337,3381
6059,654,1131,1603,2284,2634,,654,477,472,681,350,3425
6334,717,1265,1754,2495,2914,,717,548,489,741,419,3420
6364,718,1269,1756,2493,2916,,718,551,487,737,423,3448
6362,717,1267,1754,2490,2914,,717,550,487,736,424,3448
6337,716,1267,1754,2472,2890,,716,551,487,718,418,3447
6336,716,1265,1754,2465,2892,,716,549,489,711,427,3444
6364,719,1270,1735,2494,2917,,719,551,465,759,423,3447
6387,717,1265,1754,2491,2943,,717,548,489,737,452,3444
6363,716,1267,1754,2492,2917,,716,551,487,738,425,3446
6362,718,1266,1753,2492,2913,,718,548,487,739,421,3449
6250,683,1190,1679,2392,2826,,683,507,489,713,434,3424
6308,715,1262,1672,2387,2824,,715,547,410,715,437,3484
6362,717,1266,1754,2491,2914,,717,549,488,737,423,3448
6263,716,1215,1703,2415,2824,,716,499,488,712,409,3439
6204,716,1197,1667,2352,2743,,716,481,470,685,391,3461
5972,705,1181,1653,2355,2654,,705,476,472,702,299,3318
6060,707,1206,1679,2340,2696,,707,499,473,661,356,3364
6007,708,1181,1652,2314,2648,,708,473,471,662,334,3359
6032,705,1181,1655,2315,2649,,705,476,474,660,334,3383
6007,707,1181,1654,2315,2650,,707,474,473,661,335,3357
6022,674,1164,1636,2297,2635,,674,490,472,661,338,3387
6344,718,1266,1754,2492,2903,,718,548,488,738,411,3441
6414,718,1266,1754,2520,2940,,718,548,488,766,420,3474
6285,716,1214,1701,2414,2825,,716,498,487,713,411,3460
6237,717,1208,1689,2393,2801,,717,491,481,704,408,3436
6289,716,1296,1780,2491,2836,,716,580,484,711,345,3453
6363,746,1266,1753,2492,2914,,746,520,487,739,422,3449
6363,717,1266,1755,2493,2915,,717,549,489,738,422,3448
6362,719,1266,1753,2490,2914,,719,547,487,737,424,3448
6365,717,1266,1740,2491,2928,,717,549,474,751,437,3437
6239,719,1185,1670,2368,2778,,719,466,485,698,410,3461
6339,715,1267,1754,2491,2904,,715,552,487,737,413,3435
6363,747,1266,1754,2491,2915,,747,519,488,737,424,3448
6364,717,1266,1761,2472,2914,,717,549,495,711,442,3450
6296,716,1267,1733,2467,2890,,716,551,466,734,423,3406
6237,706,1156,1671,2392,2803,,706,450,515,721,411,3434
6263,722,1267,1740,2404,2810,,722,545,473,664,406,3453
6361,716,1265,1754,2490,2913,,716,549,489,736,423,3448
6362,718,1267,1784,2492,2914,,718,549,517,708,422,3448
6311,719,1266,1754,2491,2892,,719,547,488,737,401,3419
6347,718,1268,1755,2491,2916,,718,550,487,736,425,3431
6388,747,1297,1782,2492,2915,,747,550,485,710,423,3473
6363,745,1266,1753,2490,2914,,745,521,487,737,424,3449
6360,716,1263,1752,2468,2911,,716,547,489,716,443,3449
6310,716,1265,1746,2466,2889,,716,549,481,720,423,3421
6182,716,1266,1703,2417,2750,,716,550,437,714,333,3432
6338,719,1296,1760,2472,2887,,719,577,464,712,415,3451
6362,716,1266,1783,2492,2915,,716,550,517,709,423,3447
6362,716,1265,1783,2492,2914,,716,549,518,709,422,3448
6388,717,1267,1755,2522,2941,,717,550,488,767,419,3447
6288,716,1266,1704,2418,2828,,716,550,438,714,410,3460
6387,745,1266,1755,2492,2914,,745,521,489,737,422,3473
6362,717,1266,1754,2491,2913,,717,549,488,737,422,3449
6363,717,1267,1755,2493,2913,,717,550,488,738,420,3450
6159,705,1177,1607,2313,2723,,705,472,430,706,410,3436
6285,717,1266,1754,2493,2836,,717,549,488,739,343,3449
6362,718,1265,1753,2490,2912,,718,547,488,737,422,3450
6362,717,1266,1754,2492,2914,,717,549,488,738,422,3448
6387,716,1265,1753,2520,2938,,716,549,488,767,418,3449
6362,718,1267,1754,2492,2914,,718,549,487,738,422,3448
6245,689,1193,1684,2392,2802,,689,504,491,708,410,3443
6387,717,1297,1781,2496,2914,,717,580,484,715,418,3473
6362,745,1267,1754,2492,2914,,745,522,487,738,422,3448
6363,715,1270,1756,2493,2915,,715,555,486,737,422,3448
6347,718,1268,1755,2455,2900,,718,550,487,700,445,3447
6235,716,1264,1752,2490,2834,,716,548,488,738,344,3401
6390,717,1273,1756,2493,2932,,717,556,483,737,439,3458
6363,717,1265,1753,2492,2915,,717,548,488,739,423,3448
6362,718,1267,1755,2493,2915,,718,549,488,738,422,3447
6341,746,1267,1754,2492,2914,,746,521,487,738,422,3427
6316,717,1266,1755,2494,2915,,717,549,489,739,421,3401
6387,717,1268,1754,2492,2915,,717,551,486,738,423,3472
6417,717,1267,1753,2495,2945,,717,550,486,742,450,3472
6390,724,1267,1755,2493,2915,,724,543,488,738,422,3475
6298,744,1293,1756,2467,2885,,744,549,463,711,418,3413
6178,708,1183,1654,2318,2716,,708,475,471,664,398,3462
6236,706,1137,1631,2342,2753,,706,431,494,711,411,3483
6364,716,1267,1756,2492,2914,,716,551,489,736,422,3450
6363,718,1267,1754,2492,2914,,718,549,487,738,422,3449
6211,718,1268,1678,2368,2751,,718,550,410,690,383,3460
6296,719,1268,1756,2475,2889,,719,549,488,719,414,3407
6388,719,1268,1755,2492,2913,,719,549,487,737,421,3475
6285,715,1214,1702,2413,2825,,715,499,488,711,412,3460
6337,718,1266,1754,2492,2896,,718,548,488,738,404,3441
6310,716,1268,1736,2467,2891,,716,552,468,731,424,3419
6365,717,1268,1756,2492,2900,,717,551,488,736,408,3465
6361,717,1266,1786,2495,2917,,717,549,520,709,422,3444
6362,745,1266,1754,2492,2914,,745,521,488,738,422,3448
6363,717,1267,1755,2492,2914,,717,550,488,737,422,3449
6367,718,1268,1756,2492,2944,,718,550,488,736,452,3423
6186,718,1215,1704,2389,2735,,718,497,489,685,346,3451
6413,717,1267,1754,2492,2944,,717,550,487,738,452,3469
6390,747,1294,1782,2497,2942,,747,547,488,715,445,3448
6363,716,1266,1755,2496,2917,,716,550,489,741,421,3446
6339,718,1267,1734,2467,2890,,718,549,467,733,423,3449
6285,746,1269,1754,2477,2848,,746,523,485,723,371,3437
6363,718,1268,1767,2494,2916,,718,550,499,727,422,3447
6361,716,1265,1753,2490,2912,,716,549,488,737,422,3449
6360,717,1265,1754,2490,2912,,717,548,489,736,422,3448
6362,718,1268,1755,2492,2916,,718,550,487,737,424,3446
6312,717,1268,1756,2494,2860,,717,551,488,738,366,3452
6362,718,1268,1754,2492,2915,,718,550,486,738,423,3447
6364,720,1268,1755,2493,2917,,720,548,487,738,424,3447
6364,719,1240,1731,2494,2916,,719,521,491,763,422,3448
6125,673,1157,1628,2290,2692,,673,484,471,662,402,3433
6149,704,1179,1652,2353,2723,,704,475,473,701,370,3426
6360,717,1266,1757,2492,2914,,717,549,491,735,422,3446
6358,717,1265,1780,2489,2910,,717,548,515,709,421,3448
6364,717,1251,1735,2492,2915,,717,534,484,757,423,3449
6391,716,1265,1753,2492,2914,,716,549,488,739,422,3477
6337,718,1267,1743,2492,2891,,718,549,476,749,399,3446
6363,717,1267,1755,2492,2916,,717,550,488,737,424,3447
6320,723,1223,1710,2423,2859,,723,500,487,713,436,3461
6393,717,1267,1784,2494,2917,,717,550,517,710,423,3476
6310,718,1267,1755,2477,2897,,718,549,488,722,420,3413
6311,717,1267,1756,2494,2905,,717,550,489,738,411,3406
6360,716,1265,1754,2491,2914,,716,549,489,737,423,3446
6388,716,1265,1753,2519,2937,,716,549,488,766,418,3451
6387,716,1265,1753,2519,2940,,716,549,488,766,421,3447
6340,717,1266,1754,2492,2913,,717,549,488,738,421,3427
6350,718,1266,1779,2492,2916,,718,548,513,713,424,3434
6363,717,1266,1756,2491,2914,,717,549,490,735,423,3449
6293,723,1223,1711,2424,2833,,723,500,488,713,409,3460
6363,717,1268,1784,2493,2914,,717,551,516,709,421,3449
6308,719,1265,1755,2469,2888,,719,546,490,714,419,3420
6388,717,1267,1755,2521,2940,,717,550,488,766,419,3448
6307,718,1266,1753,2491,2915,,718,548,487,738,424,3392
6095,713,1189,1662,2363,2717,,713,476,473,701,354,3378
6032,706,1180,1652,2316,2650,,706,474,472,664,334,3382
6113,706,1141,1597,2283,2675,,706,435,456,686,392,3438
6361,716,1266,1720,2441,2912,,716,550,454,721,471,3449
6363,717,1267,1784,2493,2915,,717,550,517,709,422,3448
6319,723,1252,1735,2449,2858,,723,529,483,714,409,3461
6416,716,1265,1742,2491,2942,,716,549,477,749,451,3474
6345,717,1269,1754,2491,2915,,717,552,485,737,424,3430
6386,717,1267,1728,2521,2940,,717,550,461,793,419,3446
6368,717,1267,1783,2492,2918,,717,550,516,709,426,3450
6363,717,1267,1784,2494,2914,,717,550,517,710,420,3449
6362,716,1266,1753,2491,2913,,716,550,487,738,422,3449
6336,717,1263,1751,2488,2910,,717,546,488,737,422,3426
6386,717,1267,1758,2521,2940,,717,550,491,763,419,3446
6391,715,1266,1754,2491,2913,,715,551,488,737,422,3478
6376,726,1226,1743,2452,2885,,726,500,517,709,433,3491
6361,717,1266,1754,2491,2913,,717,549,488,737,422,3448
6317,746,1267,1754,2477,2899,,746,521,487,723,422,3418
6337,717,1295,1780,2492,2914,,717,578,485,712,422,3423
6389,747,1267,1755,2474,2896,,747,520,488,719,422,3493
6362,716,1266,1755,2490,2914,,716,550,489,735,424,3448
6340,717,1266,1756,2491,2913,,717,549,490,735,422,3427
6363,716,1267,1755,2493,2915,,716,551,488,738,422,3448
6229,716,1212,1700,2376,2809,,716,496,488,676,433,3420
6390,717,1267,1784,2494,2915,,717,550,517,710,421,3475
6362,716,1266,1753,2491,2913,,716,550,487,738,422,3449
6363,716,1266,1754,2491,2914,,716,550,488,737,423,3449
6237,688,1125,1607,2317,2728,,688,437,482,710,411,3509
6272,717,1267,1755,2493,2915,,717,550,488,738,422,3357
6263,698,1191,1680,2393,2784,,698,493,489,713,391,3479
6362,717,1268,1755,2477,2914,,717,551,487,722,437,3448
6364,717,1252,1734,2493,2916,,717,535,482,759,423,3448
6364,717,1270,1756,2493,2915,,717,553,486,737,422,3449
6366,715,1266,1753,2453,2913,,715,551,487,700,460,3453
6246,713,1203,1690,2402,2813,,713,490,487,712,411,3433
6361,717,1267,1755,2491,2915,,717,550,488,736,424,3446
6364,719,1268,1757,2494,2915,,719,549,489,737,421,3449
6323,717,1267,1755,2480,2900,,717,550,488,725,420,3423
6339,718,1267,1755,2465,2915,,718,549,488,710,450,3424
6389,718,1268,1756,2493,2912,,718,550,488,737,419,3477
6363,716,1267,1754,2492,2914,,716,551,487,738,422,3449
6364,718,1269,1756,2494,2918,,718,551,487,738,424,3446
6342,717,1268,1755,2492,2915,,717,551,487,737,423,3427
6297,717,1268,1756,2492,2896,,717,551,488,736,404,3401
6362,749,1269,1763,2493,2917,,749,520,494,730,424,3445
6362,717,1266,1753,2491,2914,,717,549,487,738,423,3448
6363,717,1267,1755,2459,2915,,717,550,488,704,456,3448
6299,717,1267,1756,2471,2890,,717,550,489,715,419,3409
6323,720,1269,1758,2494,2905,,720,549,489,736,411,3418
6340,716,1267,1754,2491,2921,,716,551,487,737,430,3419
6364,719,1269,1756,2468,2918,,719,550,487,712,450,3446
6362,718,1268,1756,2493,2914,,718,550,488,737,421,3448
6348,744,1231,1739,2464,2898,,744,487,508,725,434,3450
6337,718,1267,1755,2493,2860,,718,549,488,738,367,3477
6361,717,1267,1755,2492,2914,,717,550,488,737,422,3447
6198,708,1203,1691,2378,2747,,708,495,488,687,369,3451
6362,716,1267,1754,2491,2914,,716,551,487,737,423,3448
6321,715,1264,1752,2474,2897,,715,549,488,722,423,3424
6339,718,1270,1756,2495,2893,,718,552,486,739,398,3446
6393,717,1267,1756,2493,2915,,717,550,489,737,422,3478
6363,717,1268,1755,2492,2915,,717,551,487,737,423,3448
6363,720,1268,1754,2492,2915,,720,548,486,738,423,3448
6341,717,1269,1756,2492,2914,,717,552,487,736,422,3427
6337,719,1269,1757,2494,2892,,719,550,488,737,398,3445
6260,717,1216,1703,2416,2829,,717,499,487,713,413,3431
6362,718,1266,1754,2491,2913,,718,548,488,737,422,3449
6364,718,1268,1755,2492,2915,,718,550,487,737,423,3449
6350,718,1268,1755,2476,2900,,718,550,487,721,424,3450
6386,718,1297,1806,2516,2939,,718,579,509,710,423,3447
6365,717,1268,1754,2493,2915,,717,551,486,739,422,3450
6364,718,1267,1755,2494,2916,,718,549,488,739,422,3448
6312,718,1268,1756,2493,2895,,718,550,488,737,402,3417
6342,718,1267,1756,2493,2916,,718,549,489,737,423,3426
6296,725,1225,1713,2426,2862,,725,500,488,713,436,3434
6300,726,1225,1714,2426,2836,,726,499,489,712,410,3464
6364,718,1267,1755,2496,2915,,718,549,488,741,419,3449
6310,717,1263,1751,2490,2856,,717,546,488,739,366,3454
6299,718,1268,1758,2472,2890,,718,550,490,714,418,3409
6353,719,1268,1756,2493,2916,,719,549,488,737,423,3437
6390,719,1268,1758,2494,2916,,719,549,490,736,422,3474
6336,716,1267,1755,2470,2891,,716,551,488,715,421,3445
6364,717,1267,1735,2492,2916,,717,550,468,757,424,3448
6311,717,1266,1754,2492,2893,,717,549,488,738,401,3418
6406,718,1266,1754,2466,2915,,718,548,488,712,449,3491
6350,725,1226,1715,2426,2862,,725,501,489,711,436,3488
6365,718,1224,1711,2493,2916,,718,506,487,782,423,3449
6364,718,1268,1755,2493,2916,,718,550,487,738,423,3448
6300,722,1269,1759,2473,2892,,722,547,490,714,419,3408
6363,718,1268,1755,2493,2915,,718,550,487,738,422,3448
6390,717,1269,1755,2492,2915,,717,552,486,737,423,3475
6364,718,1269,1756,2493,2915,,718,551,487,737,422,3449
6364,718,1267,1756,2493,2916,,718,549,489,737,423,3448
6297,717,1266,1734,2468,2890,,717,549,468,734,422,3407
6040,710,1182,1654,2359,2683,,710,472,472,705,324,3357
6006,705,1177,1654,2354,2678,,705,472,477,700,324,3328
6028,639,1055,1474,2184,2599,,639,416,419,710,415,3429
6014,706,1180,1653,2314,2669,,706,474,473,661,355,3345
6163,667,1076,1558,2267,2704,,667,409,482,709,437,3459
6302,719,1267,1754,2477,2895,,719,548,487,723,418,3407
6388,718,1267,1755,2493,2915,,718,549,488,738,422,3473
6296,728,1225,1713,2426,2836,,728,497,488,713,410,3460
6362,718,1267,1754,2493,2915,,718,549,487,739,422,3447
6236,718,1235,1697,2388,2782,,718,517,462,691,394,3454
6289,718,1267,1672,2393,2808,,718,549,405,721,415,3481
6362,717,1265,1754,2491,2915,,717,548,489,737,424,3447
6215,719,1246,1708,2378,2740,,719,527,462,670,362,3475
6340,717,1268,1757,2493,2915,,717,551,489,736,422,3425
6344,719,1253,1721,2495,2916,,719,534,468,774,421,3428
6236,719,1269,1705,2408,2785,,719,550,436,703,377,3451
6172,707,1208,1679,2382,2756,,707,501,471,703,374,3416
6225,707,1182,1655,2356,2750,,707,475,473,701,394,3475
6087,709,1183,1660,2363,2725,,709,474,477,703,362,3362
5959,707,1183,1613,2242,2574,,707,476,430,629,332,3385
6231,707,1181,1653,2359,2711,,707,474,472,706,352,3520
6152,656,1132,1605,2308,2702,,656,476,473,703,394,3450
6239,707,1169,1602,2319,2754,,707,462,433,717,435,3485
6364,718,1268,1757,2494,2918,,718,550,489,737,424,3446
6341,718,1267,1755,2492,2915,,718,549,488,737,423,3426
6168,718,1267,1721,2408,2759,,718,549,454,687,351,3409
6387,717,1293,1777,2522,2914,,717,576,484,745,392,3473
6363,717,1267,1755,2493,2915,,717,550,488,738,422,3448
6342,717,1268,1756,2494,2915,,717,551,488,738,421,3427
6342,718,1269,1756,2495,2917,,718,551,487,739,422,3425
5958,707,1183,1655,2330,2628,,707,476,472,675,298,3330
6227,707,1182,1656,2357,2776,,707,475,474,701,419,3451
6240,709,1131,1600,2318,2753,,709,422,469,718,435,3487
6363,718,1268,1757,2491,2914,,718,550,489,734,423,3449
6340,716,1267,1755,2431,2915,,716,551,488,676,484,3425
6324,721,1272,1757,2494,2918,,721,551,485,737,424,3406
6389,719,1268,1755,2492,2914,,719,549,487,737,422,3475
6364,717,1266,1756,2491,2914,,717,549,490,735,423,3450
6364,718,1268,1756,2493,2916,,718,550,488,737,423,3448
6341,717,1249,1745,2475,2913,,717,532,496,730,438,3428
6348,718,1267,1723,2425,2905,,718,549,456,702,480,3443
6222,706,1181,1654,2356,2774,,706,475,473,702,418,3448
6101,645,1064,1544,2257,2673,,645,419,480,713,416,3428
6239,705,1181,1653,2355,2727,,705,476,472,702,372,3512
6340,718,1267,1756,2493,2918,,718,549,489,737,425,3422
6350,718,1267,1735,2434,2906,,718,549,468,699,472,3444
6089,708,1182,1572,2283,2702,,708,474,390,711,419,3387
5930,706,1201,1622,2258,2591,,706,495,421,636,333,3339
5714,627,1043,1439,2067,2385,,627,416,396,628,318,3329
5717,627,1047,1443,2055,2389,,627,420,396,612,334,3328
5838,625,1023,1418,2047,2390,,625,398,395,629,343,3448
6360,723,1265,1754,2491,2913,,723,542,489,737,422,3447
6363,742,1208,1721,2492,2915,,742,466,513,771,423,3448
6340,718,1268,1756,2492,2915,,718,550,488,736,423,3425
6337,745,1296,1808,2497,2888,,745,551,512,689,391,3449
6387,716,1266,1754,2476,2915,,716,550,488,722,439,3472
6388,719,1268,1756,2494,2916,,719,549,488,738,422,3472
6363,717,1267,1756,2492,2915,,717,550,489,736,423,3448
6341,717,1267,1755,2492,2914,,717,550,488,737,422,3427
6200,718,1238,1708,2365,2744,,718,520,470,657,379,3456
6013,709,1184,1657,2359,2659,,709,475,473,702,300,3354
6227,708,1186,1659,2358,2779,,708,478,473,699,421,3448
5950,646,1065,1476,2179,2511,,646,419,411,703,332,3439
6115,707,1184,1681,2382,2731,,707,477,497,701,349,3384
6014,712,1259,1689,2316,2649,,712,547,430,627,333,3365
6091,707,1182,1654,2357,2686,,707,475,472,703,329,3405
5939,709,1182,1652,2276,2596,,709,473,470,624,320,3343
6012,708,1182,1653,2358,2658,,708,474,471,705,300,3354
6036,708,1182,1653,2314,2672,,708,474,471,661,358,3364
5956,704,1179,1609,2237,2571,,704,475,430,628,334,3385
5936,654,1076,1546,2214,2549,,654,422,470,668,335,3387
6225,706,1196,1669,2381,2777,,706,490,473,712,396,3448
5995,705,1181,1611,2259,2627,,705,476,430,648,368,3368
6016,707,1182,1653,2316,2651,,707,475,471,663,335,3365
5936,707,1183,1613,2240,2574,,707,476,430,627,334,3362
6037,709,1184,1657,2315,2652,,709,475,473,658,337,3385
6171,706,1182,1656,2358,2710,,706,476,474,702,352,3461
6201,705,1182,1653,2356,2749,,705,477,471,703,393,3452
6135,710,1184,1657,2358,2734,,710,474,473,701,376,3401
5934,710,1184,1614,2241,2575,,710,474,430,627,334,3359
5986,666,1103,1573,2258,2611,,666,437,470,685,353,3375
6268,689,1123,1635,2343,2754,,689,434,512,708,411,3514
6171,718,1269,1721,2408,2781,,718,551,452,687,373,3390
6145,708,1183,1655,2358,2707,,708,475,472,703,349,3438
6102,706,1181,1610,2284,2674,,706,475,429,674,390,3428
6271,746,1267,1754,2520,2903,,746,521,487,766,383,3368
5937,709,1208,1679,2305,2597,,709,499,471,626,292,3340
6226,707,1184,1656,2358,2773,,707,477,472,702,415,3453
6228,707,1182,1656,2357,2753,,707,475,474,701,396,3475
6297,717,1267,1755,2494,2895,,717,550,488,739,401,3402
6318,747,1268,1755,2521,2911,,747,521,487,766,390,3407
6237,689,1135,1628,2341,2779,,689,446,493,713,438,3458
6290,718,1267,1722,2433,2843,,718,549,455,711,410,3447
6361,718,1268,1784,2493,2916,,718,550,516,709,423,3445
6337,716,1265,1754,2491,2913,,716,549,489,737,422,3424
6287,746,1267,1755,2492,2894,,746,521,488,737,402,3393
6467,750,1272,1782,2544,2995,,750,522,510,762,451,3472
6387,716,1266,1783,2495,2941,,716,550,517,712,446,3446
6393,748,1268,1755,2493,2915,,748,520,487,738,422,3478
6298,748,1270,1756,2473,2891,,748,522,486,717,418,3407
6319,747,1266,1755,2493,2878,,747,519,489,738,385,3441
6226,706,1141,1619,2331,2753,,706,435,478,712,422,3473
6163,706,1181,1653,2306,2703,,706,475,472,653,397,3460
6391,718,1267,1756,2494,2916,,718,549,489,738,422,3475
6113,696,1134,1607,2307,2727,,696,438,473,700,420,3386
6138,707,1183,1655,2359,2734,,707,476,472,704,375,3404
6171,707,1182,1655,2358,2707,,707,475,473,703,349,3464
6036,707,1206,1678,2382,2706,,707,499,472,704,324,3330
6001,708,1182,1612,2240,2576,,708,474,430,628,336,3425
5963,706,1116,1528,2163,2519,,706,410,412,635,356,3444
6275,748,1252,1695,2410,2830,,748,504,443,715,420,3445
6072,708,1142,1619,2300,2666,,708,434,477,681,366,3406
6339,747,1296,1760,2495,2875,,747,549,464,735,380,3464
6360,741,1265,1753,2491,2914,,741,524,488,738,423,3446
6386,717,1268,1754,2521,2939,,717,551,486,767,418,3447
6214,718,1268,1701,2407,2828,,718,550,433,706,421,3386
6363,747,1268,1785,2494,2917,,747,521,517,709,423,3446
6392,718,1268,1756,2492,2914,,718,550,488,736,422,3478
6389,718,1269,1757,2522,2941,,718,551,488,765,419,3448
6340,717,1267,1755,2476,2914,,717,550,488,721,438,3426
6178,717,1250,1681,2381,2802,,717,533,431,700,421,3376
6266,707,1181,1608,2318,2727,,707,474,427,710,409,3539
6419,749,1270,1735,2469,2944,,749,521,465,734,475,3475
6362,720,1267,1756,2492,2916,,720,547,489,736,424,3446
6363,718,1268,1757,2476,2945,,718,550,489,719,469,3418
6309,718,1253,1704,2483,2907,,718,535,451,779,424,3402
5894,706,1179,1652,2274,2567,,706,473,473,622,293,3327
6227,707,1183,1653,2359,2750,,707,476,470,706,391,3477
6146,710,1208,1680,2383,2733,,710,498,472,703,350,3413
5933,707,1183,1616,2241,2574,,707,476,433,625,333,3359
5977,708,1193,1646,2279,2619,,708,485,453,633,340,3358
6240,709,1142,1597,2319,2730,,709,433,455,722,411,3510
6338,718,1268,1755,2478,2900,,718,550,487,723,422,3438
6364,718,1267,1755,2468,2915,,718,549,488,713,447,3449
6413,747,1298,1813,2550,2996,,747,551,515,737,446,3417
6362,746,1299,1762,2493,2945,,746,553,463,731,452,3417
6416,718,1268,1755,2523,2941,,718,550,487,768,418,3475
6394,747,1268,1755,2493,2914,,747,521,487,738,421,3480
6364,717,1267,1755,2493,2914,,717,550,488,738,421,3450
6340,717,1266,1735,2467,2915,,717,549,469,732,448,3425
6390,719,1297,1762,2471,2919,,719,578,465,709,448,3471
6244,704,1193,1661,2344,2730,,704,489,468,683,386,3514
6292,720,1269,1786,2475,2843,,720,549,517,689,368,3449
6365,723,1270,1759,2495,2918,,723,547,489,736,423,3447
6342,718,1269,1757,2495,2917,,718,551,488,738,422,3425
6242,751,1272,1680,2312,2740,,751,521,408,632,428,3502
6242,720,1208,1682,2384,2779,,720,488,474,702,395,3463
6343,717,1215,1704,2445,2853,,717,498,489,741,408,3490
6389,719,1269,1756,2522,2941,,719,550,487,766,419,3448
6342,717,1267,1755,2476,2915,,717,550,488,721,439,3427
6307,719,1269,1756,2440,2906,,719,550,487,684,466,3401
6227,709,1183,1657,2359,2755,,709,474,474,702,396,3472
6026,714,1189,1662,2322,2677,,714,475,473,660,355,3349
6047,708,1184,1657,2315,2651,,708,476,473,658,336,3396
6279,696,1194,1681,2423,2855,,696,498,487,742,432,3424
6056,708,1185,1656,2359,2707,,708,477,471,703,348,3349
5970,707,1182,1627,2333,2631,,707,475,445,706,298,3339
6113,696,1169,1585,2294,2687,,696,473,416,709,393,3426
6000,708,1182,1610,2242,2576,,708,474,428,632,334,3424
5937,666,1089,1503,2163,2505,,666,423,414,660,342,3432
6149,712,1257,1687,2342,2750,,712,545,430,655,408,3399
6199,707,1183,1617,2308,2728,,707,476,434,691,420,3471
6342,719,1268,1755,2492,2915,,719,549,487,737,423,3427
6363,720,1271,1756,2494,2915,,720,551,485,738,421,3448
6415,720,1270,1787,2497,2947,,720,550,517,710,450,3468
6380,719,1268,1758,2494,2930,,719,549,490,736,436,3450
6035,710,1181,1665,2380,2681,,710,471,484,715,301,3354
5998,696,1170,1642,2345,2669,,696,474,472,703,324,3329
6163,709,1183,1655,2358,2733,,709,474,472,703,375,3430
6008,707,1182,1654,2317,2650,,707,475,472,663,333,3358
6063,732,1258,1687,2342,2677,,732,526,429,655,335,3386
6035,706,1182,1654,2316,2677,,706,476,472,662,361,3358
6103,715,1189,1662,2325,2710,,715,474,473,663,385,3393
6011,707,1183,1655,2317,2650,,707,476,472,662,333,3361
6010,707,1183,1655,2316,2650,,707,476,472,661,334,3360
5940,707,1183,1614,2242,2573,,707,476,431,628,331,3367
6036,709,1182,1654,2359,2681,,709,473,472,705,322,3355
5999,697,1171,1643,2345,2643,,697,474,472,702,298,3356
6136,710,1182,1653,2357,2707,,710,472,471,704,350,3429
6035,707,1183,1655,2317,2650,,707,476,472,662,333,3385
6050,706,1139,1574,2243,2616,,706,433,435,669,373,3434
6394,748,1269,1785,2494,2916,,748,521,516,709,422,3478
6286,750,1259,1744,2456,2867,,750,509,485,712,411,3419
6354,719,1269,1756,2494,2917,,719,550,487,738,423,3437
6364,718,1268,1756,2494,2916,,718,550,488,738,422,3448
6364,719,1297,1781,2494,2916,,719,578,484,713,422,3448
6309,720,1298,1781,2493,2916,,720,578,483,712,423,3393
6419,717,1268,1757,2524,2942,,717,551,489,767,418,3477
6417,718,1268,1756,2494,2944,,718,550,488,738,450,3473
6300,719,1300,1766,2471,2893,,719,581,466,705,422,3407
6147,707,1182,1678,2383,2758,,707,475,496,705,375,3389
6103,708,1183,1655,2317,2674,,708,475,472,662,357,3429
6367,753,1269,1758,2494,2917,,753,516,489,736,423,3450
6309,749,1268,1787,2498,2916,,749,519,519,711,418,3393
6395,719,1270,1758,2496,2918,,719,551,488,738,422,3477
6274,719,1273,1756,2495,2886,,719,554,483,739,391,3388
6201,709,1183,1655,2369,2767,,709,474,472,714,398,3434
6038,629,1118,1591,2292,2616,,629,489,473,701,324,3422
6144,709,1183,1655,2358,2708,,709,474,472,703,350,3436
6009,710,1182,1653,2319,2653,,710,472,471,666,334,3356
6018,707,1184,1656,2318,2649,,707,477,472,662,331,3369
6150,708,1208,1680,2344,2699,,708,500,472,664,355,3451
6394,719,1268,1757,2493,2915,,719,549,489,736,422,3479
6373,719,1269,1786,2495,2917,,719,550,517,709,422,3456
6261,716,1201,1685,2391,2800,,716,485,484,706,409,3461
6342,719,1268,1757,2493,2916,,719,549,489,736,423,3426
6393,718,1269,1757,2493,2917,,718,551,488,736,424,3476
6305,662,1155,1643,2383,2818,,662,493,488,740,435,3487
6365,747,1269,1786,2495,2917,,747,522,517,709,422,3448
6350,751,1269,1757,2523,2909,,751,518,488,766,386,3441
6162,707,1182,1653,2359,2708,,707,475,471,706,349,3454
6016,707,1183,1654,2317,2650,,707,476,471,663,333,3366
6221,724,1259,1732,2447,2839,,724,535,473,715,392,3382
6034,708,1183,1655,2316,2651,,708,475,472,661,335,3383
6035,708,1184,1655,2316,2649,,708,476,471,661,333,3386
5985,709,1184,1640,2270,2603,,709,475,456,630,333,3382
6151,709,1141,1619,2333,2723,,709,432,478,714,390,3428
6128,655,1089,1571,2259,2675,,655,434,482,688,416,3453
6162,708,1185,1661,2359,2733,,708,477,476,698,374,3429
6009,707,1182,1654,2317,2651,,707,475,472,663,334,3358
5960,708,1182,1612,2267,2601,,708,474,430,655,334,3359
6017,707,1186,1658,2318,2649,,707,479,472,660,331,3368
6290,686,1199,1683,2423,2830,,686,513,484,740,407,3460
6318,721,1222,1708,2421,2856,,721,501,486,713,435,3462
6362,742,1266,1753,2491,2914,,742,524,487,738,423,3448
6342,720,1269,1756,2494,2916,,720,549,487,738,422,3426
6292,749,1299,1811,2443,2833,,749,550,512,632,390,3459
6395,743,1300,1785,2495,2917,,743,557,485,710,422,3478
6444,721,1298,1808,2519,2970,,721,577,510,711,451,3474
6395,720,1268,1741,2478,2917,,720,548,473,737,439,3478
6392,748,1269,1786,2470,2946,,748,521,517,684,476,3446
6364,746,1238,1726,2438,2879,,746,492,488,712,441,3485
6395,748,1269,1787,2496,2917,,748,521,518,709,421,3478
6313,719,1268,1757,2494,2896,,719,549,489,737,402,3417
6389,719,1298,1813,2522,2941,,719,579,515,709,419,3448
6343,747,1269,1736,2436,2918,,747,522,467,700,482,3425
6344,719,1270,1758,2473,2892,,719,551,488,715,419,3452
6367,745,1229,1713,2496,2919,,745,484,484,783,423,3448
6364,720,1271,1759,2495,2919,,720,551,488,736,424,3445
6365,721,1269,1758,2495,2917,,721,548,489,737,422,3448
6365,720,1269,1736,2470,2917,,720,549,467,734,447,3448
6366,720,1269,1758,2495,2917,,720,549,489,737,422,3449
6369,720,1270,1758,2525,2942,,720,550,488,767,417,3427
6367,721,1271,1759,2496,2917,,721,550,488,737,421,3450
6365,719,1269,1757,2494,2917,,719,550,488,737,423,3448
6343,719,1270,1758,2495,2924,,719,551,488,737,429,3419
6318,718,1218,1705,2418,2853,,718,500,487,713,435,3465
6266,747,1211,1696,2397,2808,,747,464,485,701,411,3458
6365,720,1269,1757,2495,2917,,720,549,488,738,422,3448
6343,720,1269,1757,2494,2917,,720,549,488,737,423,3426
6342,721,1271,1758,2496,2903,,721,550,487,738,407,3439
6318,719,1217,1706,2418,2828,,719,498,489,712,410,3490
6341,722,1275,1761,2494,2917,,722,553,486,733,423,3424
6299,723,1271,1760,2496,2897,,723,548,489,736,401,3402
6388,745,1296,1809,2546,2941,,745,551,513,737,395,3447
6291,721,1270,1759,2493,2843,,721,549,489,734,350,3448
6259,727,1226,1714,2425,2831,,727,499,488,711,406,3428
6095,648,1069,1510,2220,2629,,648,421,441,710,409,3466
6365,748,1269,1757,2495,2918,,748,521,488,738,423,3447
6402,720,1272,1786,2495,2977,,720,552,514,709,482,3425
6164,708,1183,1655,2358,2709,,708,475,472,703,351,3455
6015,667,1155,1626,2289,2643,,667,488,471,663,354,3372
6047,709,1142,1619,2308,2659,,709,433,477,689,351,3388
5984,707,1182,1654,2290,2624,,707,475,472,636,334,3360
5942,712,1187,1619,2245,2578,,712,475,432,626,333,3364
5944,708,1183,1614,2243,2576,,708,475,431,629,333,3368
6128,710,1142,1555,2260,2676,,710,432,413,705,416,3452
6001,647,1063,1475,2181,2574,,647,416,412,706,393,3427
6133,706,1179,1652,2354,2705,,706,473,473,702,351,3428
6013,710,1184,1656,2317,2652,,710,474,472,661,335,3361
6042,709,1185,1658,2318,2654,,709,476,473,660,336,3388
5966,666,1129,1603,2265,2598,,666,463,474,662,333,3368
6208,710,1183,1595,2294,2731,,710,473,412,699,437,3477
6416,720,1300,1813,2524,2971,,720,580,513,711,447,3445
6363,719,1268,1756,2494,2916,,719,549,488,738,422,3447
6342,721,1269,1757,2494,2916,,721,548,488,737,422,3426
6369,720,1271,1757,2494,2896,,720,551,486,737,402,3473
6291,743,1232,1683,2395,2830,,743,489,451,712,435,3461
6395,720,1269,1757,2494,2917,,720,549,488,737,423,3478
6314,749,1269,1758,2473,2893,,749,520,489,715,420,3421
6389,720,1270,1757,2524,2944,,720,550,487,767,420,3445
6312,717,1205,1717,2417,2857,,717,488,512,700,440,3455
6391,719,1268,1761,2494,2915,,719,549,493,733,421,3476
6367,718,1268,1785,2494,2944,,718,550,517,709,450,3423
6329,720,1270,1758,2478,2907,,720,550,488,720,429,3422
5968,708,1187,1628,2268,2599,,708,479,441,640,331,3369
6026,708,1142,1555,2192,2590,,708,434,413,637,398,3436
5978,649,1065,1467,2156,2547,,649,416,402,689,391,3431
6177,711,1182,1654,2357,2733,,711,471,472,703,376,3444
6340,747,1294,1780,2491,2914,,747,547,486,711,423,3426
6395,720,1269,1787,2496,2917,,720,549,518,709,421,3478
6216,654,1067,1587,2320,2731,,654,413,520,733,411,3485
6364,749,1269,1757,2495,2917,,749,520,488,738,422,3447
6351,749,1270,1757,2477,2901,,749,521,487,720,424,3450
6364,720,1269,1758,2494,2917,,720,549,489,736,423,3447
6389,719,1216,1736,2443,2940,,719,497,520,707,497,3449
6393,721,1269,1758,2480,2917,,721,548,489,722,437,3476
6241,745,1233,1679,2395,2805,,745,488,446,716,410,3436
6416,719,1268,1757,2468,2945,,719,549,489,711,477,3471
6323,749,1269,1757,2478,2901,,749,520,488,721,423,3422
6364,749,1268,1756,2469,2918,,749,519,488,713,449,3446
6244,650,1128,1611,2320,2730,,650,478,483,709,410,3514
6365,720,1270,1788,2497,2920,,720,550,518,709,423,3445
6419,720,1297,1783,2523,2940,,720,577,486,740,417,3479
6392,720,1270,1728,2495,2917,,720,550,458,767,422,3475
6302,719,1269,1757,2496,2899,,719,550,488,739,403,3403
6395,720,1270,1758,2481,2917,,720,550,488,723,436,3478
6308,742,1246,1708,2408,2819,,742,504,462,700,411,3489
6299,719,1270,1737,2470,2891,,719,551,467,733,421,3408
6178,708,1185,1658,2358,2732,,708,477,473,700,374,3446
6169,707,1181,1653,2356,2711,,707,474,472,703,355,3458
6169,703,1182,1688,2382,2732,,703,479,506,694,350,3437
6154,707,1181,1653,2307,2716,,707,474,472,654,409,3438
6366,720,1270,1757,2494,2917,,720,550,487,737,423,3449
6364,719,1268,1756,2492,2915,,719,549,488,736,423,3449
6342,719,1269,1757,2502,2916,,719,550,488,745,414,3426
6396,723,1271,1759,2480,2918,,723,548,488,721,438,3478
6240,746,1231,1676,2351,2783,,746,485,445,675,432,3457
6419,748,1298,1781,2522,2941,,748,550,483,741,419,3478
6366,720,1270,1785,2495,2917,,720,550,515,710,422,3449
6343,722,1299,1783,2459,2915,,722,577,484,676,456,3428
6024,650,1145,1554,2246,2630,,650,495,409,692,384,3394
5893,645,1057,1475,2106,2449,,645,412,418,631,343,3444
6367,720,1301,1785,2496,2917,,720,581,484,711,421,3450
6366,719,1269,1757,2496,2917,,719,550,488,739,421,3449
6308,719,1269,1757,2478,2902,,719,550,488,721,424,3406
6391,719,1298,1782,2524,2918,,719,579,484,742,394,3473
6215,748,1235,1680,2340,2780,,748,487,445,660,440,3435
6365,720,1270,1757,2494,2917,,720,550,487,737,423,3448
6420,720,1300,1784,2525,2943,,720,580,484,741,418,3477
6343,747,1267,1755,2523,2920,,747,520,488,768,397,3423
6184,709,1152,1618,2305,2722,,709,443,466,687,417,3462
5995,657,1080,1496,2154,2523,,657,423,416,658,369,3472
6366,749,1268,1756,2493,2916,,749,519,488,737,423,3450
6362,750,1269,1757,2493,2915,,750,519,488,736,422,3447
6273,727,1227,1714,2427,2842,,727,500,487,713,415,3431
6285,716,1212,1701,2412,2822,,716,496,489,711,410,3463
6271,720,1235,1681,2359,2791,,720,515,446,678,432,3480
6365,719,1269,1758,2494,2917,,719,550,489,736,423,3448
6441,720,1298,1782,2524,2973,,720,578,484,742,449,3468
6343,718,1269,1788,2497,2923,,718,551,519,709,426,3420
6181,720,1215,1692,2382,2776,,720,495,477,690,394,3405
5896,656,1079,1496,2130,2469,,656,423,417,634,339,3427
6040,709,1184,1655,2317,2672,,709,475,471,662,355,3368
6009,707,1181,1653,2315,2651,,707,474,472,662,336,3358
5942,709,1184,1614,2242,2575,,709,475,430,628,333,3367
5921,718,1174,1588,2225,2558,,718,456,414,637,333,3363
5992,703,1127,1538,2177,2510,,703,424,411,639,333,3482
6012,707,1183,1654,2356,2680,,707,476,471,702,324,3332
6163,709,1187,1659,2361,2737,,709,478,472,702,376,3426
6016,709,1184,1656,2317,2650,,709,475,472,661,333,3366
6003,708,1163,1645,2302,2645,,708,455,482,657,343,3358
6141,712,1184,1656,2334,2684,,712,472,472,678,350,3457
6367,721,1271,1787,2500,2919,,721,550,516,713,419,3448
6362,718,1267,1756,2493,2915,,718,549,489,737,422,3447
6301,717,1206,1694,2407,2842,,717,489,488,713,435,3459
6366,719,1268,1756,2479,2901,,719,549,488,723,422,3465
6112,719,1186,1632,2293,2635,,719,467,446,661,342,3477
6366,720,1300,1785,2497,2917,,720,580,485,712,420,3449
6395,750,1299,1784,2494,2917,,750,549,485,710,423,3478
6343,754,1270,1758,2494,2917,,754,516,488,736,423,3426
6023,709,1175,1601,2244,2640,,709,466,426,643,396,3383
6394,747,1268,1755,2518,2902,,747,521,487,763,384,3492
6365,719,1271,1757,2494,2916,,719,552,486,737,422,3449
6366,750,1299,1783,2495,2920,,750,549,484,712,425,3446
6167,707,1183,1655,2358,2732,,707,476,472,703,374,3435
6157,708,1184,1656,2359,2707,,708,476,472,703,348,3450
5926,706,1115,1527,2163,2486,,706,409,412,636,323,3440
6144,709,1184,1655,2359,2736,,709,475,471,704,377,3408
5935,708,1183,1614,2241,2574,,708,475,431,627,333,3361
6021,701,1188,1661,2321,2658,,701,487,473,660,337,3363
6101,708,1185,1624,2294,2652,,708,477,439,670,358,3449
6090,708,1182,1653,2316,2675,,708,474,471,663,359,3415
6034,707,1183,1656,2315,2676,,707,476,473,659,361,3358
5960,709,1184,1612,2268,2601,,709,475,428,656,333,3359
5945,700,1188,1620,2246,2579,,700,488,432,626,333,3366
6035,709,1183,1655,2318,2651,,709,474,472,663,333,3384
5930,668,1068,1480,2118,2451,,668,400,412,638,333,3479
6013,709,1183,1656,2359,2657,,709,474,473,703,298,3356
5934,708,1184,1613,2241,2573,,708,476,429,628,332,3361
6019,700,1188,1660,2302,2631,,700,488,472,642,329,3388
6198,710,1186,1659,2359,2750,,710,476,473,700,391,3448
6090,712,1185,1656,2318,2676,,712,473,471,662,358,3414
6035,708,1183,1655,2317,2654,,708,475,472,662,337,3381
5970,701,1195,1624,2255,2587,,701,494,429,631,332,3383
6083,699,1168,1638,2346,2694,,699,469,470,708,348,3389
6011,710,1185,1657,2319,2652,,710,475,472,662,333,3359
5955,709,1141,1557,2194,2526,,709,432,416,637,332,3429
6037,709,1184,1656,2359,2683,,709,475,472,703,324,3354
5936,710,1185,1616,2243,2575,,710,475,431,627,332,3361
6020,701,1188,1660,2319,2658,,701,487,472,659,339,3362
6244,709,1184,1656,2358,2751,,709,475,472,702,393,3493
6390,720,1270,1758,2525,2943,,720,550,488,767,418,3447
6392,750,1271,1759,2525,2943,,750,521,488,766,418,3449
6298,719,1269,1756,2495,2897,,719,550,487,739,402,3401
6416,720,1271,1759,2496,2948,,720,551,488,737,452,3468
6391,718,1268,1756,2493,2918,,718,550,488,737,425,3473
6241,691,1220,1680,2349,2727,,691,529,460,669,378,3514
6365,750,1298,1783,2494,2917,,750,548,485,711,423,3448
6365,719,1269,1756,2494,2917,,719,550,487,738,423,3448
6339,719,1270,1758,2495,2917,,719,551,488,737,422,3422
6315,722,1272,1759,2424,2893,,722,550,487,665,469,3422
6420,750,1300,1814,2524,2943,,750,550,514,710,419,3477
6343,749,1270,1757,2494,2916,,749,521,487,737,422,3427
6323,726,1255,1745,2452,2862,,726,529,490,707,410,3461
6343,712,1221,1708,2422,2856,,712,509,487,714,434,3487
6271,640,1148,1634,2347,2758,,640,508,486,713,411,3513
6141,703,1188,1662,2333,2702,,703,485,474,671,369,3439
6396,720,1269,1786,2496,2918,,720,549,517,710,422,3478
6341,748,1299,1760,2451,2875,,748,551,461,691,424,3466
6369,712,1272,1760,2512,2921,,712,560,488,752,409,3448
6085,703,1175,1626,2289,2697,,703,472,451,663,408,3388
6181,710,1185,1657,2360,2712,,710,475,472,703,352,3469
6036,710,1188,1660,2319,2651,,710,478,472,659,332,3385
6011,710,1184,1657,2320,2652,,710,474,473,663,332,3359
5960,709,1183,1614,2241,2586,,709,474,431,627,345,3374
5960,711,1208,1637,2269,2599,,711,497,429,632,330,3361
6027,706,1133,1601,2239,2575,,706,427,468,638,336,3452
6014,709,1183,1656,2359,2657,,709,474,473,703,298,3357
6066,709,1183,1654,2317,2673,,709,474,471,663,356,3393
6063,708,1184,1655,2318,2683,,708,476,471,663,365,3380
6035,711,1186,1659,2320,2652,,711,475,473,661,332,3383
6046,709,1185,1657,2318,2654,,709,476,472,661,336,3392
6010,709,1184,1657,2317,2654,,709,475,473,660,337,3356
5956,704,1179,1613,2262,2596,,704,475,434,649,334,3360
5914,707,1154,1584,2217,2554,,707,447,430,633,337,3360
6050,707,1181,1651,2290,2624,,707,474,470,639,334,3426
6104,664,1099,1571,2242,2636,,664,435,472,671,394,3468
6470,720,1300,1814,2554,2994,,720,580,514,740,440,3476
6420,749,1270,1758,2524,2943,,749,521,488,766,419,3477
6395,720,1299,1784,2494,2908,,720,579,485,710,414,3487
6316,749,1269,1757,2494,2862,,749,520,488,737,368,3454
6396,720,1270,1758,2495,2918,,720,550,488,737,423,3478
6396,720,1270,1758,2494,2918,,720,550,488,736,424,3478
6362,717,1266,1755,2492,2917,,717,549,489,737,425,3445
6015,690,1127,1610,2241,2571,,690,437,483,631,330,3444
6343,721,1269,1758,2496,2917,,721,548,489,738,421,3426
6320,723,1277,1762,2460,2876,,723,554,485,698,416,3444
6367,721,1270,1758,2496,2919,,721,549,488,738,423,3448
6367,720,1270,1758,2496,2917,,720,550,488,738,421,3450
6254,721,1272,1760,2474,2858,,721,551,488,714,384,3396
5910,709,1184,1658,2279,2572,,709,475,474,621,293,3338
6164,634,1120,1593,2295,2714,,634,486,473,702,419,3450
6147,710,1184,1657,2361,2712,,710,474,473,704,351,3435
6011,708,1184,1655,2316,2653,,708,476,471,661,337,3358
5914,656,1079,1556,2219,2552,,656,423,477,663,333,3362
5909,708,1159,1589,2216,2549,,708,451,430,627,333,3360
5954,667,1116,1549,2190,2526,,667,449,433,641,336,3428
6054,714,1184,1655,2362,2685,,714,470,471,707,323,3369
6010,709,1184,1656,2316,2653,,709,475,472,660,337,3357
6041,710,1210,1683,2342,2676,,710,500,473,659,334,3365
6015,710,1184,1655,2319,2653,,710,474,471,664,334,3362
5971,712,1187,1617,2247,2577,,712,475,430,630,330,3394
5988,712,1211,1640,2294,2628,,712,499,429,654,334,3360
6027,709,1182,1636,2268,2602,,709,473,454,632,334,3425
6063,708,1142,1621,2333,2686,,708,434,479,712,353,3377
5880,709,1163,1583,2213,2532,,709,454,420,630,319,3348
6204,704,1192,1681,2354,2720,,704,488,489,673,366,3484
6419,718,1268,1756,2493,2945,,718,550,488,737,452,3474
6368,723,1301,1785,2497,2918,,723,578,484,712,421,3450
6374,719,1298,1783,2494,2896,,719,579,485,711,402,3478
6369,719,1218,1706,2418,2883,,719,499,488,712,465,3486
6366,720,1270,1758,2496,2918,,720,550,488,738,422,3448
6417,721,1300,1812,2550,2969,,721,579,512,738,419,3448
6366,720,1271,1786,2495,2918,,720,551,515,709,423,3448
6367,720,1299,1784,2496,2918,,720,579,485,712,422,3449
6270,650,1066,1558,2299,2735,,650,416,492,741,436,3535
6372,750,1298,1787,2479,2884,,750,548,489,692,405,3488
6391,749,1272,1758,2495,2948,,749,523,486,737,453,3443
6299,751,1270,1736,2470,2893,,751,519,466,734,423,3406
6174,709,1184,1656,2360,2711,,709,475,472,704,351,3463
6039,709,1184,1681,2341,2677,,709,475,497,660,336,3362
6044,710,1186,1660,2318,2653,,710,476,474,658,335,3391
6010,708,1182,1654,2317,2651,,708,474,472,663,334,3359
6239,675,1169,1656,2370,2781,,675,494,487,714,411,3458
6367,749,1271,1755,2495,2918,,749,522,484,740,423,3449
6270,707,1119,1608,2324,2757,,707,412,489,716,433,3513
6420,750,1298,1812,2548,2945,,750,548,514,736,397,3475
6366,720,1270,1787,2497,2918,,720,550,517,710,421,3448
6325,749,1270,1759,2480,2902,,749,521,489,721,422,3423
6421,724,1270,1788,2497,2948,,724,546,518,709,451,3473
6370,720,1269,1757,2494,2897,,720,549,488,737,403,3473
6365,720,1301,1785,2496,2918,,720,581,484,711,422,3447
6444,718,1248,1758,2518,2971,,718,530,510,760,453,3473
6314,722,1271,1759,2497,2898,,722,549,488,738,401,3416
6346,722,1272,1760,2498,2919,,722,550,488,738,421,3427
6215,708,1119,1608,2320,2730,,708,411,489,712,410,3485
6422,749,1300,1812,2549,2945,,749,551,512,737,396,3477
6396,750,1272,1758,2495,2918,,750,522,486,737,423,3478
6306,721,1270,1759,2482,2889,,721,549,489,723,407,3417
6147,707,1186,1658,2358,2712,,707,479,472,700,354,3435
5989,684,1159,1632,2294,2629,,684,475,473,662,335,3360
6066,711,1184,1682,2344,2679,,711,473,498,662,335,3387
6043,705,1192,1663,2328,2661,,705,487,471,665,333,3382
6064,686,1160,1633,2335,2690,,686,474,473,702,355,3374
5940,708,1143,1578,2242,2578,,708,435,435,664,336,3362
5936,710,1184,1613,2242,2577,,710,474,429,629,335,3359
6182,705,1195,1642,2337,2705,,705,490,447,695,368,3477
6394,751,1272,1759,2502,2948,,751,521,487,743,446,3446
6396,721,1271,1759,2496,2918,,721,550,488,737,422,3478
6367,749,1270,1788,2498,2917,,749,521,518,710,419,3450
6365,720,1269,1757,2471,2918,,720,549,488,714,447,3447
6420,722,1301,1787,2529,2944,,722,579,486,742,415,3476
6302,717,1205,1696,2406,2816,,717,488,491,710,410,3486
6248,715,1183,1642,2353,2763,,715,468,459,711,410,3485
6316,721,1270,1758,2497,2898,,721,549,488,739,401,3418
6324,720,1270,1758,2480,2903,,720,550,488,722,423,3421
6383,740,1316,1853,2547,2940,,740,576,537,694,393,3443
6315,750,1271,1758,2495,2897,,750,521,487,737,402,3418
6331,752,1300,1784,2497,2882,,752,548,484,713,385,3449
6030,711,1142,1621,2319,2669,,711,431,479,698,350,3361
6012,709,1185,1657,2319,2653,,709,476,472,662,334,3359
6223,714,1262,1732,2450,2841,,714,548,470,718,391,3382
6342,752,1271,1756,2467,2876,,752,519,485,711,409,3466
6367,721,1218,1741,2496,2918,,721,497,523,755,422,3449
6292,721,1302,1790,2433,2839,,721,581,488,643,406,3453
6345,720,1254,1779,2495,2919,,720,534,525,716,424,3426
6278,715,1235,1720,2431,2813,,715,520,485,711,382,3465
6368,751,1272,1760,2497,2920,,751,521,488,737,423,3448
6366,720,1271,1759,2496,2918,,720,551,488,737,422,3448
6314,722,1272,1738,2474,2894,,722,550,466,736,420,3420
6366,722,1272,1760,2498,2921,,722,550,488,738,423,3445
6364,720,1269,1757,2495,2918,,720,549,488,738,423,3446
6366,721,1270,1759,2495,2919,,721,549,489,736,424,3447
6304,717,1207,1696,2409,2820,,717,490,489,713,411,3484
6297,721,1271,1759,2472,2889,,721,550,488,713,417,3408
6303,721,1254,1729,2484,2864,,721,533,475,755,380,3439
6044,706,1174,1646,2284,2614,,706,468,472,638,330,3430
6013,710,1184,1655,2359,2681,,710,474,471,704,322,3332
6039,710,1185,1659,2320,2673,,710,475,474,661,353,3366
6001,707,1185,1657,2307,2653,,707,478,472,650,346,3348
6015,710,1185,1658,2319,2653,,710,475,473,661,334,3362
6037,710,1185,1656,2320,2653,,710,475,471,664,333,3384
6139,708,1185,1659,2357,2708,,708,477,474,698,351,3431
5876,708,1131,1527,2180,2518,,708,423,396,653,338,3358
5944,709,1184,1615,2243,2575,,709,475,431,628,332,3369
5959,708,1183,1612,2245,2574,,708,475,429,633,329,3385
6239,709,1184,1656,2335,2722,,709,475,472,679,387,3517
6368,723,1273,1759,2497,2920,,723,550,486,738,423,3448
6391,721,1300,1785,2526,2943,,721,579,485,741,417,3448
6304,720,1272,1759,2480,2866,,720,552,487,721,386,3438
6090,709,1187,1658,2362,2711,,709,478,471,704,349,3379
6017,716,1189,1662,2324,2659,,716,473,473,662,335,3358
5956,659,1135,1606,2230,2594,,659,476,471,624,364,3362
6259,697,1186,1617,2348,2758,,697,489,431,731,410,3501
6329,721,1299,1784,2500,2884,,721,578,485,716,384,3445
5961,709,1184,1616,2244,2576,,709,475,432,628,332,3385
6215,684,1158,1631,2308,2724,,684,474,473,677,416,3491
6368,751,1271,1758,2496,2918,,751,520,487,738,422,3450
6305,720,1270,1758,2482,2898,,720,550,488,724,416,3407
6044,692,1126,1564,2249,2635,,692,434,438,685,386,3409
6388,751,1271,1759,2526,2944,,751,520,488,767,418,3444
6367,721,1271,1760,2496,2918,,721,550,489,736,422,3449
6215,651,1144,1632,2344,2780,,651,493,488,712,436,3435
6365,720,1270,1759,2495,2917,,720,550,489,736,422,3448
6314,722,1271,1738,2471,2894,,722,549,467,733,423,3420
6164,727,1272,1726,2435,2787,,727,545,454,709,352,3377
6076,710,1183,1656,2314,2653,,710,473,473,658,339,3423
6229,709,1186,1659,2361,2777,,709,477,473,702,416,3452
6167,710,1185,1658,2360,2778,,710,475,473,702,418,3389
6167,710,1186,1659,2361,2736,,710,476,473,702,375,3431
6013,710,1185,1656,2319,2653,,710,475,471,663,334,3360
6012,708,1184,1656,2316,2651,,708,476,472,660,335,3361
6136,670,1159,1657,2360,2736,,670,489,498,703,376,3400
6240,710,1160,1607,2321,2757,,710,450,447,714,436,3483
6306,720,1270,1759,2496,2863,,720,550,489,737,367,3443
6012,710,1185,1659,2321,2654,,710,475,474,662,333,3358
6035,711,1155,1626,2291,2630,,711,444,471,665,339,3405
6418,722,1272,1760,2526,2973,,722,550,488,766,447,3445
6367,721,1271,1787,2498,2918,,721,550,516,711,420,3449
6417,721,1300,1809,2551,2969,,721,579,509,742,418,3448
6346,720,1270,1766,2495,2918,,720,550,496,729,423,3428
6366,721,1270,1758,2494,2916,,721,549,488,736,422,3450
6218,709,1172,1658,2371,2782,,709,463,486,713,411,3436
6326,721,1271,1759,2497,2903,,721,550,488,738,406,3423
6329,721,1271,1757,2478,2884,,721,550,486,721,406,3445
6211,712,1260,1737,2442,2840,,712,548,477,705,398,3371
6368,712,1263,1746,2443,2884,,712,551,483,697,441,3484
6421,721,1271,1759,2524,2944,,721,550,488,765,420,3477
6343,720,1301,1786,2496,2917,,720,581,485,710,421,3426
6339,752,1300,1784,2497,2900,,752,548,484,713,403,3439
6349,721,1271,1760,2471,2919,,721,550,489,711,448,3430
6369,723,1273,1760,2497,2920,,723,550,487,737,423,3449
6169,651,1067,1560,2301,2709,,651,416,493,741,408,3460
6369,722,1272,1760,2499,2919,,722,550,488,739,420,3450
6344,722,1271,1738,2471,2920,,722,549,467,733,449,3424
6342,717,1267,1755,2494,2917,,717,550,488,739,423,3425
6195,680,1155,1632,2348,2758,,680,475,477,716,410,3437
6368,723,1271,1761,2498,2922,,723,548,490,737,424,3446
6264,717,1213,1702,2415,2825,,717,496,489,713,410,3439
6367,723,1271,1759,2496,2919,,723,548,488,737,423,3448
6358,721,1270,1759,2526,2945,,721,549,489,767,419,3413
6397,722,1271,1761,2497,2919,,722,549,490,736,422,3478
6230,708,1142,1623,2335,2730,,708,434,481,712,395,3500
6088,687,1159,1634,2292,2695,,687,472,475,658,403,3393
6017,712,1186,1659,2320,2653,,712,474,473,661,333,3364
5935,710,1185,1618,2243,2583,,710,475,433,625,340,3352
6092,711,1184,1657,2359,2711,,711,473,473,702,352,3381
6203,709,1185,1659,2360,2754,,709,476,474,701,394,3449
5911,711,1185,1657,2279,2573,,711,474,472,622,294,3338
6177,712,1185,1683,2385,2736,,712,473,498,702,351,3441
6037,711,1185,1660,2319,2653,,711,474,475,659,334,3384
6314,717,1214,1701,2415,2825,,717,497,487,714,410,3489
6231,749,1218,1650,2360,2781,,749,469,432,710,421,3450
6121,707,1197,1694,2362,2718,,707,490,497,668,356,3403
6043,711,1190,1662,2321,2656,,711,479,472,659,335,3387
5961,710,1185,1615,2243,2582,,710,475,430,628,339,3379
6043,712,1187,1684,2347,2678,,712,475,497,663,331,3365
6355,714,1259,1732,2486,2907,,714,545,473,754,421,3448
5911,710,1186,1658,2281,2575,,710,476,472,623,294,3336
6049,711,1186,1637,2283,2657,,711,475,451,646,374,3392
6040,710,1185,1658,2319,2674,,710,475,473,661,355,3366
6206,709,1133,1616,2320,2731,,709,424,483,704,411,3475
6321,722,1256,1698,2421,2833,,722,534,442,723,412,3488
6271,649,1177,1640,2371,2780,,649,528,463,731,409,3491
6330,721,1299,1784,2476,2882,,721,578,485,692,406,3448
6014,710,1186,1658,2318,2657,,710,476,472,660,339,3357
6043,711,1196,1673,2323,2653,,711,485,477,650,330,3390
6203,708,1184,1655,2358,2774,,708,476,471,703,416,3429
5937,711,1185,1658,2279,2597,,711,474,473,621,318,3340
6167,713,1187,1685,2385,2735,,713,474,498,700,350,3432
6041,713,1186,1658,2320,2676,,713,473,472,662,356,3365
6038,711,1186,1658,2319,2655,,711,475,472,661,336,3383
6141,710,1142,1597,2296,2707,,710,432,455,699,411,3434
6205,706,1195,1684,2374,2746,,706,489,489,690,372,3459
6016,711,1186,1658,2315,2656,,711,475,472,657,341,3360
5962,711,1186,1614,2244,2577,,711,475,428,630,333,3385
6008,710,1154,1626,2293,2651,,710,444,472,667,358,3357
6208,711,1185,1657,2363,2780,,711,474,472,706,417,3428
5912,711,1185,1657,2279,2570,,711,474,472,622,291,3342
6176,711,1187,1659,2361,2713,,711,476,472,702,352,3463
6011,711,1184,1657,2319,2654,,711,473,473,662,335,3357
6108,711,1187,1660,2319,2653,,711,476,473,659,334,3455
5991,710,1142,1580,2246,2604,,710,432,438,666,358,3387
6063,710,1198,1673,2344,2703,,710,488,475,671,359,3360
6044,713,1213,1686,2345,2680,,713,500,473,659,335,3364
5937,709,1183,1613,2244,2576,,709,474,430,631,332,3361
6036,709,1184,1657,2317,2660,,709,475,473,660,343,3376
6204,710,1185,1656,2360,2753,,710,475,471,704,393,3451
5909,708,1183,1655,2278,2570,,708,475,472,623,292,3339
6175,714,1185,1657,2362,2738,,714,471,472,705,376,3437
6012,712,1186,1659,2320,2654,,712,474,473,661,334,3358
6165,696,1188,1660,2359,2711,,696,492,472,699,352,3454
6162,710,1185,1657,2360,2712,,710,475,472,703,352,3450
5990,711,1157,1629,2294,2630,,711,446,472,665,336,3360
6017,710,1186,1657,2318,2652,,710,476,471,661,334,3365
5938,708,1184,1615,2243,2576,,708,476,431,628,333,3362
6071,712,1185,1681,2342,2677,,712,473,496,661,335,3394
6207,709,1185,1657,2360,2753,,709,476,472,703,393,3454
6188,710,1187,1660,2364,2756,,710,477,473,704,392,3432
6040,708,1183,1656,2316,2671,,708,475,473,660,355,3369
6036,711,1186,1659,2318,2656,,711,475,473,659,338,3380
6036,712,1188,1662,2318,2654,,712,476,474,656,336,3382
6090,725,1162,1602,2302,2697,,725,437,440,700,395,3393
6027,707,1184,1612,2266,2600,,707,477,428,654,334,3427
5936,710,1186,1656,2279,2598,,710,476,470,623,319,3338
5989,712,1186,1643,2293,2630,,712,474,457,650,337,3359
6092,709,1184,1657,2358,2711,,709,475,473,701,353,3381
6229,708,1184,1656,2360,2751,,708,476,472,704,391,3478
5910,710,1186,1657,2281,2575,,710,476,471,624,294,3335
6030,710,1187,1696,2332,2671,,710,477,509,636,339,3359
6064,711,1184,1655,2316,2675,,711,473,471,661,359,3389
6013,711,1187,1659,2319,2653,,711,476,472,660,334,3360
6030,711,1184,1655,2319,2674,,711,473,471,664,355,3356
6016,711,1186,1659,2320,2652,,711,475,473,661,332,3364
6041,711,1185,1682,2344,2678,,711,474,497,662,334,3363
5938,710,1185,1615,2244,2576,,710,475,430,629,332,3362
6096,709,1183,1617,2308,2702,,709,474,434,691,394,3394
6230,710,1186,1657,2359,2752,,710,476,471,702,393,3478
5939,709,1189,1685,2304,2596,,709,480,496,619,292,3343
6044,711,1185,1659,2320,2676,,711,474,474,661,356,3368
6040,711,1186,1658,2322,2676,,711,475,472,664,354,3364
6038,711,1189,1675,2344,2680,,711,478,486,669,336,3358
6034,708,1182,1612,2265,2603,,708,474,430,653,338,3431
6016,712,1185,1658,2318,2655,,712,473,473,660,337,3361
6017,711,1186,1659,2319,2654,,711,475,473,660,335,3363
5964,710,1184,1638,2270,2601,,710,474,454,632,331,3363
5938,710,1184,1658,2274,2592,,710,474,474,616,318,3346
6229,712,1186,1658,2361,2779,,712,474,472,703,418,3450
5912,711,1185,1657,2279,2573,,711,474,472,622,294,3339
6044,711,1187,1658,2320,2677,,711,476,471,662,357,3367
6039,710,1184,1655,2319,2674,,710,474,471,664,355,3365
6008,707,1184,1655,2317,2651,,707,477,471,662,334,3357
6020,703,1192,1664,2327,2662,,703,489,472,663,335,3358
5954,670,1135,1606,2258,2606,,670,465,471,652,348,3348
6016,711,1184,1656,2317,2653,,711,473,472,661,336,3363
5939,712,1185,1616,2245,2577,,712,473,431,629,332,3362
5913,712,1186,1659,2279,2570,,712,474,473,620,291,3343
6231,710,1185,1656,2362,2778,,710,475,471,706,416,3453
6230,693,1185,1657,2362,2759,,693,492,472,705,397,3471
6177,712,1187,1659,2362,2713,,712,475,472,703,351,3464
6012,709,1186,1658,2320,2652,,709,477,472,662,332,3360
6067,712,1187,1640,2337,2689,,712,475,453,697,352,3378
6105,710,1184,1615,2284,2662,,710,474,431,669,378,3443
6005,710,1186,1660,2310,2657,,710,476,474,650,347,3348
6044,712,1186,1658,2321,2654,,712,474,472,663,333,3390
5966,710,1186,1616,2244,2579,,710,476,430,628,335,3387
5912,709,1185,1657,2278,2569,,709,476,472,621,291,3343
6229,709,1185,1655,2360,2754,,709,476,470,705,394,3475
5912,709,1186,1656,2281,2573,,709,477,470,625,292,3339
6176,711,1186,1658,2360,2736,,711,475,472,702,376,3440
6010,708,1187,1659,2317,2649,,708,479,472,658,332,3361
5991,702,1171,1644,2298,2644,,702,469,473,654,346,3347
6231,711,1185,1656,2335,2750,,711,474,471,679,415,3481
6246,725,1271,1681,2373,2781,,725,546,410,692,408,3465
6366,722,1272,1759,2495,2919,,722,550,487,736,424,3447
6205,716,1205,1691,2406,2737,,716,489,486,715,331,3468
6390,714,1247,1708,2422,2918,,714,533,461,714,496,3472
6392,720,1271,1759,2526,2944,,720,551,488,767,418,3448
6366,750,1272,1789,2498,2919,,750,522,517,709,421,3447
6206,751,1272,1707,2412,2767,,751,521,435,705,355,3439
6226,706,1174,1645,2349,2764,,706,468,471,704,415,3462
6026,702,1172,1646,2309,2662,,702,470,474,663,353,3364
6189,709,1183,1654,2339,2739,,709,474,471,685,400,3450
6241,720,1269,1679,2372,2804,,720,549,410,693,432,3437
6292,721,1272,1759,2498,2839,,721,551,487,739,341,3453
6318,722,1271,1760,2497,2898,,722,549,489,737,401,3420
6392,724,1272,1740,2498,2919,,724,548,468,758,421,3473
6393,752,1271,1761,2526,2945,,752,519,490,765,419,3448
6368,718,1268,1787,2525,2942,,718,550,519,738,417,3426
6323,722,1273,1760,2498,2842,,722,551,487,738,344,3481
6368,722,1300,1786,2477,2920,,722,578,486,691,443,3448
6281,721,1271,1726,2436,2833,,721,550,455,710,397,3448
6136,703,1190,1661,2323,2702,,703,487,471,662,379,3434
6242,723,1271,1682,2397,2807,,723,548,411,715,410,3435
6318,721,1271,1784,2482,2843,,721,550,513,698,361,3475
6345,749,1300,1813,2522,2866,,749,551,513,709,344,3479
6390,721,1271,1740,2497,2920,,721,550,469,757,423,3470
6368,724,1273,1760,2498,2920,,724,549,487,738,422,3448
6345,722,1272,1759,2497,2918,,722,550,487,738,421,3427
6344,724,1303,1788,2477,2896,,724,579,485,689,419,3448
6397,751,1271,1762,2476,2920,,751,520,491,714,444,3477
6337,747,1293,1761,2519,2920,,747,546,468,758,401,3417
6368,723,1273,1762,2497,2920,,723,550,489,735,423,3448
6294,723,1272,1682,2428,2836,,723,549,410,746,408,3458
6162,655,1155,1642,2334,2740,,655,500,487,692,406,3422
6291,726,1273,1761,2498,2887,,726,547,488,737,389,3404
5909,708,1184,1658,2271,2566,,708,476,474,613,295,3343
6231,711,1186,1658,2361,2777,,711,475,472,703,416,3454
5936,712,1185,1655,2280,2599,,712,473,470,625,319,3337
6044,711,1186,1657,2318,2677,,711,475,471,661,359,3367
6037,711,1186,1659,2320,2653,,711,475,473,661,333,3384
6030,711,1186,1658,2332,2659,,711,475,472,674,327,3371
6121,700,1173,1646,2307,2686,,700,473,473,661,379,3435
6272,721,1272,1681,2396,2807,,721,551,409,715,411,3465
6367,723,1272,1760,2526,2924,,723,549,488,766,398,3443
6264,720,1220,1738,2445,2835,,720,500,518,707,390,3429
6335,721,1272,1760,2466,2909,,721,551,488,706,443,3426
6231,712,1187,1658,2361,2754,,712,475,471,703,393,3477
5913,712,1187,1658,2280,2574,,712,475,471,622,294,3339
6044,713,1188,1662,2322,2677,,713,475,474,660,355,3367
6013,711,1185,1659,2320,2654,,711,474,474,661,334,3359
6037,709,1184,1656,2319,2657,,709,475,472,663,338,3380
6036,655,1131,1603,2225,2613,,655,476,472,622,388,3423
6366,722,1301,1765,2496,2919,,722,579,464,731,423,3447
6319,722,1302,1815,2526,2854,,722,580,513,711,328,3465
6276,716,1205,1693,2405,2762,,716,489,488,712,357,3514
6270,722,1271,1686,2380,2787,,722,549,415,694,407,3483
6397,723,1272,1759,2497,2919,,723,549,487,738,422,3478
6367,724,1272,1761,2498,2920,,724,548,489,737,422,3447
6342,722,1271,1739,2496,2900,,722,549,468,757,404,3442
6391,720,1268,1756,2494,2945,,720,548,488,738,451,3446
6262,686,1195,1712,2419,2809,,686,509,517,707,390,3453
6340,720,1269,1759,2495,2896,,720,549,490,736,401,3444
6368,722,1272,1759,2498,2918,,722,550,487,739,420,3450
6317,722,1271,1759,2524,2943,,722,549,488,765,419,3374
6341,752,1300,1786,2526,2924,,752,548,486,740,398,3417
6394,722,1272,1788,2496,2919,,722,550,516,708,423,3475
6370,727,1273,1762,2498,2921,,727,546,489,736,423,3449
6397,751,1273,1788,2501,2919,,751,522,515,713,418,3478
6368,722,1272,1760,2497,2920,,722,550,488,737,423,3448
6317,723,1303,1791,2498,2895,,723,580,488,707,397,3422
6341,725,1272,1761,2526,2924,,725,547,489,765,398,3417
6350,754,1274,1761,2497,2919,,754,520,487,736,422,3431
6315,722,1272,1761,2465,2909,,722,550,489,704,444,3406
6041,712,1185,1657,2319,2655,,712,473,472,662,336,3386
5888,709,1144,1558,2192,2527,,709,435,414,634,335,3361
6132,698,1165,1636,2342,2696,,698,467,471,706,354,3436
6364,719,1270,1756,2494,2916,,719,551,486,738,422,3448
6369,723,1272,1761,2497,2920,,723,549,489,736,423,3449
6393,723,1272,1759,2498,2923,,723,549,487,739,425,3470
6291,720,1221,1708,2421,2831,,720,501,487,713,410,3460
6143,702,1163,1645,2337,2703,,702,461,482,692,366,3440
6143,688,1161,1634,2338,2713,,688,473,473,704,375,3430
6014,698,1163,1637,2296,2635,,698,465,474,659,339,3379
6141,658,1085,1568,2270,2682,,658,427,483,702,412,3459
6368,720,1270,1758,2480,2901,,720,550,488,722,421,3467
6190,719,1256,1706,2382,2762,,719,537,450,676,380,3428
6233,714,1188,1659,2364,2783,,714,474,471,705,419,3450
6161,709,1185,1657,2361,2735,,709,476,472,704,374,3426
6043,711,1187,1659,2319,2656,,711,476,472,660,337,3387
6032,709,1184,1655,2318,2651,,709,475,471,663,333,3381
6078,693,1119,1610,2289,2642,,693,426,491,679,353,3436
6241,723,1262,1733,2449,2863,,723,539,471,716,414,3378
6038,713,1186,1659,2321,2655,,713,473,473,662,334,3383
5989,706,1205,1635,2264,2596,,706,499,430,629,332,3393
5942,709,1185,1615,2245,2573,,709,476,430,630,328,3369
6256,699,1189,1661,2365,2782,,699,490,472,704,417,3474
6232,711,1186,1659,2360,2751,,711,475,473,701,391,3481
6115,713,1186,1658,2360,2736,,713,473,472,702,376,3379
6243,715,1262,1734,2449,2864,,715,547,472,715,415,3379
5970,664,1143,1615,2276,2609,,664,479,472,661,333,3361
6190,683,1144,1607,2320,2730,,683,461,463,713,410,3460
6268,709,1197,1683,2397,2809,,709,488,486,714,412,3459
6164,718,1224,1631,2344,2714,,718,506,407,713,370,3450
6345,722,1271,1760,2498,2919,,722,549,489,738,421,3426
6314,721,1271,1759,2496,2897,,721,550,488,737,401,3417
6305,715,1273,1760,2464,2864,,715,558,487,704,400,3441
6206,712,1212,1685,2386,2778,,712,500,473,701,392,3428
5928,711,1185,1656,2279,2598,,711,474,471,623,319,3330
6149,708,1183,1656,2359,2735,,708,475,473,703,376,3414
6065,711,1187,1658,2319,2676,,711,476,471,661,357,3389
6271,692,1195,1682,2395,2808,,692,503,487,713,413,3463
6369,721,1272,1762,2498,2919,,721,551,490,736,421,3450
6314,750,1274,1761,2497,2893,,750,524,487,736,396,3421
6294,726,1274,1762,2498,2843,,726,548,488,736,345,3451
6346,722,1274,1761,2497,2920,,722,552,487,736,423,3426
6306,722,1304,1788,2477,2862,,722,582,484,689,385,3444
6207,711,1186,1658,2362,2779,,711,475,472,704,417,3428
6188,711,1186,1658,2362,2777,,711,475,472,704,415,3411
6018,711,1185,1656,2318,2654,,711,474,471,662,336,3364
6010,709,1183,1655,2318,2653,,709,474,472,663,335,3357
6138,657,1106,1590,2323,2708,,657,449,484,733,385,3430
6244,710,1133,1616,2324,2734,,710,423,483,708,410,3510
6355,723,1272,1761,2498,2911,,723,549,489,737,413,3444
5941,710,1186,1617,2245,2576,,710,476,431,628,331,3365
6089,704,1192,1662,2303,2660,,704,488,470,641,357,3429
5937,712,1186,1657,2279,2599,,712,474,471,622,320,3338
6248,706,1179,1652,2353,2745,,706,473,473,701,392,3503
5938,711,1189,1659,2278,2598,,711,478,470,619,320,3340
6068,710,1186,1657,2319,2675,,710,476,471,662,356,3393
5996,706,1153,1631,2301,2636,,706,447,478,670,335,3360
6273,715,1165,1648,2347,2758,,715,450,483,699,411,3515
6394,722,1272,1760,2497,2919,,722,550,488,737,422,3475
6291,721,1271,1759,2497,2841,,721,550,488,738,344,3450
6367,723,1274,1764,2497,2919,,723,551,490,733,422,3448
6345,753,1271,1760,2497,2920,,753,518,489,737,423,3425
6373,751,1273,1762,2476,2896,,751,522,489,714,420,3477
6408,711,1242,1726,2512,2962,,711,531,484,786,450,3446
6355,723,1273,1738,2437,2908,,723,550,465,699,471,3447
6165,711,1186,1658,2362,2779,,711,475,472,704,417,3386
6040,712,1187,1659,2319,2675,,712,475,472,660,356,3365
6140,691,1103,1559,2243,2681,,691,412,456,684,438,3459
6365,722,1271,1760,2496,2919,,722,549,489,736,423,3446
6281,722,1273,1761,2497,2843,,722,551,488,736,346,3438
6332,724,1273,1761,2499,2888,,724,549,488,738,389,3444
5938,707,1181,1613,2241,2574,,707,474,432,628,333,3364
5910,709,1183,1651,2278,2573,,709,474,468,627,295,3337
6164,697,1170,1643,2345,2736,,697,473,473,702,391,3428
6174,712,1186,1658,2361,2738,,712,474,472,703,377,3436
6043,710,1186,1659,2319,2654,,710,476,473,660,335,3389
5949,703,1171,1603,2251,2586,,703,468,432,648,335,3363
6051,658,1081,1526,2246,2635,,658,423,445,720,389,3416
6347,723,1302,1733,2488,2904,,723,579,431,755,416,3443
6292,750,1299,1811,2444,2836,,750,549,512,633,392,3456
6344,723,1273,1761,2497,2906,,723,550,488,736,409,3438
6367,723,1272,1761,2497,2921,,723,549,489,736,424,3446
6396,751,1272,1759,2497,2920,,751,521,487,738,423,3476
6315,721,1219,1737,2444,2855,,721,498,518,707,411,3460
6367,723,1276,1761,2500,2921,,723,553,485,739,421,3446
6370,754,1274,1761,2445,2907,,754,520,487,684,462,3463
6328,713,1232,1745,2482,2905,,713,519,513,737,423,3423
6344,723,1272,1737,2497,2896,,723,549,465,760,399,3448
6218,699,1172,1661,2372,2811,,699,473,489,711,439,3407
6307,726,1272,1760,2475,2880,,726,546,488,715,405,3427
6045,710,1187,1660,2320,2653,,710,477,473,660,333,3392
5966,710,1186,1617,2245,2601,,710,476,431,628,356,3365
6258,701,1191,1662,2364,2755,,701,490,471,702,391,3503
6255,710,1186,1658,2361,2780,,710,476,472,703,419,3475
5913,711,1187,1658,2279,2574,,711,476,471,621,295,3339
6045,710,1186,1659,2319,2674,,710,476,473,660,355,3371
6018,719,1191,1662,2325,2658,,719,472,471,663,333,3360
6117,709,1183,1613,2284,2658,,709,474,430,671,374,3459
6385,721,1271,1758,2496,2918,,721,550,487,738,422,3467
6289,718,1269,1756,2495,2839,,718,551,487,739,344,3450
6418,724,1273,1761,2498,2949,,724,549,488,737,451,3469
6367,753,1301,1786,2498,2923,,753,548,485,712,425,3444
6329,721,1273,1758,2497,2883,,721,552,485,739,386,3446
6256,667,1162,1634,2336,2752,,667,495,472,702,416,3504
5963,712,1211,1682,2306,2625,,712,499,471,624,319,3338
6045,713,1187,1659,2322,2677,,713,474,472,663,355,3368
6053,706,1202,1672,2337,2671,,706,496,470,665,334,3382
6167,707,1159,1628,2318,2716,,707,452,469,690,398,3451
6393,723,1273,1762,2482,2948,,723,550,489,720,466,3445
6322,724,1273,1760,2499,2842,,724,549,487,739,343,3480
6369,724,1273,1760,2448,2920,,724,549,487,688,472,3449
6347,724,1274,1762,2498,2921,,724,550,488,736,423,3426
6373,724,1274,1761,2499,2901,,724,550,487,738,402,3472
6269,679,1172,1661,2373,2783,,679,493,489,712,410,3486
6295,724,1273,1762,2498,2843,,724,549,489,736,345,3452
6372,724,1274,1762,2499,2920,,724,550,488,737,421,3452
6370,723,1274,1761,2499,2921,,723,551,487,738,422,3449
6346,724,1273,1761,2498,2920,,724,549,488,737,422,3426
6301,724,1274,1762,2453,2893,,724,550,488,691,440,3408
6274,723,1272,1760,2475,2879,,723,549,488,715,404,3395
6277,724,1273,1760,2477,2881,,724,549,487,717,404,3396
6308,726,1272,1760,2483,2900,,726,546,488,723,417,3408
6354,723,1273,1761,2482,2905,,723,550,488,721,423,3449
6294,722,1221,1710,2424,2832,,722,499,489,714,408,3462
6369,723,1276,1762,2499,2921,,723,553,486,737,422,3448
6317,724,1273,1762,2474,2902,,724,549,489,712,428,3415
6328,723,1273,1760,2481,2905,,723,550,487,721,424,3423
6301,724,1275,1761,2475,2892,,724,551,486,714,417,3409
6301,725,1275,1763,2477,2884,,725,550,488,714,407,3417
6171,716,1205,1672,2356,2741,,716,489,467,684,385,3430
6334,725,1275,1764,2483,2908,,725,550,489,719,425,3426
6280,716,1212,1701,2412,2823,,716,496,489,711,411,3457
6295,711,1199,1689,2400,2841,,711,488,490,711,441,3454
6277,716,1198,1692,2406,2815,,716,482,494,714,409,3462
6268,724,1273,1762,2498,2901,,724,549,489,736,403,3367
6287,725,1274,1762,2480,2853,,725,549,488,718,373,3434
6219,683,1175,1661,2373,2783,,683,492,486,712,410,3436
6302,724,1274,1762,2476,2894,,724,550,488,714,418,3408
6277,725,1276,1763,2478,2878,,725,551,487,715,400,3399
6300,724,1273,1763,2477,2893,,724,549,490,714,416,3407
6270,725,1274,1763,2465,2866,,725,549,489,702,401,3404
5939,711,1187,1618,2245,2577,,711,476,431,627,332,3362
6063,710,1209,1682,2343,2678,,710,499,473,661,335,3385
6169,671,1092,1586,2298,2708,,671,421,494,712,410,3461
6367,722,1272,1759,2496,2919,,722,550,487,737,423,3448
6318,724,1273,1740,2475,2897,,724,549,467,735,422,3421
6317,724,1303,1786,2500,2900,,724,579,483,714,400,3417
6369,722,1272,1760,2498,2921,,722,550,488,738,423,3448
6370,723,1273,1762,2498,2924,,723,550,489,736,426,3446
6295,752,1273,1763,2497,2843,,752,521,490,734,346,3452
6302,753,1272,1789,2477,2896,,753,519,517,688,419,3406
6391,749,1297,1811,2550,2944,,749,548,514,739,394,3447
6392,723,1271,1760,2496,2948,,723,548,489,736,452,3444
6325,744,1230,1719,2429,2866,,744,486,489,710,437,3459
6421,722,1299,1783,2524,2943,,722,577,484,741,419,3478
6316,722,1273,1761,2497,2899,,722,551,488,736,402,3417
6196,641,1124,1613,2353,2786,,641,483,489,740,433,3410
6366,722,1301,1785,2526,2947,,722,579,484,741,421,3419
6333,752,1273,1760,2482,2907,,752,521,487,722,425,3426
6277,721,1273,1759,2480,2847,,721,552,486,721,367,3430
6349,723,1273,1760,2483,2905,,723,550,487,723,422,3444
6313,718,1219,1707,2447,2856,,718,501,488,740,409,3457
6314,722,1271,1759,2496,2898,,722,549,488,737,402,3416
6379,746,1253,1741,2528,2952,,746,507,488,787,424,3427
6293,724,1273,1761,2481,2888,,724,549,488,720,407,3405
6018,713,1187,1659,2321,2656,,713,474,472,662,335,3362
5896,704,1153,1568,2201,2537,,704,449,415,633,336,3359
5895,713,1145,1560,2195,2526,,713,432,415,635,331,3369
5898,712,1149,1557,2193,2515,,712,437,408,636,322,3383
5913,715,1170,1583,2218,2551,,715,455,413,635,333,3362
5891,712,1144,1557,2193,2532,,712,432,413,636,339,3359
5895,663,1099,1518,2155,2487,,663,436,419,637,332,3408
5864,670,1116,1531,2169,2503,,670,446,415,638,334,3361
6095,704,1157,1592,2275,2686,,704,453,435,683,411,3409
6302,722,1272,1788,2479,2896,,722,550,516,691,417,3406
6302,724,1274,1763,2477,2883,,724,550,489,714,406,3419
6289,715,1215,1703,2415,2850,,715,500,488,712,435,3439
6332,725,1273,1762,2484,2908,,725,548,489,722,424,3424
6334,722,1273,1761,2481,2906,,722,551,488,720,425,3428
6329,722,1272,1760,2484,2906,,722,550,488,724,422,3423
6329,723,1272,1759,2482,2905,,723,549,487,723,423,3424
6254,716,1208,1695,2408,2818,,716,492,487,713,410,3436
6330,723,1273,1761,2484,2904,,723,550,488,723,420,3426
6306,721,1271,1760,2479,2898,,721,550,489,719,419,3408
6329,721,1271,1758,2479,2902,,721,550,487,721,423,3427
6266,722,1268,1757,2479,2849,,722,546,489,722,370,3417
6301,724,1273,1741,2474,2894,,724,549,468,733,420,3407
6312,723,1274,1762,2483,2902,,723,551,488,721,419,3410
6332,723,1276,1760,2483,2905,,723,553,484,723,422,3427
6330,724,1273,1761,2481,2905,,724,549,488,720,424,3425
6356,723,1273,1760,2483,2904,,723,550,487,723,421,3452
6255,715,1205,1695,2406,2815,,715,490,490,711,409,3440
6355,723,1273,1761,2483,2905,,723,550,488,722,422,3450
6301,753,1275,1762,2482,2892,,753,522,487,720,410,3409
6309,724,1274,1762,2484,2902,,724,550,488,722,418,3407
6334,754,1274,1762,2485,2907,,754,520,488,723,422,3427
6354,724,1274,1760,2483,2905,,724,550,486,723,422,3449
6331,725,1273,1762,2485,2906,,725,548,489,723,421,3425
6332,725,1273,1761,2482,2906,,725,548,488,721,424,3426
6329,724,1274,1761,2481,2905,,724,550,487,720,424,3424
6331,724,1273,1761,2481,2906,,724,549,488,720,425,3425
6256,716,1205,1697,2407,2815,,716,489,492,710,408,3441
6369,723,1302,1785,2498,2920,,723,579,483,713,422,3449
6295,707,1198,1686,2398,2833,,707,491,488,712,435,3462
6348,724,1273,1761,2501,2921,,724,549,488,740,420,3427
6331,723,1274,1761,2483,2905,,723,551,487,722,422,3426
6245,711,1132,1615,2325,2758,,711,421,483,710,433,3487
6292,724,1274,1762,2498,2921,,724,550,488,736,423,3371
5949,713,1187,1618,2247,2578,,713,474,431,629,331,3371
5918,713,1145,1560,2195,2530,,713,432,415,635,335,3388
5925,712,1145,1559,2193,2532,,712,433,414,634,339,3393
5894,664,1098,1515,2149,2482,,664,434,417,634,333,3412
5865,674,1118,1534,2171,2503,,674,444,416,637,332,3362
5974,677,1116,1534,2188,2577,,677,439,418,654,389,3397
6278,727,1274,1743,2475,2882,,727,547,469,732,407,3396
6313,724,1274,1763,2484,2902,,724,550,489,721,418,3411
6353,724,1273,1763,2483,2906,,724,549,490,720,423,3447
6328,727,1274,1761,2482,2906,,727,547,487,721,424,3422
6359,723,1273,1761,2482,2905,,723,550,488,721,423,3454
6311,723,1273,1761,2483,2900,,723,550,488,722,417,3411
6329,722,1275,1759,2480,2905,,722,553,484,721,425,3424
6300,729,1230,1717,2430,2840,,729,501,487,713,410,3460
6318,723,1272,1760,2497,2900,,723,549,488,737,403,3418
6305,726,1248,1737,2487,2900,,726,522,489,750,413,3405
6309,723,1273,1761,2481,2899,,723,550,488,720,418,3410
6356,723,1272,1760,2486,2905,,723,549,488,726,419,3451
5939,691,1161,1591,2220,2555,,691,470,430,629,335,3384
5891,711,1145,1560,2194,2528,,711,434,415,634,334,3363
5922,713,1144,1557,2194,2529,,713,431,413,637,335,3393
6000,680,1161,1589,2220,2556,,680,481,428,631,336,3444
5867,672,1098,1508,2144,2492,,672,426,410,636,348,3375
5782,666,1083,1482,2115,2434,,666,417,399,633,319,3348
5857,672,1125,1532,2164,2507,,672,453,407,632,343,3350
6076,714,1152,1606,2285,2677,,714,438,454,679,392,3399
6342,724,1274,1746,2457,2903,,724,550,472,711,446,3439
6329,724,1273,1761,2481,2933,,724,549,488,720,452,3396
5939,712,1158,1588,2221,2554,,712,446,430,633,333,3385
5915,713,1173,1584,2219,2554,,713,460,411,635,335,3361
5895,712,1146,1559,2197,2527,,712,434,413,638,330,3368
5923,705,1152,1565,2202,2537,,705,447,413,637,335,3386
5892,713,1145,1560,2195,2528,,713,432,415,635,333,3364
5890,711,1147,1558,2195,2529,,711,436,411,637,334,3361
5940,673,1119,1600,2247,2580,,673,446,481,647,333,3360
6034,711,1139,1556,2262,2626,,711,428,417,706,364,3408
6449,723,1272,1760,2499,2950,,723,549,488,739,451,3499
6398,723,1274,1762,2498,2921,,723,551,488,736,423,3477
6327,716,1206,1695,2435,2869,,716,490,489,740,434,3458
6366,725,1274,1762,2500,2922,,725,549,488,738,422,3444
6394,723,1273,1762,2529,2946,,723,550,489,767,417,3448
6397,728,1275,1763,2529,2948,,728,547,488,766,419,3449
6330,723,1273,1762,2483,2904,,723,550,489,721,421,3426
6403,745,1259,1772,2531,2930,,745,514,513,759,399,3473
6367,722,1274,1760,2498,2919,,722,552,486,738,421,3448
6081,723,1220,1644,2313,2656,,723,497,424,669,343,3425
6163,712,1185,1656,2360,2775,,712,473,471,704,415,3388
5943,712,1188,1616,2247,2579,,712,476,428,631,332,3364
5888,712,1145,1559,2205,2531,,712,433,414,646,326,3357
5890,712,1144,1557,2193,2526,,712,432,413,636,333,3364
5896,714,1144,1558,2194,2527,,714,430,414,636,333,3369
5898,704,1126,1542,2178,2510,,704,422,416,636,332,3388
5901,713,1145,1558,2193,2528,,713,432,413,635,335,3373
5879,678,1107,1506,2137,2456,,678,429,399,631,319,3423
5889,712,1145,1560,2196,2528,,712,433,415,636,332,3361
6067,671,1113,1582,2288,2660,,671,442,469,706,372,3407
5945,713,1188,1619,2248,2581,,713,475,431,629,333,3364
5894,712,1146,1559,2195,2528,,712,434,413,636,333,3366
5883,707,1138,1552,2188,2525,,707,431,414,636,337,3358
5867,671,1097,1509,2146,2477,,671,426,412,637,331,3390
5871,672,1120,1533,2170,2504,,672,448,413,637,334,3367
5814,655,1091,1492,2122,2441,,655,436,401,630,319,3373
6070,714,1188,1684,2348,2684,,714,474,496,664,336,3386
6066,711,1185,1656,2321,2679,,711,474,471,665,358,3387
5941,711,1146,1582,2246,2581,,711,435,436,664,335,3360
6143,710,1160,1572,2282,2689,,710,450,412,710,407,3454
5999,673,1132,1570,2231,2593,,673,459,438,661,362,3406
5974,667,1111,1549,2210,2571,,667,444,438,661,361,3403
5959,667,1107,1547,2207,2570,,667,440,440,660,363,3389
6002,681,1135,1572,2234,2595,,681,454,437,662,361,3407
6317,726,1275,1764,2481,2887,,726,549,489,717,406,3430
6442,750,1301,1814,2549,2996,,750,551,513,735,447,3446
6306,716,1206,1723,2432,2821,,716,490,517,709,389,3485
6371,727,1275,1762,2498,2921,,727,548,487,736,423,3450
6392,723,1272,1760,2526,2945,,723,549,488,766,419,3447
6283,723,1302,1743,2465,2857,,723,579,441,722,392,3426
5899,713,1187,1659,2282,2575,,713,474,472,623,293,3324
6232,713,1189,1661,2366,2759,,713,476,472,705,393,3473
6257,713,1200,1675,2388,2805,,713,487,475,713,417,3452
6201,714,1189,1660,2364,2781,,714,475,471,704,417,3420
6393,754,1273,1790,2499,2950,,754,519,517,709,451,3443
6352,745,1231,1718,2459,2891,,745,486,487,741,432,3461
6332,747,1233,1752,2490,2877,,747,486,519,738,387,3455
6328,746,1206,1693,2433,2842,,746,460,487,740,409,3486
6368,724,1274,1763,2501,2921,,724,550,489,738,420,3447
6349,724,1302,1709,2450,2896,,724,578,407,741,446,3453
6423,722,1272,1761,2526,2946,,722,550,489,765,420,3477
6369,725,1275,1761,2499,2922,,725,550,486,738,423,3447
6302,716,1207,1722,2431,2842,,716,491,515,709,411,3460
6393,725,1274,1791,2530,2947,,725,549,517,739,417,3446
6397,725,1274,1762,2499,2921,,725,549,488,737,422,3476
6392,723,1273,1761,2526,2945,,723,550,488,765,419,3447
6393,721,1302,1786,2527,2945,,721,581,484,741,418,3448
6181,703,1131,1621,2333,2743,,703,428,490,712,410,3438
6398,725,1275,1794,2503,2922,,725,550,519,709,419,3476
6375,755,1274,1761,2486,2903,,755,519,487,725,417,3472
6369,724,1272,1760,2499,2920,,724,548,488,739,421,3449
6394,722,1272,1761,2497,2952,,722,550,489,736,455,3442
6359,746,1261,1745,2439,2876,,746,515,484,694,437,3483
6448,723,1273,1789,2527,2975,,723,550,516,738,448,3473
6368,724,1274,1751,2499,2921,,724,550,477,748,422,3447
6315,724,1273,1762,2498,2902,,724,549,489,736,404,3413
6395,724,1304,1817,2529,2950,,724,580,513,712,421,3445
6369,749,1273,1789,2528,2944,,749,524,516,739,416,3425
6368,753,1274,1761,2499,2922,,753,521,487,738,423,3446
6306,726,1301,1786,2476,2863,,726,575,485,690,387,3443
6231,712,1188,1659,2363,2755,,712,476,471,704,392,3476
6164,711,1186,1657,2362,2779,,711,475,471,705,417,3385
6191,713,1189,1661,2364,2756,,713,476,472,703,392,3435
6161,712,1189,1661,2361,2711,,712,477,472,700,350,3450
6095,710,1185,1658,2360,2712,,710,475,473,702,352,3383
6396,722,1273,1760,2497,2921,,722,551,487,737,424,3475
6368,724,1304,1789,2498,2922,,724,580,485,709,424,3446
6348,716,1258,1767,2500,2921,,716,542,509,733,421,3427
6423,723,1273,1762,2528,2946,,723,550,489,766,418,3477
6332,753,1274,1790,2451,2882,,753,521,516,661,431,3450
6193,713,1188,1661,2364,2781,,713,475,473,703,417,3412
6151,712,1189,1659,2362,2736,,712,477,470,703,374,3415
6176,713,1188,1662,2364,2739,,713,475,474,702,375,3437
6143,716,1190,1661,2364,2714,,716,474,471,703,350,3429
6092,713,1187,1659,2364,2713,,713,474,472,705,349,3379
6086,606,1069,1541,2245,2664,,606,463,472,704,419,3422
5916,712,1187,1660,2283,2575,,712,475,473,623,292,3341
6149,713,1188,1631,2337,2712,,713,475,443,706,375,3437
6040,715,1223,1700,2346,2681,,715,508,477,646,335,3359
5970,712,1186,1615,2270,2594,,712,474,429,655,324,3376
6025,713,1189,1661,2321,2657,,713,476,472,660,336,3368
6022,711,1186,1657,2320,2657,,711,475,471,663,337,3365
6018,672,1121,1602,2272,2634,,672,449,481,670,362,3384
5961,710,1185,1617,2244,2577,,710,475,432,627,333,3384
6118,699,1188,1659,2365,2738,,699,489,471,706,373,3380
6232,684,1162,1634,2335,2752,,684,478,472,701,417,3480
6246,690,1175,1662,2375,2784,,690,485,487,713,409,3462
6270,725,1274,1684,2399,2810,,725,549,410,715,411,3460
6289,724,1273,1762,2498,2922,,724,549,489,736,424,3367
6347,726,1275,1763,2475,2897,,726,549,488,712,422,3450
6370,724,1275,1762,2498,2921,,724,551,487,736,423,3449
6371,727,1274,1763,2499,2922,,727,547,489,736,423,3449
6369,723,1273,1762,2502,2921,,723,550,489,740,419,3448
6349,724,1274,1762,2499,2921,,724,550,488,737,422,3428
6303,725,1277,1763,2500,2902,,725,552,486,737,402,3401
6294,749,1219,1712,2427,2836,,749,470,493,715,409,3458
6343,720,1299,1813,2501,2891,,720,579,514,688,390,3452
6258,745,1290,1699,2415,2829,,745,545,409,716,414,3429
6310,724,1275,1742,2475,2900,,724,551,467,733,425,3410
6221,712,1187,1659,2364,2740,,712,475,472,705,376,3481
6369,724,1273,1762,2501,2922,,724,549,489,739,421,3447
6343,724,1274,1762,2499,2901,,724,550,488,737,402,3442
6345,722,1273,1760,2498,2923,,722,551,487,738,425,3422
6303,724,1274,1762,2500,2902,,724,550,488,738,402,3401
6394,725,1275,1764,2500,2922,,725,550,489,736,422,3472
6368,723,1268,1762,2499,2920,,723,545,494,737,421,3448
6316,723,1274,1762,2499,2901,,723,551,488,737,402,3415
6180,725,1275,1685,2376,2761,,725,550,410,691,385,3419
5867,643,1062,1478,2137,2476,,643,419,416,659,339,3391
6055,716,1191,1664,2323,2680,,716,475,473,659,357,3375
6039,713,1187,1661,2320,2657,,713,474,474,659,337,3382
6020,715,1190,1662,2322,2656,,715,475,472,660,334,3364
6017,714,1189,1662,2323,2657,,714,475,473,661,334,3360
5939,712,1187,1617,2246,2578,,712,475,430,629,332,3361
6093,700,1189,1660,2364,2713,,700,489,471,704,349,3380
6085,672,1121,1600,2289,2683,,672,449,479,689,394,3402
6370,724,1270,1764,2501,2922,,724,546,494,737,421,3448
6369,724,1275,1740,2500,2923,,724,551,465,760,423,3446
6370,724,1274,1762,2500,2922,,724,550,488,738,422,3448
6370,725,1275,1762,2499,2922,,725,550,487,737,423,3448
6369,725,1274,1763,2499,2923,,725,549,489,736,424,3446
6371,724,1276,1762,2499,2922,,724,552,486,737,423,3449
6294,711,1198,1688,2429,2837,,711,487,490,741,408,3457
6349,728,1274,1762,2499,2922,,728,546,488,737,423,3427
6302,725,1274,1762,2503,2899,,725,549,488,741,396,3403
6238,713,1125,1583,2300,2736,,713,412,458,717,436,3502
6318,724,1279,1763,2477,2896,,724,555,484,714,419,3422
6305,728,1275,1742,2475,2898,,728,547,467,733,423,3407
5809,644,1061,1477,2111,2451,,644,417,416,634,340,3358
6055,717,1190,1663,2323,2679,,717,473,473,660,356,3376
6026,714,1189,1663,2324,2656,,714,475,474,661,332,3370
6348,724,1275,1762,2500,2922,,724,551,487,738,422,3426
6371,725,1275,1756,2500,2922,,725,550,481,744,422,3449
6348,723,1274,1762,2498,2921,,723,551,488,736,423,3427
6349,726,1276,1763,2500,2922,,726,550,487,737,422,3427
6301,724,1274,1709,2424,2836,,724,550,435,715,412,3465
6247,731,1220,1712,2424,2813,,731,489,492,712,389,3434
6149,718,1196,1655,2342,2728,,718,478,459,687,386,3421
5902,644,1061,1477,2137,2501,,644,417,416,660,364,3401
6052,714,1190,1661,2322,2679,,714,476,471,661,357,3373
6039,713,1189,1661,2321,2656,,713,476,472,660,335,3383
6046,714,1191,1663,2321,2658,,714,477,472,658,337,3388
6357,726,1277,1765,2486,2910,,726,551,488,721,424,3447
6305,725,1274,1763,2502,2902,,725,549,489,739,400,3403
6348,724,1274,1761,2500,2922,,724,550,487,739,422,3426
6270,726,1275,1693,2402,2835,,726,549,418,709,433,3435
6347,723,1273,1760,2498,2921,,723,550,487,738,423,3426
6078,697,1198,1608,2298,2680,,697,501,410,690,382,3398
5791,643,1062,1480,2112,2451,,643,419,418,632,339,3340
6054,714,1189,1661,2322,2678,,714,475,472,661,356,3376
6015,714,1189,1662,2320,2656,,714,475,473,658,336,3359
6017,711,1187,1659,2321,2655,,711,476,472,662,334,3362
6134,713,1191,1664,2321,2699,,713,478,473,657,378,3435
6348,727,1276,1763,2499,2922,,727,549,487,736,423,3426
6313,716,1215,1703,2415,2827,,716,499,488,712,412,3486
6371,757,1275,1742,2499,2921,,757,518,467,757,422,3450
6369,725,1276,1746,2505,2923,,725,551,470,759,418,3446
6319,753,1279,1743,2475,2898,,753,526,464,732,423,3421
6370,726,1278,1763,2501,2924,,726,552,485,738,423,3446
6368,725,1274,1762,2499,2922,,725,549,488,737,423,3446
6370,725,1274,1762,2500,2923,,725,549,488,738,423,3447
6372,725,1273,1762,2500,2922,,725,548,489,738,422,3450
6369,718,1274,1761,2498,2921,,718,556,487,737,423,3448
6349,724,1273,1762,2499,2921,,724,549,489,737,422,3428
6235,717,1192,1651,2339,2750,,717,475,459,688,411,3485
6396,725,1274,1762,2500,2922,,725,549,488,738,422,3474
6368,724,1273,1761,2498,2921,,724,549,488,737,423,3447
6292,729,1273,1741,2474,2864,,729,544,468,733,390,3428
6369,725,1273,1762,2499,2921,,725,548,489,737,422,3448
6369,725,1274,1762,2500,2922,,725,549,488,738,422,3447
6268,699,1198,1685,2399,2809,,699,499,487,714,410,3459
6369,725,1275,1764,2499,2922,,725,550,489,735,423,3447
6370,724,1273,1762,2499,2921,,724,549,489,737,422,3449
6347,725,1274,1761,2498,2921,,725,549,487,737,423,3426
6220,723,1202,1661,2348,2757,,723,479,459,687,409,3463
6105,714,1211,1673,2285,2667,,714,497,462,612,382,3438
6369,723,1274,1761,2499,2922,,723,551,487,738,423,3447
6262,697,1210,1694,2369,2764,,697,513,484,675,395,3498
5940,715,1188,1660,2285,2602,,715,473,472,625,317,3338
6170,713,1190,1661,2363,2736,,713,477,471,702,373,3434
6042,714,1190,1662,2322,2657,,714,476,472,660,335,3385
6069,700,1188,1660,2320,2681,,700,488,472,660,361,3388
5962,710,1185,1615,2248,2577,,710,475,430,633,329,3385
5964,712,1187,1617,2245,2580,,712,475,430,628,335,3384
5875,698,1175,1644,2243,2539,,698,477,469,599,296,3336
6033,713,1190,1619,2314,2659,,713,477,429,695,345,3374
6210,713,1187,1659,2376,2773,,713,474,472,717,397,3437
5927,707,1200,1670,2295,2590,,707,493,470,625,295,3337
6044,714,1188,1658,2321,2678,,714,474,470,663,357,3366
6047,712,1187,1659,2323,2654,,712,475,472,664,331,3393
6043,713,1189,1658,2320,2656,,713,476,469,662,336,3387
6018,711,1189,1661,2318,2653,,711,478,472,657,335,3365
5962,711,1187,1642,2271,2603,,711,476,455,629,332,3359
5938,711,1186,1617,2246,2578,,711,475,431,629,332,3360
5979,659,1152,1582,2234,2593,,659,493,430,652,359,3386
6132,712,1187,1659,2362,2735,,712,475,472,703,373,3397
6247,712,1187,1638,2310,2743,,712,475,451,672,433,3504
6318,725,1273,1762,2474,2877,,725,548,489,712,403,3441
6371,725,1274,1763,2500,2923,,725,549,489,737,423,3448
6370,726,1276,1762,2499,2925,,726,550,486,737,426,3445
6371,725,1276,1762,2499,2922,,725,551,486,737,423,3449
6344,726,1276,1764,2501,2903,,726,550,488,737,402,3441
6371,726,1276,1765,2500,2923,,726,550,489,735,423,3448
6307,727,1277,1764,2501,2903,,727,550,487,737,402,3404
6267,690,1173,1661,2375,2788,,690,483,488,714,413,3479
6370,725,1305,1789,2500,2898,,725,580,484,711,398,3472
6371,726,1275,1763,2501,2923,,726,549,488,738,422,3448
6346,725,1274,1763,2501,2901,,725,549,489,738,400,3445
6370,725,1275,1763,2500,2922,,725,550,488,737,422,3448
6320,725,1274,1762,2499,2922,,725,549,488,737,423,3398
6090,712,1187,1659,2362,2712,,712,475,472,703,350,3378
6019,714,1189,1662,2322,2657,,714,475,473,660,335,3362
5914,686,1161,1591,2220,2553,,686,475,430,629,333,3361
5938,713,1187,1617,2246,2578,,713,474,430,629,332,3360
6279,653,1161,1647,2359,2796,,653,508,486,712,437,3483
6322,726,1275,1763,2500,2851,,726,549,488,737,351,3471
6371,727,1276,1764,2501,2923,,727,549,488,737,422,3448
6235,701,1200,1688,2379,2772,,701,499,488,691,393,3463
6056,706,1203,1593,2301,2679,,706,497,390,708,378,3377
6022,716,1188,1660,2323,2659,,716,472,472,663,336,3363
6041,701,1188,1665,2347,2684,,701,487,477,682,337,3357
6041,712,1186,1657,2320,2653,,712,474,471,663,333,3388
5940,712,1187,1618,2247,2578,,712,475,431,629,331,3362
5937,713,1189,1620,2247,2578,,713,476,431,627,331,3359
6280,672,1162,1648,2360,2771,,672,490,486,712,411,3509
6272,750,1274,1790,2477,2883,,750,524,516,687,406,3389
6220,712,1187,1659,2363,2718,,712,475,472,704,355,3502
6347,724,1277,1763,2500,2902,,724,553,486,737,402,3445
6372,726,1275,1764,2501,2924,,726,549,489,737,423,3448
6370,724,1273,1762,2500,2921,,724,549,489,738,421,3449
6377,724,1273,1762,2499,2921,,724,549,489,737,422,3456
6319,724,1274,1763,2500,2902,,724,550,489,737,402,3417
6271,726,1275,1685,2401,2812,,726,549,410,716,411,3459
6346,723,1272,1761,2499,2921,,723,549,489,738,422,3425
6244,674,1164,1648,2347,2783,,674,490,484,699,436,3461
6319,725,1275,1763,2478,2897,,725,550,488,715,419,3422
6370,725,1275,1763,2500,2925,,725,550,488,737,425,3445
6332,724,1274,1761,2499,2886,,724,550,487,738,387,3446
6232,713,1188,1659,2363,2754,,713,475,471,704,391,3478
6043,713,1213,1684,2346,2682,,713,500,471,662,336,3361
6038,702,1187,1659,2322,2657,,702,485,472,663,335,3381
6016,712,1189,1660,2320,2653,,712,477,471,660,333,3363
5964,712,1186,1618,2246,2602,,712,474,432,628,356,3362
5939,711,1186,1615,2245,2578,,711,475,429,630,333,3361
6284,699,1132,1624,2336,2770,,699,433,492,712,434,3514
6345,724,1274,1763,2500,2902,,724,550,489,737,402,3443
6369,725,1273,1762,2499,2921,,725,548,489,737,422,3448
6347,725,1275,1765,2500,2902,,725,550,490,735,402,3445
6370,725,1275,1764,2500,2922,,725,550,489,736,422,3448
6369,726,1275,1763,2501,2923,,726,549,488,738,422,3446
6399,724,1275,1762,2499,2921,,724,551,487,737,422,3478
6369,729,1274,1762,2499,2921,,729,545,488,737,422,3448
6347,725,1275,1764,2505,2922,,725,550,489,741,417,3425
6320,726,1276,1762,2502,2901,,726,550,486,740,399,3419
6219,716,1186,1677,2369,2775,,716,470,491,692,406,3444
6168,715,1189,1662,2363,2737,,715,474,473,701,374,3431
6156,713,1187,1661,2320,2720,,713,474,474,659,400,3436
5996,678,1163,1636,2259,2652,,678,485,473,623,393,3344
6186,708,1206,1676,2380,2731,,708,498,470,704,351,3455
5993,714,1189,1643,2273,2605,,714,475,454,630,332,3388
6016,703,1189,1660,2323,2658,,703,486,471,663,335,3358
6041,714,1186,1658,2321,2656,,714,472,472,663,335,3385
5915,687,1163,1593,2224,2555,,687,476,430,631,331,3360
5962,714,1187,1618,2246,2578,,714,473,431,628,332,3384
6124,634,1069,1535,2255,2664,,634,435,466,720,409,3460
6318,726,1276,1765,2500,2902,,726,550,489,735,402,3416
6370,725,1275,1764,2500,2922,,725,550,489,736,422,3448
6372,726,1276,1763,2500,2923,,726,550,487,737,423,3449
6297,726,1225,1713,2428,2836,,726,499,488,715,408,3461
6370,725,1275,1763,2501,2923,,725,550,488,738,422,3447
6371,725,1275,1763,2500,2922,,725,550,488,737,422,3449
6369,725,1275,1762,2500,2922,,725,550,487,738,422,3447
6372,724,1274,1763,2502,2923,,724,550,489,739,421,3449
6349,725,1274,1763,2500,2922,,725,549,489,737,422,3427
6317,726,1276,1744,2477,2900,,726,550,468,733,423,3417
6175,664,1075,1555,2255,2691,,664,411,480,700,436,3484
6366,724,1273,1760,2498,2921,,724,549,487,738,423,3445
6208,713,1141,1613,2314,2733,,713,428,472,701,419,3475
6042,711,1188,1641,2338,2689,,711,477,453,697,351,3353
6084,711,1187,1658,2320,2664,,711,476,471,662,344,3420
6351,725,1275,1762,2501,2922,,725,550,487,739,421,3429
6306,717,1211,1699,2410,2799,,717,494,488,711,389,3507
6372,726,1260,1728,2501,2923,,726,534,468,773,422,3449
6349,729,1274,1764,2499,2923,,729,545,490,735,424,3426
6272,725,1261,1678,2402,2812,,725,536,417,724,410,3460
6314,724,1274,1763,2501,2901,,724,550,489,738,400,3413
6347,727,1281,1766,2503,2903,,727,554,485,737,400,3444
6371,724,1274,1762,2501,2923,,724,550,488,739,422,3448
6372,726,1276,1763,2500,2923,,726,550,487,737,423,3449
6316,725,1275,1763,2499,2922,,725,550,488,736,423,3394
6319,726,1275,1763,2500,2902,,726,549,488,737,402,3417
6348,727,1276,1764,2501,2904,,727,549,488,737,403,3444
6372,726,1275,1763,2501,2923,,726,549,488,738,422,3449
6317,723,1274,1761,2498,2901,,723,551,487,737,403,3416
6245,713,1210,1619,2325,2735,,713,497,409,706,410,3510
6225,719,1217,1685,2353,2759,,719,498,468,668,406,3466
6148,714,1190,1661,2363,2737,,714,476,471,702,374,3411
6083,686,1162,1634,2295,2630,,686,476,472,661,335,3453
6233,715,1189,1661,2364,2781,,715,474,472,703,417,3452
6174,712,1189,1661,2363,2741,,712,477,472,702,378,3433
5938,715,1190,1622,2249,2582,,715,475,432,627,333,3356
6067,711,1187,1660,2318,2680,,711,476,473,658,362,3387
5947,714,1187,1619,2247,2579,,714,473,432,628,332,3368
5940,701,1187,1618,2246,2579,,701,486,431,628,333,3361
5870,700,1138,1566,2178,2478,,700,438,428,612,300,3392
6126,698,1197,1668,2371,2744,,698,499,471,703,373,3382
6208,713,1188,1686,2389,2764,,713,475,498,703,375,3444
6145,717,1187,1657,2364,2756,,717,470,470,707,392,3389
6044,715,1189,1660,2323,2679,,715,474,471,663,356,3365
6016,700,1187,1658,2322,2656,,700,487,471,664,334,3360
6015,714,1187,1661,2323,2655,,714,473,474,662,332,3360
6020,705,1190,1664,2327,2658,,705,485,474,663,331,3362
6037,710,1193,1674,2318,2654,,710,483,481,644,336,3383
5939,711,1145,1583,2221,2555,,711,434,438,638,334,3384
5956,699,1170,1591,2192,2556,,699,471,421,601,364,3400
6398,729,1276,1764,2501,2924,,729,547,488,737,423,3474
6370,724,1274,1763,2504,2922,,724,550,489,741,418,3448
6370,726,1276,1763,2500,2923,,726,550,487,737,423,3447
6371,725,1278,1763,2500,2922,,725,553,485,737,422,3449
6291,721,1220,1708,2420,2831,,721,499,488,712,411,3460
6371,725,1274,1763,2500,2921,,725,549,489,737,421,3450
6370,726,1273,1762,2498,2921,,726,547,489,736,423,3449
6220,715,1136,1618,2325,2735,,715,421,482,707,410,3485
6349,725,1274,1765,2501,2924,,725,549,491,736,423,3425
6097,714,1126,1601,2227,2637,,714,412,475,626,410,3460
6311,725,1274,1761,2477,2896,,725,549,487,716,419,3415
6371,726,1275,1764,2501,2923,,726,549,489,737,422,3448
6372,726,1279,1766,2501,2926,,726,553,487,735,425,3446
6248,687,1174,1663,2375,2787,,687,487,489,712,412,3461
6371,726,1276,1763,2501,2923,,726,550,487,738,422,3448
6319,726,1277,1764,2501,2904,,726,551,487,737,403,3415
6372,726,1280,1766,2503,2925,,726,554,486,737,422,3447
6372,726,1274,1763,2448,2923,,726,548,489,685,475,3449
6349,726,1275,1764,2501,2923,,726,549,489,737,422,3426
6008,713,1126,1538,2232,2575,,713,413,412,694,343,3433
5935,684,1164,1554,2239,2539,,684,480,390,685,300,3396
6233,689,1188,1660,2363,2755,,689,499,472,703,392,3478
6268,695,1199,1687,2400,2835,,695,504,488,713,435,3433
6221,678,1175,1663,2376,2785,,678,497,488,713,409,3436
6295,726,1224,1711,2423,2834,,726,498,487,712,411,3461
6370,724,1273,1762,2500,2921,,724,549,489,738,421,3449
6265,721,1222,1709,2421,2831,,721,501,487,712,410,3434
6372,726,1275,1763,2500,2923,,726,549,488,737,423,3449
6349,726,1260,1728,2501,2923,,726,534,468,773,422,3426
6233,725,1259,1681,2376,2790,,725,534,422,695,414,3443
5917,654,1139,1610,2232,2552,,654,485,471,622,320,3365
6208,713,1189,1659,2364,2756,,713,476,470,705,392,3452
6232,715,1188,1661,2363,2761,,715,473,473,702,398,3471
6046,712,1189,1663,2322,2678,,712,477,474,659,356,3368
6016,712,1189,1661,2320,2654,,712,477,472,659,334,3362
6042,717,1213,1685,2349,2682,,717,496,472,664,333,3360
6014,711,1186,1661,2320,2654,,711,475,475,659,334,3360
5995,711,1163,1634,2297,2631,,711,452,471,663,334,3364
6249,710,1200,1688,2404,2812,,710,490,488,716,408,3437
6175,726,1261,1690,2374,2715,,726,535,429,684,341,3460
6369,725,1275,1792,2502,2923,,725,550,517,710,421,3446
6370,726,1276,1763,2500,2924,,726,550,487,737,424,3446
6370,727,1243,1739,2501,2926,,727,516,496,762,425,3444
6371,726,1275,1763,2501,2924,,726,549,488,738,423,3447
6279,715,1208,1695,2408,2818,,715,493,487,713,410,3461
6372,726,1275,1764,2502,2923,,726,549,489,738,421,3449
6293,724,1224,1711,2423,2833,,724,500,487,712,410,3460
6370,724,1277,1762,2500,2921,,724,553,485,738,421,3449
6305,725,1276,1743,2478,2899,,725,551,467,735,421,3406
6308,727,1303,1728,2478,2870,,727,576,425,750,392,3438
5995,711,1153,1627,2312,2637,,711,442,474,685,325,3358
6217,715,1190,1664,2366,2757,,715,475,474,702,391,3460
6216,714,1166,1649,2352,2761,,714,452,483,703,409,3455
6068,713,1161,1632,2339,2690,,713,448,471,707,351,3378
6068,714,1189,1687,2347,2704,,714,475,498,660,357,3364
6001,701,1174,1646,2308,2640,,701,473,472,662,332,3361
6012,713,1188,1660,2322,2654,,713,475,472,662,332,3358
5940,702,1190,1603,2246,2582,,702,488,413,643,336,3358
5966,702,1188,1621,2273,2605,,702,486,433,652,332,3361
6130,700,1146,1624,2307,2705,,700,446,478,683,398,3425
6068,656,1067,1534,2238,2659,,656,411,467,704,421,3409
6232,714,1191,1663,2362,2752,,714,477,472,699,390,3480
6292,714,1188,1682,2401,2836,,714,474,494,719,435,3456
6073,654,1071,1514,2225,2636,,654,417,443,711,411,3437
6279,717,1207,1696,2410,2819,,717,490,489,714,409,3460
6371,726,1276,1763,2505,2923,,726,550,487,742,418,3448
6372,726,1277,1763,2502,2923,,726,551,486,739,421,3449
6304,723,1276,1763,2500,2900,,723,553,487,737,400,3404
6355,726,1276,1763,2490,2908,,726,550,487,727,418,3447
6330,723,1274,1761,2485,2889,,723,551,487,724,404,3441
6087,653,1071,1552,2238,2657,,653,418,481,686,419,3430
6206,714,1188,1659,2362,2736,,714,474,471,703,374,3470
6191,673,1163,1634,2339,2759,,673,490,471,705,420,3432
6245,698,1145,1638,2351,2786,,698,447,493,713,435,3459
6280,717,1209,1696,2409,2820,,717,492,487,713,411,3460
6263,717,1217,1705,2416,2828,,717,500,488,711,412,3435
6372,727,1276,1763,2500,2926,,727,549,487,737,426,3446
6372,726,1277,1764,2501,2923,,726,551,487,737,422,3449
6306,727,1277,1743,2477,2900,,727,550,466,734,423,3406
6335,728,1302,1751,2484,2913,,728,574,449,733,429,3422
6007,653,1047,1495,2190,2581,,653,394,448,695,391,3426
5994,713,1188,1659,2297,2629,,713,475,471,638,332,3365
6032,712,1164,1635,2270,2606,,712,452,471,635,336,3426
6246,713,1146,1638,2349,2760,,713,433,492,711,411,3486
6283,717,1210,1698,2411,2821,,717,493,488,713,410,3462
6293,723,1223,1709,2422,2834,,723,500,486,713,412,3459
6371,726,1274,1764,2500,2925,,726,548,490,736,425,3446
6350,724,1251,1737,2501,2922,,724,527,486,764,421,3428
6355,726,1261,1728,2485,2911,,726,535,467,757,426,3444
6372,725,1275,1764,2485,2953,,725,550,489,721,468,3419
6222,725,1242,1668,2376,2786,,725,517,426,708,410,3436
6368,724,1273,1760,2498,2921,,724,549,487,738,423,3447
6371,724,1277,1763,2475,2922,,724,553,486,712,447,3449
6370,727,1276,1763,2501,2923,,727,549,487,738,422,3447
6273,728,1227,1715,2426,2837,,728,499,488,711,411,3436
6371,727,1276,1766,2501,2923,,727,549,490,735,422,3448
6280,717,1211,1696,2409,2819,,717,494,485,713,410,3461
6372,727,1275,1764,2505,2923,,727,548,489,741,418,3449
6305,725,1277,1743,2476,2899,,725,552,466,733,423,3406
6181,690,1176,1663,2376,2778,,690,486,487,713,402,3403
5901,650,1066,1461,2110,2476,,650,416,395,649,366,3425
6206,713,1187,1657,2362,2778,,713,474,470,705,416,3428
6119,715,1189,1625,2339,2732,,715,474,436,714,393,3387
6068,714,1146,1626,2339,2691,,714,432,480,713,352,3377
6015,711,1186,1658,2320,2656,,711,475,472,662,336,3359
6269,657,1158,1646,2358,2768,,657,501,488,712,410,3501
6372,727,1276,1764,2501,2925,,727,549,488,737,424,3447
6373,726,1276,1741,2501,2924,,726,550,465,760,423,3449
6332,727,1277,1762,2485,2910,,727,550,485,723,425,3422
6296,726,1276,1764,2486,2859,,726,550,488,722,373,3437
6320,750,1237,1682,2428,2864,,750,487,445,746,436,3456
6372,727,1277,1766,2502,2925,,727,550,489,736,423,3447
6372,726,1277,1768,2503,2924,,726,551,491,735,421,3448
6373,727,1277,1765,2503,2924,,727,550,488,738,421,3449
6374,728,1278,1765,2503,2924,,728,550,487,738,421,3450
6289,718,1219,1706,2418,2828,,718,501,487,712,410,3461
6271,703,1201,1690,2400,2811,,703,498,489,710,411,3460
6323,728,1277,1766,2503,2871,,728,549,489,737,368,3452
6351,727,1276,1764,2501,2923,,727,549,488,737,422,3428
6373,728,1277,1766,2481,2925,,728,549,489,715,444,3448
6298,727,1245,1705,2426,2838,,727,518,460,721,412,3460
6363,728,1276,1765,2501,2926,,728,548,489,736,425,3437
6373,727,1248,1741,2502,2925,,727,521,493,761,423,3448
6372,728,1276,1751,2501,2924,,728,548,475,750,423,3448
6374,728,1276,1765,2502,2925,,728,548,489,737,423,3449
6320,726,1243,1738,2500,2902,,726,517,495,762,402,3418
6371,726,1277,1765,2501,2924,,726,551,488,736,423,3447
6373,727,1280,1767,2501,2925,,727,553,487,734,424,3448
6230,730,1284,1768,2480,2832,,730,554,484,712,352,3398
6273,708,1203,1690,2383,2813,,708,495,487,693,430,3460
6221,727,1243,1705,2344,2761,,727,516,462,639,417,3460
6371,726,1277,1764,2501,2923,,726,551,487,737,422,3448
6371,725,1276,1765,2501,2924,,725,551,489,736,423,3447
6371,724,1274,1763,2499,2921,,724,550,489,736,422,3450
6372,726,1275,1764,2500,2923,,726,549,489,736,423,3449
6372,726,1278,1763,2501,2923,,726,552,485,738,422,3449
6370,726,1275,1764,2500,2923,,726,549,489,736,423,3447
6348,724,1274,1762,2501,2922,,724,550,488,739,421,3426
6306,726,1276,1743,2476,2899,,726,550,467,733,423,3407
6035,717,1194,1622,2252,2582,,717,477,428,630,330,3453
5971,714,1121,1535,2172,2517,,714,407,414,637,345,3454
6353,727,1277,1763,2502,2923,,727,550,486,739,421,3430
6297,727,1276,1712,2427,2837,,727,549,436,715,410,3460
6370,727,1275,1764,2501,2923,,727,548,489,737,422,3447
6371,726,1276,1764,2501,2924,,726,550,488,737,423,3447
6371,727,1280,1759,2501,2925,,727,553,479,742,424,3446
6344,725,1275,1760,2498,2921,,725,550,485,738,423,3423
6373,727,1276,1769,2501,2924,,727,549,493,732,423,3449
6333,727,1277,1764,2485,2909,,727,550,487,721,424,3424
6321,725,1278,1764,2482,2887,,725,553,486,718,405,3434
6245,725,1263,1711,2406,2781,,725,538,448,695,375,3464
6378,726,1276,1765,2502,2952,,726,550,489,737,450,3426
6372,727,1276,1763,2503,2924,,727,549,487,740,421,3448
6372,726,1278,1765,2501,2923,,726,552,487,736,422,3449
6374,726,1275,1766,2503,2923,,726,549,491,737,420,3451
6272,699,1177,1664,2376,2811,,699,478,487,712,435,3461
6376,726,1276,1765,2502,2924,,726,550,489,737,422,3452
6351,727,1278,1765,2502,2924,,727,551,487,737,422,3427
6307,726,1277,1743,2477,2899,,726,551,466,734,422,3408
5949,716,1192,1620,2249,2582,,716,476,428,629,333,3367
5956,716,1145,1565,2197,2531,,716,429,420,632,334,3425
6132,713,1189,1663,2361,2712,,713,476,474,698,351,3420
6083,714,1149,1586,2250,2649,,714,435,437,664,399,3434
6034,653,1071,1484,2186,2603,,653,418,413,702,417,3431
5992,687,1165,1636,2296,2633,,687,478,471,660,337,3359
5795,649,1071,1487,2109,2438,,649,422,416,622,329,3357
5935,638,1115,1521,2148,2482,,638,477,406,627,334,3453
6097,714,1188,1657,2284,2654,,714,474,469,627,370,3443
6373,727,1276,1793,2504,2924,,727,549,517,711,420,3449
6227,720,1275,1764,2443,2820,,720,555,489,679,377,3407
6247,727,1265,1712,2391,2764,,727,538,447,679,373,3483
6348,726,1274,1763,2479,2887,,726,548,489,716,408,3461
6402,726,1278,1766,2501,2927,,726,552,488,735,426,3475
6373,727,1276,1765,2501,2925,,727,549,489,736,424,3448
6249,678,1178,1664,2378,2787,,678,500,486,714,409,3462
6270,700,1194,1678,2345,2780,,700,494,484,667,435,3490
6323,727,1276,1763,2476,2882,,727,549,487,713,406,3441
6371,726,1277,1764,2501,2923,,726,551,487,737,422,3448
6373,727,1275,1764,2502,2924,,727,548,489,738,422,3449
6275,724,1276,1762,2478,2884,,724,552,486,716,406,3391
6323,727,1301,1750,2458,2859,,727,574,449,708,401,3464
6324,727,1278,1767,2478,2882,,727,551,489,711,404,3442
6347,728,1278,1766,2502,2900,,728,550,488,736,398,3447
6372,728,1277,1765,2502,2924,,728,549,488,737,422,3448
6373,731,1278,1766,2502,2926,,731,547,488,736,424,3447
6184,713,1202,1690,2383,2764,,713,489,488,693,381,3420
6323,729,1278,1767,2478,2882,,729,549,489,711,404,3441
6374,728,1309,1793,2505,2926,,728,581,484,712,421,3448
6374,728,1277,1767,2503,2928,,728,549,490,736,425,3446
6280,727,1276,1764,2480,2885,,727,549,488,716,405,3395
6223,729,1267,1714,2391,2784,,729,538,447,677,393,3439
6267,722,1221,1709,2421,2808,,722,499,488,712,387,3459
6274,732,1278,1711,2428,2837,,732,546,433,717,409,3437
6374,728,1277,1766,2507,2925,,728,549,489,741,418,3449
6372,727,1277,1765,2502,2924,,727,550,488,737,422,3448
6224,697,1140,1626,2326,2739,,697,443,486,700,413,3485
6273,705,1201,1691,2402,2813,,705,496,490,711,411,3460
6370,724,1274,1766,2499,2921,,724,550,492,733,422,3449
6373,726,1276,1764,2501,2923,,726,550,488,737,422,3450
6278,727,1277,1764,2480,2884,,727,550,487,716,404,3394
6323,727,1277,1741,2462,2883,,727,550,464,721,421,3440
6340,720,1270,1758,2520,2903,,720,550,488,762,383,3437
6372,728,1277,1765,2503,2924,,728,549,488,738,421,3448
6373,727,1277,1765,2500,2925,,727,550,488,735,425,3448
6372,727,1276,1764,2501,2927,,727,549,488,737,426,3445
6312,727,1257,1743,2486,2906,,727,530,486,743,420,3406
5927,669,1109,1500,2146,2491,,669,440,391,646,345,3436
6028,669,1111,1576,2239,2626,,669,442,465,663,387,3402
5912,667,1112,1551,2212,2525,,667,445,439,661,313,3387
5972,667,1112,1549,2212,2549,,667,445,437,663,337,3423
6237,728,1265,1712,2393,2762,,728,537,447,681,369,3475
6326,728,1276,1765,2476,2883,,728,548,489,711,407,3443
6274,715,1203,1691,2403,2813,,715,488,488,712,410,3461
6375,728,1278,1766,2503,2926,,728,550,488,737,423,3449
6373,728,1279,1766,2501,2925,,728,551,487,735,424,3448
6349,719,1260,1744,2502,2925,,719,541,484,758,423,3424
6349,727,1278,1766,2504,2902,,727,551,488,738,398,3447
6372,727,1277,1765,2501,2927,,727,550,488,736,426,3445
6372,727,1278,1765,2502,2925,,727,551,487,737,423,3447
6306,727,1277,1765,2504,2904,,727,550,488,739,400,3402
6224,715,1204,1691,2378,2746,,715,489,487,687,368,3478
6345,726,1277,1764,2503,2900,,726,551,487,739,397,3445
6372,726,1276,1764,2501,2923,,726,550,488,737,422,3449
6373,728,1278,1766,2503,2927,,728,550,488,737,424,3446
6249,715,1128,1616,2330,2763,,715,413,488,714,433,3486
6322,727,1270,1753,2472,2890,,727,543,483,719,418,3432
6273,717,1204,1691,2405,2815,,717,487,487,714,410,3458
6372,728,1279,1766,2502,2924,,728,551,487,736,422,3448
6372,728,1277,1766,2502,2925,,728,549,489,736,423,3447
6304,725,1275,1763,2500,2903,,725,550,488,737,403,3401
6348,716,1232,1716,2492,2889,,716,516,484,776,397,3459
6371,728,1277,1766,2501,2925,,728,549,489,735,424,3446
6274,727,1277,1716,2429,2838,,727,550,439,713,409,3436
6373,730,1278,1767,2503,2930,,730,548,489,736,427,3443
6375,729,1278,1766,2503,2925,,729,549,488,737,422,3450
6351,727,1275,1720,2503,2925,,727,548,445,783,422,3426
6373,727,1278,1765,2503,2928,,727,551,487,738,425,3445
6373,727,1278,1772,2503,2925,,727,551,494,731,422,3448
6374,728,1278,1766,2504,2926,,728,550,488,738,422,3448
6305,727,1278,1766,2503,2904,,727,551,488,737,401,3401
6249,716,1203,1691,2428,2801,,716,487,488,737,373,3448
6370,726,1277,1763,2503,2923,,726,551,486,740,420,3447
6397,732,1276,1766,2531,2950,,732,544,490,765,419,3447
6374,729,1279,1766,2504,2920,,729,550,487,738,416,3454
6372,728,1277,1765,2502,2924,,728,549,488,737,422,3448
6373,728,1280,1716,2428,2926,,728,552,436,712,498,3447
6371,727,1284,1770,2502,2924,,727,557,486,732,422,3447
6373,727,1275,1764,2501,2924,,727,548,489,737,423,3449
6374,729,1278,1767,2503,2925,,729,549,489,736,422,3449
6293,728,1279,1766,2503,2925,,728,551,487,737,422,3368
6034,714,1214,1642,2274,2607,,714,500,428,632,333,3427
5954,642,1126,1597,2302,2602,,642,484,471,705,300,3352
6236,716,1189,1660,2365,2784,,716,473,471,705,419,3452
6154,706,1174,1645,2325,2716,,706,468,471,680,391,3438
6371,726,1276,1763,2477,2924,,726,550,487,714,447,3447
6373,727,1276,1733,2451,2925,,727,549,457,718,474,3448
6360,729,1277,1764,2501,2900,,729,548,487,737,399,3460
6372,727,1277,1765,2500,2924,,727,550,488,735,424,3448
6357,726,1277,1765,2486,2909,,726,551,488,721,423,3448
6405,727,1279,1764,2502,2926,,727,552,485,738,424,3479
6165,702,1185,1658,2353,2720,,702,483,473,695,367,3445
6303,721,1209,1696,2409,2844,,721,488,487,713,435,3459
6370,726,1276,1763,2448,2923,,726,550,487,685,475,3447
6297,751,1238,1703,2426,2837,,751,487,465,723,411,3460
6371,726,1277,1736,2502,2924,,726,551,459,766,422,3447
6400,726,1276,1728,2450,2923,,726,550,452,722,473,3477
6322,727,1285,1768,2482,2887,,727,558,483,714,405,3435
6373,727,1278,1765,2502,2924,,727,551,487,737,422,3449
6372,726,1276,1764,2501,2927,,726,550,488,737,426,3445
6306,725,1278,1765,2479,2900,,725,553,487,714,421,3406
6349,757,1278,1766,2530,2912,,757,521,488,764,382,3437
6262,726,1216,1705,2442,2814,,726,490,489,737,372,3448
6273,729,1277,1711,2404,2813,,729,548,434,693,409,3460
6295,724,1223,1711,2423,2834,,724,499,488,712,411,3461
6373,726,1277,1767,2502,2924,,726,551,490,735,422,3449
6374,729,1280,1769,2477,2925,,729,551,489,708,448,3449
6324,728,1277,1765,2477,2881,,728,549,488,712,404,3443
6372,727,1306,1797,2509,2925,,727,579,491,712,416,3447
6374,728,1278,1765,2503,2927,,728,550,487,738,424,3447
6336,728,1279,1765,2503,2925,,728,551,486,738,422,3411
6251,708,1206,1693,2405,2791,,708,498,487,712,386,3460
6222,696,1177,1666,2377,2763,,696,481,489,711,386,3459
6372,726,1277,1766,2502,2926,,726,551,489,736,424,3446
6373,727,1275,1764,2500,2924,,727,548,489,736,424,3449
6372,727,1277,1765,2502,2924,,727,550,488,737,422,3448
6307,726,1275,1764,2458,2898,,726,549,489,694,440,3409
6348,728,1276,1765,2502,2887,,728,548,489,737,385,3461
6372,727,1277,1764,2502,2924,,727,550,487,738,422,3448
6374,731,1277,1765,2502,2925,,731,546,488,737,423,3449
6348,728,1277,1765,2502,2925,,728,549,488,737,423,3423
6374,728,1277,1765,2529,2911,,728,549,488,764,382,3463
6323,704,1203,1714,2426,2864,,704,499,511,712,438,3459
6373,727,1308,1770,2503,2925,,727,581,462,733,422,3448
6370,725,1274,1762,2499,2922,,725,549,488,737,423,3448
6373,728,1279,1765,2504,2925,,728,551,486,739,421,3448
6373,728,1278,1767,2464,2925,,728,550,489,697,461,3448
6350,718,1279,1769,2504,2901,,718,561,490,735,397,3449
6373,728,1278,1766,2504,2924,,728,550,488,738,420,3449
6375,726,1277,1766,2502,2924,,726,551,489,736,422,3451
6299,717,1228,1716,2429,2839,,717,511,488,713,410,3460
6275,717,1204,1690,2404,2815,,717,487,486,714,411,3460
6250,703,1192,1675,2401,2813,,703,489,483,726,412,3437
6398,727,1277,1765,2457,2926,,727,550,488,692,469,3472
6373,728,1277,1765,2502,2925,,728,549,488,737,423,3448
6373,727,1276,1765,2503,2924,,727,549,489,738,421,3449
6372,727,1278,1766,2486,2925,,727,551,488,720,439,3447
6374,727,1277,1765,2531,2927,,727,550,488,766,396,3447
6372,727,1277,1765,2503,2923,,727,550,488,738,420,3449
6372,726,1276,1765,2502,2925,,726,550,489,737,423,3447
6351,729,1278,1765,2503,2925,,729,549,487,738,422,3426
6397,755,1305,1817,2526,2949,,755,550,512,709,423,3448
6246,658,1103,1589,2301,2740,,658,445,486,712,439,3506
6209,704,1177,1666,2378,2790,,704,473,489,712,412,3419
6273,705,1202,1691,2403,2813,,705,497,489,712,410,3460
6374,728,1278,1765,2503,2925,,728,550,487,738,422,3449
6287,729,1278,1767,2505,2859,,729,549,489,738,354,3428
6298,716,1205,1718,2429,2839,,716,489,513,711,410,3459
6372,727,1279,1766,2503,2926,,727,552,487,737,423,3446
6373,728,1280,1764,2503,2925,,728,552,484,739,422,3448
6351,727,1278,1766,2503,2926,,727,551,488,737,423,3425
6395,730,1277,1766,2502,2950,,730,547,489,736,448,3445
6348,728,1272,1765,2507,2901,,728,544,493,742,394,3447
6377,742,1278,1771,2504,2926,,742,536,493,733,422,3451
6403,729,1281,1766,2504,2925,,729,552,485,738,421,3478
6373,728,1277,1766,2502,2925,,728,549,489,736,423,3448
6319,724,1274,1763,2499,2868,,724,550,489,736,369,3451
6347,728,1277,1766,2504,2901,,728,549,489,738,397,3446
6372,728,1278,1765,2502,2924,,728,550,487,737,422,3448
6373,727,1278,1766,2502,2924,,727,551,488,736,422,3449
6351,728,1278,1766,2503,2925,,728,550,488,737,422,3426
6346,729,1277,1767,2503,2900,,729,548,490,736,397,3446
6246,717,1149,1640,2352,2764,,717,432,491,712,412,3482
6274,716,1203,1692,2405,2814,,716,487,489,713,409,3460
6252,717,1182,1666,2378,2790,,717,465,484,712,412,3462
6374,727,1276,1765,2489,2924,,727,549,489,724,435,3450
6338,727,1277,1767,2502,2881,,727,550,490,735,379,3457
6298,718,1203,1694,2403,2839,,718,485,491,709,436,3459
6372,727,1278,1766,2502,2924,,727,551,488,736,422,3448
6300,718,1203,1692,2403,2838,,718,485,489,711,435,3462
6351,757,1277,1767,2503,2925,,757,520,490,736,422,3426
6273,718,1204,1691,2404,2816,,718,486,487,713,412,3457
6260,658,1136,1620,2328,2738,,658,478,484,708,410,3522
6243,723,1224,1711,2371,2783,,723,501,487,660,412,3460
6375,717,1210,1720,2504,2927,,717,493,510,784,423,3448
6374,728,1277,1765,2503,2926,,728,549,488,738,423,3448
6293,727,1280,1766,2504,2925,,727,553,486,738,421,3368
6339,728,1278,1766,2506,2911,,728,550,488,740,405,3428
6399,728,1277,1766,2468,2927,,728,549,489,702,459,3472
6374,727,1277,1765,2504,2925,,727,550,488,739,421,3449
6351,728,1278,1766,2503,2926,,728,550,488,737,423,3425
6273,716,1204,1691,2404,2814,,716,488,487,713,410,3459
6379,715,1187,1698,2428,2925,,715,472,511,730,497,3454
6375,731,1277,1766,2502,2926,,731,546,489,736,424,3449
6371,728,1256,1741,2502,2926,,728,528,485,761,424,3445
6358,728,1278,1765,2503,2911,,728,550,487,738,408,3447
6309,728,1280,1766,2504,2905,,728,552,486,738,401,3404
6276,718,1207,1692,2404,2813,,718,489,485,712,409,3463
6370,726,1274,1761,2500,2910,,726,548,487,739,410,3460
6374,728,1278,1766,2503,2925,,728,550,488,737,422,3449
6307,727,1277,1744,2476,2899,,727,550,467,732,423,3408
6123,663,1178,1607,2299,2671,,663,515,429,692,372,3452
6192,716,1180,1565,2280,2689,,716,464,385,715,409,3503
6302,716,1203,1692,2403,2816,,716,487,489,711,413,3486
6375,727,1269,1779,2479,2925,,727,542,510,700,446,3450
6375,728,1277,1765,2502,2929,,728,549,488,737,427,3446
6329,715,1203,1692,2405,2839,,715,488,489,713,434,3490
6322,728,1278,1765,2477,2882,,728,550,487,712,405,3440
6373,728,1278,1767,2503,2925,,728,550,489,736,422,3448
6374,727,1277,1765,2501,2924,,727,550,488,736,423,3450
6287,717,1216,1704,2416,2826,,717,499,488,712,410,3461
6387,726,1276,1764,2501,2923,,726,550,488,737,422,3464
6223,726,1243,1643,2351,2764,,726,517,400,708,413,3459
6399,728,1278,1766,2529,2950,,728,550,488,763,421,3449
6374,728,1278,1765,2503,2925,,728,550,487,738,422,3449
6238,646,1128,1616,2329,2744,,646,482,488,713,415,3494
6308,729,1278,1765,2502,2904,,729,549,487,737,402,3404
6275,716,1203,1692,2403,2815,,716,487,489,711,412,3460
6373,728,1277,1766,2503,2925,,728,549,489,737,422,3448
6373,728,1278,1766,2502,2926,,728,550,488,736,424,3447
6351,729,1279,1766,2503,2926,,729,550,487,737,423,3425
6301,718,1229,1717,2429,2839,,718,511,488,712,410,3462
6174,716,1178,1601,2303,2713,,716,462,423,702,410,3461
6371,744,1277,1766,2497,2925,,744,533,489,731,428,3446
6275,717,1204,1692,2404,2814,,717,487,488,712,410,3461
6274,716,1203,1690,2404,2819,,716,487,487,714,415,3455
6300,716,1204,1691,2404,2839,,716,488,487,713,435,3461
6373,727,1278,1765,2503,2925,,727,551,487,738,422,3448
6298,716,1203,1691,2403,2838,,716,487,488,712,435,3460
6374,728,1278,1767,2503,2926,,728,550,489,736,423,3448
6348,725,1274,1762,2500,2922,,725,549,488,738,422,3426
6300,716,1204,1691,2405,2814,,716,488,487,714,409,3486
6274,755,1256,1684,2402,2837,,755,501,428,718,435,3437
6274,717,1205,1691,2403,2814,,717,488,486,712,411,3460
6371,726,1275,1764,2500,2922,,726,549,489,736,422,3449
6368,724,1275,1762,2499,2923,,724,551,487,737,424,3445
6281,728,1278,1767,2481,2886,,728,550,489,714,405,3395
6247,715,1202,1691,2403,2814,,715,487,489,712,411,3433
6150,716,1204,1671,2340,2705,,716,488,467,669,365,3445
6374,729,1278,1766,2503,2925,,729,549,488,737,422,3449
6374,729,1279,1766,2503,2926,,729,550,487,737,423,3448
6302,717,1203,1692,2404,2814,,717,486,489,712,410,3488
6097,716,1182,1641,2275,2660,,716,466,459,634,385,3437
6250,719,1232,1679,2430,2787,,719,513,447,751,357,3463
6373,728,1278,1767,2503,2926,,728,550,489,736,423,3447
6373,728,1280,1765,2504,2925,,728,552,485,739,421,3448
6249,716,1204,1690,2403,2794,,716,488,486,713,391,3455
6347,728,1278,1767,2505,2901,,728,550,489,738,396,3446
6124,716,1203,1666,2335,2675,,716,487,463,669,340,3449
6376,717,1229,1717,2504,2927,,717,512,488,787,423,3449
6376,728,1308,1792,2504,2926,,728,580,484,712,422,3450
6343,723,1224,1713,2426,2859,,723,501,489,713,433,3484
6348,728,1278,1751,2493,2898,,728,550,473,742,405,3450
6249,727,1266,1715,2392,2740,,727,539,449,677,348,3509
6375,728,1278,1766,2505,2926,,728,550,488,739,421,3449
6373,727,1277,1765,2503,2925,,727,550,488,738,422,3448
6299,717,1203,1690,2403,2818,,717,486,487,713,415,3481
6297,732,1244,1702,2402,2838,,732,512,458,700,436,3459
6349,729,1278,1767,2509,2904,,729,549,489,742,395,3445
6372,727,1276,1766,2502,2924,,727,549,490,736,422,3448
6297,727,1227,1715,2427,2838,,727,500,488,712,411,3459
6277,717,1208,1697,2407,2818,,717,491,489,710,411,3459
6343,724,1275,1762,2446,2898,,724,551,487,684,452,3445
6374,728,1249,1740,2503,2925,,728,521,491,763,422,3449
6225,716,1203,1693,2370,2788,,716,487,490,677,418,3437
6373,727,1277,1765,2501,2926,,727,550,488,736,425,3447
6250,716,1203,1692,2404,2814,,716,487,489,712,410,3436
6373,728,1278,1768,2503,2927,,728,550,490,735,424,3446
6238,716,1203,1691,2345,2739,,716,487,488,654,394,3499
6180,715,1193,1665,2367,2718,,715,478,472,702,351,3462
5942,704,1192,1624,2252,2582,,704,488,432,628,330,3360
5943,700,1190,1661,2286,2605,,700,490,471,625,319,3338
6143,704,1167,1638,2307,2648,,704,463,471,669,341,3495
6224,717,1204,1692,2356,2763,,717,487,488,664,407,3461
6371,726,1278,1765,2481,2927,,726,552,487,716,446,3444
6397,726,1277,1764,2532,2951,,726,551,487,768,419,3446
6272,716,1203,1691,2403,2813,,716,487,488,712,410,3459
6349,727,1276,1764,2502,2924,,727,549,488,738,422,3425
6246,714,1202,1689,2401,2811,,714,488,487,712,410,3435
6274,715,1203,1690,2403,2813,,715,488,487,713,410,3461
6372,727,1278,1765,2502,2924,,727,551,487,737,422,3448
6321,726,1227,1713,2426,2837,,726,501,486,713,411,3484
6173,716,1203,1691,2373,2726,,716,487,488,682,353,3447
6249,717,1203,1692,2404,2802,,717,486,489,712,398,3447
6373,730,1278,1766,2503,2925,,730,548,488,737,422,3448
6222,717,1204,1691,2382,2788,,717,487,487,691,406,3434
6250,716,1206,1692,2404,2814,,716,490,486,712,410,3436
6377,727,1278,1766,2503,2925,,727,551,488,737,422,3452
6277,717,1204,1693,2405,2810,,717,487,489,712,405,3467
6352,731,1278,1765,2503,2924,,731,547,487,738,421,3428
6298,716,1203,1691,2403,2839,,716,487,488,712,436,3459
6178,675,1157,1647,2340,2721,,675,482,490,693,381,3457
6274,727,1279,1743,2435,2762,,727,552,464,692,327,3512
6249,716,1203,1669,2379,2789,,716,487,466,710,410,3460
6273,716,1204,1692,2406,2814,,716,488,488,714,408,3459
6274,717,1204,1691,2404,2815,,717,487,487,713,411,3459
6374,728,1278,1766,2503,2925,,728,550,488,737,422,3449
6334,715,1212,1698,2411,2847,,715,497,486,713,436,3487
6373,727,1277,1764,2504,2925,,727,550,487,740,421,3448
6373,727,1277,1765,2503,2925,,727,550,488,738,422,3448
6274,717,1203,1691,2403,2814,,717,486,488,712,411,3460
6121,686,1140,1583,2302,2687,,686,454,443,719,385,3434
6153,717,1203,1670,2353,2688,,717,486,467,683,335,3465
6373,726,1277,1766,2503,2925,,726,551,489,737,422,3448
6371,727,1278,1745,2478,2932,,727,551,467,733,454,3439
6274,717,1204,1692,2404,2813,,717,487,488,712,409,3461
6249,717,1204,1691,2403,2814,,717,487,487,712,411,3435
6249,717,1206,1698,2404,2794,,717,489,492,706,390,3455
6300,717,1229,1717,2428,2839,,717,512,488,711,411,3461
6299,717,1203,1691,2403,2839,,717,486,488,712,436,3460
6374,746,1278,1766,2504,2925,,746,532,488,738,421,3449
6188,732,1175,1659,2373,2767,,732,443,484,714,394,3421
6235,705,1191,1661,2369,2742,,705,486,470,708,373,3493
6174,704,1191,1640,2297,2713,,704,487,449,657,416,3461
6371,727,1305,1792,2502,2925,,727,578,487,710,423,3446
6373,727,1278,1765,2501,2925,,727,551,487,736,424,3448
6371,727,1277,1765,2502,2928,,727,550,488,737,426,3443
6270,727,1225,1713,2426,2819,,727,498,488,713,393,3451
6299,717,1208,1692,2404,2839,,717,491,484,712,435,3460
6299,717,1203,1691,2404,2839,,717,486,488,713,435,3460
6373,728,1278,1766,2503,2924,,728,550,488,737,421,3449
6230,710,1141,1612,2315,2736,,710,431,471,703,421,3494
6106,705,1191,1663,2366,2713,,705,486,472,703,347,3393
6121,713,1189,1618,2292,2667,,713,476,429,674,375,3454
6249,714,1203,1690,2403,2817,,714,489,487,713,414,3432
6299,716,1204,1691,2403,2837,,716,488,487,712,434,3462
6371,724,1274,1762,2499,2921,,724,550,488,737,422,3450
6280,716,1210,1696,2410,2819,,716,494,486,714,409,3461
6249,716,1203,1693,2404,2790,,716,487,490,711,386,3459
6273,715,1205,1689,2403,2813,,715,490,484,714,410,3460
6373,728,1277,1766,2502,2925,,728,549,489,736,423,3448
6193,706,1186,1670,2378,2769,,706,480,484,708,391,3424
6212,716,1204,1692,2373,2740,,716,488,488,681,367,3472
6152,704,1191,1662,2344,2693,,704,487,471,682,349,3459
6273,716,1204,1691,2404,2815,,716,488,487,713,411,3458
6374,728,1277,1765,2504,2925,,728,549,488,739,421,3449
6374,728,1278,1765,2502,2927,,728,550,487,737,425,3447
6309,717,1213,1702,2415,2825,,717,496,489,713,410,3484
6359,718,1278,1766,2503,2927,,718,560,488,737,424,3432
6373,727,1277,1765,2502,2925,,727,550,488,737,423,3448
6274,716,1202,1691,2404,2813,,716,486,489,713,409,3461
6223,719,1202,1670,2377,2768,,719,483,468,707,391,3455
6309,728,1277,1766,2469,2871,,728,549,489,703,402,3438
6125,705,1192,1623,2299,2679,,705,487,431,676,380,3446
6198,716,1203,1690,2403,2813,,716,487,487,713,410,3385
6350,727,1278,1766,2502,2925,,727,551,488,736,423,3425
6273,717,1228,1717,2429,2839,,717,511,489,712,410,3434
6177,716,1191,1667,2365,2716,,716,475,476,698,351,3461
6028,705,1194,1666,2325,2659,,705,489,472,659,334,3369
6019,705,1193,1667,2326,2662,,705,488,474,659,336,3357
5943,700,1168,1598,2227,2559,,700,468,430,629,332,3384
6233,663,1179,1614,2315,2733,,663,516,435,701,418,3500
6207,704,1165,1636,2340,2730,,704,461,471,704,390,3477
6249,705,1193,1643,2353,2769,,705,488,450,710,416,3480
6277,716,1203,1691,2403,2816,,716,487,488,712,413,3461
6298,717,1203,1691,2406,2839,,717,486,488,715,433,3459
6290,717,1203,1691,2405,2840,,717,486,488,714,435,3450
6296,724,1224,1712,2424,2860,,724,500,488,712,436,3436
6275,717,1205,1692,2399,2816,,717,488,487,707,417,3459
6374,727,1277,1766,2503,2926,,727,550,489,737,423,3448
6274,717,1203,1692,2404,2814,,717,486,489,712,410,3460
6224,717,1186,1644,2355,2744,,717,469,458,711,389,3480
6336,717,1278,1765,2488,2893,,717,561,487,723,405,3443
6237,705,1194,1665,2369,2789,,705,489,471,704,420,3448
6150,704,1191,1663,2367,2759,,704,487,472,704,392,3391
6050,706,1192,1663,2325,2681,,706,486,471,662,356,3369
5995,705,1168,1640,2301,2637,,705,463,472,661,336,3358
6006,681,1168,1640,2300,2635,,681,487,472,660,335,3371
6091,704,1194,1667,2325,2670,,704,490,473,658,345,3421
6249,716,1204,1692,2403,2813,,716,488,488,711,410,3436
6374,717,1229,1719,2504,2926,,717,512,490,785,422,3448
6277,715,1189,1653,2355,2764,,715,474,464,702,409,3513
6210,715,1203,1691,2403,2781,,715,488,488,712,378,3429
6275,705,1191,1686,2392,2830,,705,486,495,706,438,3445
6274,717,1229,1716,2429,2838,,717,512,487,713,409,3436
6273,716,1203,1691,2403,2815,,716,487,488,712,412,3458
6383,716,1281,1766,2504,2926,,716,565,485,738,422,3457
6255,646,1130,1618,2329,2739,,646,484,488,711,410,3516
6299,716,1203,1692,2404,2840,,716,487,489,712,436,3459
6275,717,1204,1692,2405,2815,,717,487,488,713,410,3460
6300,718,1204,1691,2407,2840,,718,486,487,716,433,3460
6000,718,1113,1515,2146,2550,,718,395,402,631,404,3450
6250,717,1208,1693,2386,2793,,717,491,485,693,407,3457
6100,717,1204,1693,2325,2655,,717,487,489,632,330,3445
6375,741,1278,1768,2506,2926,,741,537,490,738,420,3449
6300,716,1204,1692,2404,2839,,716,488,488,712,435,3461
6250,717,1203,1692,2403,2814,,717,486,489,711,411,3436
6300,703,1214,1698,2429,2840,,703,511,484,731,411,3460
6299,718,1204,1692,2404,2839,,718,486,488,712,435,3460
6275,717,1204,1693,2404,2814,,717,487,489,711,410,3461
6278,717,1205,1693,2405,2816,,717,488,488,712,411,3462
6047,658,1074,1488,2120,2585,,658,416,414,632,465,3462
6179,717,1206,1693,2326,2716,,717,489,487,633,390,3463
6100,717,1205,1694,2326,2657,,717,488,489,632,331,3443
6301,718,1204,1692,2404,2815,,718,486,488,712,411,3486
6275,717,1204,1692,2404,2816,,717,487,488,712,412,3459
6305,718,1204,1693,2405,2815,,718,486,489,712,410,3490
6161,717,1126,1606,2319,2715,,717,409,480,713,396,3446
6198,704,1191,1662,2367,2743,,704,487,471,705,376,3455
6020,705,1193,1665,2318,2646,,705,488,472,653,328,3374
5917,701,1166,1596,2225,2558,,701,465,430,629,333,3359
6085,703,1180,1631,2288,2658,,703,477,451,657,370,3427
6165,703,1191,1663,2368,2759,,703,488,472,705,391,3406
5952,705,1193,1621,2252,2585,,705,488,428,631,333,3367
5921,700,1192,1663,2286,2577,,700,492,471,623,291,3344
6238,705,1192,1663,2366,2782,,705,487,471,703,416,3456
5944,705,1193,1692,2311,2603,,705,488,499,619,292,3341
5986,717,1190,1613,2268,2633,,717,473,423,655,365,3353
6028,706,1192,1663,2326,2662,,706,486,471,663,336,3366
6019,716,1191,1664,2325,2660,,716,475,473,661,335,3359
5918,711,1150,1587,2227,2559,,711,439,437,640,332,3359
6159,700,1190,1602,2303,2707,,700,490,412,701,404,3452
6221,711,1186,1659,2362,2778,,711,475,473,703,416,3443
5974,706,1194,1623,2252,2584,,706,488,429,629,332,3390
6073,703,1168,1639,2341,2691,,703,465,471,702,350,3382
6237,704,1194,1666,2368,2759,,704,490,472,702,391,3478
5919,705,1194,1666,2285,2578,,705,489,472,619,293,3341
6075,705,1193,1627,2318,2697,,705,488,434,691,379,3378
5994,704,1168,1643,2302,2636,,704,464,475,659,334,3358
6045,705,1190,1663,2323,2659,,705,485,473,660,336,3386
5919,705,1150,1586,2228,2559,,705,445,436,642,331,3360
6161,702,1194,1621,2355,2715,,702,492,427,734,360,3446
6027,718,1193,1665,2329,2661,,718,475,472,664,332,3366
6072,704,1191,1662,2324,2661,,704,487,471,662,337,3411
6025,702,1192,1663,2326,2660,,702,490,471,663,334,3365
6238,706,1194,1691,2395,2786,,706,488,497,704,391,3452
5919,706,1192,1666,2288,2581,,706,486,474,622,293,3338
6049,704,1192,1665,2330,2682,,704,488,473,665,352,3367
6023,705,1193,1667,2324,2660,,705,488,474,657,336,3363
6045,704,1191,1663,2324,2686,,704,487,472,661,362,3359
5944,705,1193,1623,2252,2584,,705,488,430,629,332,3360
6125,700,1126,1580,2279,2669,,700,426,454,699,390,3456
6273,715,1203,1691,2403,2815,,715,488,488,712,412,3458
6225,717,1204,1692,2383,2764,,717,487,488,691,381,3461
6274,715,1205,1691,2403,2815,,715,490,486,712,412,3459
6272,716,1204,1691,2404,2814,,716,488,487,713,410,3458
6249,716,1204,1692,2405,2813,,716,488,488,713,408,3436
6249,717,1183,1667,2379,2789,,717,466,484,712,410,3460
6226,716,1205,1694,2384,2765,,716,489,489,690,381,3461
6250,717,1204,1691,2404,2815,,717,487,487,713,411,3435
6211,717,1234,1685,2393,2813,,717,517,451,708,420,3398
6135,703,1167,1596,2294,2713,,703,464,429,698,419,3422
6023,700,1167,1640,2343,2666,,700,467,473,703,323,3357
5998,704,1193,1665,2301,2635,,704,489,472,636,334,3363
6100,701,1168,1640,2345,2718,,701,467,472,705,373,3382
6238,705,1193,1668,2370,2763,,705,488,475,702,393,3475
5918,706,1196,1668,2288,2580,,706,490,472,620,292,3338
6060,716,1191,1664,2312,2687,,716,475,473,648,375,3373
6049,705,1192,1665,2326,2660,,705,487,473,661,334,3389
6020,706,1194,1666,2326,2662,,706,488,472,660,336,3358
5968,706,1192,1627,2275,2607,,706,486,435,648,332,3361
6078,699,1168,1638,2296,2688,,699,469,470,658,392,3390
5859,648,1119,1590,2210,2504,,648,471,471,620,294,3355
5974,706,1151,1589,2248,2585,,706,445,438,659,337,3389
6072,700,1169,1642,2342,2695,,700,469,473,700,353,3377
6237,704,1170,1645,2344,2760,,704,466,475,699,416,3477
5920,703,1193,1666,2289,2580,,703,490,473,623,291,3340
6038,707,1195,1666,2328,2682,,707,488,471,662,354,3356
6050,706,1195,1667,2328,2664,,706,489,472,661,336,3386
6045,706,1193,1665,2328,2661,,706,487,472,663,333,3384
6074,709,1143,1561,2238,2645,,709,434,418,677,407,3429
6223,716,1204,1692,2360,2741,,716,488,488,668,381,3482
6374,790,1280,1768,2505,2928,,790,490,488,737,423,3446
6237,716,1204,1691,2369,2737,,716,488,487,678,368,3500
6172,706,1194,1668,2370,2746,,706,488,474,702,376,3426
6235,707,1191,1663,2367,2759,,707,484,472,704,392,3476
5919,705,1193,1665,2287,2580,,705,488,472,622,293,3339
6155,704,1194,1665,2369,2731,,704,490,471,704,362,3424
6025,706,1194,1665,2329,2663,,706,488,471,664,334,3362
6020,705,1192,1665,2326,2661,,705,487,473,661,335,3359
5919,705,1151,1590,2229,2560,,705,446,439,639,331,3359
6084,700,1166,1639,2301,2709,,700,466,473,662,408,3375
6036,696,1170,1642,2345,2645,,696,474,472,703,300,3391
5949,705,1193,1624,2251,2585,,705,488,431,627,334,3364
6070,701,1192,1662,2368,2696,,701,491,470,706,328,3374
6212,705,1193,1669,2366,2783,,705,488,476,697,417,3429
5919,704,1193,1664,2286,2579,,704,489,471,622,293,3340
6053,706,1194,1667,2326,2682,,706,488,473,659,356,3371
6021,716,1194,1666,2324,2660,,716,478,472,658,336,3361
6058,705,1193,1664,2327,2662,,705,488,471,663,335,3396
5970,707,1193,1649,2278,2608,,707,486,456,629,330,3362
6175,698,1174,1613,2316,2728,,698,476,439,703,412,3447
6308,743,1279,1766,2503,2926,,743,536,487,737,423,3382
6123,632,1068,1548,2252,2662,,632,436,480,704,410,3461
6323,716,1204,1692,2405,2839,,716,488,488,713,434,3484
6297,716,1203,1691,2404,2838,,716,487,488,713,434,3459
6298,716,1202,1691,2403,2839,,716,486,489,712,436,3459
6219,715,1203,1691,2404,2795,,715,488,488,713,391,3424
6274,715,1204,1692,2404,2814,,715,489,488,712,410,3460
6275,716,1204,1692,2405,2815,,716,488,488,713,410,3460
6373,727,1277,1764,2502,2924,,727,550,487,738,422,3449
6237,716,1204,1691,2404,2789,,716,488,487,713,385,3448
5897,644,1050,1532,2242,2544,,644,406,482,710,302,3353
6184,706,1194,1668,2369,2760,,706,488,474,701,391,3424
5972,705,1193,1665,2288,2604,,705,488,472,623,316,3368
6273,717,1204,1692,2407,2815,,717,487,488,715,408,3458
6374,728,1277,1770,2502,2925,,728,549,493,732,423,3449
6300,716,1203,1691,2403,2838,,716,487,488,712,435,3462
6238,715,1204,1691,2403,2780,,715,489,487,712,377,3458
6156,706,1194,1666,2369,2722,,706,488,472,703,353,3434
6022,706,1194,1667,2326,2664,,706,488,473,659,338,3358
6021,648,1053,1514,2177,2562,,648,405,461,663,385,3459
6326,741,1220,1703,2429,2838,,741,479,483,726,409,3488
6216,718,1207,1691,2404,2783,,718,489,484,713,379,3433
6009,704,1149,1564,2225,2569,,704,445,415,661,344,3440
6180,704,1192,1663,2368,2784,,704,488,471,705,416,3396
6181,705,1192,1664,2366,2717,,705,487,472,702,351,3464
6051,704,1190,1663,2325,2664,,704,486,473,662,339,3387
6023,702,1191,1663,2326,2660,,702,489,472,663,334,3363
6017,701,1190,1662,2328,2660,,701,489,472,666,332,3357
5966,708,1189,1619,2249,2583,,708,481,430,630,334,3383
5995,701,1148,1563,2223,2580,,701,447,415,660,357,3415
6073,647,1050,1474,2177,2588,,647,403,424,703,411,3485
6237,716,1230,1716,2409,2799,,716,514,486,693,390,3438
5894,704,1191,1662,2262,2558,,704,487,471,600,296,3336
6250,704,1193,1666,2367,2759,,704,489,473,701,392,3491
6275,716,1203,1691,2403,2816,,716,487,488,712,413,3459
6273,727,1228,1716,2427,2818,,727,501,488,711,391,3455
6162,715,1204,1692,2372,2725,,715,489,488,680,353,3437
6042,704,1191,1662,2324,2661,,704,487,471,662,337,3381
5940,700,1166,1596,2249,2582,,700,466,430,653,333,3358
6107,701,1149,1562,2264,2681,,701,448,413,702,417,3426
5959,648,1055,1463,2167,2573,,648,407,408,704,406,3386
5998,706,1193,1666,2303,2635,,706,487,473,637,332,3363
6075,697,1173,1644,2347,2697,,697,476,471,703,350,3378
6235,716,1190,1661,2366,2759,,716,474,471,705,393,3476
6194,706,1192,1664,2367,2761,,706,486,472,703,394,3433
6033,705,1201,1673,2335,2669,,705,496,472,662,334,3364
5996,702,1166,1639,2301,2635,,702,464,473,662,334,3361
6029,700,1190,1662,2323,2659,,700,490,472,661,336,3370
5940,700,1164,1594,2224,2557,,700,464,430,630,333,3383
5996,701,1150,1564,2201,2598,,701,449,414,637,397,3398
6008,646,1051,1463,2169,2586,,646,405,412,706,417,3422
5950,704,1194,1623,2250,2585,,704,490,429,627,335,3365
6100,698,1171,1668,2373,2722,,698,473,497,705,349,3378
6171,706,1193,1664,2368,2761,,706,487,471,704,393,3410
6194,705,1192,1664,2366,2758,,705,487,472,702,392,3436
6049,705,1193,1691,2351,2685,,705,488,498,660,334,3364
6024,701,1193,1664,2327,2661,,701,492,471,663,334,3363
6041,702,1189,1661,2321,2656,,702,487,472,660,335,3385
5941,702,1192,1621,2249,2581,,702,490,429,628,332,3360
5971,700,1148,1564,2199,2556,,700,448,416,635,357,3415
6033,651,1077,1487,2190,2606,,651,426,410,703,416,3427
5973,706,1192,1622,2250,2586,,706,486,430,628,336,3387
5923,698,1173,1643,2267,2588,,698,475,470,624,321,3335
6171,705,1193,1664,2369,2720,,705,488,471,705,351,3451
6181,706,1194,1667,2369,2747,,706,488,473,702,378,3434
6047,715,1190,1660,2325,2660,,715,475,470,665,335,3387
5895,705,1149,1565,2199,2533,,705,444,416,634,334,3362
5775,630,1050,1447,2075,2419,,630,420,397,628,344,3356
5704,634,1033,1428,2042,2359,,634,399,395,614,317,3345
5738,630,1024,1419,2048,2336,,630,394,395,629,288,3402
6275,715,1180,1625,2329,2740,,715,465,445,704,411,3535
6082,710,1184,1627,2286,2674,,710,474,443,659,388,3408
6303,710,1206,1696,2409,2842,,710,496,490,713,433,3461
6274,716,1203,1692,2407,2839,,716,487,489,715,432,3435
6250,716,1204,1693,2406,2815,,716,488,489,713,409,3435
5999,685,1165,1637,2342,2643,,685,480,472,705,301,3356
6173,705,1192,1664,2369,2718,,705,487,472,705,349,3455
6018,704,1193,1665,2326,2661,,704,489,472,661,335,3357
5997,707,1165,1640,2302,2638,,707,458,475,662,336,3359
5971,701,1167,1594,2229,2584,,701,466,427,635,355,3387
6036,704,1128,1540,2176,2601,,704,424,412,636,425,3435
5974,705,1193,1622,2262,2590,,705,488,429,640,328,3384
5924,704,1198,1667,2292,2586,,704,494,469,625,294,3338
6171,704,1194,1668,2369,2720,,704,490,474,701,351,3451
6196,704,1193,1667,2367,2784,,704,489,474,700,417,3412
6008,704,1175,1647,2308,2646,,704,471,472,661,338,3362
6075,701,1193,1688,2353,2685,,701,492,495,665,332,3390
5969,702,1190,1618,2274,2610,,702,488,428,656,336,3359
5965,701,1190,1619,2249,2583,,701,489,429,630,334,3382
5990,701,1191,1600,2225,2559,,701,490,409,625,334,3431
6274,716,1180,1625,2265,2722,,716,464,445,640,457,3552
6106,710,1205,1671,2345,2706,,710,495,466,674,361,3400
6253,709,1184,1671,2383,2793,,709,475,487,712,410,3460
6275,716,1205,1693,2405,2815,,716,489,488,712,410,3460
6278,717,1206,1693,2406,2816,,717,489,487,713,410,3462
6255,715,1212,1698,2412,2820,,715,497,486,714,408,3435
6226,717,1203,1691,2405,2736,,717,486,488,714,331,3490
6275,715,1204,1692,2407,2814,,715,489,488,715,407,3461
6301,716,1204,1693,2405,2841,,716,488,489,712,436,3460
6348,727,1278,1765,2487,2910,,727,551,487,722,423,3438
6147,716,1229,1677,2314,2695,,716,513,448,637,381,3452
6196,716,1205,1691,2384,2764,,716,489,486,693,380,3432
6326,714,1202,1688,2401,2836,,714,488,486,713,435,3490
6274,716,1205,1692,2404,2814,,716,489,487,712,410,3460
6249,715,1204,1692,2403,2813,,715,489,488,711,410,3436
6263,722,1218,1703,2416,2828,,722,496,485,713,412,3435
6239,717,1207,1692,2405,2782,,717,490,485,713,377,3457
6174,704,1194,1691,2393,2768,,704,490,497,702,375,3406
5941,699,1189,1619,2249,2582,,699,490,430,630,333,3359
5896,702,1167,1572,2201,2534,,702,465,405,629,333,3362
5986,705,1151,1563,2224,2561,,705,446,412,661,337,3425
6015,704,1180,1652,2312,2649,,704,476,472,660,337,3366
5943,727,1216,1686,2311,2604,,727,489,470,625,293,3339
6170,704,1192,1664,2368,2784,,704,488,472,704,416,3386
6170,664,1142,1639,2345,2761,,664,478,497,706,416,3409
6049,705,1193,1664,2328,2664,,705,488,471,664,336,3385
6025,702,1194,1665,2329,2664,,702,492,471,664,335,3361
6018,702,1190,1662,2322,2659,,702,488,472,660,337,3359
5939,701,1147,1584,2224,2556,,701,446,437,640,332,3383
5979,649,1068,1525,2203,2578,,649,419,457,678,375,3401
6148,715,1229,1680,2336,2701,,715,514,451,656,365,3447
6173,715,1203,1692,2403,2798,,715,488,489,711,395,3375
6368,723,1273,1764,2499,2911,,723,550,491,735,412,3457
6274,717,1203,1692,2403,2813,,717,486,489,711,410,3461
6301,717,1206,1693,2405,2840,,717,489,487,712,435,3461
6287,717,1209,1695,2408,2844,,717,492,486,713,436,3443
6273,717,1206,1693,2404,2814,,717,489,487,711,410,3459
6276,716,1205,1693,2405,2814,,716,489,488,712,409,3462
6276,716,1206,1692,2406,2840,,716,490,486,714,434,3436
6295,715,1205,1693,2407,2840,,715,490,488,714,433,3455
6098,716,1204,1668,2337,2680,,716,488,464,669,343,3418
6301,716,1205,1722,2429,2840,,716,489,517,707,411,3461
6273,716,1204,1692,2404,2815,,716,488,488,712,411,3458
6379,743,1281,1770,2506,2928,,743,538,489,736,422,3451
6277,716,1205,1693,2406,2818,,716,489,488,713,412,3459
6244,716,1205,1693,2407,2815,,716,489,488,714,408,3429
6277,718,1205,1694,2405,2816,,718,487,489,711,411,3461
6301,717,1206,1693,2405,2842,,717,489,487,712,437,3459
6276,717,1205,1695,2406,2816,,717,488,490,711,410,3460
6275,716,1205,1693,2406,2816,,716,489,488,713,410,3459
6230,717,1205,1719,2392,2753,,717,488,514,673,361,3477
6274,716,1206,1693,2404,2815,,716,490,487,711,411,3459
6301,716,1205,1693,2406,2840,,716,489,488,713,434,3461
6373,728,1277,1765,2503,2925,,728,549,488,738,422,3448
6276,717,1206,1693,2406,2840,,717,489,487,713,434,3436
6250,644,1155,1643,2356,2790,,644,511,488,713,434,3460
6276,716,1206,1693,2406,2817,,716,490,487,713,411,3459
6251,717,1205,1693,2406,2816,,717,488,488,713,410,3435
6277,717,1207,1695,2407,2817,,717,490,488,712,410,3460
6351,719,1230,1719,2505,2928,,719,511,489,786,423,3423
6344,716,1206,1720,2469,2892,,716,490,514,749,423,3452
6277,717,1207,1694,2406,2817,,717,490,487,712,411,3460
6301,717,1204,1693,2406,2840,,717,487,489,713,434,3461
6276,716,1205,1694,2405,2816,,716,489,489,711,411,3460
6251,716,1206,1693,2406,2815,,716,490,487,713,409,3436
6274,721,1205,1695,2405,2815,,721,484,490,710,410,3459
6300,717,1207,1692,2404,2841,,717,490,485,712,437,3459
6277,716,1205,1693,2406,2817,,716,489,488,713,411,3460
6276,716,1205,1693,2407,2814,,716,489,488,714,407,3462
6274,716,1205,1693,2404,2815,,716,489,488,711,411,3459
6257,716,1206,1693,2383,2775,,716,490,487,690,392,3482
6276,717,1204,1695,2408,2817,,717,487,491,713,409,3459
6277,718,1207,1694,2406,2820,,718,489,487,712,414,3457
6254,716,1203,1708,2404,2815,,716,487,505,696,411,3439
6250,716,1204,1692,2404,2813,,716,488,488,712,409,3437
6247,717,1196,1679,2405,2816,,717,479,483,726,411,3431
6275,716,1205,1693,2405,2816,,716,489,488,712,411,3459
6276,717,1205,1694,2406,2840,,717,488,489,712,434,3436
6277,716,1206,1694,2406,2816,,716,490,488,712,410,3461
6278,716,1205,1694,2405,2815,,716,489,489,711,410,3463
6256,716,1205,1695,2380,2746,,716,489,490,685,366,3510
6275,717,1204,1692,2405,2816,,717,487,488,713,411,3459
6301,719,1205,1693,2405,2842,,719,486,488,712,437,3459
6378,720,1231,1723,2431,2929,,720,511,492,708,498,3449
6303,716,1205,1693,2405,2840,,716,489,488,712,435,3463
6273,727,1206,1694,2403,2812,,727,479,488,709,409,3461
6274,718,1204,1691,2404,2839,,718,486,487,713,435,3435
6301,717,1204,1692,2405,2842,,717,487,488,713,437,3459
6277,717,1207,1669,2383,2816,,717,490,462,714,433,3461
6277,717,1207,1694,2407,2818,,717,490,487,713,411,3459
6226,716,1204,1692,2381,2749,,716,488,488,689,368,3477
6301,718,1205,1693,2405,2841,,718,487,488,712,436,3460
6302,717,1206,1693,2406,2842,,717,489,487,713,436,3460
6283,716,1205,1693,2406,2815,,716,489,488,713,409,3468
6247,717,1203,1692,2404,2813,,717,486,489,712,409,3434
6114,687,1107,1583,2269,2663,,687,420,476,686,394,3451
5924,705,1193,1661,2288,2582,,705,488,468,627,294,3342
6019,705,1194,1666,2325,2660,,705,489,472,659,335,3359
5943,703,1166,1596,2225,2559,,703,463,430,629,334,3384
5944,701,1192,1621,2252,2583,,701,491,429,631,331,3361
6037,704,1193,1622,2252,2586,,704,489,429,630,334,3451
5898,706,1120,1536,2153,2497,,706,414,416,617,344,3401
6271,703,1177,1650,2351,2766,,703,474,473,701,415,3505
6180,704,1195,1666,2369,2720,,704,491,471,703,351,3460
6086,702,1152,1565,2268,2659,,702,450,413,703,391,3427
6038,645,1052,1510,2221,2611,,645,407,458,711,390,3427
6173,705,1193,1665,2368,2745,,705,488,472,703,377,3428
6028,705,1192,1664,2326,2663,,705,487,472,662,337,3365
5919,701,1166,1596,2226,2559,,701,465,430,630,333,3360
5943,701,1191,1622,2251,2584,,701,490,431,629,333,3359
5988,702,1193,1600,2226,2560,,702,491,407,626,334,3428
6306,717,1211,1699,2413,2847,,717,494,488,714,434,3459
6277,716,1205,1693,2406,2816,,716,489,488,713,410,3461
6332,717,1211,1699,2440,2872,,717,494,488,741,432,3460
6253,717,1160,1644,2356,2765,,717,443,484,712,409,3488
6300,742,1221,1706,2429,2839,,742,479,485,723,410,3461
6276,716,1204,1693,2405,2816,,716,488,489,712,411,3460
6299,717,1204,1692,2404,2840,,717,487,488,712,436,3459
6301,718,1204,1693,2405,2840,,718,486,489,712,435,3461
6224,717,1205,1693,2405,2816,,717,488,488,712,411,3408
6038,705,1194,1649,2278,2610,,705,489,455,629,332,3428
6049,704,1169,1561,2267,2658,,704,465,392,706,391,3391
6264,701,1194,1668,2369,2761,,701,493,474,701,392,3503
6181,704,1194,1666,2371,2747,,704,490,472,705,376,3434
6136,702,1194,1601,2292,2708,,702,492,407,691,416,3428
6037,650,1077,1489,2193,2611,,650,427,412,704,418,3426
6187,707,1195,1667,2369,2744,,707,488,472,702,375,3443
6020,705,1193,1667,2328,2664,,705,488,474,661,336,3356
5919,700,1166,1596,2225,2558,,700,466,430,629,333,3361
6094,701,1149,1623,2302,2683,,701,448,474,679,381,3411
6248,708,1229,1715,2408,2803,,708,521,486,693,395,3445
6276,717,1207,1693,2408,2816,,717,490,486,715,408,3460
6306,716,1203,1692,2433,2817,,716,487,489,741,384,3489
6400,745,1280,1767,2532,2952,,745,535,487,765,420,3448
6301,716,1205,1693,2405,2815,,716,489,488,712,410,3486
6123,696,1136,1543,2253,2689,,696,440,407,710,436,3434
6273,716,1205,1692,2405,2840,,716,489,487,713,435,3433
6299,716,1203,1692,2404,2839,,716,487,489,712,435,3460
6274,716,1204,1693,2404,2814,,716,488,489,711,410,3460
6274,716,1204,1691,2404,2814,,716,488,487,713,410,3460
6248,716,1203,1690,2403,2789,,716,487,487,713,386,3459
6274,688,1178,1666,2378,2813,,688,490,488,712,435,3461
6274,718,1205,1693,2404,2814,,718,487,488,711,410,3460
6274,717,1203,1691,2404,2816,,717,486,488,713,412,3458
6305,715,1206,1694,2406,2816,,715,491,488,712,410,3489
6250,743,1243,1652,2355,2790,,743,500,409,703,435,3460
6299,715,1204,1722,2429,2840,,715,489,518,707,411,3459
6375,743,1308,1793,2504,2927,,743,565,485,711,423,3448
6224,717,1205,1691,2405,2794,,717,488,486,714,389,3430
6355,716,1237,1721,2507,2928,,716,521,484,786,421,3427
6349,718,1233,1746,2505,2903,,718,515,513,759,398,3446
6300,717,1205,1694,2406,2840,,717,488,489,712,434,3460
6374,716,1258,1741,2504,2927,,716,542,483,763,423,3447
6334,716,1213,1702,2413,2877,,716,497,489,711,464,3457
6225,717,1205,1693,2384,2790,,717,488,488,691,406,3435
6148,699,1150,1595,2305,2716,,699,451,445,710,411,3432
6273,716,1203,1690,2403,2838,,716,487,487,713,435,3435
6225,716,1204,1693,2434,2840,,716,488,489,741,406,3385
6185,716,1205,1693,2385,2790,,716,489,488,692,405,3395
6280,708,1206,1695,2435,2841,,708,498,489,740,406,3439
6301,715,1204,1720,2428,2815,,715,489,516,708,387,3486
6326,716,1205,1721,2430,2870,,716,489,516,709,440,3456
6455,716,1237,1721,2535,2981,,716,521,484,814,446,3474
6304,716,1205,1693,2405,2816,,716,489,488,712,411,3488
6305,710,1205,1694,2385,2791,,710,495,489,691,406,3514
6273,742,1242,1704,2405,2816,,742,500,462,701,411,3457
6305,717,1205,1693,2404,2815,,717,488,488,711,411,3490
6302,716,1206,1695,2409,2842,,716,490,489,714,433,3460
6261,716,1207,1693,2391,2806,,716,491,486,698,415,3455
6359,744,1281,1769,2506,2915,,744,537,488,737,409,3444
6403,746,1309,1793,2533,2928,,746,563,484,740,395,3475
6400,741,1254,1743,2506,2954,,741,513,489,763,448,3446
6275,717,1205,1693,2405,2816,,717,488,488,712,411,3459
6310,716,1244,1728,2441,2853,,716,528,484,713,412,3457
6303,717,1205,1720,2410,2815,,717,488,515,690,405,3488
6297,744,1247,1708,2422,2858,,744,503,461,714,436,3439
6361,716,1212,1729,2468,2876,,716,496,517,739,408,3485
6405,716,1204,1723,2454,2931,,716,488,519,731,477,3474
6200,718,1206,1694,2385,2768,,718,488,488,691,383,3432
6402,743,1308,1792,2532,2930,,743,565,484,740,398,3472
6329,716,1235,1747,2533,2929,,716,519,512,786,396,3400
6376,740,1232,1719,2506,2929,,740,492,487,787,423,3447
6305,718,1205,1693,2406,2816,,718,487,488,713,410,3489
6371,726,1275,1763,2501,2924,,726,549,488,738,423,3447
6306,716,1203,1692,2406,2816,,716,487,489,714,410,3490
6228,716,1179,1629,2291,2722,,716,463,450,662,431,3506
6300,717,1207,1695,2408,2842,,717,490,488,713,434,3458
6302,718,1206,1694,2406,2841,,718,488,488,712,435,3461
6275,718,1231,1718,2429,2840,,718,513,487,711,411,3435
6252,719,1206,1694,2407,2816,,719,487,488,713,409,3436
6270,729,1228,1714,2427,2838,,729,499,486,713,411,3432
6253,703,1190,1674,2381,2792,,703,487,484,707,411,3461
6277,717,1206,1693,2406,2841,,717,489,487,713,435,3436
6377,717,1235,1719,2506,2928,,717,518,484,787,422,3449
6303,717,1210,1695,2407,2844,,717,493,485,712,437,3459
6252,745,1265,1693,2362,2796,,745,520,428,669,434,3456
6351,725,1226,1713,2426,2860,,725,501,487,713,434,3491
6276,717,1205,1692,2405,2815,,717,488,487,713,410,3461
6278,718,1205,1694,2407,2817,,718,487,489,713,410,3461
6302,715,1206,1693,2408,2841,,715,491,487,715,433,3461
6273,716,1205,1692,2404,2818,,716,489,487,712,414,3455
6176,717,1206,1597,2305,2718,,717,489,391,708,413,3458
6277,717,1207,1694,2407,2818,,717,490,487,713,411,3459
6377,716,1235,1719,2460,2929,,716,519,484,741,469,3448
6300,716,1205,1693,2406,2841,,716,489,488,713,435,3459
6127,717,1231,1659,2352,2677,,717,514,428,693,325,3450
6431,731,1281,1770,2535,2954,,731,550,489,765,419,3477
6374,743,1279,1796,2533,2932,,743,536,517,737,399,3442
6277,717,1206,1695,2406,2816,,717,489,489,711,410,3461
6275,717,1206,1693,2405,2816,,717,489,487,712,411,3459
6300,717,1206,1694,2406,2840,,717,489,488,712,434,3460
6254,718,1206,1618,2332,2768,,718,488,412,714,436,3486
6278,720,1208,1694,2406,2817,,720,488,486,712,411,3461
6252,719,1206,1695,2406,2740,,719,487,489,711,334,3512
6376,748,1282,1769,2506,2929,,748,534,487,737,423,3447
6175,716,1234,1694,2376,2727,,716,518,460,682,351,3448
6277,717,1205,1695,2406,2819,,717,488,490,711,413,3458
6278,716,1207,1694,2408,2820,,716,491,487,714,412,3458
6277,716,1206,1696,2407,2817,,716,490,490,711,410,3460
6353,742,1280,1769,2505,2927,,742,538,489,736,422,3426
6252,668,1156,1646,2356,2767,,668,488,490,710,411,3485
6227,716,1185,1644,2357,2768,,716,469,459,713,411,3459
6306,716,1206,1694,2406,2815,,716,490,488,712,409,3491
6277,713,1206,1694,2407,2818,,713,493,488,713,411,3459
6303,717,1206,1695,2406,2843,,717,489,489,711,437,3460
6173,717,1208,1674,2359,2765,,717,491,466,685,406,3408
6253,705,1183,1670,2381,2791,,705,478,487,711,410,3462
6252,717,1205,1692,2405,2815,,717,488,487,713,410,3437
6186,716,1207,1673,2356,2742,,716,491,466,683,386,3444
6030,704,1151,1632,2300,2666,,704,447,481,668,366,3364
6110,707,1181,1652,2355,2731,,707,474,471,703,376,3379
6185,705,1194,1665,2368,2721,,705,489,471,703,353,3464
6157,701,1169,1641,2306,2682,,701,468,472,665,376,3475
6282,697,1205,1694,2406,2816,,697,508,489,712,410,3466
6299,718,1231,1715,2428,2838,,718,513,484,713,410,3461
6151,701,1167,1614,2316,2707,,701,466,447,702,391,3444
6375,710,1233,1718,2506,2929,,710,523,485,788,423,3446
6362,716,1210,1697,2439,2871,,716,494,487,742,432,3491
6301,716,1206,1723,2430,2843,,716,490,517,707,413,3458
6277,716,1206,1694,2407,2816,,716,490,488,713,409,3461
6262,718,1163,1655,2368,2803,,718,445,492,713,435,3459
6154,716,1206,1675,2297,2703,,716,490,469,622,406,3451
6277,716,1206,1694,2408,2818,,716,490,488,714,410,3459
6302,716,1206,1694,2435,2843,,716,490,488,741,408,3459
6406,716,1206,1694,2436,2928,,716,490,488,742,492,3478
6227,718,1208,1696,2386,2767,,718,490,488,690,381,3460
6277,718,1204,1693,2407,2817,,718,486,489,714,410,3460
6303,716,1206,1693,2407,2842,,716,490,487,714,435,3461
6251,716,1204,1693,2406,2815,,716,488,489,713,409,3436
6277,717,1206,1694,2406,2817,,717,489,488,712,411,3460
6273,716,1205,1693,2405,2816,,716,489,488,712,411,3457
6151,716,1205,1615,2330,2720,,716,489,410,715,390,3431
6253,703,1169,1653,2356,2768,,703,466,484,703,412,3485
6277,716,1184,1668,2382,2816,,716,468,484,714,434,3461
6302,717,1206,1695,2407,2842,,717,489,489,712,435,3460
6251,718,1205,1694,2384,2790,,718,487,489,690,406,3461
6276,717,1211,1696,2405,2815,,717,494,485,709,410,3461
6306,716,1205,1693,2405,2834,,716,489,488,712,429,3472
6377,717,1208,1724,2431,2928,,717,491,516,707,497,3449
6276,718,1206,1696,2407,2818,,718,488,490,711,411,3458
6298,717,1205,1680,2406,2841,,717,488,475,726,435,3457
6274,716,1204,1693,2403,2817,,716,488,489,710,414,3457
6335,717,1215,1702,2414,2878,,717,498,487,712,464,3457
6124,645,1052,1542,2254,2665,,645,407,490,712,411,3459
6310,717,1243,1727,2438,2881,,717,526,484,711,443,3429
6239,717,1206,1694,2406,2784,,717,489,488,712,378,3455
6096,716,1149,1583,2291,2686,,716,433,434,708,395,3410
6048,705,1193,1665,2327,2682,,705,488,472,662,355,3366
5996,700,1166,1638,2300,2637,,700,466,472,662,337,3359
6019,701,1191,1663,2326,2658,,701,490,472,663,332,3361
6101,652,1132,1593,2306,2696,,652,480,461,713,390,3405
6208,708,1207,1695,2376,2733,,708,499,488,681,357,3475
6342,718,1217,1705,2418,2852,,718,499,488,713,434,3490
6127,645,1052,1543,2255,2667,,645,407,491,712,412,3460
6315,717,1216,1704,2417,2826,,717,499,488,713,409,3489
6231,717,1206,1696,2406,2786,,717,489,490,710,380,3445
6274,718,1207,1694,2406,2817,,718,489,487,712,411,3457
6276,716,1205,1692,2405,2814,,716,489,487,713,409,3462
6277,720,1207,1694,2407,2818,,720,487,487,713,411,3459
6276,717,1205,1694,2406,2816,,717,488,489,712,410,3460
6276,717,1204,1692,2404,2816,,717,487,488,712,412,3460
6250,716,1206,1695,2386,2767,,716,490,489,691,381,3483
6275,717,1203,1692,2404,2814,,717,486,489,712,410,3461
6177,648,1078,1568,2281,2717,,648,430,490,713,436,3460
6282,717,1206,1690,2404,2814,,717,489,484,714,410,3468
6280,663,1184,1668,2381,2771,,663,521,484,713,390,3509
6349,746,1281,1769,2507,2929,,746,535,488,738,422,3420
6183,687,1142,1581,2241,2697,,687,455,439,660,456,3486
6105,715,1181,1625,2268,2674,,715,466,444,643,406,3431
6249,718,1205,1692,2403,2814,,718,487,487,711,411,3435
6249,717,1180,1666,2378,2790,,717,463,486,712,412,3459
6375,715,1233,1746,2508,2913,,715,518,513,762,405,3462
6275,716,1204,1693,2405,2816,,716,488,489,712,411,3459
6062,647,1073,1501,2218,2613,,647,426,428,717,395,3449
6075,705,1168,1643,2342,2694,,705,463,475,699,352,3381
5953,701,1167,1596,2226,2562,,701,466,429,630,336,3391
5989,704,1195,1624,2239,2562,,704,491,429,615,323,3427
5947,705,1194,1664,2289,2609,,705,489,470,625,320,3338
6063,706,1195,1668,2329,2665,,706,489,473,661,336,3398
5928,698,1172,1604,2231,2565,,698,474,432,627,334,3363
6254,702,1151,1644,2358,2799,,702,449,493,714,441,3455
6376,715,1233,1745,2519,2915,,715,518,512,774,396,3461
6275,717,1205,1693,2405,2814,,717,488,488,712,409,3461
6176,647,1076,1572,2283,2719,,647,429,496,711,436,3457
6300,716,1206,1723,2431,2843,,716,490,517,708,412,3457
6301,715,1234,1719,2432,2841,,715,519,485,713,409,3460
6352,715,1234,1747,2456,2888,,715,519,513,709,432,3464
6327,716,1207,1694,2407,2870,,716,491,487,713,463,3457
6306,716,1206,1696,2407,2817,,716,490,490,711,410,3489
6301,716,1206,1694,2436,2843,,716,490,488,742,407,3458
6310,717,1211,1699,2412,2822,,717,494,488,713,410,3488
6387,716,1243,1755,2493,2937,,716,527,512,738,444,3450
6427,715,1203,1691,2433,2954,,715,488,488,742,521,3473
6252,701,1149,1658,2356,2766,,701,448,509,698,410,3486
6253,717,1205,1693,2404,2815,,717,488,488,711,411,3438
6281,716,1207,1695,2407,2816,,716,491,488,712,409,3465
6315,740,1268,1738,2494,2871,,740,528,470,756,377,3444
6213,703,1194,1692,2394,2785,,703,491,498,702,391,3428
6023,705,1194,1665,2328,2662,,705,489,471,663,334,3361
5871,705,1129,1541,2177,2511,,705,424,412,636,334,3360
6088,703,1168,1597,2290,2678,,703,465,429,693,388,3410
6338,715,1233,1747,2533,2917,,715,518,514,786,384,3421
6255,667,1155,1643,2355,2766,,667,488,488,712,411,3489
6277,742,1225,1719,2433,2841,,742,483,494,714,408,3436
6303,716,1206,1724,2432,2843,,716,490,518,708,411,3460
6303,717,1203,1692,2404,2815,,717,486,489,712,411,3488
6352,716,1205,1721,2460,2892,,716,489,516,739,432,3460
6302,716,1206,1694,2409,2842,,716,490,488,715,433,3460
6280,716,1207,1694,2406,2847,,716,491,487,712,441,3433
6251,715,1207,1683,2411,2786,,715,492,476,728,375,3465
6262,717,1213,1702,2413,2825,,717,496,489,711,412,3437
6213,716,1206,1694,2406,2782,,716,490,488,712,376,3431
6236,705,1192,1663,2367,2789,,705,487,471,704,422,3447
6030,646,1052,1489,2118,2548,,646,406,437,629,430,3482
6305,717,1206,1695,2406,2816,,717,489,489,711,410,3489
6206,715,1171,1609,2353,2729,,715,456,438,744,376,3477
6303,717,1205,1693,2405,2844,,717,488,488,712,439,3459
6301,716,1206,1693,2406,2842,,716,490,487,713,436,3459
6255,717,1207,1616,2332,2743,,717,490,409,716,411,3512
6252,716,1207,1694,2406,2817,,716,491,487,712,411,3435
6288,717,1216,1704,2417,2828,,717,499,488,713,411,3460
6226,717,1207,1696,2386,2769,,717,490,489,690,383,3457
6278,720,1208,1695,2408,2818,,720,488,487,713,410,3460
6379,742,1243,1725,2507,2930,,742,501,482,782,423,3449
6304,717,1208,1696,2408,2843,,717,491,488,712,435,3461
6275,716,1207,1695,2407,2818,,716,491,488,712,411,3457
6252,718,1206,1695,2407,2817,,718,488,489,712,410,3435
6278,717,1206,1694,2408,2817,,717,489,488,714,409,3461
6253,716,1207,1695,2407,2818,,716,491,488,712,411,3435
6278,717,1206,1695,2407,2817,,717,489,489,712,410,3461
6276,717,1207,1695,2411,2820,,717,490,488,716,409,3456
6251,717,1208,1696,2408,2740,,717,491,488,712,332,3511
6252,717,1180,1668,2383,2792,,717,463,488,715,409,3460
6252,716,1182,1649,2359,2768,,716,466,467,710,409,3484
6252,679,1182,1669,2381,2791,,679,503,487,712,410,3461
6274,716,1206,1692,2405,2815,,716,490,486,713,410,3459
6250,716,1205,1692,2405,2816,,716,489,487,713,411,3434
6275,716,1204,1691,2405,2814,,716,488,487,714,409,3461
6277,716,1205,1693,2407,2816,,716,489,488,714,409,3461
6304,716,1208,1696,2412,2844,,716,492,488,716,432,3460
6249,716,1203,1693,2404,2814,,716,487,490,711,410,3435
6254,717,1207,1697,2408,2798,,717,490,490,711,390,3456
6377,718,1233,1719,2432,2928,,718,515,486,713,496,3449
6229,717,1183,1606,2332,2773,,717,466,423,726,441,3456
6226,674,1156,1644,2355,2765,,674,482,488,711,410,3461
6233,717,1208,1695,2408,2819,,717,491,487,713,411,3414
6225,647,1115,1599,2307,2741,,647,468,484,708,434,3484
6254,717,1208,1696,2408,2818,,717,491,488,712,410,3436
6278,717,1207,1694,2407,2818,,717,490,487,713,411,3460
6377,718,1208,1720,2432,2932,,718,490,512,712,500,3445
6258,717,1206,1694,2407,2807,,717,489,488,713,400,3451
6126,646,1132,1550,2257,2668,,646,486,418,707,411,3458
6278,716,1207,1695,2407,2818,,716,491,488,712,411,3460
6304,741,1244,1670,2412,2849,,741,503,426,742,437,3455
6278,707,1206,1695,2406,2817,,707,499,489,711,411,3461
6276,718,1207,1694,2408,2817,,718,489,487,714,409,3459
6252,716,1207,1695,2407,2817,,716,491,488,712,410,3435
6329,716,1207,1724,2431,2872,,716,491,517,707,441,3457
6277,717,1205,1693,2407,2815,,717,488,488,714,408,3462
6376,715,1205,1722,2459,2928,,715,490,517,737,469,3448
6277,707,1206,1692,2407,2818,,707,499,486,715,411,3459
6339,716,1216,1704,2444,2855,,716,500,488,740,411,3484
6280,716,1207,1662,2382,2792,,716,491,455,720,410,3488
6278,741,1260,1687,2406,2822,,741,519,427,719,416,3456
6307,718,1206,1694,2406,2817,,718,488,488,712,411,3490
6250,716,1208,1693,2407,2817,,716,492,485,714,410,3433
6406,716,1209,1723,2506,2929,,716,493,514,783,423,3477
6276,717,1206,1723,2431,2843,,717,489,517,708,412,3433
6251,716,1206,1723,2432,2825,,716,490,517,709,393,3426
6274,704,1205,1693,2405,2816,,704,501,488,712,411,3458
6302,710,1207,1696,2406,2846,,710,497,489,710,440,3456
6313,718,1218,1705,2418,2856,,718,500,487,713,438,3457
6331,715,1205,1694,2435,2842,,715,490,489,741,407,3489
6301,741,1262,1688,2406,2845,,741,521,426,718,439,3456
6280,716,1206,1694,2407,2845,,716,490,488,713,438,3435
6276,717,1207,1695,2408,2817,,717,490,488,713,409,3459
6278,717,1207,1693,2406,2816,,717,490,486,713,410,3462
6276,716,1205,1692,2406,2816,,716,489,487,714,410,3460
6401,741,1282,1770,2536,2954,,741,541,488,766,418,3447
6239,716,1207,1694,2408,2804,,716,491,487,714,396,3435
6304,716,1236,1721,2432,2842,,716,520,485,711,410,3462
6269,721,1222,1710,2422,2831,,721,501,488,712,409,3438
6327,716,1234,1718,2431,2870,,716,518,484,713,439,3457
6329,743,1243,1693,2406,2870,,743,500,450,713,464,3459
6256,716,1210,1695,2407,2818,,716,494,485,712,411,3438
6251,717,1207,1696,2408,2817,,717,490,489,712,409,3434
6277,719,1206,1693,2405,2815,,719,487,487,712,410,3462
6378,717,1235,1749,2506,2929,,717,518,514,757,423,3449
6378,717,1235,1749,2507,2930,,717,518,514,758,423,3448
6304,717,1206,1724,2432,2842,,717,489,518,708,410,3462
6221,717,1155,1628,2316,2734,,717,438,473,688,418,3487
6048,705,1192,1663,2327,2662,,705,487,471,664,335,3386
6153,662,1162,1626,2298,2702,,662,500,464,672,404,3451
6302,742,1244,1707,2431,2842,,742,502,463,724,411,3460
6255,715,1187,1669,2384,2793,,715,472,482,715,409,3462
6235,717,1207,1695,2408,2818,,717,490,488,713,410,3417
6251,716,1205,1695,2406,2816,,716,489,490,711,410,3435
6279,717,1206,1695,2408,2817,,717,489,489,713,409,3462
6278,717,1209,1695,2407,2819,,717,492,486,712,412,3459
6277,717,1205,1694,2406,2815,,717,488,489,712,409,3462
6185,717,1206,1672,2356,2741,,717,489,466,684,385,3444
6063,706,1200,1672,2333,2690,,706,494,472,661,357,3373
6135,699,1133,1546,2205,2646,,699,434,413,659,441,3489
6378,742,1245,1754,2507,2929,,742,503,509,753,422,3449
6166,690,1130,1609,2320,2716,,690,440,479,711,396,3450
6181,704,1194,1668,2370,2745,,704,490,474,702,375,3436
6049,704,1193,1665,2325,2660,,704,489,472,660,335,3389
6024,704,1196,1668,2329,2665,,704,492,472,661,336,3359
6020,702,1192,1663,2327,2663,,702,490,471,664,336,3357
6112,700,1168,1623,2313,2693,,700,468,455,690,380,3419
6303,718,1207,1726,2432,2842,,718,489,519,706,410,3461
6299,717,1206,1692,2404,2839,,717,489,486,712,435,3460
6251,717,1204,1693,2373,2792,,717,487,489,680,419,3459
6253,715,1168,1675,2362,2769,,715,453,507,687,407,3484
6243,688,1126,1609,2321,2740,,688,438,483,712,419,3503
6153,705,1114,1569,2289,2699,,705,409,455,720,410,3454
6251,717,1207,1694,2408,2818,,717,490,487,714,410,3433
6251,715,1205,1694,2406,2815,,715,490,489,712,409,3436
6278,719,1207,1695,2407,2819,,719,488,488,712,412,3459
6278,716,1207,1694,2407,2817,,716,491,487,713,410,3461
6222,717,1207,1649,2342,2733,,717,490,442,693,391,3489
6090,704,1180,1653,2354,2703,,704,476,473,701,349,3387
6006,700,1128,1543,2179,2537,,700,428,415,636,358,3469
6126,717,1180,1625,2266,2672,,717,463,445,641,406,3454
6091,675,1107,1586,2272,2668,,675,432,479,686,396,3423
6185,705,1197,1669,2372,2723,,705,492,472,703,351,3462
6002,704,1170,1644,2304,2640,,704,466,474,660,336,3362
5998,699,1171,1642,2306,2641,,699,472,471,664,335,3357
6045,701,1191,1688,2351,2684,,701,490,497,663,333,3361
5945,701,1168,1598,2227,2560,,701,467,430,629,333,3385
5926,700,1151,1587,2234,2560,,700,451,436,647,326,3366
6073,704,1191,1662,2301,2635,,704,487,471,639,334,3438
6015,703,1196,1625,2254,2586,,703,493,429,629,332,3429
5937,663,1076,1489,2125,2485,,663,413,413,636,360,3452
5922,706,1196,1666,2290,2584,,706,490,470,624,294,3338
6187,706,1196,1669,2370,2720,,706,490,473,701,350,3467
6080,704,1195,1668,2328,2664,,704,491,473,660,336,3416
6277,717,1206,1695,2407,2818,,717,489,489,712,411,3459
6294,724,1197,1686,2399,2834,,724,473,489,713,435,3460
6303,716,1207,1695,2408,2843,,716,491,488,713,435,3460
6302,715,1207,1696,2408,2844,,715,492,489,712,436,3458
6307,692,1184,1671,2412,2845,,692,492,487,741,433,3462
6253,717,1207,1681,2406,2743,,717,490,474,725,337,3510
6251,716,1167,1608,2269,2726,,716,451,441,661,457,3525
6231,676,1143,1606,2333,2744,,676,467,463,727,411,3487
6223,717,1205,1694,2407,2816,,717,488,489,713,409,3407
6250,716,1207,1695,2408,2818,,716,491,488,713,410,3432
6278,716,1207,1695,2407,2818,,716,491,488,712,411,3460
6252,716,1207,1694,2407,2818,,716,491,487,713,411,3434
6256,716,1207,1695,2406,2818,,716,491,488,711,412,3438
6212,676,1158,1645,2368,2800,,676,482,487,723,432,3412
6210,695,1182,1653,2358,2744,,695,487,471,705,386,3466
6015,705,1195,1625,2255,2588,,705,490,430,630,333,3427
5942,664,1080,1493,2153,2496,,664,416,413,660,343,3446
6215,703,1195,1635,2345,2741,,703,492,440,710,396,3474
5998,704,1170,1642,2305,2638,,704,466,472,663,333,3360
5911,706,1154,1569,2204,2537,,706,448,415,635,333,3374
6277,717,1215,1701,2406,2816,,717,498,486,705,410,3461
6277,717,1206,1694,2407,2816,,717,489,488,713,409,3461
6252,717,1208,1695,2408,2814,,717,491,487,713,406,3438
6195,702,1209,1694,2372,2789,,702,507,485,678,417,3406
6055,693,1148,1605,2308,2718,,693,455,457,703,410,3337
6242,717,1212,1695,2388,2754,,717,495,483,693,366,3488
6200,704,1197,1670,2370,2741,,704,493,473,700,371,3459
6197,705,1196,1670,2370,2789,,705,491,474,700,419,3408
6100,705,1153,1585,2294,2691,,705,448,432,709,397,3409
6096,706,1171,1646,2346,2695,,706,465,475,700,349,3401
6181,704,1193,1666,2370,2721,,704,489,473,704,351,3460
6186,705,1196,1667,2371,2721,,705,491,471,704,350,3465
6051,705,1173,1646,2306,2663,,705,468,473,660,357,3388
6199,705,1196,1670,2371,2767,,705,491,474,701,396,3432
6187,710,1196,1670,2371,2767,,710,486,474,701,396,3420
6074,705,1197,1667,2331,2685,,705,492,470,664,354,3389
6154,705,1172,1645,2345,2722,,705,467,473,700,377,3432
6028,705,1175,1647,2307,2660,,705,470,472,660,353,3368
6159,705,1199,1670,2372,2750,,705,494,471,702,378,3409
6052,704,1197,1667,2331,2687,,704,493,470,664,356,3365
6027,704,1170,1642,2306,2664,,704,466,472,664,358,3363
6153,706,1196,1669,2373,2748,,706,490,473,704,375,3405
6002,704,1172,1604,2255,2612,,704,468,432,651,357,3390
6153,704,1170,1642,2304,2714,,704,466,472,662,410,3439
6278,705,1208,1696,2408,2819,,705,503,488,712,411,3459
6252,718,1206,1694,2408,2798,,718,488,488,714,390,3454
6142,688,1171,1644,2355,2715,,688,483,473,711,360,3427
6071,698,1169,1643,2344,2695,,698,471,474,701,351,3376
6074,704,1195,1667,2329,2687,,704,491,472,662,358,3387
6050,707,1197,1668,2330,2685,,707,490,471,662,355,3365
6025,705,1170,1642,2305,2661,,705,465,472,663,356,3364
6073,706,1194,1691,2353,2707,,706,488,497,662,354,3366
6048,706,1196,1670,2329,2663,,706,490,474,659,334,3385
6224,706,1197,1669,2347,2722,,706,491,472,678,375,3502
6251,702,1190,1675,2383,2793,,702,488,485,708,410,3458
6217,716,1207,1695,2387,2777,,716,491,488,692,390,3440
6003,704,1171,1645,2309,2638,,704,467,474,664,329,3365
6064,702,1168,1638,2302,2640,,702,466,470,664,338,3424
6240,705,1197,1669,2370,2761,,705,492,472,701,391,3479
6114,705,1196,1667,2331,2687,,705,491,471,664,356,3427
6237,705,1193,1666,2368,2761,,705,488,473,702,393,3476
6215,707,1197,1670,2372,2789,,707,490,473,702,417,3426
6095,704,1198,1669,2330,2688,,704,494,471,661,358,3407
6275,716,1206,1695,2406,2821,,716,490,489,711,415,3454
6176,687,1111,1594,2306,2718,,687,424,483,712,412,3458
6238,714,1204,1693,2407,2808,,714,490,489,714,401,3430
6240,704,1197,1669,2373,2789,,704,493,472,704,416,3451
6240,706,1173,1646,2355,2754,,706,467,473,709,399,3486
6239,704,1194,1665,2371,2761,,704,490,471,706,390,3478
6203,704,1172,1644,2347,2764,,704,468,472,703,417,3439
6216,705,1172,1644,2348,2741,,705,467,472,704,393,3475
6241,706,1197,1670,2371,2788,,706,491,473,701,417,3453
6022,704,1131,1567,2225,2588,,704,427,436,658,363,3434
6267,711,1203,1691,2403,2815,,711,492,488,712,412,3452
6260,715,1208,1694,2407,2817,,715,493,486,713,410,3443
6254,716,1206,1693,2388,2768,,716,490,487,695,380,3486
6253,717,1208,1679,2357,2743,,717,491,471,678,386,3510
6116,721,1188,1646,2283,2682,,721,467,458,637,399,3434
6066,705,1198,1652,2294,2634,,705,493,454,642,340,3432
6173,705,1173,1645,2345,2761,,705,468,472,700,416,3412
6185,704,1196,1668,2371,2722,,704,492,472,703,351,3463
6177,705,1172,1643,2348,2764,,705,467,471,705,416,3413
6198,706,1197,1693,2398,2750,,706,491,496,705,352,3448
6201,703,1196,1668,2373,2764,,703,493,472,705,391,3437
6251,705,1153,1629,2364,2771,,705,448,476,735,407,3480
6253,716,1206,1695,2407,2796,,716,490,489,712,389,3457
6227,714,1207,1695,2386,2792,,714,493,488,691,406,3435
6167,715,1206,1663,2336,2733,,715,491,457,673,397,3434
6213,705,1197,1670,2371,2788,,705,492,473,701,417,3425
6178,702,1170,1642,2345,2761,,702,468,472,703,416,3417
6200,705,1172,1644,2347,2738,,705,467,472,703,391,3462
6098,706,1172,1644,2347,2698,,706,466,472,703,351,3400
6196,706,1194,1666,2368,2745,,706,488,472,702,377,3451
6226,706,1172,1647,2347,2723,,706,466,475,700,376,3503
6275,712,1206,1699,2407,2816,,712,494,493,708,409,3459
6253,715,1207,1696,2407,2798,,715,492,489,711,391,3455
6278,717,1208,1697,2409,2819,,717,491,489,712,410,3459
6139,716,1207,1664,2317,2710,,716,491,457,653,393,3429
6203,705,1195,1668,2370,2761,,705,490,473,702,391,3442
6154,706,1198,1670,2372,2748,,706,492,472,702,376,3406
6150,707,1195,1666,2372,2724,,707,488,471,706,352,3426
6076,689,1175,1647,2346,2697,,689,486,472,699,351,3379
6025,705,1170,1642,2303,2661,,705,465,472,661,358,3364
6055,706,1197,1669,2329,2685,,706,491,472,660,356,3370
6179,703,1131,1567,2313,2719,,703,428,436,746,406,3460
6380,745,1283,1773,2457,2931,,745,538,490,684,474,3449
6377,745,1282,1799,2488,2929,,745,537,517,689,441,3448
6254,717,1206,1675,2383,2795,,717,489,469,708,412,3459
6286,715,1206,1694,2408,2818,,715,491,488,714,410,3468
6278,716,1209,1696,2409,2819,,716,493,487,713,410,3459
6279,716,1208,1695,2408,2818,,716,492,487,713,410,3461
6333,717,1209,1696,2438,2874,,717,492,487,742,436,3459
6253,717,1210,1696,2408,2819,,717,493,486,712,411,3434
6227,717,1207,1696,2407,2798,,717,490,489,711,391,3429
6227,718,1208,1660,2383,2818,,718,490,452,723,435,3409
6025,704,1196,1668,2371,2670,,704,492,472,703,299,3355
6102,729,1195,1665,2372,2721,,729,466,470,707,349,3381
6028,705,1195,1667,2330,2662,,705,490,472,663,332,3366
6024,706,1196,1669,2331,2664,,706,490,473,662,333,3360
5999,705,1169,1643,2305,2639,,705,464,474,662,334,3360
6030,705,1177,1648,2311,2646,,705,472,471,663,335,3384
5922,700,1171,1601,2229,2562,,700,471,430,628,333,3360
5995,702,1169,1638,2278,2610,,702,467,469,640,332,3385
6242,705,1171,1641,2347,2763,,705,466,470,706,416,3479
6227,706,1192,1621,2330,2764,,706,486,429,709,434,3463
6279,717,1208,1694,2407,2818,,717,491,486,713,411,3461
6171,716,1207,1695,2410,2786,,716,491,488,715,376,3385
6354,716,1237,1726,2507,2916,,716,521,489,781,409,3438
5979,704,1208,1588,2203,2522,,704,504,380,615,319,3457
6303,716,1208,1696,2408,2843,,716,492,488,712,435,3460
6252,716,1206,1695,2408,2817,,716,490,489,713,409,3435
6254,717,1208,1675,2359,2744,,717,491,467,684,385,3510
6277,716,1206,1695,2408,2818,,716,490,489,713,410,3459
6279,716,1208,1696,2408,2819,,716,492,488,712,411,3460
6251,716,1208,1696,2386,2818,,716,492,488,690,432,3433
6278,715,1206,1694,2407,2816,,715,491,488,713,409,3462
6245,716,1207,1694,2407,2805,,716,491,487,713,398,3440
5948,706,1196,1670,2291,2609,,706,490,474,621,318,3339
6176,706,1173,1645,2349,2741,,706,467,472,704,392,3435
6200,705,1197,1669,2371,2747,,705,492,472,702,376,3453
6222,705,1195,1667,2369,2746,,705,490,472,702,377,3476
6198,710,1197,1670,2371,2722,,710,487,473,701,351,3476
6200,705,1197,1670,2372,2764,,705,492,473,702,392,3436
6203,704,1171,1644,2347,2763,,704,467,473,703,416,3440
6128,703,1173,1602,2255,2671,,703,470,429,653,416,3457
6279,716,1208,1697,2408,2818,,716,492,489,711,410,3461
6241,716,1207,1695,2407,2810,,716,491,488,712,403,3431
5923,705,1196,1668,2292,2584,,705,491,472,624,292,3339
6175,704,1198,1671,2372,2766,,704,494,473,701,394,3409
6075,705,1172,1644,2344,2692,,705,467,472,700,348,3383
6108,704,1176,1648,2353,2729,,704,472,472,705,376,3379
6076,705,1171,1643,2348,2699,,705,466,472,705,351,3377
6029,704,1173,1644,2309,2664,,704,469,471,665,355,3365
6178,706,1199,1672,2373,2788,,706,493,473,701,415,3390
6044,699,1171,1600,2275,2637,,699,472,429,675,362,3407
6126,703,1169,1641,2301,2680,,703,466,472,660,379,3446
6250,716,1205,1692,2403,2795,,716,489,487,711,392,3455
6166,714,1208,1695,2377,2729,,714,494,487,682,352,3437
6217,704,1173,1645,2348,2740,,704,469,472,703,392,3477
6095,705,1179,1652,2353,2704,,705,474,473,701,351,3391
6133,707,1182,1654,2355,2747,,707,475,472,701,392,3386
6199,705,1197,1669,2373,2789,,705,492,472,704,416,3410
6201,704,1173,1645,2349,2740,,704,469,472,704,391,3461
6202,705,1196,1667,2372,2727,,705,491,471,705,355,3475
6106,699,1174,1604,2275,2651,,699,475,430,671,376,3455
6375,715,1207,1695,2436,2928,,715,492,488,741,492,3447
6341,746,1283,1772,2509,2899,,746,537,489,737,390,3442
6201,730,1222,1696,2397,2790,,730,492,474,701,393,3411
6161,705,1198,1671,2373,2750,,705,493,473,702,377,3411
6060,705,1188,1668,2315,2671,,705,483,480,647,356,3389
6180,705,1194,1667,2370,2721,,705,489,473,703,351,3459
6102,705,1197,1668,2373,2722,,705,492,471,705,349,3380
6041,704,1198,1670,2335,2679,,704,494,472,665,344,3362
6184,705,1198,1669,2374,2724,,705,493,471,705,350,3460
6115,708,1182,1653,2317,2675,,708,474,471,664,358,3440
6227,716,1208,1696,2409,2798,,716,492,488,713,389,3429
6279,715,1208,1695,2407,2823,,715,493,487,712,416,3456
6342,745,1283,1799,2472,2919,,745,538,516,673,447,3423
6175,704,1194,1666,2369,2760,,704,490,472,703,391,3415
6110,705,1181,1652,2356,2730,,705,476,471,704,374,3380
6028,705,1172,1644,2305,2663,,705,467,472,661,358,3365
6080,704,1171,1646,2347,2700,,704,467,475,701,353,3380
6051,707,1171,1642,2306,2663,,707,464,471,664,357,3388
6035,705,1174,1646,2306,2661,,705,469,472,660,355,3374
6134,705,1178,1652,2314,2690,,705,473,474,662,376,3444
6276,716,1211,1695,2408,2818,,716,495,484,713,410,3458
6380,744,1283,1771,2537,2936,,744,539,488,766,399,3444
6365,746,1282,1771,2475,2920,,746,536,489,704,445,3445
6156,705,1192,1666,2369,2744,,705,487,474,703,375,3412
6018,707,1181,1655,2316,2650,,707,474,474,661,334,3368
6025,665,1145,1618,2281,2638,,665,480,473,663,357,3387
6049,704,1196,1667,2329,2665,,704,492,471,662,336,3384
6050,705,1197,1669,2331,2668,,705,492,472,662,337,3382
5956,701,1173,1604,2231,2564,,701,472,431,627,333,3392
6190,704,1179,1650,2346,2733,,704,475,471,696,387,3457
6316,722,1222,1710,2423,2860,,722,500,488,713,437,3456
6359,715,1209,1726,2435,2873,,715,494,517,709,438,3486
6408,746,1283,1770,2491,2931,,746,537,487,721,440,3477
6395,716,1238,1723,2538,2955,,716,522,485,815,417,3440
6377,747,1312,1796,2510,2931,,747,565,484,714,421,3446
6307,703,1208,1697,2408,2817,,703,505,489,711,409,3490
6286,716,1188,1647,2357,2768,,716,472,459,710,411,3518
6457,715,1236,1721,2537,2983,,715,521,485,816,446,3474
6404,745,1279,1797,2506,2956,,745,534,518,709,450,3448
6251,748,1244,1731,2446,2839,,748,496,487,715,393,3412
6432,750,1311,1796,2538,2956,,750,561,485,742,418,3476
6433,715,1207,1724,2536,2955,,715,492,517,812,419,3478
6408,715,1237,1747,2492,2930,,715,522,510,745,438,3478
6379,717,1234,1722,2463,2931,,717,517,488,741,468,3448
6281,716,1207,1696,2409,2819,,716,491,489,713,410,3462
6254,716,1168,1676,2382,2794,,716,452,508,706,412,3460
6281,716,1208,1695,2408,2818,,716,492,487,713,410,3463
6279,716,1207,1696,2409,2819,,716,491,489,713,410,3460
6351,716,1238,1746,2508,2931,,716,522,508,762,423,3420
6327,747,1283,1750,2461,2907,,747,536,467,711,446,3420
6203,716,1209,1697,2409,2820,,716,493,488,712,411,3383
6305,716,1209,1726,2435,2850,,716,493,517,709,415,3455
6241,716,1210,1695,2406,2811,,716,494,485,711,405,3430
6075,704,1173,1646,2347,2699,,704,469,473,701,352,3376
6217,705,1200,1673,2374,2791,,705,495,473,701,417,3426
6149,664,1099,1591,2304,2714,,664,435,492,713,410,3435
6254,716,1208,1696,2408,2817,,716,492,488,712,409,3437
6251,717,1207,1696,2410,2817,,717,490,489,714,407,3434
6274,717,1207,1696,2407,2842,,717,490,489,711,435,3432
6186,715,1207,1674,2359,2768,,715,492,467,685,409,3418
5979,705,1174,1646,2349,2647,,705,469,472,703,298,3332
6055,708,1198,1671,2331,2687,,708,490,473,660,356,3368
5951,705,1195,1626,2256,2588,,705,490,431,630,332,3363
6056,701,1173,1648,2310,2665,,701,472,475,662,355,3391
6151,639,1106,1580,2281,2701,,639,467,474,701,420,3450
6142,706,1157,1590,2299,2696,,706,451,433,709,397,3446
6032,705,1173,1671,2331,2666,,705,468,498,660,335,3366
5948,705,1172,1603,2232,2564,,705,467,431,629,332,3384
6026,700,1197,1667,2329,2665,,700,497,470,662,336,3361
6188,668,1156,1627,2331,2747,,668,488,471,704,416,3441
6253,653,1157,1645,2359,2768,,653,504,488,714,409,3485
6279,715,1207,1695,2407,2819,,715,492,488,712,412,3460
6216,717,1208,1695,2408,2786,,717,491,487,713,378,3430
6023,706,1198,1672,2307,2640,,706,492,474,635,333,3383
6254,647,1163,1647,2360,2769,,647,516,484,713,409,3485
6252,716,1208,1680,2382,2792,,716,492,472,702,410,3460
6304,716,1209,1696,2437,2844,,716,493,487,741,407,3460
6279,715,1209,1695,2409,2818,,715,494,486,714,409,3461
6405,716,1208,1696,2437,2931,,716,492,488,741,494,3474
6286,717,1217,1704,2417,2828,,717,500,487,713,411,3458
6277,703,1207,1695,2407,2817,,703,504,488,712,410,3460
6254,715,1208,1695,2408,2818,,715,493,487,713,410,3436
6217,716,1208,1696,2410,2781,,716,492,488,714,371,3436
6149,706,1172,1644,2348,2723,,706,466,472,704,375,3426
6236,705,1200,1673,2371,2766,,705,495,473,698,395,3470
6278,715,1209,1697,2408,2843,,715,494,488,711,435,3435
6090,715,1207,1660,2293,2661,,715,492,453,633,368,3429
5996,706,1171,1644,2301,2638,,706,465,473,657,337,3358
5923,701,1173,1644,2267,2586,,701,472,471,623,319,3337
6105,687,1121,1593,2272,2667,,687,434,472,679,395,3438
6254,717,1188,1671,2383,2793,,717,471,483,712,410,3461
6307,716,1209,1697,2409,2845,,716,493,488,712,436,3462
6253,716,1207,1694,2407,2796,,716,491,487,713,389,3457
6304,716,1209,1695,2408,2818,,716,493,486,713,410,3486
6276,716,1185,1669,2381,2820,,716,469,484,712,439,3456
6252,716,1207,1694,2381,2792,,716,491,487,687,411,3460
6278,715,1207,1696,2407,2817,,715,492,489,711,410,3461
6231,716,1208,1696,2408,2819,,716,492,488,712,411,3412
6280,702,1182,1672,2384,2794,,702,480,490,712,410,3486
6103,704,1128,1608,2297,2666,,704,424,480,689,369,3437
6157,644,1052,1561,2256,2668,,644,408,509,695,412,3489
6278,715,1206,1696,2407,2816,,715,491,490,711,409,3462
6254,716,1208,1695,2407,2799,,716,492,487,712,392,3455
6277,717,1206,1695,2406,2816,,717,489,489,711,410,3461
6227,720,1158,1644,2357,2767,,720,438,486,713,410,3460
6302,716,1208,1695,2410,2845,,716,492,487,715,435,3457
6255,715,1236,1720,2412,2795,,715,521,484,692,383,3460
6157,715,1188,1642,2318,2682,,715,473,454,676,364,3475
6279,702,1208,1696,2406,2798,,702,506,488,710,392,3481
6076,687,1130,1613,2322,2675,,687,443,483,709,353,3401
6180,704,1131,1629,2359,2732,,704,427,498,730,373,3448
6302,714,1207,1696,2408,2843,,714,493,489,712,435,3459
6253,716,1206,1695,2407,2798,,716,490,489,712,391,3455
6227,716,1207,1695,2381,2792,,716,491,488,686,411,3435
6103,644,1054,1545,2259,2669,,644,410,491,714,410,3434
6253,716,1209,1696,2408,2763,,716,493,487,712,355,3490
6303,716,1210,1696,2408,2843,,716,494,486,712,435,3460
6228,717,1207,1695,2388,2769,,717,490,488,693,381,3459
6305,716,1209,1697,2410,2845,,716,493,488,713,435,3460
6138,702,1203,1636,2343,2714,,702,501,433,707,371,3424
6080,704,1110,1521,2233,2644,,704,406,411,712,411,3436
6252,717,1208,1696,2411,2818,,717,491,488,715,407,3434
6278,715,1236,1720,2432,2824,,715,521,484,712,392,3454
6251,715,1207,1695,2408,2817,,715,492,488,713,409,3434
6131,646,1055,1537,2260,2670,,646,409,482,723,410,3461
6377,715,1207,1695,2434,2931,,715,492,488,739,497,3446
6303,717,1207,1695,2408,2843,,717,490,488,713,435,3460
6314,726,1276,1764,2486,2908,,726,550,488,722,422,3406
6280,716,1210,1696,2408,2817,,716,494,486,712,409,3463
6089,677,1135,1596,2284,2671,,677,458,461,688,387,3418
6196,713,1192,1616,2326,2747,,713,479,424,710,421,3449
6200,707,1174,1646,2350,2728,,707,467,472,704,378,3472
6209,704,1195,1668,2372,2747,,704,491,473,704,375,3462
6077,706,1175,1648,2350,2702,,706,469,473,702,352,3375
6180,704,1172,1601,2311,2720,,704,468,429,710,409,3460
6408,716,1208,1697,2438,2931,,716,492,489,741,493,3477
6293,746,1312,1796,2488,2872,,746,566,484,692,384,3421
6201,707,1197,1670,2373,2765,,707,490,473,703,392,3436
6079,705,1172,1644,2347,2699,,705,467,472,703,352,3380
5980,705,1143,1573,2233,2594,,705,438,430,660,361,3386
6184,707,1156,1593,2310,2719,,707,449,437,717,409,3465
6357,715,1211,1726,2434,2874,,715,496,515,708,440,3483
6355,715,1208,1696,2437,2911,,715,493,488,741,474,3444
6432,717,1206,1695,2436,2959,,717,489,489,741,523,3473
6131,703,1168,1601,2298,2692,,703,465,433,697,394,3439
6459,745,1313,1797,2537,2985,,745,568,484,740,448,3474
6280,718,1209,1697,2409,2843,,718,491,488,712,434,3437
6409,716,1236,1751,2509,2931,,716,520,515,758,422,3478
6359,716,1212,1697,2408,2873,,716,496,485,711,465,3486
6067,702,1154,1595,2269,2621,,702,452,441,674,352,3446
6103,705,1175,1604,2297,2717,,705,470,429,693,420,3386
6022,704,1167,1640,2303,2639,,704,463,473,663,336,3383
6025,705,1196,1672,2331,2668,,705,491,476,659,337,3357
6049,705,1197,1694,2356,2692,,705,492,497,662,336,3357
6050,705,1197,1670,2334,2669,,705,492,473,664,335,3381
5937,699,1175,1604,2232,2565,,699,476,429,628,333,3372
5950,700,1174,1604,2232,2590,,700,474,430,628,358,3360
6089,701,1168,1638,2301,2651,,701,467,470,663,350,3438
6028,705,1197,1670,2332,2687,,705,492,473,662,355,3341
6036,704,1172,1644,2305,2665,,704,468,472,661,360,3371
6018,706,1174,1644,2304,2656,,706,468,470,660,352,3362
6025,705,1199,1672,2332,2666,,705,494,473,660,334,3359
6035,706,1182,1653,2315,2652,,706,476,471,662,337,3383
6129,705,1174,1622,2293,2694,,705,469,448,671,401,3435
6229,716,1188,1646,2334,2744,,716,472,458,688,410,3485
6303,715,1209,1696,2409,2848,,715,494,487,713,439,3455
6309,716,1208,1695,2408,2818,,716,492,487,713,410,3491
6309,715,1209,1696,2409,2820,,715,494,487,713,411,3489
6279,720,1208,1696,2408,2817,,720,488,488,712,409,3462
6217,715,1209,1674,2412,2795,,715,494,465,738,383,3422
6284,716,1210,1677,2328,2745,,716,494,467,651,417,3539
6402,716,1208,1725,2463,2959,,716,492,517,738,496,3443
6380,716,1209,1725,2462,2931,,716,493,516,737,469,3449
6328,716,1208,1695,2438,2873,,716,492,487,743,435,3455
6387,745,1315,1721,2487,2932,,745,570,406,766,445,3455
6405,742,1284,1773,2538,2957,,742,542,489,765,419,3448
6381,716,1239,1724,2509,2931,,716,523,485,785,422,3450
6282,716,1208,1697,2409,2845,,716,492,489,712,436,3437
6410,716,1210,1698,2439,2932,,716,494,488,741,493,3478
6013,715,1208,1644,2297,2638,,715,493,436,653,341,3375
6177,705,1201,1672,2373,2731,,705,496,471,701,358,3446
6053,703,1197,1670,2331,2666,,703,494,473,661,335,3387
6035,707,1181,1654,2316,2651,,707,474,473,662,335,3384
6026,705,1174,1647,2308,2643,,705,469,473,661,335,3383
6024,705,1198,1669,2332,2668,,705,493,471,663,336,3356
6012,706,1174,1647,2306,2640,,706,468,473,659,334,3372
6004,705,1175,1647,2307,2641,,705,470,472,660,334,3363
6025,704,1198,1670,2332,2668,,704,494,472,662,336,3357
6078,704,1198,1671,2333,2672,,704,494,473,662,339,3406
6003,704,1175,1647,2308,2641,,704,471,472,661,333,3362
5998,704,1172,1642,2266,2612,,704,468,470,624,346,3386
6240,716,1209,1697,2408,2818,,716,493,488,711,410,3422
6298,727,1227,1715,2426,2837,,727,500,488,711,411,3461
6305,717,1210,1698,2409,2845,,717,493,488,711,436,3460
6119,717,1211,1620,2276,2676,,717,494,409,656,400,3443
6088,706,1172,1644,2348,2696,,706,466,472,704,348,3392
6025,707,1198,1671,2330,2667,,707,491,473,659,337,3358
5949,702,1171,1602,2252,2589,,702,469,431,650,337,3360
5947,700,1195,1625,2254,2586,,700,495,430,629,332,3361
5928,700,1171,1599,2234,2564,,700,471,428,635,330,3364
5940,709,1129,1541,2178,2513,,709,420,412,637,335,3427
6215,703,1197,1669,2372,2789,,703,494,472,703,417,3426
6199,705,1194,1665,2370,2761,,705,489,471,705,391,3438
6048,706,1197,1668,2331,2665,,706,491,471,663,334,3383
6003,704,1173,1647,2307,2645,,704,469,474,660,338,3358
6011,700,1173,1644,2305,2640,,700,473,471,661,335,3371
6023,702,1196,1667,2329,2666,,702,494,471,662,337,3357
5963,699,1169,1599,2265,2593,,699,470,430,666,328,3370
5926,698,1174,1604,2233,2566,,698,476,430,629,333,3360
5905,702,1131,1544,2181,2518,,702,429,413,637,337,3387
5941,703,1132,1543,2180,2514,,703,429,411,637,334,3427
6238,704,1193,1666,2369,2761,,704,489,473,703,392,3477
6160,706,1200,1630,2280,2660,,706,494,430,650,380,3500
6378,744,1285,1773,2512,2931,,744,541,488,739,419,3447
6325,717,1245,1757,2499,2888,,717,528,512,742,389,3437
6057,705,1193,1667,2325,2683,,705,488,474,658,358,3374
6008,706,1172,1644,2308,2640,,706,466,472,664,332,3368
6019,703,1196,1667,2326,2662,,703,493,471,659,336,3357
5924,702,1169,1598,2229,2562,,702,467,429,631,333,3362
5951,702,1175,1603,2232,2574,,702,473,428,629,342,3377
5940,704,1107,1517,2154,2488,,704,403,410,637,334,3452
6243,705,1199,1671,2373,2765,,705,494,472,702,392,3478
6185,705,1199,1672,2373,2728,,705,494,473,701,355,3457
6000,705,1174,1646,2308,2643,,705,469,472,662,335,3357
6003,702,1172,1645,2307,2641,,702,470,473,662,334,3362
6032,703,1172,1644,2308,2640,,703,469,472,664,332,3392
5997,702,1171,1642,2301,2639,,702,469,471,659,338,3358
5922,701,1172,1603,2231,2563,,701,471,431,628,332,3359
5946,702,1195,1622,2253,2585,,702,493,427,631,332,3361
5967,704,1171,1579,2204,2537,,704,467,408,625,333,3430
5965,705,1154,1567,2205,2539,,705,449,413,638,334,3426
6241,704,1197,1668,2374,2767,,704,493,471,706,393,3474
6027,675,1147,1618,2321,2671,,675,472,471,703,350,3356
5999,705,1175,1646,2308,2640,,705,470,471,662,332,3359
6056,705,1197,1669,2331,2668,,705,492,472,662,337,3388
6034,702,1173,1646,2306,2641,,702,471,473,660,335,3393
6025,701,1196,1669,2328,2664,,701,495,473,659,336,3361
6047,728,1221,1693,2330,2662,,728,493,472,637,332,3385
5948,703,1196,1627,2253,2588,,703,493,431,626,335,3360
5955,704,1199,1627,2257,2590,,704,495,428,630,333,3365
5941,708,1129,1540,2178,2512,,708,421,411,638,334,3429
6216,704,1195,1666,2372,2763,,704,491,471,706,391,3453
6175,706,1199,1670,2374,2724,,706,493,471,704,350,3451
5998,704,1171,1642,2308,2641,,704,467,471,666,333,3357
6031,705,1174,1646,2308,2642,,705,469,472,662,334,3389
6033,702,1197,1668,2329,2665,,702,495,471,661,336,3368
6047,702,1195,1667,2330,2664,,702,493,472,663,334,3383
6048,702,1195,1666,2326,2662,,702,493,471,660,336,3386
5969,702,1195,1624,2253,2587,,702,493,429,629,334,3382
5954,702,1174,1602,2232,2564,,702,472,428,630,332,3390
5944,661,1081,1493,2129,2464,,661,420,412,636,335,3480
6242,704,1174,1672,2374,2791,,704,470,498,702,417,3451
6102,703,1196,1667,2373,2722,,703,493,471,706,349,3380
6001,704,1173,1646,2308,2642,,704,469,473,662,334,3359
6034,705,1197,1669,2306,2642,,705,492,472,637,336,3392
6035,702,1173,1645,2305,2639,,702,471,472,660,334,3396
6255,710,1211,1697,2411,2819,,710,501,486,714,408,3436
6279,716,1210,1698,2410,2820,,716,494,488,712,410,3459
6306,716,1237,1723,2434,2844,,716,521,486,711,410,3462
6230,717,1209,1699,2409,2742,,717,492,490,710,333,3488
6231,716,1210,1698,2385,2752,,716,494,488,687,367,3479
6289,748,1243,1731,2443,2854,,748,495,488,712,411,3435
6252,716,1187,1671,2384,2795,,716,471,484,713,411,3457
6258,716,1208,1697,2409,2773,,716,492,489,712,364,3485
6217,716,1209,1696,2387,2755,,716,493,487,691,368,3462
6055,705,1171,1643,2347,2698,,705,466,472,704,351,3357
5933,700,1174,1605,2232,2566,,700,474,431,627,334,3367
6024,703,1171,1642,2305,2639,,703,468,471,663,334,3385
5927,703,1171,1601,2231,2562,,703,468,430,630,331,3365
5942,708,1184,1613,2245,2574,,708,476,429,632,329,3368
5968,705,1153,1567,2204,2536,,705,448,414,637,332,3432
6243,707,1173,1645,2348,2741,,707,466,472,703,393,3502
6183,705,1181,1662,2373,2749,,705,476,481,711,376,3434
6001,704,1172,1644,2305,2640,,704,468,472,661,335,3361
6005,704,1170,1642,2306,2642,,704,466,472,664,336,3363
6025,702,1196,1668,2333,2667,,702,494,472,665,334,3358
6001,700,1172,1644,2305,2643,,700,472,472,661,338,3358
6024,702,1196,1668,2329,2666,,702,494,472,661,337,3358
5923,700,1171,1600,2231,2562,,700,471,429,631,331,3361
5930,699,1172,1603,2231,2565,,699,473,431,628,334,3365
5968,704,1128,1559,2182,2515,,704,424,431,623,333,3453
6262,729,1218,1691,2394,2810,,729,489,473,703,416,3452
6185,706,1173,1643,2349,2723,,706,467,470,706,374,3462
6025,704,1197,1669,2330,2666,,704,493,472,661,336,3359
6053,703,1196,1669,2329,2665,,703,493,473,660,336,3388
6026,701,1172,1670,2331,2667,,701,471,498,661,336,3359
6029,700,1199,1670,2332,2666,,700,499,471,662,334,3363
5922,702,1171,1600,2231,2564,,702,469,429,631,333,3358
5923,700,1171,1602,2230,2563,,700,471,431,628,333,3360
5930,701,1173,1602,2232,2563,,701,472,429,630,331,3367
5992,704,1197,1603,2229,2564,,704,493,406,626,335,3428
6244,705,1200,1672,2375,2767,,705,495,472,703,392,3477
6155,706,1198,1686,2374,2749,,706,492,488,688,375,3406
6026,705,1172,1644,2306,2662,,705,467,472,662,356,3364
6055,705,1198,1669,2332,2667,,705,493,471,663,335,3388
6051,702,1199,1671,2331,2666,,702,497,472,660,335,3385
6020,701,1192,1664,2325,2660,,701,491,472,661,335,3360
5997,701,1170,1641,2305,2638,,701,469,471,664,333,3359
5971,702,1196,1627,2257,2587,,702,494,431,630,330,3384
5954,700,1172,1607,2233,2565,,700,472,435,626,332,3389
5991,703,1173,1603,2232,2564,,703,470,430,629,332,3427
6241,704,1171,1642,2348,2764,,704,467,471,706,416,3477
6158,705,1196,1673,2372,2747,,705,491,477,699,375,3411
6023,707,1199,1670,2331,2667,,707,492,471,661,336,3356
6006,705,1174,1646,2307,2642,,705,469,472,661,335,3364
6000,700,1173,1645,2307,2643,,700,473,472,662,336,3357
6005,701,1173,1644,2308,2642,,701,472,471,664,334,3363
6007,702,1169,1641,2281,2614,,702,467,472,640,333,3393
5959,708,1183,1616,2266,2598,,708,475,433,650,332,3361
5939,708,1184,1612,2243,2574,,708,476,428,631,331,3365
5994,707,1172,1600,2232,2564,,707,465,428,632,332,3430
6217,706,1198,1647,2348,2766,,706,492,449,701,418,3451
6099,705,1158,1594,2276,2674,,705,453,436,682,398,3425
6268,716,1209,1697,2411,2846,,716,493,488,714,435,3422
6334,715,1238,1724,2436,2872,,715,523,486,712,436,3462
6381,716,1239,1723,2512,2932,,716,523,484,789,420,3449
6381,716,1209,1696,2438,2931,,716,493,487,742,493,3450
6305,715,1208,1696,2410,2844,,715,493,488,714,434,3461
6277,716,1209,1698,2409,2819,,716,493,489,711,410,3458
6281,716,1210,1697,2410,2821,,716,494,487,713,411,3460
6355,741,1284,1773,2488,2896,,741,543,489,715,408,3459
6283,717,1211,1698,2411,2822,,717,494,487,713,411,3461
6182,703,1114,1600,2309,2720,,703,411,486,709,411,3462
6228,717,1209,1697,2387,2769,,717,492,488,690,382,3459
6262,717,1214,1701,2413,2802,,717,497,487,712,389,3460
6279,717,1211,1699,2409,2820,,717,494,488,710,411,3459
6256,717,1210,1697,2410,2820,,717,493,487,713,410,3436
6257,718,1210,1699,2411,2821,,718,492,489,712,410,3436
6216,718,1212,1678,2360,2749,,718,494,466,682,389,3467
6317,749,1244,1732,2445,2856,,749,495,488,713,411,3461
6380,709,1238,1751,2522,2921,,709,529,513,771,399,3459
6254,676,1160,1648,2360,2771,,676,484,488,712,411,3483
6329,745,1232,1721,2433,2872,,745,487,489,712,439,3457
6460,716,1239,1724,2510,2963,,716,523,485,786,453,3497
6411,717,1211,1727,2510,2934,,717,494,516,783,424,3477
6281,717,1208,1696,2410,2820,,717,491,488,714,410,3461
6458,716,1237,1721,2538,2988,,716,521,484,817,450,3470
6305,716,1209,1696,2410,2843,,716,493,487,714,433,3462
6258,716,1208,1697,2409,2818,,716,492,489,712,409,3440
6331,717,1209,1697,2437,2844,,717,492,488,740,407,3487
6449,716,1234,1746,2560,3008,,716,518,512,814,448,3441
6308,716,1209,1697,2409,2820,,716,493,488,712,411,3488
6403,744,1284,1800,2511,2960,,744,540,516,711,449,3443
6308,716,1210,1698,2438,2845,,716,494,488,740,407,3463
6383,716,1209,1697,2437,2910,,716,493,488,740,473,3473
6380,716,1209,1727,2508,2932,,716,493,518,781,424,3448
6410,717,1209,1727,2509,2931,,717,492,518,782,422,3479
6409,744,1283,1802,2511,2932,,744,539,519,709,421,3477
6229,716,1211,1698,2410,2800,,716,495,487,712,390,3429
6250,716,1210,1698,2410,2820,,716,494,488,712,410,3430
6280,716,1212,1698,2411,2821,,716,496,486,713,410,3459
6358,717,1209,1696,2437,2875,,717,492,487,741,438,3483
6210,718,1143,1604,2286,2722,,718,425,461,682,436,3488
6410,716,1238,1751,2509,2931,,716,522,513,758,422,3479
6408,747,1283,1772,2510,2931,,747,536,489,738,421,3477
6409,715,1239,1723,2509,2934,,715,524,484,786,425,3475
6039,688,1145,1594,2269,2637,,688,457,449,675,368,3402
6008,671,1115,1517,2128,2471,,671,444,402,611,343,3537
6010,673,1116,1555,2215,2602,,673,443,439,660,387,3408
6133,673,1120,1559,2263,2699,,673,447,439,704,436,3434
6279,717,1210,1698,2410,2821,,717,493,488,712,411,3458
6305,716,1186,1671,2414,2845,,716,470,485,743,431,3460
6256,717,1210,1679,2386,2797,,717,493,469,707,411,3459
6384,745,1285,1801,2509,2932,,745,540,516,708,423,3452
6278,729,1208,1697,2409,2820,,729,479,489,712,411,3458
6381,716,1238,1723,2435,2933,,716,522,485,712,498,3448
6281,718,1210,1698,2410,2821,,718,492,488,712,411,3460
6335,716,1240,1724,2436,2848,,716,524,484,712,412,3487
6230,716,1210,1699,2409,2798,,716,494,489,710,389,3432
6182,693,1187,1706,2412,2822,,693,494,519,706,410,3360
6328,716,1208,1724,2432,2868,,716,492,516,708,436,3460
6406,744,1287,1773,2510,2961,,744,543,486,737,451,3445
6410,744,1285,1752,2510,2933,,744,541,467,758,423,3477
6282,717,1210,1699,2410,2819,,717,493,489,711,409,3463
6329,718,1239,1723,2435,2874,,718,521,484,712,439,3455
6335,716,1209,1697,2440,2848,,716,493,488,743,408,3487
6332,716,1211,1698,2411,2874,,716,495,487,713,463,3458
6381,716,1237,1753,2509,2931,,716,521,516,756,422,3450
6229,716,1210,1698,2410,2799,,716,494,488,712,389,3430
6205,717,1211,1699,2411,2821,,717,494,488,712,410,3384
6287,717,1218,1705,2418,2829,,717,501,487,713,411,3458
6256,716,1211,1698,2411,2821,,716,495,487,713,410,3435
6244,716,1209,1697,2409,2804,,716,493,488,712,395,3440
6079,705,1175,1647,2348,2699,,705,470,472,701,351,3380
6023,705,1199,1670,2333,2667,,705,494,471,663,334,3356
6055,704,1199,1671,2333,2690,,704,495,472,662,357,3365
6001,705,1175,1648,2308,2643,,705,470,473,660,335,3358
6054,708,1201,1673,2334,2690,,708,493,472,661,356,3364
5925,700,1174,1604,2234,2566,,700,474,430,630,332,3359
5905,701,1117,1546,2185,2520,,701,416,429,639,335,3385
6085,711,1185,1657,2361,2711,,711,474,472,704,350,3374
6285,705,1176,1645,2360,2800,,705,471,469,715,440,3485
6246,717,1238,1723,2414,2786,,717,521,485,691,372,3460
6043,715,1198,1671,2375,2682,,715,483,473,704,307,3361
6053,704,1176,1650,2310,2665,,704,472,474,660,355,3388
6051,706,1200,1672,2334,2693,,706,494,472,662,359,3358
6033,705,1181,1655,2315,2649,,705,476,474,660,334,3384
6026,707,1199,1672,2333,2665,,707,492,473,661,332,3361
6053,706,1200,1672,2336,2692,,706,494,472,664,356,3361
6253,670,1105,1627,2335,2770,,670,435,522,708,435,3483
6342,722,1221,1709,2452,2883,,722,499,488,743,431,3459
6434,716,1238,1724,2509,2962,,716,522,486,785,453,3472
6243,716,1210,1698,2391,2782,,716,494,488,693,391,3461
6076,704,1173,1646,2348,2701,,704,469,473,702,353,3375
6000,704,1173,1647,2307,2643,,704,469,474,660,336,3357
6020,705,1200,1697,2347,2669,,705,495,497,650,322,3351
6008,707,1182,1654,2315,2651,,707,475,472,661,336,3357
6051,703,1172,1602,2256,2623,,703,469,430,654,367,3428
6299,716,1203,1691,2403,2843,,716,487,488,712,440,3456
6299,716,1211,1698,2413,2875,,716,495,487,715,462,3424
6031,705,1201,1672,2332,2667,,705,496,471,660,335,3364
6056,705,1135,1571,2274,2693,,705,430,436,703,419,3363
6187,705,1199,1672,2375,2751,,705,494,473,703,376,3436
6039,705,1175,1646,2308,2642,,705,470,471,662,334,3397
6076,720,1199,1697,2359,2693,,720,479,498,662,334,3383
6050,705,1198,1669,2333,2667,,705,493,471,664,334,3383
6019,708,1183,1654,2316,2651,,708,475,471,662,335,3368
6001,704,1174,1647,2309,2642,,704,470,473,662,333,3359
5951,705,1200,1632,2259,2592,,705,495,432,627,333,3359
5899,701,1132,1533,2156,2481,,701,431,401,623,325,3418
6010,712,1185,1659,2317,2653,,712,473,474,658,336,3357
6168,705,1174,1605,2299,2721,,705,469,431,694,422,3447
6163,706,1174,1646,2350,2726,,706,468,472,704,376,3437
5978,703,1178,1649,2285,2618,,703,475,471,636,333,3360
5995,703,1174,1645,2310,2642,,703,471,471,665,332,3353
6000,705,1172,1644,2308,2642,,705,467,472,664,334,3358
6306,720,1210,1698,2412,2849,,720,490,488,714,437,3457
6381,746,1285,1772,2509,2932,,746,539,487,737,423,3449
6278,716,1208,1695,2407,2817,,716,492,487,712,410,3461
6197,715,1211,1693,2410,2820,,715,496,482,717,410,3377
6255,716,1210,1699,2411,2820,,716,494,489,712,409,3435
6281,717,1212,1701,2412,2822,,717,495,489,711,410,3459
6309,716,1209,1698,2409,2819,,716,493,489,711,410,3490
6281,717,1210,1698,2411,2845,,717,493,488,713,434,3436
6380,719,1244,1757,2509,2932,,719,525,513,752,423,3448
6342,716,1241,1725,2488,2919,,716,525,484,763,431,3423
6381,746,1285,1801,2511,2932,,746,539,516,710,421,3449
6311,716,1210,1698,2411,2821,,716,494,488,713,410,3490
6284,717,1210,1697,2410,2820,,717,493,487,713,410,3464
6378,717,1238,1723,2509,2960,,717,521,485,786,451,3418
6184,680,1175,1646,2350,2727,,680,495,471,704,377,3457
6256,704,1174,1646,2325,2757,,704,470,472,679,432,3499
6345,717,1241,1727,2510,2904,,717,524,486,783,394,3441
6080,705,1175,1648,2349,2699,,705,470,473,701,350,3381
6000,705,1173,1645,2308,2642,,705,468,472,663,334,3358
6027,705,1175,1671,2334,2668,,705,470,496,663,334,3359
5975,678,1149,1621,2284,2618,,678,471,472,663,334,3357
6030,707,1200,1673,2334,2668,,707,493,473,661,334,3362
5950,703,1172,1602,2255,2592,,703,469,430,653,337,3358
5899,699,1132,1567,2212,2539,,699,433,435,645,327,3360
6037,698,1185,1657,2319,2654,,698,487,472,662,335,3383
6164,707,1199,1672,2374,2771,,707,492,473,702,397,3393
6126,698,1197,1671,2370,2747,,698,499,474,699,377,3379
6076,706,1200,1699,2358,2693,,706,494,499,659,335,3383
6119,705,1202,1675,2334,2667,,705,497,473,659,333,3452
5974,705,1198,1629,2279,2617,,705,493,431,650,338,3357
6382,684,1185,1702,2439,2933,,684,501,517,737,494,3449
6336,717,1211,1728,2435,2847,,717,494,517,707,412,3489
6281,717,1211,1698,2410,2821,,717,494,487,712,411,3460
6410,716,1210,1727,2434,2933,,716,494,517,707,499,3477
6188,715,1213,1700,2390,2769,,715,498,487,690,379,3419
6336,716,1211,1699,2412,2857,,716,495,488,713,445,3479
6405,746,1264,1778,2562,2960,,746,518,514,784,398,3445
6306,715,1211,1698,2410,2850,,715,496,487,712,440,3456
6335,716,1209,1697,2439,2846,,716,493,488,742,407,3489
6335,715,1210,1696,2410,2846,,715,495,486,714,436,3489
6381,715,1195,1705,2435,2934,,715,480,510,730,499,3447
6461,716,1240,1725,2540,2988,,716,524,485,815,448,3473
6229,716,1212,1698,2389,2769,,716,496,486,691,380,3460
6256,702,1195,1677,2385,2795,,702,493,482,708,410,3461
5943,714,1159,1581,2218,2582,,714,445,422,637,364,3361
5971,648,1073,1490,2148,2512,,648,425,417,658,364,3459
6162,705,1200,1674,2376,2726,,705,495,474,702,350,3436
6002,704,1176,1648,2309,2642,,704,472,472,661,333,3360
6000,705,1176,1648,2310,2641,,705,471,472,662,331,3359
5984,716,1189,1663,2306,2629,,716,473,474,643,323,3355
6258,688,1119,1631,2362,2772,,688,431,512,731,410,3486
6281,716,1209,1698,2410,2821,,716,493,489,712,411,3460
6435,718,1209,1727,2538,2958,,718,491,518,811,420,3477
6305,717,1210,1698,2411,2858,,717,493,488,713,447,3447
6241,716,1154,1636,2326,2745,,716,438,482,690,419,3496
6219,706,1200,1673,2375,2768,,706,494,473,702,393,3451
6187,706,1176,1648,2352,2728,,706,470,472,704,376,3459
6027,707,1175,1671,2334,2668,,707,468,496,663,334,3359
6052,707,1175,1647,2314,2668,,707,468,472,667,354,3384
6028,704,1176,1647,2309,2642,,704,472,471,662,333,3386
5996,706,1174,1612,2270,2617,,706,468,438,658,347,3379
6002,705,1175,1646,2307,2645,,705,470,471,661,338,3357
6052,704,1199,1672,2333,2668,,704,495,473,661,335,3384
5963,700,1175,1602,2235,2566,,700,475,427,633,331,3397
6004,701,1175,1623,2326,2649,,701,474,448,703,323,3355
6221,707,1175,1647,2349,2742,,707,468,472,702,393,3479
6081,705,1176,1649,2351,2701,,705,471,473,702,350,3380
6026,706,1174,1645,2309,2642,,706,468,471,664,333,3384
6027,707,1200,1673,2334,2669,,707,493,473,661,335,3358
6039,714,1187,1660,2321,2657,,714,473,473,661,336,3382
5970,705,1175,1662,2298,2618,,705,470,487,636,320,3352
6028,705,1175,1647,2309,2643,,705,470,472,662,334,3385
6002,703,1173,1645,2305,2642,,703,470,472,660,337,3360
5934,700,1176,1603,2234,2566,,700,476,427,631,332,3368
6040,709,1186,1670,2361,2683,,709,477,484,691,322,3357
6031,705,1200,1672,2376,2700,,705,495,472,704,324,3331
6191,704,1201,1673,2375,2753,,704,497,472,702,378,3438
6023,705,1173,1646,2309,2642,,705,468,473,663,333,3381
6026,707,1175,1651,2308,2643,,707,468,476,657,335,3383
6028,705,1173,1646,2309,2643,,705,468,473,663,334,3385
5979,703,1174,1605,2261,2593,,703,471,431,656,332,3386
6104,705,1199,1671,2309,2652,,705,494,472,638,343,3452
6280,715,1209,1696,2408,2819,,715,494,487,712,411,3461
6281,715,1211,1697,2410,2820,,715,496,486,713,410,3461
6218,715,1210,1642,2350,2744,,715,495,432,708,394,3474
6221,705,1176,1650,2351,2745,,705,471,474,701,394,3476
6207,706,1194,1667,2367,2744,,706,488,473,700,377,3463
6037,706,1177,1649,2309,2642,,706,471,472,660,333,3395
6177,704,1198,1670,2372,2725,,704,494,472,702,353,3452
6027,708,1201,1674,2336,2670,,708,493,473,662,334,3357
5898,705,1176,1597,2200,2528,,705,471,421,603,328,3370
6028,705,1175,1648,2311,2644,,705,470,473,663,333,3384
6003,704,1176,1648,2309,2643,,704,472,472,661,334,3360
5934,700,1179,1611,2236,2567,,700,479,432,625,331,3367
6039,699,1187,1683,2389,2689,,699,488,496,706,300,3350
6005,704,1174,1648,2352,2676,,704,470,474,704,324,3329
6088,708,1182,1653,2357,2707,,708,474,471,704,350,3381
6054,706,1201,1673,2335,2670,,706,495,472,662,335,3384
6052,704,1199,1673,2335,2669,,704,495,474,662,334,3383
6051,705,1200,1671,2333,2667,,705,495,471,662,334,3384
5995,706,1174,1646,2309,2643,,706,468,472,663,334,3352
5928,701,1176,1606,2236,2568,,701,475,430,630,332,3360
5950,701,1173,1601,2233,2565,,701,472,428,632,332,3385
6045,705,1175,1646,2284,2615,,705,470,471,638,331,3430
6053,702,1176,1648,2326,2675,,702,474,472,678,349,3378
6028,705,1200,1672,2376,2698,,705,495,472,704,322,3330
6031,704,1175,1648,2310,2667,,704,471,473,662,357,3364
6004,704,1175,1649,2309,2644,,704,471,474,660,335,3360
6003,706,1175,1647,2311,2644,,706,469,472,664,333,3359
6028,704,1198,1670,2332,2666,,704,494,472,662,334,3362
6020,704,1199,1671,2333,2671,,704,495,472,662,338,3349
6002,703,1176,1648,2308,2645,,703,473,472,660,337,3357
6027,705,1174,1647,2308,2643,,705,469,473,661,335,3384
5933,701,1177,1608,2234,2570,,701,476,431,626,336,3363
6012,699,1185,1660,2364,2671,,699,486,475,704,307,3341
5929,705,1178,1653,2272,2589,,705,473,475,619,317,3340
6031,705,1176,1650,2311,2666,,705,471,474,661,355,3365
6029,705,1175,1647,2309,2646,,705,470,472,662,337,3383
5999,706,1177,1649,2310,2642,,706,471,472,661,332,3357
6079,665,1151,1622,2324,2703,,665,486,471,702,379,3376
6001,705,1174,1647,2308,2642,,705,469,473,661,334,3359
6052,707,1200,1672,2333,2670,,707,493,472,661,337,3382
6025,705,1199,1670,2333,2668,,705,494,471,663,335,3357
5934,702,1176,1604,2235,2568,,702,474,428,631,333,3366
5887,625,1112,1585,2206,2498,,625,487,473,621,292,3389
6029,706,1176,1648,2352,2675,,706,470,472,704,323,3354
6030,705,1176,1648,2309,2667,,705,471,472,661,358,3363
6002,703,1175,1649,2309,2644,,703,472,474,660,335,3358
6025,705,1175,1647,2309,2643,,705,470,472,662,334,3382
5951,703,1175,1606,2235,2569,,703,472,431,629,334,3382
5953,702,1172,1603,2232,2566,,702,470,431,629,334,3387
5974,702,1140,1593,2230,2561,,702,438,453,637,331,3413
6435,716,1211,1726,2463,2961,,716,495,515,737,498,3474
6281,716,1210,1698,2411,2821,,716,494,488,713,410,3460
6278,716,1208,1724,2433,2823,,716,492,516,709,390,3455
6307,717,1211,1698,2411,2846,,717,494,487,713,435,3461
6359,719,1211,1698,2440,2876,,719,492,487,742,436,3483
6307,717,1210,1698,2411,2850,,717,493,488,713,439,3457
6410,746,1270,1757,2511,2933,,746,524,487,754,422,3477
6281,717,1211,1698,2411,2844,,717,494,487,713,433,3437
6383,716,1238,1753,2511,2913,,716,522,515,758,402,3470
6434,746,1285,1801,2510,2961,,746,539,516,709,451,3473
6257,716,1210,1697,2410,2821,,716,494,487,713,411,3436
6229,716,1209,1697,2389,2796,,716,493,488,692,407,3433
6094,716,1191,1678,2370,2718,,716,475,487,692,348,3376
5973,649,1073,1516,2173,2539,,649,424,443,657,366,3434
6162,717,1200,1672,2376,2752,,717,483,472,704,376,3410
6051,707,1200,1673,2333,2669,,707,493,473,660,336,3382
6026,707,1175,1647,2310,2644,,707,468,472,663,334,3382
6054,707,1200,1698,2361,2696,,707,493,498,663,335,3358
6056,705,1175,1672,2334,2667,,705,470,497,662,333,3389
6094,705,1200,1673,2334,2669,,705,495,473,661,335,3425
5924,700,1173,1603,2232,2566,,700,473,430,629,334,3358
5958,700,1173,1603,2232,2565,,700,473,430,629,333,3393
6154,658,1137,1609,2311,2705,,658,479,472,702,394,3449
6095,704,1175,1566,2276,2668,,704,471,391,710,392,3427
6005,676,1151,1622,2284,2641,,676,475,471,662,357,3364
6029,707,1202,1674,2337,2670,,707,495,472,663,333,3359
6026,704,1199,1672,2334,2667,,704,495,473,662,333,3359
6027,707,1200,1674,2335,2668,,707,493,474,661,333,3359
6058,730,1226,1700,2361,2695,,730,496,474,661,334,3363
6007,706,1177,1649,2310,2644,,706,471,472,661,334,3363
6001,704,1175,1647,2309,2643,,704,471,472,662,334,3358
5934,701,1177,1609,2240,2568,,701,476,432,631,328,3366
5991,709,1185,1658,2361,2659,,709,476,473,703,298,3332
6004,704,1175,1647,2350,2649,,704,471,472,703,299,3355
6072,705,1200,1673,2336,2692,,705,495,473,663,356,3380
6028,706,1176,1648,2310,2644,,706,470,472,662,334,3384
6001,704,1173,1645,2308,2641,,704,469,472,663,333,3360
6154,705,1179,1663,2375,2728,,705,474,484,712,353,3426
6007,705,1175,1647,2310,2642,,705,470,472,663,332,3365
6026,705,1200,1673,2334,2668,,705,495,473,661,334,3358
6231,650,1164,1650,2361,2796,,650,514,486,711,435,3435
6380,717,1238,1721,2435,2932,,717,521,483,714,497,3448
6314,708,1137,1628,2341,2779,,708,429,491,713,438,3535
6335,717,1210,1698,2442,2850,,717,493,488,744,408,3485
6208,705,1187,1673,2386,2796,,705,482,486,713,410,3412
6286,718,1212,1701,2413,2824,,718,494,489,712,411,3462
6283,717,1212,1701,2411,2822,,717,495,489,710,411,3461
6285,718,1214,1700,2412,2847,,718,496,486,712,435,3438
6222,717,1212,1680,2363,2748,,717,495,468,683,385,3474
6177,705,1202,1673,2378,2729,,705,497,471,705,351,3448
6408,716,1212,1730,2541,2961,,716,496,518,811,420,3447
6307,715,1211,1700,2411,2851,,715,496,489,711,440,3456
6181,704,1136,1622,2335,2724,,704,432,486,713,389,3457
6496,752,1275,1760,2472,3001,,752,523,485,712,529,3495
6288,701,1185,1673,2386,2825,,701,484,488,713,439,3463
6395,720,1249,1733,2474,2910,,720,529,484,741,436,3485
6258,717,1212,1699,2411,2821,,717,495,487,712,410,3437
6131,707,1178,1650,2353,2744,,707,471,472,703,391,3387
6063,708,1200,1674,2336,2690,,708,492,474,662,354,3373
6028,705,1199,1671,2335,2670,,705,494,472,664,335,3358
6053,706,1200,1671,2334,2670,,706,494,471,663,336,3383
5969,699,1187,1615,2245,2578,,699,488,428,630,333,3391
6104,678,1118,1565,2258,2676,,678,440,447,693,418,3428
6004,700,1175,1646,2351,2676,,700,475,471,705,325,3328
6080,703,1151,1621,2325,2701,,703,448,470,704,376,3379
6027,705,1175,1648,2311,2644,,705,470,473,663,333,3383
6051,705,1202,1674,2337,2671,,705,497,472,663,334,3380
6056,707,1202,1675,2335,2671,,707,495,473,660,336,3385
6031,704,1173,1669,2331,2666,,704,469,496,662,335,3365
5953,700,1177,1607,2234,2568,,700,477,430,627,334,3385
5952,701,1176,1605,2260,2591,,701,475,429,655,331,3361
6093,705,1200,1698,2335,2666,,705,495,498,637,331,3427
5979,675,1150,1623,2324,2648,,675,475,473,701,324,3331
5958,708,1181,1652,2274,2607,,708,473,471,622,333,3351
6081,704,1158,1638,2351,2702,,704,454,480,713,351,3379
6016,714,1189,1660,2325,2657,,714,475,471,665,332,3359
6028,706,1201,1674,2336,2667,,706,495,473,662,331,3361
6027,704,1176,1648,2311,2645,,704,472,472,663,334,3382
6033,705,1201,1674,2336,2669,,705,496,473,662,333,3364
6027,705,1175,1646,2312,2644,,705,470,471,666,332,3383
6026,706,1201,1673,2334,2669,,706,495,472,661,335,3357
5910,701,1177,1584,2209,2543,,701,476,407,625,334,3367
6039,710,1186,1658,2362,2685,,710,476,472,704,323,3354
6010,707,1182,1655,2358,2657,,707,475,473,703,299,3353
6106,705,1177,1649,2352,2725,,705,472,472,703,373,3381
6052,706,1201,1697,2359,2691,,706,495,496,662,332,3361
6025,708,1200,1674,2333,2667,,708,492,474,659,334,3358
5971,679,1152,1650,2303,2625,,679,473,498,653,322,3346
6059,706,1177,1674,2336,2669,,706,471,497,662,333,3390
6027,705,1201,1673,2336,2667,,705,496,472,663,331,3360
6027,706,1200,1674,2334,2670,,706,494,474,660,336,3357
5933,703,1179,1608,2237,2568,,703,476,429,629,331,3365
5981,703,1156,1641,2328,2626,,703,453,485,687,298,3355
5922,650,1132,1604,2310,2610,,650,482,472,706,300,3312
6082,705,1177,1649,2351,2703,,705,472,472,702,352,3379
6002,705,1177,1647,2310,2643,,705,472,470,663,333,3359
6053,707,1201,1673,2335,2669,,707,494,472,662,334,3384
6026,715,1198,1670,2332,2668,,715,483,472,662,336,3358
6030,705,1176,1649,2311,2643,,705,471,473,662,332,3387
6029,704,1175,1670,2334,2668,,704,471,495,664,334,3361
6075,706,1197,1693,2358,2692,,706,491,496,665,334,3383
5945,702,1175,1607,2235,2568,,702,473,432,628,333,3377
5912,701,1186,1656,2279,2572,,701,485,470,623,293,3340
5971,647,1134,1605,2308,2631,,647,487,471,703,323,3340
6178,705,1199,1671,2374,2749,,705,494,472,703,375,3429
6036,703,1176,1647,2310,2644,,703,473,471,663,334,3392
6178,706,1201,1689,2376,2729,,706,495,488,687,353,3449
6009,709,1181,1654,2318,2652,,709,472,473,664,334,3357
6037,705,1201,1672,2336,2669,,705,496,471,664,333,3368
6003,704,1177,1650,2309,2644,,704,473,473,659,335,3359
6026,705,1203,1674,2333,2669,,705,498,471,659,336,3357
5957,701,1177,1606,2234,2570,,701,476,429,628,336,3387
6121,703,1177,1620,2327,2677,,703,474,443,707,350,3444
5877,647,1140,1614,2218,2512,,647,493,474,604,294,3365
6178,705,1202,1658,2351,2771,,705,497,456,693,420,3407
6004,706,1178,1650,2311,2646,,706,472,472,661,335,3358
6002,704,1176,1648,2310,2644,,704,472,472,662,334,3358
6067,715,1147,1625,2339,2691,,715,432,478,714,352,3376
6031,706,1176,1648,2312,2645,,706,470,472,664,333,3386
6003,705,1176,1647,2309,2644,,705,471,471,662,335,3359
6002,704,1176,1648,2283,2620,,704,472,472,635,337,3382
5958,702,1201,1632,2260,2593,,702,499,431,628,333,3365
6194,712,1177,1661,2352,2735,,712,465,484,691,383,3459
6280,717,1200,1707,2413,2852,,717,483,507,706,439,3428
6258,715,1241,1657,2362,2798,,715,526,416,705,436,3460
6309,718,1213,1701,2413,2850,,718,495,488,712,437,3459
6308,719,1212,1700,2413,2848,,719,493,488,713,435,3460
6160,644,1056,1537,2267,2699,,644,412,481,730,432,3461
6259,717,1212,1700,2412,2824,,717,495,488,712,412,3435
6306,717,1210,1697,2409,2845,,717,493,487,712,436,3461
6307,716,1213,1701,2413,2847,,716,497,488,712,434,3460
6229,717,1212,1700,2413,2804,,717,495,488,713,391,3425
6285,703,1197,1681,2385,2796,,703,494,484,704,411,3489
6122,698,1145,1595,2302,2699,,698,447,450,707,397,3423
6131,705,1176,1608,2301,2721,,705,471,432,693,420,3410
6079,688,1177,1648,2352,2707,,688,489,471,704,355,3372
6028,706,1178,1650,2309,2645,,706,472,472,659,336,3383
6019,706,1174,1646,2309,2644,,706,468,472,663,335,3375
6058,730,1225,1696,2360,2694,,730,495,471,664,334,3364
6054,705,1201,1672,2336,2672,,705,496,471,664,336,3382
6027,705,1199,1671,2333,2668,,705,494,472,662,335,3359
5952,701,1175,1605,2235,2568,,701,474,430,630,333,3384
6093,701,1134,1614,2261,2662,,701,433,480,647,401,3431
6044,643,1056,1542,2225,2616,,643,413,486,683,391,3428
6160,704,1135,1589,2312,2721,,704,431,454,723,409,3439
6056,669,1148,1623,2324,2719,,669,479,475,701,395,3337
6031,704,1175,1648,2308,2665,,704,471,473,660,357,3366
5995,704,1175,1640,2298,2645,,704,471,465,658,347,3350
6029,705,1176,1648,2310,2644,,705,471,472,662,334,3385
6157,708,1201,1673,2336,2712,,708,493,472,663,376,3445
6288,716,1211,1698,2410,2821,,716,495,487,712,411,3467
6382,717,1209,1698,2439,2931,,717,492,489,741,492,3451
6433,745,1285,1773,2540,2958,,745,540,488,767,418,3475
6412,741,1227,1713,2465,2933,,741,486,486,752,468,3479
6382,746,1285,1772,2509,2932,,746,539,487,737,423,3450
6310,702,1186,1673,2386,2824,,702,484,487,713,438,3486
6407,717,1241,1733,2540,2960,,717,524,492,807,420,3447
6142,675,1137,1581,2297,2692,,675,462,444,716,395,3450
6083,705,1173,1645,2350,2701,,705,468,472,705,351,3382
6029,704,1176,1648,2310,2646,,704,472,472,662,336,3383
6026,705,1198,1670,2334,2669,,705,493,472,664,335,3357
5927,701,1175,1605,2235,2568,,701,474,430,630,333,3359
6110,702,1135,1549,2253,2649,,702,433,414,704,396,3461
6282,701,1189,1606,2337,2769,,701,488,417,731,432,3513
6282,717,1210,1698,2410,2820,,717,493,488,712,410,3462
6282,702,1186,1673,2387,2826,,702,484,487,714,439,3456
6382,745,1316,1800,2511,2934,,745,571,484,711,423,3448
6245,722,1211,1667,2375,2768,,722,489,456,708,393,3477
6187,704,1176,1649,2352,2728,,704,472,473,703,376,3459
5963,717,1188,1619,2246,2581,,717,471,431,627,335,3382
5926,701,1175,1605,2233,2566,,701,474,430,628,333,3360
6043,702,1173,1645,2284,2616,,702,471,472,639,332,3427
6109,705,1174,1604,2274,2624,,705,469,430,670,350,3485
6312,744,1262,1673,2416,2824,,744,518,411,743,408,3488
6413,716,1241,1725,2465,2935,,716,525,484,740,470,3478
6259,702,1186,1676,2387,2825,,702,484,490,711,438,3434
6412,716,1242,1755,2512,2935,,716,526,513,757,423,3477
6269,717,1243,1714,2426,2846,,717,526,471,712,420,3423
6081,706,1178,1650,2351,2705,,706,472,472,701,354,3376
6028,704,1177,1648,2311,2643,,704,473,471,663,332,3385
6000,706,1175,1647,2309,2644,,706,469,472,662,335,3356
5951,700,1173,1604,2262,2591,,700,473,431,658,329,3360
6037,702,1136,1550,2188,2586,,702,434,414,638,398,3451
5945,645,1058,1460,2136,2482,,645,413,402,676,346,3463
6104,705,1201,1674,2296,2689,,705,496,473,622,393,3415
5976,705,1153,1624,2286,2618,,705,448,471,662,332,3358
6028,705,1177,1649,2312,2644,,705,472,472,663,332,3384
6075,709,1146,1623,2316,2694,,709,437,477,693,378,3381
6079,706,1175,1648,2351,2702,,706,469,473,703,351,3377
6042,716,1190,1662,2325,2658,,716,474,472,663,333,3384
6026,705,1201,1674,2332,2670,,705,496,473,658,338,3356
5927,701,1175,1605,2238,2567,,701,474,430,633,329,3360
6028,711,1147,1559,2196,2593,,711,436,412,637,397,3435
5996,644,1061,1471,2167,2562,,644,417,410,696,395,3434
6053,705,1175,1605,2259,2661,,705,470,430,654,402,3392
6028,705,1164,1639,2310,2646,,705,459,475,671,336,3382
6023,704,1198,1672,2331,2666,,704,494,474,659,335,3357
6047,649,1076,1559,2210,2613,,649,427,483,651,403,3434
5931,706,1179,1608,2237,2568,,706,473,429,629,331,3363
6019,703,1174,1601,2236,2570,,703,471,427,635,334,3449
6178,704,1176,1648,2352,2771,,704,472,472,704,419,3407
5954,707,1174,1630,2260,2594,,707,467,456,630,334,3360
6021,702,1135,1549,2187,2586,,702,433,414,638,399,3435
6021,662,1083,1508,2182,2597,,662,421,425,674,415,3424
6006,705,1177,1607,2260,2623,,705,472,430,653,363,3383
6112,704,1201,1673,2375,2729,,704,497,472,702,354,3383
6258,705,1175,1623,2337,2778,,705,470,448,714,441,3480
6244,718,1210,1697,2359,2760,,718,492,487,662,401,3484
6180,705,1176,1647,2352,2727,,705,471,471,705,375,3453
6308,716,1213,1728,2437,2846,,716,497,515,709,409,3462
6332,716,1211,1699,2440,2876,,716,495,488,741,436,3456
6256,716,1211,1697,2410,2822,,716,495,486,713,412,3434
6344,719,1219,1706,2419,2854,,719,500,487,713,435,3490
6231,742,1247,1693,2350,2757,,742,505,446,657,407,3474
6407,746,1285,1774,2513,2962,,746,539,489,739,449,3445
6242,703,1131,1610,2323,2722,,703,428,479,713,399,3520
6104,706,1200,1672,2375,2725,,706,494,472,703,350,3379
6189,705,1153,1637,2317,2712,,705,448,484,680,395,3477
6382,746,1317,1801,2511,2934,,746,571,484,710,423,3448
6338,716,1212,1700,2412,2849,,716,496,488,712,437,3489
6282,716,1211,1698,2411,2846,,716,495,487,713,435,3436
6281,717,1210,1700,2411,2822,,717,493,490,711,411,3459
6315,719,1219,1706,2419,2854,,719,500,487,713,435,3461
6264,744,1251,1693,2347,2746,,744,507,442,654,399,3518
6412,770,1288,1755,2512,2936,,770,518,467,757,424,3476
6246,746,1235,1714,2402,2822,,746,489,479,688,420,3424
6080,707,1175,1672,2376,2725,,707,468,497,704,349,3355
6171,705,1177,1651,2346,2724,,705,472,474,695,378,3447
6177,706,1174,1646,2349,2724,,706,468,472,703,375,3453
6004,704,1175,1649,2314,2644,,704,471,474,665,330,3360
6003,706,1176,1649,2309,2646,,706,470,473,660,337,3357
5955,703,1177,1609,2236,2569,,703,474,432,627,333,3386
5908,703,1177,1583,2210,2544,,703,474,406,627,334,3364
5971,702,1110,1520,2181,2518,,702,408,410,661,337,3453
6055,705,1175,1647,2351,2707,,705,470,472,704,356,3348
6065,710,1184,1631,2335,2684,,710,474,447,704,349,3381
6036,709,1184,1658,2320,2652,,709,475,474,662,332,3384
6145,704,1175,1628,2337,2719,,704,471,453,709,382,3426
6083,704,1177,1650,2352,2704,,704,473,473,702,352,3379
5999,705,1175,1646,2310,2643,,705,470,471,664,333,3356
6003,705,1177,1647,2309,2645,,705,472,470,662,336,3358
5938,713,1187,1619,2244,2579,,713,474,432,625,335,3359
5953,699,1173,1605,2230,2564,,699,474,432,625,334,3389
5872,662,1063,1471,2109,2431,,662,401,408,638,322,3441
6288,706,1201,1673,2377,2798,,706,495,472,704,421,3490
6220,718,1191,1644,2351,2771,,718,473,453,707,420,3449
6031,704,1175,1648,2308,2667,,704,471,473,660,359,3364
6146,705,1152,1621,2337,2713,,705,447,469,716,376,3433
6155,705,1175,1647,2352,2726,,705,470,472,705,374,3429
6018,707,1183,1656,2316,2650,,707,476,473,660,334,3368
6029,704,1175,1648,2311,2646,,704,471,473,663,335,3383
5928,702,1177,1608,2236,2568,,702,475,431,628,332,3360
5910,652,1127,1559,2187,2544,,652,475,432,628,357,3366
5946,662,1084,1496,2133,2456,,662,422,412,637,323,3490
6186,705,1177,1649,2328,2698,,705,472,472,679,370,3488
6145,717,1191,1615,2325,2720,,717,474,424,710,395,3425
6180,704,1176,1648,2351,2771,,704,472,472,703,420,3409
6032,703,1176,1605,2301,2654,,703,473,429,696,353,3378
6051,705,1203,1675,2335,2670,,705,498,472,660,335,3381
6004,702,1177,1649,2310,2645,,702,475,472,661,335,3359
6003,705,1173,1645,2306,2641,,705,468,472,661,335,3362
5953,702,1178,1608,2262,2594,,702,476,430,654,332,3359
5908,703,1179,1585,2213,2545,,703,476,406,628,332,3363
5947,703,1110,1520,2157,2492,,703,407,410,637,335,3455
6133,705,1178,1650,2310,2689,,705,473,472,660,379,3444
6188,716,1184,1611,2318,2738,,716,468,427,707,420,3450
6179,706,1200,1673,2374,2748,,706,494,473,701,374,3431
6196,705,1201,1675,2376,2756,,705,496,474,701,380,3440
6003,706,1175,1647,2312,2645,,706,469,472,665,333,3358
5961,713,1186,1617,2246,2579,,713,473,431,629,333,3382
5927,703,1177,1606,2236,2569,,703,474,429,630,333,3358
5970,704,1174,1579,2209,2543,,704,470,405,630,334,3427
5953,704,1174,1604,2235,2567,,704,470,430,631,332,3386
5948,703,1110,1520,2159,2492,,703,407,410,639,333,3456
5984,703,1175,1674,2338,2642,,703,472,499,664,304,3342
6152,706,1200,1697,2400,2750,,706,494,497,703,350,3402
6030,703,1176,1649,2311,2645,,703,473,473,662,334,3385
6279,705,1195,1667,2373,2804,,705,490,472,706,431,3475
6337,716,1212,1701,2411,2850,,716,496,489,710,439,3487
6120,717,1180,1611,2300,2697,,717,463,431,689,397,3423
6152,706,1201,1675,2376,2751,,706,495,474,701,375,3401
5928,702,1176,1607,2236,2570,,702,474,431,629,334,3358
5917,713,1186,1592,2220,2553,,713,473,406,628,333,3364
5944,663,1085,1494,2132,2465,,663,422,409,638,333,3479
5984,706,1201,1674,2334,2640,,706,495,473,660,306,3344
6157,705,1204,1676,2378,2752,,705,499,472,702,374,3405
6029,704,1176,1674,2336,2671,,704,472,498,662,335,3358
6235,704,1177,1625,2340,2748,,704,473,448,715,408,3487
6282,717,1212,1700,2411,2822,,717,495,488,711,411,3460
6438,717,1242,1731,2542,2962,,717,525,489,811,420,3476
6282,716,1211,1700,2411,2822,,716,495,489,711,411,3460
6317,746,1287,1776,2513,2915,,746,541,489,737,402,3402
6300,746,1285,1749,2467,2891,,746,539,464,718,424,3409
6360,715,1243,1726,2479,2915,,715,528,483,753,436,3445
6308,716,1216,1700,2413,2853,,716,500,484,713,440,3455
6286,718,1191,1649,2361,2801,,718,473,458,712,440,3485
6284,715,1210,1699,2410,2846,,715,495,489,711,436,3438
6414,746,1318,1802,2515,2918,,746,572,484,713,403,3496
6436,715,1213,1730,2546,2960,,715,498,517,816,414,3476
6004,673,1113,1553,2212,2599,,673,440,440,659,387,3405
6037,675,1123,1561,2248,2634,,675,448,438,687,386,3403
5946,673,1123,1561,2222,2558,,673,450,438,661,336,3388
6163,707,1184,1672,2385,2772,,707,477,488,713,387,3391
6363,746,1318,1802,2488,2893,,746,572,484,686,405,3470
6313,716,1212,1701,2413,2823,,716,496,489,712,410,3490
6313,718,1191,1704,2423,2831,,718,473,513,719,408,3482
6365,715,1206,1736,2513,2936,,715,491,530,777,423,3429
6388,748,1317,1802,2512,2915,,748,569,485,710,403,3473
6334,717,1213,1730,2438,2877,,717,496,517,708,439,3457
6308,720,1214,1701,2442,2849,,720,494,487,741,407,3459
6367,716,1241,1726,2512,2934,,716,525,485,786,422,3433
6283,716,1212,1700,2413,2824,,716,496,488,713,411,3459
6195,667,1161,1647,2361,2771,,667,494,486,714,410,3424
6289,715,1212,1701,2388,2780,,715,497,489,687,392,3509
6410,716,1243,1728,2543,2962,,716,527,485,815,419,3448
6121,655,1139,1627,2299,2693,,655,484,488,672,394,3428
6081,705,1177,1648,2350,2702,,705,472,471,702,352,3379
6147,706,1177,1675,2337,2712,,706,471,498,662,375,3435
6384,716,1242,1726,2468,2937,,716,526,484,742,469,3447
6337,715,1212,1701,2413,2846,,715,497,489,712,433,3491
6283,716,1212,1701,2412,2821,,716,496,489,711,409,3462
6257,716,1212,1699,2413,2822,,716,496,487,714,409,3435
6246,708,1211,1700,2412,2822,,708,503,489,712,410,3424
5972,704,1176,1581,2210,2544,,704,472,405,629,334,3428
6193,711,1185,1657,2361,2757,,711,474,472,704,396,3436
6288,702,1187,1656,2346,2805,,702,485,469,690,459,3483
6337,716,1215,1700,2413,2852,,716,499,485,713,439,3485
6258,716,1211,1700,2411,2821,,716,495,489,711,410,3437
6413,716,1244,1758,2513,2936,,716,528,514,755,423,3477
6314,662,1192,1677,2389,2826,,662,530,485,712,437,3488
6283,717,1212,1730,2438,2848,,717,495,518,708,410,3435
6382,717,1213,1733,2512,2936,,717,496,520,779,424,3446
6274,720,1220,1708,2419,2830,,720,500,488,711,411,3444
5996,705,1177,1605,2236,2568,,705,472,428,631,332,3428
6248,710,1185,1682,2388,2761,,710,475,497,706,373,3487
6434,745,1319,1834,2538,2990,,745,574,515,704,452,3444
6385,717,1214,1702,2444,2937,,717,497,488,742,493,3448
6372,720,1250,1763,2470,2882,,720,530,513,707,412,3490
6438,717,1242,1727,2541,2961,,717,525,485,814,420,3477
6384,744,1287,1775,2511,2935,,744,543,488,736,424,3449
6363,716,1214,1702,2443,2937,,716,498,488,741,494,3426
6259,716,1214,1702,2415,2825,,716,498,488,713,410,3434
6256,721,1221,1709,2421,2832,,721,500,488,712,411,3424
6023,704,1176,1606,2236,2569,,704,472,430,630,333,3454
6017,710,1185,1656,2361,2685,,710,475,471,705,324,3332
6258,666,1150,1633,2367,2771,,666,484,483,734,404,3487
6386,744,1289,1777,2513,2937,,744,545,488,736,424,3449
6321,721,1220,1736,2445,2843,,721,499,516,709,398,3478
6414,717,1241,1726,2514,2935,,717,524,485,788,421,3479
6384,744,1243,1728,2514,2936,,744,499,485,786,422,3448
6282,717,1211,1700,2412,2823,,717,494,489,712,411,3459
6308,717,1211,1701,2413,2846,,717,494,490,712,433,3462
6196,724,1175,1665,2373,2783,,724,451,490,708,410,3413
6365,747,1318,1831,2515,2895,,747,571,513,684,380,3470
6277,726,1225,1713,2425,2835,,726,499,488,712,410,3442
6252,717,1216,1702,2414,2823,,717,499,486,712,409,3429
6056,705,1174,1646,2348,2715,,705,469,472,702,367,3341
6087,672,1152,1624,2330,2706,,672,480,472,706,376,3381
6027,705,1178,1650,2312,2644,,705,473,472,662,332,3383
6006,704,1139,1570,2252,2628,,704,435,431,682,376,3378
6029,704,1176,1649,2312,2647,,704,472,473,663,335,3382
5955,703,1178,1610,2236,2569,,703,475,432,626,333,3386
6082,688,1156,1616,2288,2675,,688,468,460,672,387,3407
6410,745,1264,1749,2492,2933,,745,519,485,743,441,3477
6434,744,1290,1776,2541,2990,,744,546,486,765,449,3444
6284,716,1213,1701,2413,2825,,716,497,488,712,412,3459
6309,716,1213,1701,2443,2850,,716,497,488,742,407,3459
6314,716,1213,1701,2412,2823,,716,497,488,711,411,3491
6407,717,1242,1727,2513,2965,,717,525,485,786,452,3442
6414,745,1288,1728,2466,2936,,745,543,440,738,470,3478
6264,716,1214,1703,2415,2825,,716,498,489,712,410,3439
6309,717,1216,1702,2414,2849,,717,499,486,712,435,3460
6311,717,1212,1700,2412,2822,,717,495,488,712,410,3489
6415,745,1269,1782,2541,2938,,745,524,513,759,397,3477
6438,745,1289,1776,2541,2961,,745,544,487,765,420,3477
6263,716,1242,1725,2438,2848,,716,526,483,713,410,3415
6437,744,1289,1777,2513,2964,,744,545,488,736,451,3473
6331,747,1236,1724,2436,2872,,747,489,488,712,436,3459
6233,715,1212,1700,2392,2773,,715,497,488,692,381,3460
6260,716,1212,1679,2388,2802,,716,496,467,709,414,3458
6340,716,1214,1702,2415,2850,,716,498,488,713,435,3490
6285,716,1213,1700,2414,2824,,716,497,487,714,410,3461
6346,722,1221,1709,2449,2881,,722,499,488,740,432,3465
6415,748,1274,1787,2573,2969,,748,526,513,786,396,3446
6309,717,1213,1701,2415,2848,,717,496,488,714,433,3461
6283,716,1212,1705,2412,2823,,716,496,493,707,411,3460
6307,717,1211,1728,2436,2847,,717,494,517,708,411,3460
6344,721,1222,1738,2446,2857,,721,501,516,708,411,3487
6310,717,1211,1697,2369,2828,,717,494,486,672,459,3482
6340,714,1213,1699,2413,2847,,714,499,486,714,434,3493
6393,715,1245,1728,2542,2987,,715,530,483,814,445,3406
6310,716,1242,1726,2438,2848,,716,526,484,712,410,3462
6345,722,1223,1711,2422,2857,,722,501,488,711,435,3488
6036,705,1177,1647,2309,2646,,705,472,470,662,337,3390
5984,672,1153,1627,2327,2627,,672,481,474,700,300,3357
5984,704,1136,1572,2236,2594,,704,432,436,664,358,3390
6056,705,1176,1648,2311,2667,,705,471,472,663,356,3389
5935,702,1176,1604,2235,2569,,702,474,428,631,334,3366
5926,701,1175,1606,2235,2566,,701,474,431,629,331,3360
6020,701,1175,1602,2234,2575,,701,474,427,632,341,3445
6206,705,1177,1650,2353,2749,,705,472,473,703,396,3457
5956,704,1176,1608,2238,2569,,704,472,432,630,331,3387
6259,654,1185,1671,2383,2790,,654,531,486,712,407,3469
6234,717,1210,1699,2410,2797,,717,493,489,711,387,3437
6008,667,1152,1625,2328,2652,,667,485,473,703,324,3356
6060,705,1136,1615,2286,2646,,705,431,479,671,360,3414
6050,705,1178,1649,2310,2677,,705,473,471,661,367,3373
6035,705,1177,1648,2313,2645,,705,472,471,665,332,3390
6096,706,1176,1648,2312,2646,,706,470,472,664,334,3450
6019,704,1177,1609,2259,2607,,704,473,432,650,348,3412
6410,717,1243,1727,2542,2961,,717,526,484,815,419,3449
6285,716,1214,1702,2414,2824,,716,498,488,712,410,3461
6338,717,1212,1702,2413,2852,,717,495,490,711,439,3486
6363,745,1287,1776,2514,2911,,745,542,489,738,397,3452
6439,744,1289,1780,2514,2965,,744,545,491,734,451,3474
6440,717,1215,1730,2516,2966,,717,498,515,786,450,3474
6440,718,1214,1731,2438,2936,,718,496,517,707,498,3504
6382,745,1289,1806,2516,2936,,745,544,517,710,420,3446
6440,747,1318,1832,2541,2960,,747,571,514,709,419,3480
6285,717,1214,1700,2413,2825,,717,497,486,713,412,3460
6384,745,1284,1774,2509,2961,,745,539,490,735,452,3423
6311,715,1215,1731,2439,2851,,715,500,516,708,412,3460
6259,715,1209,1679,2387,2796,,715,494,470,708,409,3463
6383,717,1243,1727,2440,2938,,717,526,484,713,498,3445
6408,747,1286,1776,2540,2959,,747,539,490,764,419,3449
6409,717,1212,1728,2543,2960,,717,495,516,815,417,3449
6285,716,1215,1732,2439,2849,,716,499,517,707,410,3436
6272,720,1220,1708,2421,2830,,720,500,488,713,409,3442
6270,718,1215,1702,2415,2828,,718,497,487,713,413,3442
6158,716,1214,1702,2336,2727,,716,498,488,634,391,3431
6208,716,1214,1701,2393,2775,,716,498,487,692,382,3433
6219,716,1215,1681,2365,2749,,716,499,466,684,384,3470
6236,705,1191,1653,2364,2773,,705,486,462,711,409,3463
6257,682,1187,1674,2387,2797,,682,505,487,713,410,3460
6338,715,1200,1683,2391,2852,,715,485,483,708,461,3486
6335,716,1214,1703,2440,2878,,716,498,489,737,438,3457
6413,718,1213,1701,2443,2935,,718,495,488,742,492,3478
6372,754,1249,1737,2478,2909,,754,495,488,741,431,3463
6411,718,1242,1726,2440,2964,,718,524,484,714,524,3447
6412,715,1242,1755,2515,2934,,715,527,513,760,419,3478
6287,717,1213,1728,2437,2847,,717,496,515,709,410,3440
6364,715,1214,1731,2438,2876,,715,499,517,707,438,3488
6269,707,1158,1628,2344,2783,,707,451,470,716,439,3486
6227,717,1213,1701,2414,2824,,717,496,488,713,410,3403
6146,706,1134,1615,2301,2721,,706,428,481,686,420,3425
6184,705,1203,1673,2378,2756,,705,498,470,705,378,3428
6044,714,1189,1660,2324,2678,,714,475,471,664,354,3366
6010,703,1177,1649,2312,2646,,703,474,472,663,334,3364
6005,704,1178,1650,2311,2644,,704,474,472,661,333,3361
6117,705,1177,1648,2311,2690,,705,472,471,663,379,3427
6414,717,1213,1701,2443,2936,,717,496,488,742,493,3478
6309,715,1239,1724,2436,2847,,715,524,485,712,411,3462
6279,716,1207,1692,2409,2819,,716,491,485,717,410,3460
6261,716,1204,1687,2387,2798,,716,488,483,700,411,3463
6262,716,1217,1702,2414,2825,,716,501,485,712,411,3437
6255,716,1213,1702,2414,2778,,716,497,489,712,364,3477
6245,717,1243,1727,2417,2764,,717,526,484,690,347,3481
6165,706,1184,1666,2353,2776,,706,478,482,687,423,3389
6028,706,1203,1676,2335,2669,,706,497,473,659,334,3359
6034,705,1178,1652,2312,2647,,705,473,474,660,335,3387
6056,705,1203,1676,2337,2672,,705,498,473,661,335,3384
5929,703,1178,1607,2238,2571,,703,475,429,631,333,3358
6077,702,1178,1606,2247,2661,,702,476,428,641,414,3416
6262,712,1214,1701,2412,2853,,712,502,487,711,441,3409
6410,717,1243,1728,2543,2962,,717,526,485,815,419,3448
6309,716,1213,1730,2438,2851,,716,497,517,708,413,3458
6285,715,1214,1731,2437,2848,,715,499,517,706,411,3437
6319,721,1221,1710,2421,2832,,721,500,489,711,411,3487
6232,716,1213,1700,2413,2803,,716,497,487,713,390,3429
6385,715,1213,1701,2442,2939,,715,498,488,741,497,3446
6321,715,1243,1751,2503,2915,,715,528,508,752,412,3406
6408,744,1315,1830,2568,2962,,744,571,515,738,394,3446
6275,720,1220,1708,2381,2786,,720,500,488,673,405,3489
6338,717,1213,1702,2413,2851,,717,496,489,711,438,3487
6287,716,1213,1705,2413,2822,,716,497,492,708,409,3465
6440,716,1244,1728,2514,2962,,716,528,484,786,448,3478
6286,717,1214,1701,2415,2825,,717,497,487,714,410,3461
6314,721,1221,1708,2451,2858,,721,500,487,743,407,3456
6206,717,1212,1730,2418,2800,,717,495,518,688,382,3406
6347,745,1288,1777,2514,2903,,745,543,489,737,389,3444
6081,706,1178,1653,2353,2702,,706,472,475,700,349,3379
6005,705,1178,1650,2313,2646,,705,473,472,663,333,3359
6213,704,1178,1649,2308,2724,,704,474,471,659,416,3489
6304,717,1206,1639,2383,2821,,717,489,433,744,438,3483
6283,715,1210,1698,2409,2820,,715,495,488,711,411,3463
6415,745,1291,1777,2514,2936,,745,546,486,737,422,3479
6463,746,1318,1832,2572,2985,,746,572,514,740,413,3478
6113,708,1185,1658,2360,2735,,708,477,473,702,375,3378
6057,730,1204,1676,2339,2671,,730,474,472,663,332,3386
6012,705,1180,1651,2312,2646,,705,475,471,661,334,3366
6060,705,1179,1656,2314,2670,,705,474,477,658,356,3390
6003,706,1177,1650,2311,2644,,706,471,473,661,333,3359
6191,705,1178,1651,2310,2725,,705,473,473,659,415,3466
6307,717,1212,1699,2411,2845,,717,495,487,712,434,3462
6308,715,1213,1701,2413,2852,,715,498,488,712,439,3456
6259,716,1213,1701,2413,2823,,716,497,488,712,410,3436
6414,717,1244,1752,2518,2936,,717,527,508,766,418,3478
6338,716,1214,1702,2444,2851,,716,498,488,742,407,3487
6335,716,1214,1732,2439,2878,,716,498,518,707,439,3457
6312,716,1213,1702,2413,2824,,716,497,489,711,411,3488
6435,741,1288,1776,2543,2989,,741,547,488,767,446,3446
6284,720,1213,1701,2412,2823,,720,493,488,711,411,3461
6292,716,1215,1701,2372,2807,,716,499,486,671,435,3485
6342,717,1220,1705,2419,2857,,717,503,485,714,438,3485
6382,716,1213,1729,2466,2935,,716,497,516,737,469,3447
6294,716,1213,1729,2437,2849,,716,497,516,708,412,3445
6184,705,1179,1651,2353,2745,,705,474,472,702,392,3439
6035,707,1190,1666,2338,2670,,707,483,476,672,332,3365
6031,706,1203,1677,2338,2671,,706,497,474,661,333,3360
6011,705,1178,1651,2313,2647,,705,473,473,662,334,3364
6006,706,1178,1649,2315,2648,,706,472,471,666,333,3358
6233,705,1144,1659,2365,2754,,705,439,515,706,389,3479
6369,723,1222,1739,2451,2912,,723,499,517,712,461,3457
6368,718,1246,1758,2467,2878,,718,528,512,709,411,3490
6382,745,1287,1775,2498,2937,,745,542,488,723,439,3445
6410,718,1213,1729,2513,2965,,718,495,516,784,452,3445
6406,746,1314,1799,2540,2957,,746,568,485,741,417,3449
6363,750,1275,1759,2574,2993,,750,525,484,815,419,3370
6335,716,1217,1730,2439,2879,,716,501,513,709,440,3456
6408,744,1316,1830,2539,2960,,744,572,514,709,421,3448
6310,715,1214,1701,2414,2849,,715,499,487,713,435,3461
6312,716,1213,1729,2438,2849,,716,497,516,709,411,3463
6291,721,1219,1707,2420,2810,,721,498,488,713,390,3481
6438,707,1245,1760,2507,2993,,707,538,515,747,486,3445
6361,716,1212,1729,2437,2876,,716,496,517,708,439,3485
6385,718,1246,1732,2514,2937,,718,528,486,782,423,3448
6439,718,1246,1758,2515,2965,,718,528,512,757,450,3474
6368,723,1225,1740,2448,2913,,723,502,515,708,465,3455
6285,716,1241,1724,2437,2848,,716,525,483,713,411,3437
6311,718,1215,1702,2416,2855,,718,497,487,714,439,3456
6382,716,1213,1701,2443,2936,,716,497,488,742,493,3446
6308,718,1213,1701,2414,2849,,718,495,488,713,435,3459
6356,746,1313,1823,2535,2938,,746,567,510,712,403,3418
6320,718,1246,1730,2471,2878,,718,528,484,741,407,3442
6258,717,1214,1703,2415,2810,,717,497,489,712,395,3448
6309,717,1214,1703,2416,2850,,717,497,489,713,434,3459
6285,718,1214,1703,2415,2823,,718,496,489,712,408,3462
6370,718,1246,1730,2515,2963,,718,528,484,785,448,3407
6285,717,1215,1703,2414,2825,,717,498,488,711,411,3460
6284,717,1215,1702,2415,2826,,717,498,487,713,411,3458
6262,717,1213,1701,2415,2824,,717,496,488,714,409,3438
6210,717,1214,1703,2394,2774,,717,497,489,691,380,3436
6290,717,1216,1682,2366,2751,,717,499,466,684,385,3539
6259,718,1194,1678,2388,2771,,718,476,484,710,383,3488
6251,717,1215,1705,2415,2829,,717,498,490,710,414,3422
6259,717,1215,1701,2414,2824,,717,498,486,713,410,3435
6324,730,1257,1743,2453,2865,,730,527,486,710,412,3459
6287,717,1215,1706,2416,2850,,717,498,491,710,434,3437
6236,715,1189,1677,2390,2800,,715,474,488,713,410,3436
6384,748,1291,1779,2514,2939,,748,543,488,735,425,3445
6259,716,1163,1652,2392,2799,,716,447,489,740,407,3460
6240,717,1215,1704,2415,2825,,717,498,489,711,410,3415
5891,689,1127,1545,2175,2467,,689,438,418,630,292,3424
6035,652,1100,1557,2243,2627,,652,448,457,686,384,3408
6340,715,1217,1704,2418,2881,,715,502,487,714,463,3459
6362,716,1214,1701,2445,2882,,716,498,487,744,437,3480
6259,716,1213,1701,2413,2826,,716,497,488,712,413,3433
6386,716,1243,1752,2514,2938,,716,527,509,762,424,3448
6343,716,1244,1728,2500,2921,,716,528,484,772,421,3422
6262,717,1215,1702,2414,2853,,717,498,487,712,439,3409
6083,704,1178,1651,2355,2708,,704,474,473,704,353,3375
6033,704,1179,1652,2313,2645,,704,475,473,661,332,3388
6023,713,1185,1657,2320,2656,,713,472,472,663,336,3367
6317,689,1166,1649,2393,2825,,689,477,483,744,432,3492
6337,716,1215,1701,2441,2877,,716,499,486,740,436,3460
6409,741,1288,1777,2542,2961,,741,547,489,765,419,3448
6414,715,1242,1727,2513,2935,,715,527,485,786,422,3479
6299,716,1233,1718,2428,2839,,716,517,485,710,411,3460
6344,716,1242,1728,2498,2920,,716,526,486,770,422,3424
6442,746,1287,1776,2512,2963,,746,541,489,736,451,3479
6263,716,1215,1703,2415,2826,,716,499,488,712,411,3437
6385,746,1291,1780,2518,2938,,746,545,489,738,420,3447
6300,727,1226,1715,2406,2811,,727,499,489,691,405,3489
6237,677,1165,1653,2366,2776,,677,488,488,713,410,3461
6315,717,1214,1703,2415,2825,,717,497,489,712,410,3490
6315,718,1215,1703,2416,2825,,718,497,488,713,409,3490
6262,718,1216,1703,2416,2826,,718,498,487,713,410,3436
6312,716,1215,1704,2417,2849,,716,499,489,713,432,3463
6310,717,1243,1728,2441,2851,,717,526,485,713,410,3459
6260,716,1215,1701,2414,2823,,716,499,486,713,409,3437
6260,716,1214,1703,2413,2824,,716,498,489,710,411,3436
6289,718,1216,1704,2415,2850,,718,498,488,711,435,3439
6375,715,1216,1732,2499,2921,,715,501,516,767,422,3454
6311,717,1215,1704,2415,2850,,717,498,489,711,435,3461
6262,717,1215,1704,2415,2826,,717,498,489,711,411,3436
6287,718,1214,1703,2414,2827,,718,496,489,711,413,3460
6286,718,1215,1703,2415,2826,,718,497,488,712,411,3460
6387,750,1290,1777,2514,2938,,750,540,487,737,424,3449
6289,718,1215,1704,2415,2828,,718,497,489,711,413,3461
6312,717,1216,1733,2440,2851,,717,499,517,707,411,3461
6287,718,1217,1704,2415,2826,,718,499,487,711,411,3461
6263,717,1215,1703,2446,2853,,717,498,488,743,407,3410
6158,689,1190,1659,2340,2724,,689,501,469,681,384,3434
6263,717,1188,1678,2391,2801,,717,471,490,713,410,3462
6268,723,1221,1710,2423,2833,,723,498,489,713,410,3435
6284,718,1216,1703,2415,2827,,718,498,487,712,412,3457
6288,718,1215,1703,2415,2827,,718,497,488,712,412,3461
6311,720,1217,1703,2416,2853,,720,497,486,713,437,3458
6286,717,1215,1703,2416,2827,,717,498,488,713,411,3459
6360,744,1317,1801,2513,2912,,744,573,484,712,399,3448
6263,716,1214,1702,2415,2825,,716,498,488,713,410,3438
6390,718,1247,1732,2516,2970,,718,529,485,784,454,3420
6159,717,1215,1703,2336,2726,,717,498,488,633,390,3433
6311,718,1216,1703,2417,2850,,718,498,487,714,433,3461
6291,720,1221,1707,2420,2830,,720,501,486,713,410,3461
6326,717,1213,1702,2414,2848,,717,496,489,712,434,3478
6285,718,1215,1703,2415,2826,,718,497,488,712,411,3459
6265,718,1215,1659,2365,2776,,718,497,444,706,411,3489
6386,717,1245,1729,2516,2939,,717,528,484,787,423,3447
6312,718,1216,1705,2415,2852,,718,498,489,710,437,3460
6286,718,1215,1703,2414,2826,,718,497,488,711,412,3460
6238,717,1215,1704,2416,2826,,717,498,489,712,410,3412
6199,717,1234,1698,2380,2766,,717,517,464,682,386,3433
6386,746,1291,1778,2515,2938,,746,545,487,737,423,3448
6350,725,1225,1713,2425,2866,,725,500,488,712,441,3484
6415,718,1217,1704,2446,2938,,718,499,487,742,492,3477
6286,717,1215,1703,2416,2826,,717,498,488,713,410,3460
6315,716,1214,1702,2414,2826,,716,498,488,712,412,3489
6262,718,1217,1705,2416,2827,,718,499,488,711,411,3435
6312,718,1216,1704,2419,2853,,718,498,488,715,434,3459
6415,717,1215,1703,2445,2938,,717,498,488,742,493,3477
6289,717,1215,1703,2415,2850,,717,498,488,712,435,3439
6209,717,1216,1704,2394,2800,,717,499,488,690,406,3409
6262,718,1216,1709,2416,2829,,718,498,493,707,413,3433
6282,718,1211,1699,2411,2822,,718,493,488,712,411,3460
6309,718,1215,1702,2445,2852,,718,497,487,743,407,3457
6412,741,1290,1780,2545,2963,,741,549,490,765,418,3449
6415,719,1215,1733,2441,2939,,719,496,518,708,498,3476
6300,718,1204,1693,2404,2844,,718,486,489,711,440,3456
6284,718,1215,1702,2415,2827,,718,497,487,713,412,3457
6264,718,1214,1706,2415,2826,,718,496,492,709,411,3438
6312,718,1217,1704,2416,2852,,718,499,487,712,436,3460
6262,716,1217,1703,2416,2754,,716,501,486,713,338,3508
6286,718,1214,1704,2414,2825,,718,496,490,710,411,3461
6034,709,1201,1672,2335,2670,,709,492,471,663,335,3364
6008,707,1177,1650,2311,2644,,707,470,473,661,333,3364
6016,714,1189,1661,2322,2657,,714,475,472,661,335,3359
6340,655,1193,1731,2439,2851,,655,538,538,708,412,3489
6413,715,1241,1755,2513,2936,,715,526,514,758,423,3477
6341,716,1215,1703,2415,2858,,716,499,488,712,443,3483
6385,716,1243,1727,2513,2937,,716,527,484,786,424,3448
6358,717,1212,1698,2442,2905,,717,495,486,744,463,3453
6416,716,1216,1704,2444,2938,,716,500,488,740,494,3478
6385,744,1290,1777,2514,2937,,744,546,487,737,423,3448
6372,722,1221,1710,2451,2888,,722,499,489,741,437,3484
6311,716,1215,1703,2415,2855,,716,499,488,712,440,3456
6287,717,1219,1703,2417,2826,,717,502,484,714,409,3461
6286,717,1213,1702,2415,2824,,717,496,489,713,409,3462
6288,715,1215,1703,2415,2855,,715,500,488,712,440,3433
6379,745,1284,1771,2508,2931,,745,539,487,737,423,3448
6311,716,1240,1728,2440,2850,,716,524,488,712,410,3461
6321,715,1244,1727,2515,2918,,715,529,483,788,403,3403
6305,746,1241,1728,2440,2854,,746,495,487,712,414,3451
6339,718,1215,1703,2416,2853,,718,497,488,713,437,3486
6320,710,1198,1686,2427,2867,,710,488,488,741,440,3453
6366,747,1290,1778,2517,2936,,747,543,488,739,419,3430
6290,717,1205,1689,2391,2801,,717,488,484,702,410,3489
6414,716,1242,1756,2514,2937,,716,526,514,758,423,3477
6334,692,1218,1704,2444,2918,,692,526,486,740,474,3416
6340,716,1191,1679,2419,2854,,716,475,488,740,435,3486
6410,716,1245,1728,2544,2963,,716,529,483,816,419,3447
6333,747,1290,1808,2517,2917,,747,543,518,709,400,3416
6327,744,1309,1766,2479,2887,,744,565,457,713,408,3440
6415,745,1291,1778,2515,2939,,745,546,487,737,424,3476
6199,707,1194,1667,2370,2791,,707,487,473,703,421,3408
6025,704,1179,1651,2315,2670,,704,475,472,664,355,3355
6033,704,1180,1651,2313,2670,,704,476,471,662,357,3363
6186,704,1180,1608,2315,2725,,704,476,428,707,410,3461
6260,718,1213,1702,2414,2825,,718,495,489,712,411,3435
6260,716,1213,1703,2414,2824,,716,497,490,711,410,3436
6338,716,1242,1727,2439,2850,,716,526,485,712,411,3488
6356,744,1317,1804,2544,2938,,744,573,487,740,394,3418
6287,717,1244,1729,2441,2851,,717,527,485,712,410,3436
6314,717,1214,1703,2416,2832,,717,497,489,713,416,3482
6261,716,1195,1678,2389,2802,,716,479,483,711,413,3459
6282,717,1216,1704,2415,2827,,717,499,488,711,412,3455
6362,715,1189,1707,2414,2879,,715,474,518,707,465,3483
6286,717,1214,1702,2414,2826,,717,497,488,712,412,3460
6363,716,1246,1758,2514,2936,,716,530,512,756,422,3427
6240,717,1214,1702,2415,2851,,717,497,488,713,436,3389
6313,717,1214,1701,2415,2850,,717,497,487,714,435,3463
6333,717,1242,1727,2472,2916,,717,525,485,745,444,3417
6284,703,1189,1677,2399,2836,,703,486,488,722,437,3448
6308,715,1215,1732,2439,2850,,715,500,517,707,411,3458
6275,716,1228,1700,2405,2825,,716,512,472,705,420,3450
6157,705,1204,1677,2380,2731,,705,499,473,703,351,3426
6054,705,1179,1677,2340,2672,,705,474,498,663,332,3382
6245,655,1169,1654,2356,2776,,655,514,485,702,420,3469
6262,717,1206,1702,2414,2825,,717,489,496,712,411,3437
6386,716,1243,1752,2514,2937,,716,527,509,762,423,3449
6347,721,1253,1740,2446,2857,,721,532,487,706,411,3490
6386,746,1320,1802,2514,2937,,746,574,482,712,423,3449
6262,703,1191,1676,2389,2799,,703,488,485,713,410,3463
6383,750,1289,1808,2517,2939,,750,539,519,709,422,3444
6251,718,1160,1643,2354,2751,,718,442,483,711,397,3500
6108,705,1178,1651,2353,2706,,705,473,473,702,353,3402
5982,706,1180,1611,2262,2596,,706,474,431,651,334,3386
6056,708,1181,1653,2314,2680,,708,473,472,661,366,3376
6265,665,1111,1603,2317,2756,,665,446,492,714,439,3509
6384,718,1244,1758,2514,2936,,718,526,514,756,422,3448
6320,724,1221,1710,2423,2859,,724,497,489,713,436,3461
6386,716,1214,1732,2468,2938,,716,498,518,736,470,3448
6290,717,1212,1701,2415,2820,,717,495,489,714,405,3470
6336,717,1214,1703,2415,2880,,717,497,489,712,465,3456
6032,733,1151,1570,2278,2672,,733,418,419,708,394,3360
6032,704,1181,1655,2316,2668,,704,477,474,661,352,3364
6036,705,1180,1652,2315,2648,,705,475,472,663,333,3388
6122,705,1178,1650,2315,2670,,705,473,472,665,355,3452
6415,745,1290,1779,2515,2938,,745,545,489,736,423,3477
6314,717,1214,1702,2415,2823,,717,497,488,713,408,3491
6348,723,1223,1711,2422,2834,,723,500,488,711,412,3514
6385,716,1242,1755,2515,2937,,716,526,513,760,422,3448
6359,717,1215,1732,2439,2913,,717,498,517,707,474,3446
6409,747,1288,1778,2544,2962,,747,541,490,766,418,3447
6410,746,1290,1760,2544,2962,,746,544,470,784,418,3448
6337,717,1214,1703,2417,2879,,717,497,489,714,462,3458
6410,746,1320,1805,2543,2962,,746,574,485,738,419,3448
6386,716,1245,1729,2515,2937,,716,529,484,786,422,3449
6314,717,1214,1696,2414,2823,,717,497,482,718,409,3491
6339,716,1214,1702,2417,2851,,716,498,488,715,434,3488
6310,717,1215,1701,2443,2851,,717,498,486,742,408,3459
6415,746,1319,1804,2515,2936,,746,573,485,711,421,3479
6383,715,1243,1729,2513,2935,,715,528,486,784,422,3448
6385,715,1244,1729,2542,2992,,715,529,485,813,450,3393
6246,744,1289,1724,2427,2823,,744,545,435,703,396,3423
6191,703,1180,1653,2355,2732,,703,477,473,702,377,3459
6034,706,1181,1654,2315,2649,,706,475,473,661,334,3385
6064,715,1205,1676,2341,2673,,715,490,471,665,332,3391
6161,705,1180,1608,2315,2726,,705,475,428,707,411,3435
6413,716,1214,1731,2513,2936,,716,498,517,782,423,3477
6314,716,1215,1703,2415,2825,,716,499,488,712,410,3489
6315,717,1243,1727,2439,2850,,717,526,484,712,411,3465
6150,647,1128,1601,2302,2698,,647,481,473,701,396,3452
6184,704,1177,1650,2352,2729,,704,473,473,702,377,3455
5951,705,1168,1590,2251,2597,,705,463,422,661,346,3354
6004,705,1177,1647,2309,2645,,705,472,470,662,336,3359
6022,705,1180,1653,2312,2650,,705,475,473,659,338,3372
6124,705,1179,1652,2312,2691,,705,474,473,660,379,3433
6416,772,1291,1778,2516,2938,,772,519,487,738,422,3478
6385,717,1243,1727,2514,2936,,717,526,484,787,422,3449
6340,668,1197,1712,2438,2849,,668,529,515,726,411,3491
6440,717,1245,1730,2545,2962,,717,528,485,815,417,3478
6389,746,1318,1803,2516,2937,,746,572,485,713,421,3452
6339,717,1216,1703,2416,2854,,717,499,487,713,438,3485
6214,747,1237,1670,2379,2800,,747,490,433,709,421,3414
6084,706,1180,1653,2355,2705,,706,474,473,702,350,3379
6005,704,1177,1650,2311,2646,,704,473,473,661,335,3359
5987,706,1165,1643,2290,2623,,706,459,478,647,333,3364
6082,706,1180,1652,2357,2707,,706,474,472,705,350,3375
6094,704,1179,1652,2316,2648,,704,475,473,664,332,3446
6009,666,1156,1628,2291,2643,,666,490,472,663,352,3366
6030,704,1179,1652,2313,2647,,704,475,473,661,334,3383
6016,707,1161,1644,2314,2648,,707,454,483,670,334,3368
6037,706,1180,1654,2315,2648,,706,474,474,661,333,3389
6025,706,1138,1581,2292,2663,,706,432,443,711,371,3362
6035,706,1181,1654,2313,2648,,706,475,473,659,335,3387
6289,705,1147,1631,2369,2801,,705,442,484,738,432,3488
6287,718,1215,1704,2416,2827,,718,497,489,712,411,3460
6440,746,1290,1777,2515,2967,,746,544,487,738,452,3473
6365,717,1215,1733,2439,2881,,717,498,518,706,442,3484
6265,717,1186,1677,2390,2799,,717,469,491,713,409,3466
6384,746,1288,1806,2515,2938,,746,542,518,709,423,3446
6339,717,1215,1702,2413,2853,,717,498,487,711,440,3486
6383,717,1215,1731,2469,2937,,717,498,516,738,468,3446
6318,716,1215,1660,2401,2839,,716,499,445,741,438,3479
6340,716,1215,1730,2439,2850,,716,499,515,709,411,3490
6396,724,1253,1767,2532,2971,,724,529,514,765,439,3425
6338,718,1216,1705,2447,2880,,718,498,489,742,433,3458
6286,716,1216,1702,2391,2824,,716,500,486,689,433,3462
6310,717,1215,1703,2444,2852,,717,498,488,741,408,3458
6288,715,1216,1731,2439,2849,,715,501,515,708,410,3439
6415,702,1218,1758,2544,2939,,702,516,540,786,395,3476
6283,716,1214,1702,2413,2824,,716,498,488,711,411,3459
6261,717,1214,1703,2415,2826,,717,497,489,712,411,3435
6386,745,1290,1779,2515,2937,,745,545,489,736,422,3449
6439,747,1288,1777,2542,2962,,747,541,489,765,420,3477
6347,751,1247,1736,2449,2858,,751,496,489,713,409,3489
6216,629,1116,1604,2320,2728,,629,487,488,716,408,3488
6265,717,1216,1704,2416,2837,,717,499,488,712,421,3428
6410,717,1245,1730,2543,2962,,717,528,485,813,419,3448
6316,718,1215,1698,2415,2827,,718,497,483,717,412,3489
6341,717,1215,1705,2416,2856,,717,498,490,711,440,3485
6258,671,1164,1682,2357,2775,,671,493,518,675,418,3483
6383,715,1213,1732,2464,2937,,715,498,519,732,473,3446
6361,717,1244,1730,2512,2908,,717,527,486,782,396,3453
6417,717,1216,1731,2469,2937,,717,499,515,738,468,3480
6321,726,1225,1714,2427,2864,,726,499,489,713,437,3457
6340,717,1216,1702,2418,2851,,717,499,486,716,433,3489
6260,717,1212,1701,2413,2803,,717,495,489,712,390,3457
6312,721,1214,1729,2439,2849,,721,493,515,710,410,3463
6266,716,1191,1684,2391,2801,,716,475,493,707,410,3465
6219,715,1243,1706,2392,2776,,715,528,463,686,384,3443
6182,705,1180,1652,2355,2775,,705,475,472,703,420,3407
6036,707,1180,1653,2315,2670,,707,473,473,662,355,3366
6249,704,1180,1653,2355,2751,,704,476,473,702,396,3498
6385,717,1243,1756,2514,2937,,717,526,513,758,423,3448
6089,713,1186,1657,2361,2712,,713,473,471,704,351,3377
5970,706,1133,1549,2201,2546,,706,427,416,652,345,3424
6218,716,1214,1703,2394,2798,,716,498,489,691,404,3420
6409,744,1317,1829,2566,2962,,744,573,512,737,396,3447
6066,717,1193,1641,2301,2663,,717,476,448,660,362,3403
6016,674,1124,1564,2225,2612,,674,450,440,661,387,3404
5965,677,1107,1547,2201,2589,,677,430,440,654,388,3376
6163,682,1125,1565,2269,2705,,682,443,440,704,436,3458
6261,717,1244,1728,2414,2802,,717,527,484,686,388,3459
6441,748,1319,1803,2544,2963,,748,571,484,741,419,3478
6466,747,1269,1782,2520,2989,,747,522,513,738,469,3477
6262,717,1214,1703,2396,2788,,717,497,489,693,392,3474
6337,717,1216,1733,2441,2879,,717,499,517,708,438,3458
6438,746,1290,1779,2516,2966,,746,544,489,737,450,3472
6289,716,1243,1727,2440,2851,,716,527,484,713,411,3438
6221,718,1215,1683,2366,2752,,718,497,468,683,386,3469
6134,680,1154,1625,2328,2680,,680,474,471,703,352,3454
6385,745,1319,1803,2515,2939,,745,574,484,712,424,3446
6361,715,1216,1704,2441,2915,,715,501,488,737,474,3446
6335,715,1243,1727,2440,2878,,715,528,484,713,438,3457
6369,722,1222,1740,2473,2912,,722,500,518,733,439,3457
6266,701,1191,1678,2391,2800,,701,490,487,713,409,3466
6413,718,1216,1733,2470,2968,,718,498,517,737,498,3445
6441,745,1320,1805,2546,2963,,745,575,485,741,417,3478
6371,744,1290,1778,2468,2938,,744,546,488,690,470,3433
6195,716,1215,1682,2365,2751,,716,499,467,683,386,3444
6085,666,1156,1629,2330,2683,,666,490,473,701,353,3402
6058,707,1204,1675,2339,2693,,707,497,471,664,354,3365
6103,707,1182,1654,2316,2660,,707,475,472,662,344,3443
6385,741,1290,1778,2515,2938,,741,549,488,737,423,3447
6325,726,1201,1688,2401,2836,,726,475,487,713,435,3489
6385,716,1216,1703,2444,2938,,716,500,487,741,494,3447
6387,716,1217,1733,2441,2938,,716,501,516,708,497,3449
6387,745,1291,1808,2519,2938,,745,546,517,711,419,3449
6263,717,1243,1729,2440,2799,,717,526,486,711,359,3464
6389,745,1290,1777,2515,2965,,745,545,487,738,450,3424
6387,718,1208,1746,2517,2940,,718,490,538,771,423,3447
6416,716,1245,1729,2544,2962,,716,529,484,815,418,3454
6349,723,1224,1712,2424,2864,,723,501,488,712,440,3485
6340,717,1215,1703,2415,2850,,717,498,488,712,435,3490
6290,701,1190,1678,2390,2800,,701,489,488,712,410,3490
6316,717,1217,1704,2417,2825,,717,500,487,713,408,3491
6188,707,1172,1644,2349,2725,,707,465,472,705,376,3463
5958,705,1180,1611,2238,2573,,705,475,431,627,335,3385
6125,705,1181,1653,2313,2690,,705,476,472,660,377,3435
6310,716,1216,1703,2416,2851,,716,500,487,713,435,3459
6413,717,1244,1729,2514,2937,,717,527,485,785,423,3476
6336,716,1215,1703,2447,2881,,716,499,488,744,434,3455
6312,718,1217,1705,2441,2852,,718,499,488,736,411,3460
6316,716,1245,1729,2442,2850,,716,529,484,713,408,3466
6263,670,1167,1655,2367,2776,,670,497,488,712,409,3487
6287,717,1216,1704,2417,2827,,717,499,488,713,410,3460
6220,718,1216,1682,2365,2751,,718,498,466,683,386,3469
6194,706,1181,1654,2356,2731,,706,475,473,702,375,3463
6045,706,1181,1653,2315,2647,,706,475,472,662,332,3398
6033,706,1181,1653,2316,2648,,706,475,472,663,332,3385
6217,704,1181,1601,2345,2782,,704,477,420,744,437,3435
6416,717,1216,1732,2470,2941,,717,499,516,738,471,3475
6387,717,1216,1704,2445,2939,,717,499,488,741,494,3448
6315,717,1216,1704,2415,2828,,717,499,488,711,413,3487
6292,704,1228,1712,2452,2839,,704,524,484,740,387,3453
6349,744,1289,1778,2454,2927,,744,545,489,676,473,3422
6165,707,1181,1655,2356,2731,,707,474,474,701,375,3434
5993,712,1206,1635,2271,2606,,712,494,429,636,335,3387
6043,706,1179,1650,2314,2647,,706,473,471,664,333,3396
6033,706,1180,1653,2314,2648,,706,474,473,661,334,3385
6007,716,1151,1570,2279,2632,,716,435,419,709,353,3375
6006,705,1179,1651,2312,2649,,705,474,472,661,337,3357
5942,705,1180,1609,2240,2572,,705,475,429,631,332,3370
6012,709,1184,1657,2360,2658,,709,475,473,703,298,3354
5955,728,1230,1700,2322,2615,,728,502,470,622,293,3340
6109,706,1129,1601,2306,2725,,706,423,472,705,419,3384
6038,705,1177,1651,2313,2647,,705,472,474,662,334,3391
6006,705,1180,1652,2316,2648,,705,475,472,664,332,3358
6126,706,1182,1654,2315,2692,,706,476,472,661,377,3434
6411,717,1246,1733,2546,2964,,717,529,487,813,418,3447
6414,746,1320,1806,2516,2939,,746,574,486,710,423,3475
6315,719,1245,1729,2442,2854,,719,526,484,713,412,3461
6286,715,1214,1703,2415,2825,,715,499,489,712,410,3461
6385,716,1245,1730,2541,2924,,716,529,485,811,383,3461
6225,704,1183,1656,2357,2751,,704,479,473,701,394,3474
6249,706,1171,1645,2358,2753,,706,465,474,713,395,3496
6043,707,1181,1652,2316,2671,,707,474,471,664,355,3372
6007,706,1180,1652,2316,2648,,706,474,472,664,332,3359
5943,708,1179,1608,2239,2570,,708,471,429,631,331,3373
6058,706,1180,1652,2316,2672,,706,474,472,664,356,3386
6147,706,1185,1668,2294,2712,,706,479,483,626,418,3435
6286,717,1216,1704,2416,2826,,717,499,488,712,410,3460
6285,718,1214,1701,2414,2822,,718,496,487,713,408,3463
6412,716,1213,1701,2442,2938,,716,497,488,741,496,3474
6252,707,1135,1619,2329,2749,,707,428,484,710,420,3503
6106,705,1180,1652,2314,2711,,705,475,472,662,397,3395
6090,673,1156,1629,2331,2710,,673,483,473,702,379,3380
6057,706,1180,1653,2315,2674,,706,474,473,662,359,3383
6044,705,1181,1654,2315,2648,,705,476,473,661,333,3396
6009,706,1182,1654,2314,2650,,706,476,472,660,336,3359
6034,705,1180,1628,2290,2652,,705,475,448,662,362,3382
6008,706,1180,1651,2313,2648,,706,474,471,662,335,3360
5941,707,1183,1612,2240,2573,,707,476,429,628,333,3368
5990,710,1186,1659,2362,2660,,710,476,473,703,298,3330
6184,688,1140,1638,2341,2736,,688,452,498,703,395,3448
6043,706,1205,1623,2332,2680,,706,499,418,709,348,3363
6041,707,1182,1655,2316,2670,,707,475,473,661,354,3371
5986,704,1180,1649,2288,2622,,704,476,469,639,334,3364
6006,688,1157,1630,2290,2623,,688,469,473,660,333,3383
6009,708,1183,1656,2319,2651,,708,475,473,663,332,3358
6111,706,1180,1652,2308,2695,,706,474,472,656,387,3416
6387,716,1247,1730,2516,2939,,716,531,483,786,423,3448
6342,716,1245,1729,2442,2851,,716,529,484,713,409,3491
6341,717,1216,1704,2444,2852,,717,499,488,740,408,3489
6199,725,1200,1585,2299,2709,,725,475,385,714,410,3490
6162,717,1217,1685,2332,2707,,717,500,468,647,375,3455
6288,717,1217,1704,2418,2831,,717,500,487,714,413,3457
6337,717,1215,1731,2469,2877,,717,498,516,738,408,3460
6262,717,1216,1705,2416,2826,,717,499,489,711,410,3436
6442,746,1290,1778,2545,2964,,746,544,488,767,419,3478
6138,669,1158,1629,2331,2683,,669,489,471,702,352,3455
6387,716,1244,1727,2470,2938,,716,528,483,743,468,3449
6437,717,1244,1729,2470,2967,,717,527,485,741,497,3470
6340,746,1242,1728,2440,2852,,746,496,486,712,412,3488
6252,704,1192,1622,2330,2753,,704,488,430,708,423,3499
6268,707,1182,1655,2357,2734,,707,475,473,702,377,3534
6290,716,1216,1704,2418,2826,,716,500,488,714,408,3464
6286,717,1215,1703,2416,2827,,717,498,488,713,411,3459
6240,718,1216,1704,2415,2826,,718,498,488,711,411,3414
6263,704,1177,1689,2392,2803,,704,473,512,703,411,3460
6261,702,1219,1704,2415,2824,,702,517,485,711,409,3437
6366,717,1245,1729,2516,2939,,717,528,484,787,423,3427
6279,716,1210,1697,2409,2820,,716,494,487,712,411,3459
6313,716,1214,1701,2393,2824,,716,498,487,692,431,3489
6125,700,1172,1593,2280,2701,,700,472,421,687,421,3424
6011,703,1159,1641,2354,2652,,703,456,482,713,298,3359
6064,705,1180,1654,2313,2670,,705,475,474,659,357,3394
6009,706,1182,1656,2315,2648,,706,476,474,659,333,3361
6019,707,1181,1652,2315,2650,,707,474,471,663,335,3369
6031,707,1180,1653,2316,2649,,707,473,473,663,333,3382
6063,706,1190,1668,2340,2673,,706,484,478,672,333,3390
6016,717,1189,1662,2323,2657,,717,472,473,661,334,3359
6194,666,1182,1666,2376,2765,,666,516,484,710,389,3429
6350,726,1226,1714,2454,2861,,726,500,488,740,407,3489
6150,699,1172,1616,2306,2700,,699,473,444,690,394,3450
6014,707,1181,1653,2357,2680,,707,474,472,704,323,3334
6039,707,1182,1659,2316,2670,,707,475,477,657,354,3369
6008,706,1180,1651,2316,2648,,706,474,471,665,332,3360
6017,706,1179,1655,2314,2646,,706,473,476,659,332,3371
6005,705,1182,1654,2302,2630,,705,477,472,648,328,3375
6090,705,1178,1668,2339,2696,,705,473,490,671,357,3394
6031,706,1178,1650,2311,2647,,706,472,472,661,336,3384
5978,650,1121,1591,2229,2562,,650,471,470,638,333,3416
6058,705,1206,1703,2406,2705,,705,501,497,703,299,3353
6192,703,1134,1590,2316,2728,,703,431,456,726,412,3464
6411,744,1275,1741,2545,2964,,744,531,466,804,419,3447
6288,716,1215,1703,2415,2824,,716,499,488,712,409,3464
6388,719,1246,1729,2543,2930,,719,527,483,814,387,3458
6311,717,1216,1703,2416,2851,,717,499,487,713,435,3460
6313,716,1216,1703,2446,2853,,716,500,487,743,407,3460
6176,716,1196,1619,2306,2728,,716,480,423,687,422,3448
6033,705,1180,1653,2313,2669,,705,475,473,660,356,3364
5962,707,1179,1610,2240,2572,,707,472,431,630,332,3390
6013,712,1187,1660,2361,2661,,712,475,473,701,300,3352
6316,708,1141,1646,2341,2783,,708,433,505,695,442,3533
6288,716,1217,1735,2442,2833,,716,501,518,707,391,3455
6415,719,1246,1732,2517,2939,,719,527,486,785,422,3476
6312,717,1245,1728,2440,2850,,717,528,483,712,410,3462
6367,718,1219,1707,2447,2883,,718,501,488,740,436,3484
6417,717,1217,1704,2447,2939,,717,500,487,743,492,3478
6415,704,1231,1743,2517,2969,,704,527,512,774,452,3446
6342,716,1216,1728,2441,2851,,716,500,512,713,410,3491
6295,725,1224,1712,2424,2836,,725,499,488,712,412,3459
6245,726,1225,1693,2379,2785,,726,499,468,686,406,3460
6102,718,1162,1621,2254,2672,,718,444,459,633,418,3430
6250,705,1166,1643,2355,2750,,705,461,477,712,395,3500
6039,707,1180,1653,2315,2670,,707,473,473,662,355,3369
5932,707,1180,1611,2239,2572,,707,473,431,628,333,3360
5940,705,1180,1608,2239,2572,,705,475,428,631,333,3368
6307,741,1237,1753,2494,2876,,741,496,516,741,382,3431
6100,702,1137,1615,2259,2664,,702,435,478,644,405,3436
6168,688,1181,1653,2355,2733,,688,493,472,702,378,3435
5998,652,1140,1611,2272,2607,,652,488,471,661,335,3391
6010,707,1185,1656,2358,2683,,707,478,471,702,325,3327
6103,681,1112,1622,2297,2662,,681,431,510,675,365,3441
6167,705,1180,1653,2295,2729,,705,475,473,642,434,3438
6416,717,1216,1733,2517,2940,,717,499,517,784,423,3476
6415,717,1244,1730,2516,2938,,717,527,486,786,422,3477
6369,754,1251,1768,2476,2940,,754,497,517,708,464,3429
6415,744,1291,1778,2515,2942,,744,547,487,737,427,3473
6265,746,1237,1699,2352,2759,,746,491,462,653,407,3506
6085,666,1155,1628,2330,2727,,666,489,473,702,397,3358
6074,674,1165,1638,2341,2695,,674,491,473,703,354,3379
6109,717,1192,1665,2327,2658,,717,475,473,662,331,3451
6101,667,1111,1604,2317,2668,,667,444,493,713,351,3433
5976,706,1180,1615,2280,2619,,706,474,435,665,339,3357
6006,706,1181,1654,2318,2647,,706,475,473,664,329,3359
6009,705,1180,1652,2315,2648,,705,475,472,663,333,3361
6008,704,1178,1651,2316,2648,,704,474,473,665,332,3360
6008,705,1179,1651,2312,2648,,705,474,472,661,336,3360
6019,706,1181,1613,2289,2637,,706,475,432,676,348,3382
6034,707,1181,1654,2316,2649,,707,474,473,662,333,3385
6056,706,1205,1685,2356,2689,,706,499,480,671,333,3367
6006,707,1176,1647,2311,2644,,707,469,471,664,333,3362
6186,705,1134,1647,2394,2733,,705,429,513,747,339,3453
6217,717,1217,1627,2346,2732,,717,500,410,719,386,3485
6313,716,1220,1705,2417,2827,,716,504,485,712,410,3486
6386,745,1318,1803,2544,2939,,745,573,485,741,395,3447
6263,718,1217,1706,2417,2827,,718,499,489,711,410,3436
6292,717,1217,1704,2418,2828,,717,500,487,714,410,3464
6268,718,1217,1626,2342,2781,,718,499,409,716,439,3487
6243,718,1203,1686,2394,2805,,718,485,483,708,411,3438
6371,747,1248,1734,2518,2940,,747,501,486,784,422,3431
6344,717,1217,1705,2418,2853,,717,500,488,713,435,3491
6237,674,1131,1589,2323,2730,,674,457,458,734,407,3507
6223,716,1215,1703,2417,2769,,716,499,488,714,352,3454
6086,708,1182,1655,2356,2707,,708,474,473,701,351,3379
6009,707,1181,1653,2317,2650,,707,474,472,664,333,3359
6009,706,1183,1656,2316,2649,,706,477,473,660,333,3360
6033,707,1182,1654,2317,2650,,707,475,472,663,333,3383
6062,705,1143,1621,2331,2684,,705,438,478,710,353,3378
6007,706,1183,1669,2315,2647,,706,477,486,646,332,3360
6093,688,1115,1543,2254,2675,,688,427,428,711,421,3418
6289,717,1217,1705,2418,2827,,717,500,488,713,409,3462
6225,724,1204,1585,2328,2736,,724,480,381,743,408,3489
6174,704,1139,1618,2331,2726,,704,435,479,713,395,3448
6183,705,1181,1655,2354,2730,,705,476,474,699,376,3453
6076,705,1195,1692,2356,2690,,705,490,497,664,334,3386
6032,706,1182,1655,2316,2650,,706,476,473,661,334,3382
6009,706,1181,1654,2316,2650,,706,475,473,662,334,3359
6012,666,1113,1594,2280,2635,,666,447,481,686,355,3377
6006,706,1183,1654,2312,2646,,706,477,471,658,334,3360
6265,687,1135,1566,2322,2731,,687,448,431,756,409,3534
6389,699,1221,1734,2517,2939,,699,522,513,783,422,3450
6323,755,1251,1671,2377,2842,,755,496,420,706,465,3481
6263,716,1216,1706,2396,2804,,716,500,490,690,408,3459
6342,717,1217,1705,2418,2853,,717,500,488,713,435,3489
6288,717,1217,1705,2417,2827,,717,500,488,712,410,3461
6289,718,1221,1704,2419,2827,,718,503,483,715,408,3462
6311,717,1218,1705,2418,2854,,717,501,487,713,436,3457
6292,718,1218,1675,2369,2753,,718,500,457,694,384,3539
6267,718,1198,1655,2367,2778,,718,480,457,712,411,3489
6117,651,1127,1548,2268,2677,,651,476,421,720,409,3440
6371,707,1247,1730,2516,2964,,707,540,483,786,448,3407
6277,717,1207,1693,2407,2817,,717,490,486,714,410,3460
6264,717,1218,1709,2398,2778,,717,501,491,689,380,3486
6264,718,1218,1628,2344,2760,,718,500,410,716,416,3504
6293,717,1193,1679,2392,2827,,717,476,486,713,435,3466
6263,719,1216,1705,2419,2829,,719,497,489,714,410,3434
6288,717,1217,1706,2417,2829,,717,500,489,711,412,3459
6263,717,1217,1705,2397,2777,,717,500,488,692,380,3486
6128,717,1191,1601,2317,2728,,717,474,410,716,411,3400
6220,748,1292,1712,2417,2800,,748,544,420,705,383,3420
6263,718,1218,1705,2419,2827,,718,500,487,714,408,3436
6312,746,1268,1695,2417,2851,,746,522,427,722,434,3461
6286,717,1248,1732,2517,2861,,717,531,484,785,344,3425
6223,719,1218,1686,2369,2754,,719,499,468,683,385,3469
6085,707,1181,1652,2356,2708,,707,474,471,704,352,3377
6010,708,1182,1654,2316,2649,,708,474,472,662,333,3361
6006,707,1181,1655,2318,2650,,707,474,474,663,332,3356
6085,705,1180,1651,2330,2706,,705,475,471,679,376,3379
6008,706,1179,1650,2315,2648,,706,473,471,665,333,3360
5968,653,1064,1531,2188,2576,,653,411,467,657,388,3392
6285,717,1215,1704,2415,2826,,717,498,489,711,411,3459
6185,740,1200,1606,2315,2726,,740,460,406,709,411,3459
6263,718,1217,1706,2417,2774,,718,499,489,711,357,3489
6387,717,1245,1729,2516,2938,,717,528,484,787,422,3449
6285,721,1215,1704,2415,2825,,721,494,489,711,410,3460
6313,717,1217,1704,2417,2851,,717,500,487,713,434,3462
6312,718,1217,1705,2418,2853,,718,499,488,713,435,3459
6263,717,1139,1630,2322,2756,,717,422,491,692,434,3507
6293,718,1114,1605,2317,2757,,718,396,491,712,440,3536
5936,648,1072,1447,2093,2479,,648,424,375,646,386,3457
6251,719,1181,1655,2357,2777,,719,462,474,702,420,3474
6039,650,1065,1475,2157,2589,,650,415,410,682,432,3450
6389,717,1246,1732,2504,2940,,717,529,486,772,436,3449
6387,745,1294,1780,2517,2940,,745,549,486,737,423,3447
6288,717,1216,1705,2417,2826,,717,499,489,712,409,3462
6372,717,1245,1730,2470,2940,,717,528,485,740,470,3432
6391,746,1273,1739,2497,2902,,746,527,466,758,405,3489
6250,718,1217,1694,2358,2756,,718,499,477,664,398,3494
6086,706,1180,1652,2371,2722,,706,474,472,719,351,3364
6043,704,1182,1614,2265,2643,,704,478,432,651,378,3400
6153,719,1137,1608,2307,2726,,719,418,471,699,419,3427
5909,664,1091,1501,2155,2506,,664,427,410,654,351,3403
6163,706,1181,1635,2321,2728,,706,475,454,686,407,3435
6388,717,1217,1734,2442,2940,,717,500,517,708,498,3448
6413,716,1246,1756,2518,2967,,716,530,510,762,449,3446
6292,704,1174,1657,2368,2778,,704,470,483,711,410,3514
6238,717,1218,1734,2422,2803,,717,501,516,688,381,3435
6413,717,1243,1728,2495,2936,,717,526,485,767,441,3477
6442,747,1320,1805,2534,2964,,747,573,485,729,430,3478
6047,715,1195,1633,2270,2614,,715,480,438,637,344,3433
6075,705,1180,1611,2242,2638,,705,475,431,631,396,3437
6002,648,1063,1500,2161,2562,,648,415,437,661,401,3440
6136,707,1137,1593,2304,2674,,707,430,456,711,370,3462
6387,746,1291,1808,2517,2940,,746,545,517,709,423,3447
6388,716,1215,1732,2517,2939,,716,499,517,785,422,3449
6446,746,1293,1808,2548,2964,,746,547,515,740,416,3482
6392,747,1294,1810,2550,2966,,747,547,516,740,416,3426
6264,719,1204,1673,2382,2748,,719,485,469,709,366,3516
6313,717,1247,1730,2454,2861,,717,530,483,724,407,3452
6120,718,1196,1654,2343,2724,,718,478,458,689,381,3396
6239,719,1141,1615,2349,2782,,719,422,474,734,433,3457
6388,741,1253,1715,2447,2940,,741,512,462,732,493,3448
6263,719,1218,1706,2415,2806,,719,499,488,709,391,3457
6314,718,1218,1706,2418,2854,,718,500,488,712,436,3460
6386,747,1293,1780,2518,2940,,747,546,487,738,422,3446
6342,718,1218,1705,2448,2855,,718,500,487,743,407,3487
6288,717,1217,1705,2416,2828,,717,500,488,711,412,3460
6264,717,1217,1704,2384,2776,,717,500,487,680,392,3488
6388,746,1293,1780,2518,2940,,746,547,487,738,422,3448
6120,720,1197,1654,2342,2703,,720,477,457,688,361,3417
6188,713,1177,1588,2292,2728,,713,464,411,704,436,3460
5993,669,1108,1506,2135,2505,,669,439,398,629,370,3488
6317,719,1217,1737,2443,2852,,719,498,520,706,409,3465
6342,718,1217,1733,2442,2852,,718,499,516,709,410,3490
6398,717,1247,1731,2545,2990,,717,530,484,814,445,3408
6289,718,1218,1705,2417,2828,,718,500,487,712,411,3461
6339,719,1217,1705,2446,2881,,719,498,488,741,435,3458
6337,746,1292,1785,2517,2920,,746,546,493,732,403,3417
6301,746,1277,1745,2486,2858,,746,531,468,741,372,3443
6101,706,1180,1653,2317,2673,,706,474,473,664,356,3428
6251,716,1191,1626,2330,2749,,716,475,435,704,419,3502
5961,666,1064,1476,2113,2497,,666,398,412,637,384,3464
6267,717,1216,1653,2367,2778,,717,499,437,714,411,3489
6388,718,1248,1732,2516,2940,,718,530,484,784,424,3448
6316,715,1216,1703,2414,2825,,715,501,487,711,411,3491
6268,717,1193,1680,2392,2803,,717,476,487,712,411,3465
6375,718,1248,1733,2518,2965,,718,530,485,785,447,3410
6336,717,1246,1733,2516,2918,,717,529,487,783,402,3418
6138,717,1198,1656,2328,2694,,717,481,458,672,366,3444
6417,717,1247,1756,2518,2927,,717,530,509,762,409,3490
6247,715,1216,1667,2382,2776,,715,501,451,715,394,3471
5851,645,1065,1478,2113,2407,,645,420,413,635,294,3444
6264,707,1183,1610,2319,2758,,707,476,427,709,439,3506
6417,718,1218,1734,2517,2940,,718,500,516,783,423,3477
6214,680,1168,1636,2343,2754,,680,488,468,707,411,3460
6251,719,1183,1631,2332,2751,,719,464,448,701,419,3500
6022,690,1166,1639,2300,2656,,690,476,473,661,356,3366
6189,706,1140,1594,2322,2730,,706,434,454,728,408,3459
6314,718,1217,1706,2418,2859,,718,499,489,712,441,3455
6337,746,1321,1805,2466,2902,,746,575,484,661,436,3435
6248,716,1245,1692,2380,2799,,716,529,447,688,419,3449
5949,664,1091,1502,2137,2459,,664,427,411,635,322,3490
6293,705,1182,1631,2372,2779,,705,477,449,741,407,3514
6413,717,1217,1735,2547,2966,,717,500,518,812,419,3447
6442,746,1292,1780,2545,2964,,746,546,488,765,419,3478
6418,719,1247,1731,2518,2940,,719,528,484,787,422,3478
6274,717,1203,1691,2404,2815,,717,486,488,713,411,3459
6313,717,1217,1734,2442,2852,,717,500,517,708,410,3461
6235,716,1215,1704,2416,2806,,716,499,489,712,390,3429
6098,703,1175,1642,2308,2677,,703,472,467,666,369,3421
6024,705,1181,1612,2241,2574,,705,476,431,629,333,3450
5848,648,1058,1461,2086,2420,,648,410,403,625,334,3428
6168,707,1181,1612,2262,2677,,707,474,431,650,415,3491
6319,718,1218,1705,2418,2829,,718,500,487,713,411,3490
6289,717,1217,1734,2442,2852,,717,500,517,708,410,3437
6343,718,1217,1705,2417,2858,,718,499,488,712,441,3485
6315,716,1216,1702,2414,2825,,716,500,486,712,411,3490
6418,749,1292,1781,2464,2940,,749,543,489,683,476,3478
6237,717,1217,1709,2417,2806,,717,500,492,708,389,3431
6393,717,1217,1735,2547,2911,,717,500,518,812,364,3482
6290,744,1241,1757,2445,2826,,744,497,516,688,381,3464
5956,689,1098,1511,2146,2497,,689,409,413,635,351,3459
5976,705,1180,1585,2213,2547,,705,475,405,628,334,3429
6183,706,1181,1652,2358,2733,,706,475,471,706,375,3450
6314,718,1217,1705,2418,2853,,718,499,488,713,435,3461
6286,716,1216,1704,2416,2827,,716,500,488,712,411,3459
6317,716,1216,1704,2416,2826,,716,500,488,712,410,3491
6263,742,1255,1692,2393,2803,,742,513,437,701,410,3460
6337,746,1322,1805,2497,2917,,746,576,483,692,420,3420
6295,719,1218,1707,2418,2809,,719,499,489,711,391,3486
6170,725,1200,1668,2351,2731,,725,475,468,683,380,3439
5906,703,1140,1556,2190,2523,,703,437,416,634,333,3383
5976,646,1065,1476,2145,2540,,646,419,411,669,395,3436
6084,709,1181,1651,2358,2711,,709,472,470,707,353,3373
5968,715,1189,1620,2249,2582,,715,474,431,629,333,3386
5933,705,1181,1608,2242,2574,,705,476,427,634,332,3359
6390,780,1292,1780,2497,2903,,780,512,488,717,406,3487
6227,742,1254,1676,2371,2793,,742,512,422,695,422,3434
6136,706,1181,1652,2357,2733,,706,475,471,705,376,3403
5993,705,1182,1655,2290,2623,,705,477,473,635,333,3370
5937,707,1183,1589,2215,2555,,707,476,406,626,340,3382
5969,706,1115,1528,2164,2498,,706,409,413,636,334,3471
6177,743,1254,1676,2347,2745,,743,511,422,671,398,3432
6035,707,1182,1656,2358,2681,,707,475,474,702,323,3354
6044,714,1189,1661,2324,2680,,714,475,472,663,356,3364
5925,706,1181,1613,2238,2569,,706,475,432,625,331,3356
6102,708,1194,1630,2270,2668,,708,486,436,640,398,3434
5949,646,1064,1476,2164,2557,,646,418,412,688,393,3392
6109,705,1179,1651,2354,2703,,705,474,472,703,349,3406
5971,707,1182,1613,2239,2574,,707,475,431,626,335,3397
5910,708,1183,1589,2217,2552,,708,475,406,628,335,3358
5950,706,1114,1528,2163,2499,,706,408,414,635,336,3451
5998,647,1061,1472,2158,2562,,647,414,411,686,404,3436
5989,707,1182,1655,2357,2655,,707,475,473,702,298,3334
6013,714,1190,1662,2324,2657,,714,476,472,662,333,3356
5958,707,1181,1636,2265,2599,,707,474,455,629,334,3359
6292,655,1178,1660,2348,2779,,655,523,482,688,431,3513
6228,744,1256,1700,2404,2759,,744,512,444,704,355,3469
6135,707,1182,1654,2356,2730,,707,475,472,702,374,3405
5947,708,1182,1612,2241,2575,,708,474,430,629,334,3372
5920,701,1192,1598,2224,2558,,701,491,406,626,334,3362
5951,706,1115,1524,2165,2501,,706,409,409,641,336,3450
5952,666,1066,1477,2113,2518,,666,400,411,636,405,3434
6008,709,1182,1656,2317,2650,,709,473,474,661,333,3358
6425,746,1283,1796,2533,2979,,746,537,513,737,446,3446
6289,719,1218,1705,2418,2828,,719,499,487,713,410,3461
6315,717,1218,1704,2416,2827,,717,501,486,712,411,3488
6252,747,1260,1705,2361,2752,,747,513,445,656,391,3500
6212,706,1181,1678,2383,2774,,706,475,497,705,391,3438
5945,707,1182,1612,2240,2573,,707,475,430,628,333,3372
6123,701,1193,1665,2368,2744,,701,492,472,703,376,3379
5949,647,1065,1542,2191,2523,,647,418,477,649,332,3426
6002,707,1183,1589,2215,2555,,707,476,406,626,340,3447
6083,706,1181,1652,2356,2705,,706,475,471,704,349,3378
6034,706,1179,1652,2355,2679,,706,473,473,703,324,3355
6032,706,1180,1652,2314,2647,,706,474,472,662,333,3385
6163,703,1136,1562,2251,2681,,703,433,426,689,430,3482
6266,747,1261,1723,2444,2776,,747,514,462,721,332,3490
6264,718,1218,1706,2418,2831,,718,500,488,712,413,3433
6287,717,1218,1707,2417,2826,,717,501,489,710,409,3461
6154,717,1211,1699,2332,2720,,717,494,488,633,388,3434
6143,719,1218,1632,2304,2666,,719,499,414,672,362,3477
6139,719,1140,1607,2292,2678,,719,421,467,685,386,3461
6289,719,1219,1707,2419,2828,,719,500,488,712,409,3461
6291,719,1219,1707,2419,2830,,719,500,488,712,411,3461
6389,719,1218,1706,2447,2941,,719,499,488,741,494,3448
6315,720,1220,1709,2419,2855,,720,500,489,710,436,3460
6163,719,1140,1631,2322,2728,,719,421,491,691,406,3435
6147,719,1197,1657,2344,2729,,719,478,460,687,385,3418
6016,706,1182,1653,2315,2649,,706,476,471,662,334,3367
6165,690,1186,1703,2390,2756,,690,496,517,687,366,3409
6340,748,1323,1762,2476,2878,,748,575,439,714,402,3462
6340,719,1219,1707,2422,2883,,719,500,488,715,461,3457
6374,724,1224,1740,2450,2884,,724,500,516,710,434,3490
6290,720,1219,1707,2419,2830,,720,499,488,712,411,3460
6225,717,1215,1684,2391,2746,,717,498,469,707,355,3479
6111,708,1182,1613,2305,2701,,708,474,431,692,396,3410
6051,708,1182,1655,2334,2691,,708,474,473,679,357,3360
5989,680,1158,1631,2289,2625,,680,478,473,658,336,3364
5945,707,1181,1611,2240,2574,,707,474,430,629,334,3371
5907,653,1130,1561,2188,2524,,653,477,431,627,336,3383
5952,706,1138,1553,2194,2523,,706,432,415,641,329,3429
6061,708,1183,1655,2362,2707,,708,475,472,707,345,3354
6097,707,1185,1656,2358,2708,,707,478,471,702,350,3389
6009,680,1156,1628,2290,2651,,680,476,472,662,361,3358
6034,707,1181,1653,2317,2654,,707,474,472,664,337,3380
6086,708,1182,1680,2347,2703,,708,474,498,667,356,3383
6013,707,1181,1653,2316,2652,,707,474,472,663,336,3361
6042,715,1183,1653,2316,2650,,715,468,470,663,334,3392
5947,708,1182,1612,2241,2572,,708,474,430,629,331,3375
5936,707,1182,1587,2215,2563,,707,475,405,628,348,3373
5952,706,1116,1527,2168,2498,,706,410,411,641,330,3454
5982,705,1178,1650,2354,2653,,705,473,472,704,299,3329
6113,708,1184,1656,2333,2710,,708,476,472,677,377,3403
6062,718,1209,1706,2366,2701,,718,491,497,660,335,3361
6120,668,1116,1570,2259,2630,,668,448,454,689,371,3490
6415,718,1248,1763,2469,2972,,718,530,515,706,503,3443
6389,748,1293,1810,2521,2945,,748,545,517,711,424,3444
6090,669,1157,1629,2336,2730,,669,488,472,707,394,3360
6016,706,1178,1649,2313,2648,,706,472,471,664,335,3368
5956,703,1180,1609,2238,2595,,703,477,429,629,357,3361
5919,705,1117,1531,2170,2501,,705,412,414,639,331,3418
6289,718,1219,1706,2419,2833,,718,501,487,713,414,3456
6264,717,1219,1706,2418,2828,,717,502,487,712,410,3436
6313,713,1218,1705,2417,2827,,713,505,487,712,410,3486
6314,719,1218,1705,2418,2860,,719,499,487,713,442,3454
6238,718,1217,1706,2419,2781,,718,499,489,713,362,3457
6241,720,1140,1631,2351,2787,,720,420,491,720,436,3454
6144,704,1192,1659,2343,2729,,704,488,467,684,386,3415
6044,708,1184,1656,2316,2650,,708,476,472,660,334,3394
6144,663,1167,1655,2349,2727,,663,504,488,694,378,3417
6144,718,1195,1639,2302,2663,,718,477,444,663,361,3481
6389,717,1245,1785,2513,2939,,717,528,540,728,426,3450
6265,718,1218,1706,2418,2828,,718,500,488,712,410,3437
6278,724,1205,1687,2400,2809,,724,481,482,713,409,3469
6372,747,1293,1780,2503,2927,,747,546,487,723,424,3445
6390,745,1319,1833,2518,2899,,745,574,514,685,381,3491
6169,719,1219,1706,2318,2675,,719,500,487,612,357,3494
6340,702,1219,1704,2417,2855,,702,517,485,713,438,3485
6333,749,1321,1835,2524,2915,,749,572,514,689,391,3418
6265,718,1217,1706,2418,2828,,718,499,489,712,410,3437
6369,717,1245,1755,2482,2904,,717,528,510,727,422,3465
6319,748,1292,1810,2446,2835,,748,544,518,636,389,3484
6340,719,1217,1706,2418,2883,,719,498,489,712,465,3457
6224,688,1194,1694,2381,2776,,688,506,500,687,395,3448
6114,707,1182,1656,2357,2731,,707,475,474,701,374,3383
6020,707,1182,1657,2316,2650,,707,475,475,659,334,3370
6119,707,1182,1652,2317,2699,,707,475,470,665,382,3420
6314,719,1209,1726,2444,2855,,719,490,517,718,411,3459
6386,718,1247,1732,2518,2940,,718,529,485,786,422,3446
6330,748,1295,1783,2502,2920,,748,547,488,719,418,3410
6338,745,1320,1780,2476,2897,,745,575,460,696,421,3441
6391,748,1295,1782,2503,2943,,748,547,487,721,440,3448
6443,746,1293,1810,2548,2965,,746,547,517,738,417,3478
6153,705,1140,1618,2307,2727,,705,435,478,689,420,3426
6036,705,1181,1652,2316,2672,,705,476,471,664,356,3364
6046,707,1182,1652,2317,2651,,707,475,470,665,334,3395
6016,708,1182,1655,2317,2650,,708,474,473,662,333,3366
5989,706,1149,1620,2266,2602,,706,443,471,646,336,3387
5987,708,1183,1613,2242,2575,,708,475,430,629,333,3412
6248,747,1202,1711,2449,2835,,747,455,509,738,386,3413
6294,750,1295,1758,2437,2800,,750,545,463,679,363,3494
6377,748,1293,1781,2506,2944,,748,545,488,725,438,3433
6183,705,1182,1654,2356,2773,,705,477,472,702,417,3410
6065,709,1184,1675,2341,2698,,709,475,491,666,357,3367
6009,708,1182,1656,2316,2651,,708,474,474,660,335,3358
5791,649,1067,1477,2115,2449,,649,418,410,638,334,3342
5712,625,1019,1414,2044,2362,,625,394,395,630,318,3350
5744,626,1020,1415,2045,2390,,626,394,395,630,345,3354
5912,700,1144,1558,2193,2527,,700,444,414,635,334,3385
6099,656,1102,1570,2269,2683,,656,446,468,699,414,3416
6196,755,1281,1694,2364,2753,,755,526,413,670,389,3443
6314,719,1219,1706,2417,2853,,719,500,487,711,436,3461
6290,720,1220,1706,2419,2829,,720,500,486,713,410,3461
6165,719,1199,1623,2319,2730,,719,480,424,696,411,3435
6265,719,1219,1707,2419,2831,,719,500,488,712,412,3434
6310,717,1216,1702,2415,2851,,717,499,486,713,436,3459
6269,721,1220,1707,2436,2844,,721,499,487,729,408,3425
6064,649,1066,1543,2229,2645,,649,417,477,686,416,3419
6087,709,1183,1656,2359,2709,,709,474,473,703,350,3378
5950,705,1139,1592,2253,2575,,705,434,453,661,322,3375
5953,707,1139,1555,2189,2523,,707,432,416,634,334,3430
6138,705,1179,1635,2288,2681,,705,474,456,653,393,3457
6286,716,1220,1704,2416,2827,,716,504,484,712,411,3459
6150,718,1197,1623,2307,2702,,718,479,426,684,395,3448
6089,711,1183,1654,2359,2709,,711,472,471,705,350,3380
6045,707,1182,1655,2315,2649,,707,475,473,660,334,3396
6194,707,1183,1631,2327,2702,,707,476,448,696,375,3492
6152,705,1144,1623,2333,2729,,705,439,479,710,396,3423
6009,707,1182,1656,2315,2652,,707,475,474,659,337,3357
6071,707,1183,1613,2300,2665,,707,476,430,687,365,3406
6332,750,1294,1782,2483,2901,,750,544,488,701,418,3431
6414,719,1250,1735,2521,2971,,719,531,485,786,450,3443
6316,720,1218,1735,2443,2854,,720,498,517,708,411,3462
6278,749,1277,1707,2407,2827,,749,528,430,700,420,3451
6003,708,1185,1623,2334,2635,,708,477,438,711,301,3368
6021,708,1182,1654,2317,2651,,708,474,472,663,334,3370
6143,708,1183,1637,2291,2714,,708,475,454,654,423,3429
6226,721,1181,1627,2333,2752,,721,460,446,706,419,3474
6018,706,1181,1653,2314,2649,,706,475,472,661,335,3369
6118,708,1141,1597,2285,2691,,708,433,456,688,406,3427
6366,718,1249,1761,2503,2915,,718,531,512,742,412,3451
6320,720,1220,1708,2421,2823,,720,500,488,713,402,3497
6320,719,1219,1707,2420,2854,,719,500,488,713,434,3466
6116,720,1141,1548,2222,2661,,720,421,407,674,439,3455
6291,720,1219,1708,2419,2829,,720,499,489,711,410,3462
6288,718,1215,1706,2416,2850,,718,497,491,710,434,3438
6224,720,1220,1687,2370,2755,,720,500,467,683,385,3469
6211,711,1184,1638,2335,2755,,711,473,454,697,420,3456
6035,709,1185,1657,2315,2652,,709,476,472,658,337,3383
6168,711,1186,1635,2335,2741,,711,475,449,700,406,3427
6340,720,1248,1732,2545,2894,,720,528,484,813,349,3446
6345,721,1221,1707,2419,2859,,721,500,486,712,440,3486
6390,717,1220,1736,2519,2940,,717,503,516,783,421,3450
6177,718,1217,1674,2348,2744,,718,499,457,674,396,3433
6169,707,1182,1653,2357,2732,,707,475,471,704,375,3437
6047,709,1183,1656,2317,2653,,709,474,473,661,336,3394
6018,711,1184,1655,2316,2652,,711,473,471,661,336,3366
6003,708,1182,1658,2308,2654,,708,474,476,650,346,3349
6037,711,1185,1660,2317,2653,,711,474,475,657,336,3384
5926,708,1183,1612,2248,2572,,708,475,429,636,324,3354
6022,703,1152,1590,2255,2591,,703,449,438,665,336,3431
6248,705,1180,1651,2354,2772,,705,475,471,703,418,3476
6109,666,1158,1631,2333,2725,,666,492,473,702,392,3384
6028,707,1183,1656,2316,2671,,707,476,473,660,355,3357
6064,711,1210,1684,2342,2698,,711,499,474,658,356,3366
6043,708,1180,1676,2339,2674,,708,472,496,663,335,3369
6071,708,1183,1633,2294,2692,,708,475,450,661,398,3379
6253,749,1279,1711,2408,2826,,749,530,432,697,418,3427
6010,709,1184,1655,2318,2652,,709,475,471,663,334,3358
6167,707,1184,1634,2315,2729,,707,477,450,681,414,3438
6340,748,1323,1837,2520,2900,,748,575,514,683,380,3440
6127,719,1218,1685,2333,2704,,719,499,467,648,371,3423
5934,708,1183,1656,2278,2595,,708,475,473,622,317,3339
6030,709,1184,1655,2316,2660,,709,475,471,661,344,3370
5935,709,1183,1610,2241,2574,,709,474,427,631,333,3361
6138,709,1133,1645,2317,2687,,709,424,512,672,370,3451
6101,717,1218,1685,2333,2675,,717,501,467,648,342,3426
6212,705,1184,1655,2357,2748,,705,479,471,702,391,3464
6031,705,1180,1652,2315,2649,,705,475,472,663,334,3382
5977,708,1184,1638,2269,2617,,708,476,454,631,348,3360
6002,708,1183,1612,2244,2574,,708,475,429,632,330,3428
6126,705,1181,1610,2331,2677,,705,476,429,721,346,3449
6085,707,1181,1652,2355,2704,,707,474,471,703,349,3381
6038,707,1182,1655,2316,2652,,707,475,473,661,336,3386
6039,707,1182,1679,2340,2676,,707,475,497,661,336,3363
5943,709,1183,1611,2243,2574,,709,474,428,632,331,3369
5951,706,1117,1529,2167,2500,,706,411,412,638,333,3451
5910,708,1183,1655,2277,2567,,708,475,472,622,290,3343
6043,707,1181,1653,2315,2650,,707,474,472,662,335,3393
5940,706,1181,1609,2239,2572,,706,475,428,630,333,3368
6002,706,1183,1611,2240,2574,,706,477,428,629,334,3428
5984,714,1124,1535,2173,2506,,714,410,411,638,333,3478
5934,707,1182,1654,2278,2594,,707,475,472,624,316,3340
6041,709,1183,1656,2316,2673,,709,474,473,660,357,3368
6035,709,1184,1682,2342,2677,,709,475,498,660,335,3358
5968,710,1184,1615,2268,2601,,710,474,431,653,333,3367
5953,708,1116,1528,2165,2488,,708,408,412,637,323,3465
5885,709,1183,1656,2263,2555,,709,474,473,607,292,3330
6010,710,1184,1656,2317,2653,,710,474,472,661,336,3357
5954,708,1184,1615,2241,2576,,708,476,431,626,335,3378
6002,708,1182,1588,2215,2550,,708,474,406,627,335,3452
5986,716,1149,1564,2198,2532,,716,433,415,634,334,3454
6037,709,1182,1656,2317,2673,,709,473,474,661,356,3364
6002,707,1181,1607,2241,2575,,707,474,426,634,334,3427
6040,709,1184,1656,2317,2673,,709,475,472,661,356,3367
5969,709,1209,1639,2270,2601,,709,500,430,631,331,3368
5976,708,1138,1554,2190,2526,,708,430,416,636,336,3450
5884,707,1182,1654,2262,2552,,707,475,472,608,290,3332
6033,709,1184,1657,2318,2651,,709,475,473,661,333,3382
5947,709,1185,1616,2244,2576,,709,476,431,628,332,3371
5996,707,1177,1584,2239,2569,,707,470,407,655,330,3427
5986,703,1148,1563,2199,2536,,703,445,415,636,337,3450
5908,707,1181,1654,2277,2568,,707,474,473,623,291,3340
6040,680,1159,1630,2293,2649,,680,479,471,663,356,3391
6011,709,1185,1657,2316,2651,,709,476,472,659,335,3360
5933,709,1183,1612,2242,2575,,709,474,429,630,333,3358
5952,712,1115,1527,2164,2495,,712,403,412,637,331,3457
5909,708,1182,1653,2265,2566,,708,474,471,612,301,3343
6009,711,1184,1655,2316,2654,,711,473,471,661,338,3355
5945,708,1183,1611,2242,2575,,708,475,428,631,333,3370
6001,707,1181,1611,2241,2574,,707,474,430,630,333,3427
6179,745,1231,1694,2365,2718,,745,486,463,671,353,3461
6414,747,1293,1782,2522,2969,,747,546,489,740,447,3445
6266,719,1195,1682,2395,2806,,719,476,487,713,411,3460
6314,718,1218,1706,2418,2854,,718,500,488,712,436,3460
6298,718,1219,1707,2420,2830,,718,501,488,713,410,3468
6163,720,1220,1682,2352,2740,,720,500,462,670,388,3423
6268,720,1222,1709,2351,2755,,720,502,487,642,404,3513
6314,721,1219,1707,2448,2856,,721,498,488,741,408,3458
6372,723,1221,1710,2451,2944,,723,498,489,741,493,3428
6293,718,1194,1710,2395,2760,,718,476,516,685,365,3533
6190,718,1218,1705,2393,2728,,718,500,487,688,335,3462
6293,718,1219,1706,2418,2829,,718,501,487,712,411,3464
6253,719,1220,1707,2419,2797,,719,501,487,712,378,3456
6038,705,1179,1653,2313,2670,,705,474,474,660,357,3368
5957,705,1180,1610,2238,2572,,705,475,430,628,334,3385
6002,706,1182,1609,2240,2574,,706,476,427,631,334,3428
6185,707,1181,1653,2358,2749,,707,474,472,705,391,3436
5960,709,1182,1612,2265,2602,,709,473,430,653,337,3358
5943,706,1182,1610,2240,2572,,706,476,428,630,332,3371
6003,708,1182,1609,2242,2575,,708,474,427,633,333,3428
5978,707,1139,1553,2191,2525,,707,432,414,638,334,3453
5909,709,1182,1651,2277,2573,,709,473,469,626,296,3336
6040,710,1183,1656,2316,2650,,710,473,473,660,334,3390
5956,705,1181,1611,2238,2572,,705,476,430,627,334,3384
5933,705,1182,1612,2239,2572,,705,477,430,627,333,3361
5978,709,1182,1587,2215,2549,,709,473,405,628,334,3429
5908,707,1182,1653,2277,2572,,707,475,471,624,295,3336
6008,708,1182,1655,2318,2651,,708,474,473,663,333,3357
5955,703,1193,1621,2251,2584,,703,490,428,630,333,3371
6002,706,1182,1608,2239,2572,,706,476,426,631,333,3430
5952,707,1141,1554,2165,2500,,707,434,413,611,335,3452
6086,708,1184,1656,2357,2709,,708,476,472,701,352,3377
5935,705,1179,1608,2238,2571,,705,474,429,630,333,3364
5979,707,1140,1556,2190,2529,,707,433,416,634,339,3450
6007,705,1180,1651,2314,2650,,705,475,471,663,336,3357
5976,706,1139,1554,2189,2525,,706,433,415,635,336,3451
5972,708,1184,1574,2260,2601,,708,476,390,686,341,3371
5936,710,1184,1614,2242,2576,,710,474,430,628,334,3360
6122,700,1168,1641,2343,2717,,700,468,473,702,374,3405
5955,698,1101,1535,2174,2524,,698,403,434,639,350,3431
6052,686,1182,1655,2291,2625,,686,496,473,636,334,3427
6251,707,1184,1657,2357,2748,,707,477,473,700,391,3503
6283,711,1187,1659,2363,2780,,711,476,472,704,417,3503
6033,707,1182,1654,2316,2651,,707,475,472,662,335,3382
5974,704,1180,1586,2213,2549,,704,476,406,627,336,3425
5954,667,1093,1503,2140,2493,,667,426,410,637,353,3461
6038,707,1182,1654,2317,2675,,707,475,472,663,358,3363
5959,707,1182,1612,2240,2575,,707,475,430,628,335,3384
5958,703,1196,1627,2254,2588,,703,493,431,627,334,3370
5998,705,1180,1607,2241,2573,,705,475,427,634,332,3425
6104,683,1136,1582,2259,2663,,683,453,446,677,404,3441
6185,707,1183,1681,2383,2801,,707,476,498,702,418,3384
5938,707,1182,1612,2242,2575,,707,475,430,630,333,3363
5931,704,1179,1608,2239,2573,,704,475,429,631,334,3358
5996,703,1176,1604,2238,2570,,703,473,428,634,332,3426
5949,667,1094,1501,2163,2499,,667,427,407,662,336,3450
5934,708,1183,1654,2277,2596,,708,475,471,623,319,3338
5935,709,1185,1615,2243,2574,,709,476,430,628,331,3361
5918,660,1132,1563,2189,2521,,660,472,431,626,332,3397
5981,709,1182,1587,2216,2549,,709,473,405,629,333,3432
5876,669,1074,1480,2116,2450,,669,405,406,636,334,3426
5934,709,1182,1653,2277,2596,,709,473,471,624,319,3338
6065,709,1211,1684,2341,2676,,709,502,473,657,335,3389
5984,705,1180,1636,2266,2598,,705,475,456,630,332,3386
5931,705,1179,1586,2216,2547,,705,474,407,630,331,3384
5952,706,1116,1527,2165,2500,,706,410,411,638,335,3452
5935,709,1183,1652,2278,2598,,709,474,469,626,320,3337
5961,709,1142,1580,2241,2579,,709,433,438,661,338,3382
5945,707,1181,1608,2241,2574,,707,474,427,633,333,3371
5998,709,1182,1608,2240,2575,,709,473,426,632,335,3423
5948,670,1093,1499,2136,2470,,670,423,406,637,334,3478
5910,711,1182,1652,2277,2572,,711,471,470,625,295,3338
6013,711,1184,1655,2318,2651,,711,473,471,663,333,3362
5931,703,1178,1610,2237,2571,,703,475,432,627,334,3360
5982,704,1180,1634,2266,2598,,704,476,454,632,332,3384
5953,667,1067,1479,2114,2451,,667,400,412,635,337,3502
5911,707,1183,1654,2278,2572,,707,476,471,624,294,3339
5960,709,1185,1620,2258,2585,,709,476,435,638,327,3375
5942,707,1183,1611,2241,2573,,707,476,428,630,332,3369
5997,705,1182,1613,2240,2572,,705,477,431,627,332,3425
6066,690,1118,1571,2231,2598,,690,428,453,660,367,3468
6415,719,1249,1734,2520,2942,,719,530,485,786,422,3473
6389,721,1249,1734,2520,2941,,721,528,485,786,421,3448
6292,719,1220,1708,2420,2830,,719,501,488,712,410,3462
6321,719,1220,1707,2419,2830,,719,501,487,712,411,3491
6294,747,1281,1729,2407,2776,,747,534,448,678,369,3518
6252,719,1219,1708,2399,2792,,719,500,489,691,393,3460
6187,708,1184,1682,2383,2802,,708,476,498,701,419,3385
5921,661,1133,1561,2191,2524,,661,472,428,630,333,3397
6074,707,1183,1654,2314,2652,,707,476,471,660,338,3422
6092,669,1114,1590,2258,2651,,669,445,476,668,393,3441
6391,721,1249,1789,2520,2942,,721,528,540,731,422,3449
6242,708,1196,1683,2396,2805,,708,488,487,713,409,3437
6342,720,1222,1708,2421,2884,,720,502,486,713,463,3458
6318,719,1219,1706,2419,2828,,719,500,487,713,409,3490
6254,719,1247,1708,2376,2751,,719,528,461,668,375,3503
5935,709,1183,1653,2278,2597,,709,474,470,625,319,3338
6010,709,1186,1661,2318,2653,,709,477,475,657,335,3357
5916,660,1137,1567,2195,2529,,660,477,430,628,334,3387
6025,709,1184,1615,2243,2576,,709,475,431,628,333,3449
6042,669,1111,1577,2258,2604,,669,442,466,681,346,3438
6315,720,1219,1707,2420,2854,,720,499,488,713,434,3461
6289,720,1220,1710,2420,2829,,720,500,490,710,409,3460
6417,721,1249,1760,2520,2971,,721,528,511,760,451,3446
6319,720,1194,1682,2424,2856,,720,474,488,742,432,3463
6214,746,1273,1731,2401,2764,,746,527,458,670,363,3450
6353,749,1296,1812,2500,2903,,749,547,516,688,403,3450
6075,706,1172,1644,2346,2697,,706,466,472,702,351,3378
6045,682,1104,1574,2283,2662,,682,422,470,709,379,3383
6003,708,1182,1611,2243,2574,,708,474,429,632,331,3429
6015,668,1090,1530,2209,2578,,668,422,440,679,369,3437
6315,720,1219,1707,2419,2858,,720,499,488,712,439,3457
6264,720,1220,1708,2420,2830,,720,500,488,712,410,3434
6292,719,1218,1707,2418,2828,,719,499,489,711,410,3464
6315,720,1220,1708,2420,2855,,720,500,488,712,435,3460
6415,746,1270,1784,2508,2930,,746,524,514,724,422,3485
6365,748,1293,1782,2497,2917,,748,545,489,715,420,3448
6289,719,1217,1707,2417,2830,,719,498,490,710,413,3459
6188,710,1163,1647,2361,2754,,710,453,484,714,393,3434
6318,721,1220,1709,2420,2830,,721,499,489,711,410,3488
6174,715,1203,1694,2378,2711,,715,488,491,684,333,3463
6265,719,1218,1707,2419,2830,,719,499,489,712,411,3435
6289,720,1219,1708,2419,2830,,720,499,489,711,411,3459
6421,749,1295,1784,2519,2943,,749,546,489,735,424,3478
6290,719,1219,1706,2419,2830,,719,500,487,713,411,3460
6221,725,1225,1742,2425,2761,,725,500,517,683,336,3460
6317,719,1248,1734,2430,2861,,719,529,486,696,431,3456
6316,718,1247,1731,2444,2855,,718,529,484,713,411,3461
6365,719,1242,1761,2518,2943,,719,523,519,757,425,3422
6417,721,1219,1737,2519,2943,,721,498,518,782,424,3474
6226,744,1257,1741,2430,2765,,744,513,484,689,335,3461
6289,720,1218,1706,2419,2832,,720,498,488,713,413,3457
6370,720,1250,1733,2445,2889,,720,530,483,712,444,3481
6264,719,1219,1707,2420,2830,,719,500,488,713,410,3434
6345,720,1220,1709,2419,2859,,720,500,489,710,440,3486
6297,725,1202,1716,2451,2798,,725,477,514,735,347,3499
6341,719,1220,1707,2448,2884,,719,501,487,741,436,3457
6291,720,1219,1709,2420,2830,,720,499,490,711,410,3461
6273,720,1220,1707,2421,2830,,720,500,487,714,409,3443
6120,699,1190,1640,2299,2663,,699,491,450,659,364,3457
5866,599,966,1433,2061,2434,,599,367,467,628,373,3432
6251,707,1181,1653,2355,2771,,707,474,472,702,416,3480
6218,651,1127,1639,2349,2760,,651,476,512,710,411,3458
6291,721,1221,1708,2421,2831,,721,500,487,713,410,3460
6393,749,1295,1783,2520,2921,,749,546,488,737,401,3472
6064,715,1180,1627,2320,2645,,715,465,447,693,325,3419
6230,710,1183,1679,2385,2776,,710,473,496,706,391,3454
6316,715,1195,1681,2422,2856,,715,480,486,741,434,3460
6264,712,1170,1631,2345,2755,,712,458,461,714,410,3509
6256,720,1218,1707,2419,2831,,720,498,489,712,412,3425
6242,722,1221,1687,2370,2755,,722,499,466,683,385,3487
6293,722,1222,1710,2421,2833,,722,500,488,711,412,3460
6265,721,1221,1709,2421,2857,,721,500,488,712,436,3408
6009,707,1182,1654,2314,2652,,707,475,472,660,338,3357
6027,707,1183,1611,2268,2600,,707,476,428,657,332,3427
6254,710,1183,1653,2358,2750,,710,473,470,705,392,3504
6038,709,1184,1655,2319,2673,,709,475,471,664,354,3365
5910,668,1158,1589,2215,2551,,668,490,431,626,336,3359
6022,652,1113,1568,2245,2631,,652,461,455,677,386,3391
6098,720,1183,1667,2331,2696,,720,463,484,664,365,3402
6223,720,1219,1708,2356,2735,,720,499,489,648,379,3488
6292,721,1220,1708,2421,2832,,721,499,488,713,411,3460
6373,720,1248,1735,2519,2942,,720,528,487,784,423,3431
6293,722,1221,1710,2421,2834,,722,499,489,711,413,3459
6265,721,1220,1708,2419,2830,,721,499,488,711,411,3435
6231,721,1220,1708,2386,2782,,721,499,488,678,396,3449
5935,710,1184,1615,2242,2576,,710,474,431,627,334,3359
5933,711,1183,1615,2243,2578,,711,472,432,628,335,3355
6047,669,1139,1609,2281,2646,,669,470,470,672,365,3401
6264,739,1223,1709,2407,2797,,739,484,486,698,390,3467
6318,748,1294,1782,2445,2856,,748,546,488,663,411,3462
6291,722,1221,1708,2420,2831,,722,499,487,712,411,3460
6291,720,1221,1708,2421,2831,,720,501,487,713,410,3460
6393,750,1296,1785,2521,2945,,750,546,489,736,424,3448
6316,721,1220,1709,2421,2857,,721,499,489,712,436,3459
6242,715,1221,1688,2373,2782,,715,506,467,685,409,3460
6264,722,1220,1712,2402,2782,,722,498,492,690,380,3482
6167,708,1133,1618,2322,2732,,708,425,485,704,410,3435
6301,720,1199,1684,2396,2831,,720,479,485,712,435,3470
6390,749,1296,1785,2522,2945,,749,547,489,737,423,3445
6239,720,1221,1708,2399,2806,,720,501,487,691,407,3433
6322,721,1222,1710,2422,2833,,721,501,488,712,411,3489
6364,719,1219,1735,2473,2917,,719,500,516,738,444,3447
6291,721,1220,1709,2420,2831,,721,499,489,711,411,3460
6290,721,1221,1709,2422,2831,,721,500,488,713,409,3459
6163,680,1170,1658,2348,2730,,680,490,488,690,382,3433
6215,721,1221,1709,2400,2781,,721,500,488,691,381,3434
6267,708,1181,1664,2371,2781,,708,473,483,707,410,3486
6252,719,1239,1697,2416,2819,,719,520,458,719,403,3433
6251,646,1128,1645,2353,2767,,646,482,517,708,414,3484
6167,683,1159,1631,2334,2711,,683,476,472,703,377,3456
6290,721,1220,1737,2445,2856,,721,499,517,708,411,3434
6297,720,1168,1656,2400,2808,,720,448,488,744,408,3489
6293,720,1220,1708,2421,2829,,720,500,488,713,408,3464
6321,721,1200,1711,2423,2830,,721,479,511,712,407,3491
6253,719,1196,1681,2396,2789,,719,477,485,715,393,3464
6266,719,1196,1683,2395,2785,,719,477,487,712,390,3481
6416,750,1295,1783,2549,2969,,750,545,488,766,420,3447
6041,706,1120,1519,2221,2562,,706,414,399,702,341,3479
6297,716,1204,1691,2404,2838,,716,488,487,713,434,3459
6167,655,1141,1582,2282,2680,,655,486,441,700,398,3487
6315,721,1220,1708,2449,2857,,721,499,488,741,408,3458
6316,721,1220,1708,2449,2856,,721,499,488,741,407,3460
6392,748,1294,1782,2550,2967,,748,546,488,768,417,3425
6420,749,1279,1787,2521,2947,,749,530,508,734,426,3473
6280,693,1260,1734,2435,2833,,693,567,474,701,398,3447
6041,710,1184,1656,2320,2654,,710,474,472,664,334,3387
6099,708,1143,1566,2257,2652,,708,435,423,691,395,3447
6163,721,1200,1656,2345,2730,,721,479,456,689,385,3433
6414,750,1295,1783,2549,2968,,750,545,488,766,419,3446
6291,708,1196,1712,2420,2830,,708,488,516,708,410,3461
6321,720,1221,1708,2420,2831,,720,501,487,712,411,3490
6420,720,1220,1738,2474,2943,,720,500,518,736,469,3477
6415,721,1247,1732,2473,2972,,721,526,485,741,499,3443
6294,719,1199,1657,2369,2810,,719,480,458,712,441,3484
6128,707,1141,1599,2284,2703,,707,434,458,685,419,3425
6015,711,1186,1658,2320,2655,,711,475,472,662,335,3360
5937,710,1185,1615,2247,2577,,710,475,430,632,330,3360
6077,710,1143,1581,2262,2667,,710,433,438,681,405,3410
6243,710,1183,1665,2373,2782,,710,473,482,708,409,3461
6295,707,1175,1657,2369,2781,,707,468,482,712,412,3514
6347,721,1223,1708,2451,2858,,721,502,485,743,407,3489
6320,721,1221,1708,2422,2833,,721,500,487,714,411,3487
6320,718,1217,1734,2444,2882,,718,499,517,710,438,3438
6296,723,1200,1660,2371,2781,,723,477,460,711,410,3515
6127,721,1187,1607,2310,2703,,721,466,420,703,393,3424
6037,708,1182,1653,2316,2652,,708,474,471,663,336,3385
5959,709,1209,1639,2274,2600,,709,500,430,635,326,3359
6068,710,1184,1656,2322,2677,,710,474,472,666,355,3391
6221,710,1185,1657,2361,2753,,710,475,472,704,392,3468
5940,708,1185,1657,2280,2596,,708,477,472,623,316,3344
6199,712,1185,1658,2360,2737,,712,473,473,702,377,3462
6012,711,1186,1659,2319,2653,,711,475,473,660,334,3359
6011,710,1184,1657,2319,2650,,710,474,473,662,331,3361
6011,710,1186,1659,2320,2656,,710,476,473,661,336,3355
6032,709,1184,1655,2310,2656,,709,475,471,655,346,3376
6014,710,1186,1657,2317,2654,,710,476,471,660,337,3360
5936,710,1184,1611,2247,2576,,710,474,427,636,329,3360
6315,708,1184,1655,2346,2786,,708,476,471,691,440,3529
6145,703,1222,1704,2348,2696,,703,519,482,644,348,3449
6242,707,1121,1609,2350,2756,,707,414,488,741,406,3486
6291,723,1221,1710,2422,2832,,723,498,489,712,410,3459
6265,724,1148,1633,2347,2757,,724,424,485,714,410,3508
6291,721,1219,1709,2422,2831,,721,498,490,713,409,3460
6292,720,1221,1707,2421,2831,,720,501,486,714,410,3461
6166,720,1143,1608,2309,2717,,720,423,465,701,408,3449
6238,721,1221,1709,2421,2810,,721,500,488,712,389,3428
6129,708,1181,1649,2298,2694,,708,473,468,649,396,3435
5964,709,1185,1656,2263,2626,,709,476,471,607,363,3338
6269,712,1186,1658,2360,2777,,712,474,472,702,417,3492
6267,720,1188,1659,2337,2751,,720,468,471,678,414,3516
6378,721,1249,1733,2520,2969,,721,528,484,787,449,3409
6347,721,1247,1697,2425,2860,,721,526,450,728,435,3487
6390,721,1222,1738,2520,2943,,721,501,516,782,423,3447
6315,720,1249,1733,2424,2855,,720,529,484,691,431,3460
6141,721,1220,1709,2341,2732,,721,499,489,632,391,3409
6344,720,1220,1738,2445,2855,,720,500,518,707,410,3489
6178,720,1221,1674,2341,2745,,720,501,453,667,404,3433
6065,708,1185,1615,2231,2603,,708,477,430,616,372,3462
6400,721,1220,1739,2549,2967,,721,499,519,810,418,3433
6169,720,1201,1582,2325,2732,,720,481,381,743,407,3437
6267,720,1221,1708,2400,2805,,720,501,487,692,405,3462
6345,720,1220,1708,2419,2856,,720,500,488,711,437,3489
6293,722,1221,1708,2421,2831,,722,499,487,713,410,3462
6267,720,1220,1688,2372,2757,,720,500,468,684,385,3510
6074,721,1220,1688,2337,2703,,721,499,468,649,366,3371
6166,710,1183,1653,2358,2733,,710,473,470,705,375,3433
5965,710,1184,1613,2244,2586,,710,474,429,631,342,3379
6031,711,1185,1656,2280,2593,,711,474,471,624,313,3438
6228,715,1208,1680,2383,2774,,715,493,472,703,391,3454
6254,710,1186,1686,2384,2803,,710,476,500,698,419,3451
6172,710,1185,1656,2360,2735,,710,475,471,704,375,3437
6034,706,1182,1654,2314,2651,,706,476,472,660,337,3383
6038,709,1185,1658,2317,2653,,709,476,473,659,336,3385
6012,710,1186,1660,2318,2652,,710,476,474,658,334,3360
6095,710,1185,1657,2318,2659,,710,475,472,661,341,3436
6393,751,1297,1785,2521,2944,,751,546,488,736,423,3449
6341,750,1296,1762,2496,2921,,750,546,466,734,425,3420
6392,749,1295,1784,2519,2919,,749,546,489,735,400,3473
6440,748,1294,1782,2548,2997,,748,546,488,766,449,3443
6105,722,1190,1628,2311,2663,,722,468,438,683,352,3442
5937,711,1184,1656,2279,2596,,711,473,472,623,317,3341
5997,703,1165,1635,2301,2633,,703,462,470,666,332,3364
6012,711,1185,1656,2318,2652,,711,474,471,662,334,3360
6037,710,1186,1659,2323,2656,,710,476,473,664,333,3381
6049,710,1183,1654,2318,2654,,710,473,471,664,336,3395
6014,709,1184,1656,2318,2652,,709,475,472,662,334,3362
5939,709,1184,1614,2242,2576,,709,475,430,628,334,3363
5938,709,1185,1658,2280,2597,,709,476,473,622,317,3341
6140,705,1167,1639,2346,2700,,705,462,472,707,354,3440
5913,709,1184,1656,2276,2567,,709,475,472,620,291,3346
6089,708,1184,1656,2360,2712,,708,476,472,704,352,3377
6089,710,1143,1621,2334,2713,,710,433,478,713,379,3376
6062,710,1209,1680,2343,2698,,710,499,471,663,355,3364
6038,710,1185,1681,2342,2680,,710,475,496,661,338,3358
6047,711,1186,1658,2317,2653,,711,475,472,659,336,3394
6064,711,1185,1683,2342,2679,,711,474,498,659,337,3385
5964,709,1186,1617,2245,2578,,709,477,431,628,333,3386
5914,711,1186,1656,2279,2572,,711,475,470,623,293,3342
6180,711,1172,1648,2336,2729,,711,461,476,688,393,3451
6146,712,1185,1655,2265,2653,,712,473,470,610,388,3493
6440,719,1248,1762,2548,2996,,719,529,514,786,448,3444
6353,719,1218,1705,2447,2911,,719,499,487,742,464,3442
6047,704,1193,1667,2326,2679,,704,489,474,659,353,3368
6012,710,1184,1655,2317,2653,,710,474,471,662,336,3359
6072,710,1208,1682,2343,2679,,710,498,474,661,336,3393
6013,709,1184,1657,2318,2651,,709,475,473,661,333,3362
5939,710,1185,1617,2244,2575,,710,475,432,627,331,3364
6116,709,1183,1656,2278,2642,,709,474,473,622,364,3474
6265,720,1141,1633,2345,2756,,720,421,492,712,411,3509
6192,721,1220,1688,2294,2734,,721,499,468,606,440,3458
6290,719,1219,1707,2419,2828,,719,500,488,712,409,3462
6346,720,1220,1708,2450,2858,,720,500,488,742,408,3488
6419,748,1323,1808,2549,2968,,748,575,485,741,419,3451
6239,720,1220,1709,2399,2805,,720,500,489,690,406,3434
6255,723,1223,1710,2422,2799,,723,500,487,712,377,3456
6163,708,1184,1680,2384,2733,,708,476,496,704,349,3430
5965,711,1187,1617,2245,2577,,711,476,430,628,332,3388
5938,709,1184,1655,2278,2596,,709,475,471,623,318,3342
6232,712,1186,1658,2362,2779,,712,474,472,704,417,3453
5940,709,1184,1655,2280,2597,,709,475,471,625,317,3343
6090,711,1184,1660,2360,2712,,711,473,476,700,352,3378
6172,689,1184,1655,2359,2738,,689,495,471,704,379,3434
5957,707,1182,1611,2238,2572,,707,475,429,627,334,3385
6012,710,1185,1656,2317,2652,,710,475,471,661,335,3360
6022,709,1185,1656,2318,2653,,709,476,471,662,335,3369
6012,709,1184,1657,2317,2652,,709,475,473,660,335,3360
5940,711,1185,1617,2243,2575,,711,474,432,626,332,3365
5913,709,1182,1658,2278,2570,,709,473,476,620,292,3343
6255,712,1187,1645,2336,2753,,712,475,458,691,417,3502
5940,709,1185,1656,2278,2595,,709,476,471,622,317,3345
6198,711,1185,1657,2360,2736,,711,474,472,703,376,3462
6073,709,1184,1656,2318,2653,,709,475,472,662,335,3420
6014,710,1184,1654,2318,2652,,710,474,470,664,334,3362
6041,710,1184,1657,2319,2656,,710,474,473,662,337,3385
6045,710,1184,1681,2343,2677,,710,474,497,662,334,3368
6037,710,1185,1657,2318,2654,,710,475,472,661,336,3383
5938,710,1183,1613,2243,2575,,710,473,430,630,332,3363
5915,710,1187,1662,2280,2572,,710,477,475,618,292,3343
6215,717,1218,1629,2341,2743,,717,501,411,712,402,3472
6265,721,1221,1709,2401,2783,,721,500,488,692,382,3482
6291,721,1220,1707,2421,2830,,721,499,487,714,409,3461
6265,720,1216,1652,2368,2780,,720,496,436,716,412,3485
6317,720,1221,1736,2445,2856,,720,501,515,709,411,3461
6367,720,1249,1758,2520,2942,,720,529,509,762,422,3425
6292,722,1222,1709,2421,2831,,722,500,487,712,410,3461
6390,749,1294,1782,2520,2943,,749,545,488,738,423,3447
6231,722,1221,1709,2421,2800,,722,499,488,712,379,3431
5939,710,1184,1659,2279,2596,,710,474,475,620,317,3343
6256,710,1186,1657,2362,2778,,710,476,471,705,416,3478
6143,711,1212,1684,2344,2743,,711,501,472,660,399,3400
6036,709,1186,1657,2318,2654,,709,477,471,661,336,3382
6039,710,1185,1658,2318,2652,,710,475,473,660,334,3387
5948,700,1171,1624,2256,2588,,700,471,453,632,332,3360
6078,709,1184,1654,2295,2627,,709,475,470,641,332,3451
5940,710,1185,1656,2279,2597,,710,475,471,623,318,3343
6039,710,1187,1658,2318,2655,,710,477,471,660,337,3384
5938,709,1183,1613,2244,2575,,709,474,430,631,331,3363
5937,708,1182,1655,2278,2594,,708,474,473,623,316,3343
6255,711,1187,1660,2363,2780,,711,476,473,703,417,3475
6118,710,1187,1660,2282,2671,,710,477,473,622,389,3447
6388,748,1293,1780,2519,2940,,748,545,487,739,421,3448
6291,720,1219,1707,2419,2829,,720,499,488,712,410,3462
6312,717,1244,1728,2440,2850,,717,527,484,712,410,3462
6368,751,1296,1784,2520,2945,,751,545,488,736,425,3423
6392,753,1297,1785,2521,2945,,753,544,488,736,424,3447
6265,721,1220,1709,2420,2829,,721,499,489,711,409,3436
6267,721,1221,1709,2421,2813,,721,500,488,712,392,3454
6387,718,1247,1762,2519,2941,,718,529,515,757,422,3446
6290,713,1235,1698,2371,2791,,713,522,463,673,420,3499
6154,709,1186,1658,2360,2710,,709,477,472,702,350,3444
6090,709,1185,1657,2360,2712,,709,476,472,703,352,3378
6037,710,1184,1655,2318,2674,,710,474,471,663,356,3363
6035,708,1182,1655,2316,2650,,708,474,473,661,334,3385
6035,709,1209,1681,2343,2677,,709,500,472,662,334,3358
6022,709,1185,1658,2318,2652,,709,476,473,660,334,3370
6012,711,1185,1656,2318,2655,,711,474,471,662,337,3357
5941,710,1185,1616,2245,2576,,710,475,431,629,331,3365
6176,708,1182,1653,2358,2750,,708,474,471,705,392,3426
6012,709,1183,1657,2364,2662,,709,474,474,707,298,3350
6021,711,1186,1659,2323,2654,,711,475,473,664,331,3367
5936,709,1185,1616,2242,2577,,709,476,431,626,335,3359
6052,708,1184,1654,2294,2625,,708,476,470,640,331,3427
6230,710,1184,1659,2360,2752,,710,474,475,701,392,3478
5965,711,1184,1617,2269,2604,,711,473,433,652,335,3361
6268,710,1206,1695,2421,2831,,710,496,489,726,410,3437
6392,752,1297,1784,2525,2944,,752,545,487,741,419,3448
6417,764,1299,1810,2548,2998,,764,535,511,738,450,3419
6420,752,1298,1787,2522,2945,,752,546,489,735,423,3475
6360,741,1234,1752,2438,2830,,741,493,518,686,392,3530
6200,710,1207,1693,2387,2769,,710,497,486,694,382,3431
6266,724,1220,1707,2420,2831,,724,496,487,713,411,3435
6264,720,1219,1709,2419,2830,,720,499,490,710,411,3434
6290,719,1220,1708,2447,2856,,719,501,488,739,409,3434
6343,721,1221,1709,2450,2886,,721,500,488,741,436,3457
6420,748,1295,1812,2520,2943,,748,547,517,708,423,3477
6290,720,1220,1708,2449,2856,,720,500,488,741,407,3434
6240,723,1224,1711,2401,2807,,723,501,487,690,406,3433
6315,721,1221,1709,2421,2856,,721,500,488,712,435,3459
6253,732,1232,1699,2406,2799,,732,500,467,707,393,3454
6266,721,1222,1710,2401,2808,,721,501,488,691,407,3458
6315,719,1221,1708,2419,2855,,719,502,487,711,436,3460
6293,722,1222,1710,2422,2833,,722,500,488,712,411,3460
6292,718,1221,1709,2422,2832,,718,503,488,713,410,3460
6318,722,1222,1710,2422,2858,,722,500,488,712,436,3460
6291,722,1221,1710,2422,2832,,722,499,489,712,410,3459
6269,721,1219,1708,2421,2831,,721,498,489,713,410,3438
6228,723,1221,1689,2371,2758,,723,498,468,682,387,3470
6229,712,1186,1658,2361,2754,,712,474,472,703,393,3475
6281,698,1186,1658,2361,2777,,698,488,472,703,416,3504
5915,708,1184,1656,2278,2570,,708,476,472,622,292,3345
6091,686,1161,1633,2336,2712,,686,475,472,703,376,3379
6040,710,1185,1658,2323,2675,,710,475,473,665,352,3365
6036,716,1214,1687,2345,2679,,716,498,473,658,334,3357
6327,720,1206,1696,2435,2867,,720,486,490,739,432,3460
6316,720,1220,1708,2420,2860,,720,500,488,712,440,3456
6442,722,1221,1739,2500,2975,,722,499,518,761,475,3467
6241,722,1222,1710,2423,2811,,722,500,488,713,388,3430
6166,701,1198,1686,2398,2809,,701,497,488,712,411,3357
6157,723,1197,1686,2376,2723,,723,474,489,690,347,3434
6211,709,1185,1657,2359,2749,,709,476,472,702,390,3462
6346,722,1221,1738,2446,2855,,722,499,517,708,409,3491
6155,721,1175,1619,2310,2705,,721,454,444,691,395,3450
6199,714,1186,1657,2361,2742,,714,472,471,704,381,3457
6011,709,1186,1659,2318,2653,,709,477,473,659,335,3358
6047,712,1189,1666,2318,2654,,712,477,477,652,336,3393
5962,709,1184,1616,2244,2577,,709,475,432,628,333,3385
5937,711,1184,1615,2243,2576,,711,473,431,628,333,3361
6174,699,1164,1636,2340,2757,,699,465,472,704,417,3417
6093,711,1197,1684,2318,2648,,711,486,487,634,330,3445
6293,720,1220,1707,2420,2808,,720,500,487,713,388,3485
6395,724,1222,1738,2447,2946,,724,498,516,709,499,3449
6316,722,1221,1738,2447,2858,,722,499,517,709,411,3458
6392,748,1295,1783,2519,2943,,748,547,488,736,424,3449
6318,723,1222,1711,2423,2863,,723,499,489,712,440,3455
6342,722,1250,1735,2448,2889,,722,528,485,713,441,3453
6339,719,1218,1706,2418,2885,,719,499,488,712,467,3454
6215,723,1224,1713,2401,2784,,723,501,489,688,383,3431
6291,723,1223,1710,2423,2834,,723,500,487,713,411,3457
6081,645,1126,1585,2272,2646,,645,481,459,687,374,3435
6196,711,1185,1658,2361,2752,,711,474,473,703,391,3444
6091,710,1187,1659,2360,2711,,710,477,472,701,351,3380
6113,711,1160,1581,2285,2704,,711,449,421,704,419,3409
6061,708,1189,1671,2344,2678,,708,481,482,673,334,3383
6033,706,1180,1652,2317,2651,,706,474,472,665,334,3382
6044,707,1183,1654,2316,2651,,707,476,471,662,335,3393
5937,710,1186,1615,2244,2578,,710,476,429,629,334,3359
5964,712,1187,1617,2246,2579,,712,475,430,629,333,3385
6154,699,1147,1630,2313,2728,,699,448,483,683,415,3426
6268,722,1222,1709,2401,2784,,722,500,487,692,383,3484
6290,718,1217,1706,2417,2827,,718,499,489,711,410,3463
6291,721,1220,1709,2450,2856,,721,499,489,741,406,3435
6266,721,1221,1709,2421,2831,,721,500,488,712,410,3435
6214,723,1169,1649,2362,2781,,723,446,480,713,419,3433
6077,708,1182,1654,2293,2627,,708,474,472,639,334,3450
5917,713,1185,1655,2255,2575,,713,472,470,600,320,3342
6012,711,1184,1656,2319,2654,,711,473,472,663,335,3358
5940,710,1184,1615,2245,2576,,710,474,431,630,331,3364
6173,708,1142,1619,2308,2724,,708,434,477,689,416,3449
6181,695,1153,1626,2335,2750,,695,458,473,709,415,3431
6172,710,1185,1681,2385,2775,,710,475,496,704,390,3397
6039,711,1185,1656,2319,2675,,711,474,471,663,356,3364
6034,708,1182,1653,2315,2652,,708,474,471,662,337,3382
6002,706,1181,1635,2278,2643,,706,475,454,643,365,3359
5988,660,1135,1606,2267,2604,,660,475,471,661,337,3384
6019,708,1184,1656,2316,2652,,708,476,472,660,336,3367
5964,711,1184,1613,2244,2577,,711,473,429,631,333,3387
5975,712,1187,1618,2244,2580,,712,475,431,626,336,3395
6149,647,1113,1595,2304,2717,,647,466,482,709,413,3432
6256,746,1252,1726,2436,2831,,746,506,474,710,395,3425
5942,712,1187,1657,2280,2600,,712,475,470,623,320,3342
6198,711,1185,1683,2386,2764,,711,474,498,703,378,3434
6030,711,1185,1657,2317,2654,,711,474,472,660,337,3376
5980,710,1185,1659,2309,2630,,710,475,474,650,321,3350
5990,698,1187,1617,2270,2606,,698,489,430,653,336,3384
6043,707,1182,1653,2316,2649,,707,475,471,663,333,3394
5988,709,1185,1615,2266,2603,,709,476,430,651,337,3385
5938,711,1186,1615,2246,2576,,711,475,429,631,330,3362
5988,709,1142,1558,2235,2588,,709,433,416,677,353,3400
6006,650,1069,1501,2186,2577,,650,419,432,685,391,3429
5939,707,1181,1651,2277,2596,,707,474,470,626,319,3343
6039,710,1185,1656,2320,2676,,710,475,471,664,356,3363
6018,710,1186,1657,2319,2653,,710,476,471,662,334,3365
6036,708,1184,1655,2322,2651,,708,476,471,667,329,3385
6011,708,1182,1653,2316,2650,,708,474,471,663,334,3361
6044,706,1183,1655,2314,2651,,706,477,472,659,337,3393
6010,707,1182,1653,2314,2652,,707,475,471,661,338,3358
5936,711,1184,1614,2243,2576,,711,473,430,629,333,3360
6081,699,1145,1560,2262,2653,,699,446,415,702,391,3428
6094,658,1068,1502,2198,2638,,658,410,434,696,440,3456
6300,718,1205,1693,2405,2815,,718,487,488,712,410,3485
6268,722,1223,1710,2422,2832,,722,501,487,712,410,3436
6269,721,1224,1710,2421,2832,,721,503,486,711,411,3437
6292,721,1221,1709,2421,2830,,721,500,488,712,409,3462
6392,751,1297,1785,2523,2944,,751,546,488,738,421,3448
6267,721,1221,1707,2421,2831,,721,500,486,714,410,3436
6393,722,1253,1765,2523,2944,,722,531,512,758,421,3449
6318,721,1220,1709,2422,2856,,721,499,489,713,434,3462
6316,722,1221,1709,2422,2857,,722,499,488,713,435,3459
6268,721,1172,1621,2323,2757,,721,451,449,702,434,3511
6313,717,1192,1681,2392,2827,,717,475,489,711,435,3486
6294,724,1222,1711,2424,2832,,724,498,489,713,408,3462
6294,726,1224,1712,2423,2834,,726,498,488,711,411,3460
6127,724,1202,1663,2348,2719,,724,478,461,685,371,3408
6245,723,1197,1686,2398,2807,,723,474,489,712,409,3438
6247,721,1196,1684,2396,2832,,721,475,488,712,436,3415
6227,723,1222,1689,2373,2757,,723,499,467,684,384,3470
5965,710,1185,1641,2293,2629,,710,475,456,652,336,3336
5890,712,1142,1558,2194,2528,,712,430,416,636,334,3362
5880,712,1142,1558,2199,2527,,712,430,416,641,328,3353
5895,711,1144,1560,2192,2515,,711,433,416,632,323,3380
5886,710,1145,1560,2194,2528,,710,435,415,634,334,3358
5911,711,1146,1558,2193,2540,,711,435,412,635,347,3371
5887,709,1143,1556,2192,2530,,709,434,413,636,338,3357
6092,696,1104,1554,2236,2642,,696,408,450,682,406,3450
6291,721,1221,1709,2421,2834,,721,500,488,712,413,3457
6295,725,1223,1711,2423,2834,,725,498,488,712,411,3461
6294,722,1222,1711,2422,2834,,722,500,489,711,412,3460
6318,723,1222,1710,2422,2858,,723,499,488,712,436,3460
6392,753,1297,1768,2522,2945,,753,544,471,754,423,3447
6321,723,1222,1710,2422,2833,,723,499,488,712,411,3488
6317,721,1221,1710,2423,2857,,721,500,489,713,434,3460
6256,721,1222,1709,2408,2804,,721,501,487,699,396,3452
6012,711,1185,1657,2318,2657,,711,474,472,661,339,3355
5886,710,1145,1559,2196,2527,,710,435,414,637,331,3359
5897,711,1142,1557,2194,2527,,711,431,415,637,333,3370
5888,711,1144,1559,2195,2527,,711,433,415,636,332,3361
5888,712,1143,1556,2193,2530,,712,431,413,637,337,3358
5988,712,1185,1617,2271,2606,,712,473,432,654,335,3382
6007,708,1140,1555,2197,2603,,708,432,415,642,406,3404
6266,722,1222,1710,2422,2832,,722,500,488,712,410,3434
6292,722,1222,1709,2422,2832,,722,500,487,713,410,3460
6317,721,1227,1710,2421,2860,,721,506,483,711,439,3457
6144,722,1222,1689,2397,2705,,722,500,467,708,308,3439
6293,722,1223,1711,2422,2832,,722,501,488,711,410,3461
6316,723,1222,1712,2422,2856,,723,499,490,710,434,3460
6316,749,1244,1733,2444,2855,,749,495,489,711,411,3461
6373,754,1297,1785,2522,2945,,754,543,488,737,423,3428
6320,723,1223,1710,2423,2857,,723,500,487,713,434,3463
6112,686,1179,1634,2299,2676,,686,493,455,665,377,3436
6046,704,1193,1665,2326,2661,,704,489,472,661,335,3385
5912,711,1144,1557,2195,2526,,711,433,413,638,331,3386
5881,712,1144,1557,2189,2507,,712,432,413,632,318,3374
5888,670,1117,1532,2168,2502,,670,447,415,636,334,3386
5887,711,1145,1556,2192,2528,,711,434,411,636,336,3359
6072,712,1186,1683,2348,2703,,712,474,497,665,355,3369
6041,711,1187,1659,2319,2676,,711,476,472,660,357,3365
6011,711,1185,1658,2320,2652,,711,474,473,662,332,3359
6059,717,1186,1616,2251,2648,,717,469,430,635,397,3411
6265,722,1221,1709,2423,2836,,722,499,488,714,413,3429
6267,722,1222,1709,2422,2832,,722,500,487,713,410,3435
6318,723,1221,1710,2451,2859,,723,498,489,741,408,3459
6318,723,1222,1710,2453,2861,,723,499,488,743,408,3457
6329,723,1251,1735,2476,2892,,723,528,484,741,416,3437
6052,710,1184,1656,2294,2627,,710,474,472,638,333,3425
6230,711,1187,1659,2361,2751,,711,476,472,702,390,3479
6038,711,1187,1684,2344,2681,,711,476,497,660,337,3357
5938,710,1186,1617,2243,2577,,710,476,431,626,334,3361
5910,713,1185,1591,2219,2553,,713,472,406,628,334,3357
6019,710,1120,1531,2218,2575,,710,410,411,687,357,3444
6366,721,1227,1741,2521,2925,,721,506,514,780,404,3441
6392,751,1296,1784,2520,2943,,751,545,488,736,423,3449
6297,722,1222,1710,2422,2833,,722,500,488,712,411,3464
6368,753,1299,1786,2523,2930,,753,546,487,737,407,3438
6256,721,1221,1661,2360,2755,,721,500,440,699,395,3501
6017,710,1186,1657,2320,2655,,710,476,471,663,335,3362
6015,712,1185,1657,2318,2654,,712,473,472,661,336,3361
5938,711,1186,1616,2247,2577,,711,475,430,631,330,3361
5964,712,1186,1618,2244,2590,,712,474,432,626,346,3374
5887,661,1077,1489,2127,2461,,661,416,412,638,334,3426
6174,660,1145,1617,2320,2716,,660,485,472,703,396,3458
6213,711,1187,1659,2362,2779,,711,476,472,703,417,3434
6046,711,1187,1660,2323,2676,,711,476,473,663,353,3370
6037,709,1182,1654,2318,2655,,709,473,472,664,337,3382
6005,706,1181,1651,2315,2648,,706,475,470,664,333,3357
6013,707,1182,1655,2317,2652,,707,475,473,662,335,3361
6014,711,1187,1660,2318,2655,,711,476,473,658,337,3359
5940,712,1187,1617,2245,2579,,712,475,430,628,334,3361
5909,709,1185,1589,2217,2550,,709,476,404,628,333,3359
5888,662,1078,1490,2134,2459,,662,416,412,644,325,3429
6174,707,1195,1666,2373,2765,,707,488,471,707,392,3409
5963,713,1185,1614,2244,2577,,713,472,429,630,333,3386
5949,708,1182,1586,2216,2564,,708,474,404,630,348,3385
6294,725,1224,1711,2423,2834,,725,499,487,712,411,3460
6293,722,1222,1710,2423,2834,,722,500,488,713,411,3459
6292,723,1222,1711,2423,2834,,723,499,489,712,411,3458
6325,729,1228,1717,2429,2866,,729,499,489,712,437,3459
6268,724,1222,1711,2423,2833,,724,498,489,712,410,3435
6294,723,1222,1709,2422,2834,,723,499,487,713,412,3460
6270,724,1248,1697,2382,2743,,724,524,449,685,361,3527
6270,704,1197,1686,2398,2808,,704,493,489,712,410,3462
6270,725,1224,1712,2424,2834,,725,499,488,712,410,3436
6294,723,1223,1711,2424,2834,,723,500,488,713,410,3460
6215,721,1221,1708,2421,2753,,721,500,487,713,332,3462
6271,723,1223,1710,2424,2833,,723,500,487,714,409,3438
6242,725,1224,1712,2423,2813,,725,499,488,711,390,3429
6217,723,1223,1690,2373,2758,,723,500,467,683,385,3459
6293,723,1222,1711,2423,2834,,723,499,489,712,411,3459
6318,723,1223,1709,2423,2860,,723,500,486,714,437,3458
6167,724,1222,1685,2354,2714,,724,498,463,669,360,3453
6294,724,1223,1712,2423,2857,,724,499,489,711,434,3437
6293,723,1223,1711,2423,2834,,723,500,488,712,411,3459
6270,724,1224,1712,2426,2834,,724,500,488,714,408,3436
6269,726,1223,1712,2424,2779,,726,497,489,712,355,3490
6294,724,1222,1712,2423,2834,,724,498,490,711,411,3460
6241,723,1226,1711,2424,2812,,723,503,485,713,388,3429
6243,724,1223,1711,2403,2789,,724,499,488,692,386,3454
6294,724,1224,1711,2425,2835,,724,500,487,714,410,3459
6294,724,1223,1711,2424,2834,,724,499,488,713,410,3460
6180,719,1219,1683,2351,2737,,719,500,464,668,386,3443
6294,724,1223,1711,2426,2834,,724,499,488,715,408,3460
6320,725,1224,1712,2424,2860,,725,499,488,712,436,3460
6344,723,1222,1711,2424,2888,,723,499,489,713,464,3456
6244,723,1224,1711,2423,2755,,723,501,487,712,332,3489
6244,723,1201,1661,2308,2740,,723,478,460,647,432,3504
6246,724,1223,1711,2423,2832,,724,499,488,712,409,3414
6112,654,1133,1606,2308,2703,,654,479,473,702,395,3409
5963,713,1188,1619,2245,2579,,713,475,431,626,334,3384
5944,707,1182,1610,2242,2574,,707,475,428,632,332,3370
5990,731,1175,1592,2226,2559,,731,444,417,634,333,3431
6190,710,1158,1629,2336,2752,,710,448,471,707,416,3438
6090,713,1187,1658,2361,2712,,713,474,471,703,351,3378
6018,711,1185,1657,2318,2655,,711,474,472,661,337,3363
6016,711,1188,1659,2322,2655,,711,477,471,663,333,3361
6036,711,1185,1657,2319,2654,,711,474,472,662,335,3382
6011,709,1183,1653,2318,2651,,709,474,470,665,333,3360
6039,697,1202,1676,2319,2656,,697,505,474,643,337,3383
5937,714,1187,1617,2246,2576,,714,473,430,629,330,3361
5939,712,1185,1613,2245,2578,,712,473,428,632,333,3361
5988,664,1143,1572,2202,2537,,664,479,429,630,335,3451
6222,711,1179,1665,2363,2755,,711,468,486,698,392,3467
6302,717,1206,1695,2410,2843,,717,489,489,715,433,3459
6291,723,1222,1709,2421,2832,,723,499,487,712,411,3459
6393,722,1250,1735,2523,2944,,722,528,485,788,421,3449
6394,723,1223,1710,2453,2946,,723,500,487,743,493,3448
6316,723,1223,1712,2451,2858,,723,500,489,739,407,3458
6169,668,1105,1589,2297,2708,,668,437,484,708,411,3461
6318,725,1226,1711,2453,2861,,725,501,485,742,408,3457
6292,721,1221,1710,2421,2832,,721,500,489,711,411,3460
6104,684,1142,1626,2249,2623,,684,458,484,623,374,3481
6192,711,1123,1611,2323,2734,,711,412,488,712,411,3458
6281,721,1211,1699,2411,2823,,721,490,488,712,412,3458
6269,710,1183,1663,2374,2808,,710,473,480,711,434,3461
6269,724,1224,1710,2423,2812,,724,500,486,713,389,3457
6270,724,1225,1712,2423,2835,,724,501,487,711,412,3435
6242,726,1225,1712,2403,2809,,726,499,487,691,406,3433
6242,725,1224,1713,2402,2808,,725,499,489,689,406,3434
6296,726,1224,1712,2423,2834,,726,498,488,711,411,3462
6293,722,1198,1685,2398,2833,,722,476,487,713,435,3460
6209,718,1173,1657,2363,2747,,718,455,484,706,384,3462
6169,656,1131,1615,2353,2681,,656,475,484,738,328,3488
6294,723,1224,1711,2423,2834,,723,501,487,712,411,3460
6294,724,1223,1711,2425,2834,,724,499,488,714,409,3460
6243,724,1224,1712,2425,2812,,724,500,488,713,387,3431
6294,723,1223,1740,2449,2860,,723,500,517,709,411,3434
6240,721,1221,1709,2401,2809,,721,500,488,692,408,3431
6143,724,1224,1656,2332,2714,,724,500,432,676,382,3429
6292,722,1221,1709,2422,2831,,722,499,488,713,409,3461
6266,722,1223,1711,2422,2832,,722,501,488,711,410,3434
6252,717,1208,1694,2408,2795,,717,491,486,714,387,3457
6268,704,1176,1659,2372,2761,,704,472,483,713,389,3507
6319,723,1223,1711,2424,2860,,723,500,488,713,436,3459
6295,723,1225,1711,2423,2834,,723,502,486,712,411,3461
6294,698,1198,1685,2397,2833,,698,500,487,712,436,3461
6269,724,1223,1690,2374,2759,,724,499,467,684,385,3510
6244,724,1223,1712,2423,2756,,724,499,489,711,333,3488
6219,728,1224,1713,2404,2809,,728,496,489,691,405,3410
6295,726,1225,1712,2425,2834,,726,499,487,713,409,3461
6292,722,1222,1709,2422,2833,,722,500,487,713,411,3459
6266,721,1223,1710,2421,2807,,721,502,487,711,386,3459
6266,709,1177,1634,2347,2758,,709,468,457,713,411,3508
6271,722,1220,1710,2423,2833,,722,498,490,713,410,3438
6294,724,1223,1712,2425,2834,,724,499,489,713,409,3460
6299,724,1224,1712,2424,2814,,724,500,488,712,390,3485
6294,724,1223,1710,2426,2834,,724,499,487,716,408,3460
6241,724,1224,1711,2424,2754,,724,500,487,713,330,3487
6218,725,1224,1713,2402,2783,,725,499,489,689,381,3435
6296,725,1224,1713,2423,2833,,725,499,489,710,410,3463
6278,716,1206,1695,2406,2817,,716,490,489,711,411,3461
6268,678,1172,1661,2401,2833,,678,494,489,740,432,3435
6167,682,1175,1586,2297,2707,,682,493,411,711,410,3460
6269,687,1173,1661,2373,2784,,687,486,488,712,411,3485
6268,723,1197,1687,2398,2810,,723,474,490,711,412,3458
6293,722,1222,1709,2421,2833,,722,500,487,712,412,3460
6293,725,1223,1711,2423,2835,,725,498,488,712,412,3458
6240,726,1224,1712,2426,2838,,726,498,488,714,412,3402
6219,724,1224,1712,2352,2763,,724,500,488,640,411,3456
6320,725,1226,1713,2426,2860,,725,501,487,713,434,3460
6261,716,1207,1695,2406,2818,,716,491,488,711,412,3443
6094,682,1112,1590,2239,2645,,682,430,478,649,406,3449
6269,724,1191,1677,2398,2809,,724,467,486,721,411,3460
6243,686,1173,1661,2373,2785,,686,487,488,712,412,3458
6269,723,1222,1711,2423,2813,,723,499,489,712,390,3456
6266,723,1222,1710,2421,2831,,723,499,488,711,410,3435
6294,723,1223,1711,2423,2834,,723,500,488,712,411,3460
6241,725,1224,1711,2424,2813,,725,499,487,713,389,3428
6217,726,1225,1713,2405,2786,,726,499,488,692,381,3431
6270,724,1224,1712,2425,2834,,724,500,488,713,409,3436
6007,708,1182,1655,2291,2624,,708,474,473,636,333,3383
6169,653,1094,1613,2322,2708,,653,441,519,709,386,3461
6256,723,1223,1656,2363,2757,,723,500,433,707,394,3499
5938,713,1186,1656,2280,2600,,713,473,470,624,320,3338
6041,712,1186,1658,2321,2675,,712,474,472,663,354,3366
6038,708,1185,1657,2317,2653,,708,477,472,660,336,3385
6010,709,1184,1656,2315,2650,,709,475,472,659,335,3360
6013,709,1184,1656,2317,2653,,709,475,472,661,336,3360
6098,698,1186,1660,2321,2676,,698,488,474,661,355,3422
6303,716,1207,1694,2407,2817,,716,491,487,713,410,3486
6293,724,1223,1714,2422,2834,,724,499,491,708,412,3459
6168,723,1170,1661,2302,2711,,723,447,491,641,409,3457
6266,724,1224,1711,2423,2832,,724,500,487,712,409,3434
6270,725,1203,1686,2399,2809,,725,478,483,713,410,3461
6244,664,1204,1688,2398,2808,,664,540,484,710,410,3436
6416,722,1251,1735,2551,2971,,722,529,484,816,420,3445
6294,724,1223,1710,2402,2839,,724,499,487,692,437,3455
6292,722,1223,1710,2423,2833,,722,501,487,713,410,3459
6298,725,1223,1711,2422,2834,,725,498,488,711,412,3464
6333,716,1208,1696,2411,2819,,716,492,488,715,408,3514
6270,723,1223,1711,2424,2834,,723,500,488,713,410,3436
6268,723,1192,1687,2398,2810,,723,469,495,711,412,3458
6394,753,1299,1758,2524,2946,,753,546,459,766,422,3448
6086,691,1116,1597,2285,2704,,691,425,481,688,419,3382
5967,711,1186,1615,2246,2579,,711,475,429,631,333,3388
5888,710,1144,1557,2192,2528,,710,434,413,635,336,3360
5937,710,1144,1580,2221,2553,,710,434,436,641,332,3384
5888,711,1146,1558,2193,2527,,711,435,412,635,334,3361
5900,711,1142,1559,2195,2528,,711,431,417,636,333,3372
5913,689,1122,1535,2170,2518,,689,433,413,635,348,3395
5889,710,1145,1558,2192,2530,,710,435,413,634,338,3359
6050,671,1103,1557,2251,2647,,671,432,454,694,396,3403
6293,723,1225,1680,2398,2833,,723,502,455,718,435,3460
6115,694,1140,1612,2311,2732,,694,446,472,699,421,3383
6003,711,1186,1615,2245,2577,,711,475,429,630,332,3426
5889,654,1070,1482,2119,2467,,654,416,412,637,348,3422
5888,670,1092,1507,2143,2476,,670,422,415,636,333,3412
5890,672,1094,1508,2120,2454,,672,422,414,612,334,3436
5897,711,1143,1559,2193,2526,,711,432,416,634,333,3371
5885,709,1142,1556,2192,2526,,709,433,414,636,334,3359
5813,661,1094,1507,2118,2453,,661,433,413,611,335,3360
6074,707,1156,1592,2265,2650,,707,449,436,673,385,3424
6320,725,1225,1678,2405,2867,,725,500,453,727,462,3453
6195,724,1190,1661,2363,2759,,724,466,471,702,396,3436
5966,714,1212,1645,2273,2604,,714,498,433,628,331,3362
5888,714,1146,1559,2194,2529,,714,432,413,635,335,3359
5888,712,1143,1558,2195,2527,,712,431,415,637,332,3361
6061,711,1146,1582,2246,2627,,711,435,436,664,381,3434
6270,698,1197,1687,2398,2811,,698,499,490,711,413,3459
6320,725,1225,1712,2424,2860,,725,500,487,712,436,3460
6294,722,1223,1711,2424,2834,,722,501,488,713,410,3460
6311,726,1253,1698,2425,2834,,726,527,445,727,409,3477
6394,723,1223,1712,2451,2947,,723,500,489,739,496,3447
6206,723,1202,1661,2336,2765,,723,479,459,675,429,3441
6315,719,1219,1711,2450,2857,,719,500,492,739,407,3458
6248,720,1219,1708,2419,2817,,720,499,489,711,398,3431
6340,751,1325,1838,2527,2916,,751,574,513,689,389,3424
6295,726,1253,1738,2429,2835,,726,527,485,691,406,3460
6294,724,1223,1711,2423,2834,,724,499,488,712,411,3460
6294,722,1223,1711,2424,2836,,722,501,488,713,412,3458
6296,723,1222,1739,2447,2858,,723,499,517,708,411,3438
6255,724,1224,1716,2424,2834,,724,500,492,708,410,3421
6232,724,1222,1711,2396,2792,,724,498,489,685,396,3440
6173,724,1204,1624,2325,2735,,724,480,420,701,410,3438
6294,725,1223,1713,2425,2834,,725,498,490,712,409,3460
6244,723,1197,1686,2398,2808,,723,474,489,712,410,3436
6245,723,1223,1712,2423,2813,,723,500,489,711,390,3432
6317,723,1198,1686,2427,2859,,723,475,488,741,432,3458
6319,723,1221,1710,2452,2859,,723,498,489,742,407,3460
6268,723,1223,1709,2422,2833,,723,500,486,713,411,3435
6323,723,1220,1712,2423,2889,,723,497,492,711,466,3434
6295,725,1224,1712,2403,2835,,725,499,488,691,432,3460
6265,722,1221,1709,2393,2806,,722,499,488,684,413,3459
6245,724,1224,1660,2373,2784,,724,500,436,713,411,3461
6270,724,1224,1713,2424,2835,,724,500,489,711,411,3435
6391,754,1301,1787,2524,2947,,754,547,486,737,423,3444
6271,725,1224,1715,2425,2834,,725,499,491,710,409,3437
6293,726,1223,1715,2424,2834,,726,497,492,709,410,3459
6333,737,1234,1721,2433,2843,,737,497,487,712,410,3490
6322,727,1226,1742,2451,2862,,727,499,516,709,411,3460
6374,754,1300,1787,2526,2947,,754,546,487,739,421,3427
6320,754,1300,1788,2499,2869,,754,546,488,711,370,3451
6266,722,1223,1710,2384,2816,,722,501,487,674,432,3450
6261,724,1146,1635,2349,2760,,724,422,489,714,411,3501
6368,750,1325,1810,2522,2920,,750,575,485,712,398,3448
6294,723,1224,1711,2423,2834,,723,501,487,712,411,3460
6272,723,1225,1712,2425,2834,,723,502,487,713,409,3438
6261,720,1196,1683,2396,2830,,720,476,487,713,434,3431
6209,713,1188,1660,2364,2740,,713,475,472,704,376,3469
5937,710,1185,1614,2243,2577,,710,475,429,629,334,3360
5910,709,1186,1577,2191,2529,,709,477,391,614,338,3381
6061,700,1192,1630,2279,2626,,700,492,438,649,347,3435
6141,709,1143,1580,2266,2683,,709,434,437,686,417,3458
6287,725,1226,1712,2425,2861,,725,501,486,713,436,3426
5994,667,1139,1611,2313,2638,,667,472,472,702,325,3356
6117,713,1189,1688,2389,2737,,713,476,499,701,348,3380
5926,704,1175,1603,2234,2567,,704,471,428,631,333,3359
6039,708,1185,1656,2317,2650,,708,477,471,661,333,3389
6049,710,1185,1655,2317,2652,,710,475,470,662,335,3397
6009,706,1183,1654,2315,2651,,706,477,471,661,336,3358
6146,712,1142,1579,2284,2720,,712,430,437,705,436,3426
6269,723,1224,1711,2427,2785,,723,501,487,716,358,3484
6268,723,1222,1739,2410,2818,,723,499,517,671,408,3450
6307,717,1212,1728,2416,2851,,717,495,516,688,435,3456
6321,724,1224,1711,2427,2860,,724,500,487,716,433,3461
6324,723,1223,1740,2449,2860,,723,500,517,709,411,3464
6294,725,1225,1713,2424,2834,,725,500,488,711,410,3460
6396,724,1224,1712,2456,2947,,724,500,488,744,491,3449
6395,725,1252,1737,2477,2947,,725,527,485,740,470,3448
6190,720,1212,1684,2387,2808,,720,492,472,703,421,3382
6146,711,1144,1581,2297,2706,,711,433,437,716,409,3440
6270,723,1222,1712,2424,2800,,723,499,490,712,376,3470
6271,700,1198,1686,2347,2743,,700,498,488,661,396,3528
6156,724,1224,1680,2334,2727,,724,500,456,654,393,3429
5939,711,1185,1680,2306,2601,,711,474,495,626,295,3338
6042,712,1186,1657,2321,2677,,712,474,471,664,356,3365
6046,711,1186,1658,2321,2656,,711,475,472,663,335,3390
5971,710,1186,1616,2265,2594,,710,476,430,649,329,3377
6048,701,1187,1661,2323,2656,,701,486,474,662,333,3392
5936,712,1186,1616,2243,2577,,712,474,430,627,334,3359
6253,711,1143,1598,2308,2770,,711,432,455,710,462,3483
6418,725,1225,1741,2477,2933,,725,500,516,736,456,3485
6244,724,1223,1711,2425,2810,,724,499,488,714,385,3434
6383,752,1299,1755,2516,2937,,752,547,456,761,421,3446
6217,711,1186,1659,2361,2779,,711,475,473,702,418,3438
6040,711,1186,1658,2322,2654,,711,475,472,664,332,3386
6039,711,1188,1684,2347,2682,,711,477,496,663,335,3357
5964,709,1185,1615,2268,2603,,709,476,430,653,335,3361
6048,713,1186,1682,2346,2679,,713,473,496,664,333,3369
5962,709,1185,1615,2245,2577,,709,476,430,630,332,3385
5962,710,1169,1603,2250,2602,,710,459,434,647,352,3360
6174,699,1192,1687,2311,2701,,699,493,495,624,390,3473
6241,724,1223,1740,2450,2833,,724,499,517,710,383,3408
6071,712,1187,1659,2362,2720,,712,475,472,703,358,3351
6088,696,1183,1656,2360,2709,,696,487,473,704,349,3379
6013,708,1182,1654,2318,2652,,708,474,472,664,334,3361
6014,711,1186,1657,2322,2655,,711,475,471,665,333,3359
5969,703,1193,1625,2253,2585,,703,490,432,628,332,3384
6021,711,1187,1658,2318,2654,,711,476,471,660,336,3367
5960,710,1172,1606,2243,2577,,710,462,434,637,334,3383
6055,710,1183,1613,2251,2639,,710,473,430,638,388,3416
6056,710,1174,1604,2259,2622,,710,464,430,655,363,3434
6142,712,1187,1619,2313,2692,,712,475,432,694,379,3450
6232,665,1173,1689,2399,2757,,665,508,516,710,358,3475
6219,711,1186,1657,2362,2753,,711,475,471,705,391,3466
6039,711,1187,1658,2320,2657,,711,476,471,662,337,3382
6016,712,1186,1656,2322,2656,,712,474,470,666,334,3360
6039,710,1185,1657,2319,2653,,710,475,472,662,334,3386
6047,710,1185,1657,2320,2654,,710,475,472,663,334,3393
6066,711,1156,1626,2314,2690,,711,445,470,688,376,3376
5959,710,1184,1614,2242,2579,,710,474,430,628,337,3380
5948,701,1193,1688,2311,2608,,701,492,495,623,297,3340
6145,714,1188,1617,2314,2699,,714,474,429,697,385,3446
6256,725,1224,1712,2404,2769,,725,499,488,692,365,3487
6042,712,1186,1658,2319,2676,,712,474,472,661,357,3366
5936,708,1184,1612,2243,2577,,708,476,428,631,334,3359
6055,713,1186,1657,2297,2630,,713,473,471,640,333,3425
5975,713,1187,1656,2282,2601,,713,474,469,626,319,3374
6042,699,1189,1660,2322,2659,,699,490,471,662,337,3383
5953,708,1188,1621,2262,2605,,708,480,433,641,343,3348
5947,699,1189,1619,2248,2581,,699,490,430,629,333,3366
6103,701,1191,1666,2368,2741,,701,490,475,702,373,3362
6106,705,1175,1645,2325,2676,,705,470,470,680,351,3430
6334,724,1256,1740,2508,2893,,724,532,484,768,385,3441
5912,712,1186,1656,2281,2576,,712,474,470,625,295,3336
6043,713,1189,1660,2322,2678,,713,476,471,662,356,3365
6066,711,1187,1684,2347,2686,,711,476,497,663,339,3380
6028,709,1184,1657,2318,2653,,709,475,473,661,335,3375
5988,684,1160,1632,2292,2626,,684,476,472,660,334,3362
5908,712,1188,1613,2242,2562,,712,476,425,629,320,3346
5949,700,1190,1620,2249,2581,,700,490,430,629,332,3368
6177,699,1169,1640,2345,2717,,699,470,471,705,372,3460
6320,724,1224,1712,2425,2861,,724,500,488,713,436,3459
6233,726,1211,1724,2403,2771,,726,485,513,679,368,3462
5915,712,1187,1657,2282,2578,,712,475,470,625,296,3337
6044,715,1190,1662,2322,2676,,715,475,472,660,354,3368
6017,713,1188,1662,2323,2655,,713,475,474,661,332,3362
6041,708,1185,1657,2319,2650,,708,477,472,662,331,3391
5940,713,1189,1618,2247,2578,,713,476,429,629,331,3362
5965,714,1212,1643,2273,2604,,714,498,431,630,331,3361
5940,710,1145,1579,2219,2554,,710,435,434,640,335,3386
5947,700,1193,1664,2287,2606,,700,493,471,623,319,3341
6203,715,1189,1660,2342,2732,,715,474,471,682,390,3471
6353,720,1224,1735,2503,2909,,720,504,511,768,406,3444
6218,715,1187,1658,2363,2779,,715,472,471,705,416,3439
6015,712,1186,1657,2320,2654,,712,474,471,663,334,3361
6016,712,1188,1660,2320,2658,,712,476,472,660,338,3358
6041,712,1210,1682,2344,2680,,712,498,472,662,336,3361
5737,634,1045,1441,2070,2389,,634,411,396,629,319,3348
5717,629,1026,1422,2053,2367,,629,397,396,631,314,3350
5699,630,1029,1424,2053,2367,,630,399,395,629,314,3332
6119,715,1191,1663,2367,2718,,715,476,472,704,351,3401
5971,712,1188,1660,2321,2626,,712,476,472,661,305,3345
6046,674,1096,1578,2291,2668,,674,422,482,713,377,3378
6045,714,1189,1660,2325,2677,,714,475,471,665,352,3368
6041,714,1189,1662,2321,2658,,714,475,473,659,337,3383
5991,689,1163,1635,2296,2632,,689,474,472,661,336,3359
6018,713,1188,1662,2321,2656,,713,475,474,659,335,3362
6020,714,1188,1660,2321,2657,,714,474,472,661,336,3363
5912,700,1165,1597,2225,2556,,700,465,432,628,331,3356
5920,700,1147,1585,2222,2554,,700,447,438,637,332,3366
5903,699,1187,1658,2283,2575,,699,488,471,625,292,3328
6159,715,1191,1663,2323,2724,,715,476,472,660,401,3435
6048,713,1187,1627,2313,2708,,713,474,440,686,395,3340
6091,714,1190,1666,2363,2715,,714,476,476,697,352,3376
6012,715,1188,1660,2319,2657,,715,473,472,659,338,3355
6044,713,1188,1661,2320,2655,,713,475,473,659,335,3389
6044,715,1187,1660,2322,2679,,715,472,473,662,357,3365
6042,717,1214,1688,2347,2683,,717,497,474,659,336,3359
5982,714,1189,1664,2313,2634,,714,475,475,649,321,3348
5917,713,1147,1583,2222,2554,,713,434,436,639,332,3363
5929,701,1188,1660,2283,2600,,701,487,472,623,317,3329
6348,716,1224,1740,2449,2860,,716,508,516,709,411,3488
6324,724,1224,1713,2425,2840,,724,500,489,712,415,3484
6395,752,1299,1787,2523,2947,,752,547,488,736,424,3448
6393,722,1250,1736,2521,2944,,722,528,486,785,423,3449
6393,754,1275,1763,2524,2946,,754,521,488,761,422,3447
6224,724,1224,1712,2424,2835,,724,500,488,712,411,3389
6325,724,1225,1712,2424,2835,,724,501,487,712,411,3490
6258,724,1224,1662,2364,2760,,724,500,438,702,396,3498
6018,713,1189,1662,2320,2658,,713,476,473,658,338,3360
5945,700,1186,1657,2282,2599,,700,486,471,625,317,3346
6230,710,1186,1657,2360,2778,,710,476,471,703,418,3452
6270,713,1187,1635,2379,2788,,713,474,448,744,409,3482
6420,724,1252,1737,2478,2976,,724,528,485,741,498,3444
6295,724,1224,1712,2424,2833,,724,500,488,712,409,3462
6322,724,1224,1711,2424,2833,,724,500,487,713,409,3489
6293,726,1227,1712,2423,2833,,726,501,485,711,410,3460
6295,725,1225,1713,2425,2834,,725,500,488,712,409,3461
6307,750,1298,1731,2436,2856,,750,548,433,705,420,3451
6044,714,1187,1659,2320,2656,,714,473,472,661,336,3388
5997,714,1190,1664,2298,2629,,714,476,474,634,331,3368
6197,673,1163,1635,2338,2734,,673,490,472,703,396,3463
6019,715,1148,1584,2289,2683,,715,433,436,705,394,3336
6154,714,1189,1662,2365,2714,,714,475,473,703,349,3440
6041,714,1187,1659,2323,2657,,714,473,472,664,334,3384
6044,713,1187,1658,2321,2676,,713,474,471,663,355,3368
6014,714,1189,1661,2323,2657,,714,475,472,662,334,3357
6017,713,1189,1660,2321,2656,,713,476,471,661,335,3361
6018,713,1189,1661,2323,2656,,713,476,472,662,333,3362
5832,649,1084,1500,2116,2460,,649,435,416,616,344,3372
6022,714,1188,1621,2275,2629,,714,474,433,654,354,3393
6164,704,1158,1638,2347,2722,,704,454,480,709,375,3442
6112,714,1188,1660,2323,2699,,714,474,472,663,376,3413
6392,721,1221,1710,2452,2945,,721,500,489,742,493,3447
6392,724,1251,1736,2476,2945,,724,527,485,740,469,3447
6313,717,1217,1705,2417,2828,,717,500,488,712,411,3485
6264,720,1220,1710,2421,2752,,720,500,490,711,331,3512
6418,723,1224,1711,2453,2975,,723,501,487,742,522,3443
6259,723,1224,1681,2386,2780,,723,501,457,705,394,3479
6043,712,1188,1660,2321,2657,,712,476,472,661,336,3386
6042,687,1164,1636,2339,2666,,687,477,472,703,327,3376
6170,674,1119,1611,2326,2715,,674,445,492,715,389,3455
6451,753,1299,1787,2524,2976,,753,546,488,737,452,3475
6296,723,1222,1710,2422,2833,,723,499,488,712,411,3463
6347,722,1222,1709,2421,2857,,722,500,487,712,436,3490
6472,752,1298,1816,2554,2999,,752,546,518,738,445,3473
6243,724,1253,1737,2449,2782,,724,529,484,712,333,3461
6350,724,1224,1711,2427,2864,,724,500,487,716,437,3486
6295,710,1198,1666,2374,2788,,710,488,468,708,414,3507
6343,724,1223,1740,2523,2925,,724,499,517,783,402,3418
6375,753,1328,1812,2525,2948,,753,575,484,713,423,3427
6208,715,1205,1694,2385,2751,,715,490,489,691,366,3457
6271,724,1224,1712,2424,2813,,724,500,488,712,389,3458
6294,723,1224,1711,2428,2835,,723,501,487,717,407,3459
6393,721,1221,1738,2521,2944,,721,500,517,783,423,3449
6293,724,1223,1712,2424,2834,,724,499,489,712,410,3459
6297,724,1223,1740,2449,2844,,724,499,517,709,395,3453
6270,724,1225,1713,2424,2835,,724,501,488,711,411,3435
6231,712,1207,1674,2358,2767,,712,495,467,684,409,3464
6269,724,1223,1713,2424,2834,,724,499,490,711,410,3435
6274,723,1223,1711,2423,2834,,723,500,488,712,411,3440
6244,715,1240,1723,2435,2813,,715,525,483,712,378,3431
6094,712,1187,1660,2322,2739,,712,475,473,662,417,3355
6144,693,1162,1634,2341,2757,,693,469,472,707,416,3387
6070,715,1190,1663,2323,2679,,715,475,473,660,356,3391
6042,713,1188,1660,2320,2657,,713,475,472,660,337,3385
6045,714,1190,1661,2323,2657,,714,476,471,662,334,3388
6042,714,1189,1661,2325,2657,,714,475,472,664,332,3385
6067,714,1189,1660,2339,2691,,714,475,471,679,352,3376
5945,713,1188,1616,2245,2580,,713,475,428,629,335,3365
5941,714,1188,1662,2284,2601,,714,474,474,622,317,3340
6177,718,1193,1619,2329,2739,,718,475,426,710,410,3438
6221,725,1225,1713,2425,2802,,725,500,488,712,377,3419
6466,749,1324,1837,2579,3022,,749,575,513,742,443,3444
6419,723,1222,1711,2451,2974,,723,499,489,740,523,3445
6269,698,1198,1688,2398,2809,,698,500,490,710,411,3460
6294,724,1223,1713,2423,2834,,724,499,490,710,411,3460
6293,723,1222,1709,2423,2832,,723,499,487,714,409,3461
6181,723,1223,1681,2334,2751,,723,500,458,653,417,3430
6044,716,1215,1686,2348,2681,,716,499,471,662,333,3363
6005,700,1188,1618,2240,2582,,700,488,430,622,342,3423
6178,707,1154,1588,2308,2721,,707,447,434,720,413,3457
6294,724,1223,1711,2423,2834,,724,499,488,712,411,3460
6395,753,1300,1786,2524,2946,,753,547,486,738,422,3449
6449,724,1253,1737,2523,2975,,724,529,484,786,452,3474
6293,678,1174,1691,2427,2834,,678,496,517,736,407,3459
6269,722,1223,1711,2423,2836,,722,501,488,712,413,3433
6324,725,1225,1713,2426,2835,,725,500,488,713,409,3489
6289,715,1205,1664,2370,2790,,715,490,459,706,420,3499
6020,715,1190,1662,2324,2657,,715,475,472,662,333,3363
6231,715,1189,1661,2365,2760,,715,474,472,704,395,3471
6400,726,1225,1713,2455,2927,,726,499,488,742,472,3473
6418,752,1299,1814,2524,2950,,752,547,515,710,426,3468
6294,722,1223,1711,2423,2833,,722,501,488,712,410,3461
6294,723,1224,1712,2424,2858,,723,501,488,712,434,3436
6295,723,1224,1711,2423,2833,,723,501,487,712,410,3462
6313,724,1200,1686,2399,2863,,724,476,486,713,464,3450
6291,722,1221,1709,2421,2831,,722,499,488,712,410,3460
6160,716,1203,1659,2367,2733,,716,487,456,708,366,3427
6046,715,1189,1662,2321,2657,,715,474,473,659,336,3389
5944,700,1191,1662,2285,2579,,700,491,471,623,294,3365
6270,714,1202,1688,2401,2814,,714,488,486,713,413,3456
6393,725,1224,1741,2449,2947,,725,499,517,708,498,3446
6348,723,1223,1740,2449,2858,,723,500,517,709,409,3490
6296,725,1253,1738,2451,2859,,725,528,485,713,408,3437
6419,753,1300,1788,2553,2972,,753,547,488,765,419,3447
6393,752,1299,1817,2527,2946,,752,547,518,710,419,3447
6349,727,1224,1741,2449,2860,,727,497,517,708,411,3489
6080,705,1175,1647,2350,2704,,705,470,472,703,354,3376
5991,713,1189,1662,2299,2631,,713,476,473,637,332,3360
6281,700,1189,1662,2364,2762,,700,489,473,702,398,3519
6267,688,1175,1663,2365,2802,,688,487,488,702,437,3465
6295,725,1228,1743,2451,2861,,725,503,515,708,410,3434
6270,726,1225,1713,2425,2836,,726,499,488,712,411,3434
6296,726,1225,1715,2426,2837,,726,499,490,711,411,3459
6270,712,1134,1617,2353,2786,,712,422,483,736,433,3484
6368,724,1253,1738,2450,2947,,724,529,485,712,497,3421
6233,713,1188,1660,2364,2780,,713,475,472,704,416,3453
6200,714,1213,1685,2388,2779,,714,499,472,703,391,3421
6045,714,1190,1664,2322,2677,,714,476,474,658,355,3368
6017,715,1189,1662,2322,2657,,715,474,473,660,335,3360
5973,673,1166,1596,2248,2609,,673,493,430,652,361,3364
6046,715,1188,1661,2321,2681,,715,473,473,660,360,3365
6044,714,1190,1661,2323,2657,,714,476,471,662,334,3387
5967,700,1190,1643,2275,2607,,700,490,453,632,332,3360
6175,673,1120,1642,2311,2699,,673,447,522,669,388,3476
6453,727,1225,1743,2554,3002,,727,498,518,811,448,3451
6321,727,1225,1713,2425,2861,,727,498,488,712,436,3460
6159,725,1224,1713,2393,2735,,725,499,489,680,342,3424
5900,714,1190,1662,2284,2577,,714,476,472,622,293,3323
6145,711,1190,1665,2304,2697,,711,479,475,639,393,3448
6295,726,1197,1686,2400,2837,,726,471,489,714,437,3458
6294,725,1225,1713,2427,2835,,725,500,488,714,408,3459
6226,724,1204,1663,2349,2759,,724,480,459,686,410,3467
6295,724,1224,1712,2425,2834,,724,500,488,713,409,3461
6320,725,1224,1713,2425,2859,,725,499,489,712,434,3461
6245,726,1225,1714,2427,2816,,726,499,489,713,389,3429
6297,726,1226,1714,2426,2836,,726,500,488,712,410,3461
6134,663,1142,1613,2313,2708,,663,479,471,700,395,3426
6093,715,1189,1661,2363,2714,,715,474,472,702,351,3379
6042,713,1188,1660,2321,2676,,713,475,472,661,355,3366
6173,715,1144,1637,2351,2709,,715,429,493,714,358,3464
6264,724,1224,1712,2424,2834,,724,500,488,712,410,3430
6298,726,1226,1715,2426,2837,,726,500,489,711,411,3461
6295,724,1227,1713,2424,2834,,724,503,486,711,410,3461
6253,726,1225,1696,2410,2823,,726,499,471,714,413,3430
6271,726,1225,1712,2424,2835,,726,499,487,712,411,3436
6296,726,1228,1713,2425,2836,,726,502,485,712,411,3460
6172,714,1200,1667,2351,2734,,714,486,467,684,383,3438
6293,725,1224,1711,2427,2834,,725,499,487,716,407,3459
6206,726,1225,1693,2401,2786,,726,499,468,708,385,3420
6246,714,1144,1654,2380,2738,,714,430,510,726,358,3508
6294,724,1225,1713,2425,2836,,724,501,488,712,411,3458
6300,724,1199,1686,2399,2810,,724,475,487,713,411,3490
6294,725,1223,1712,2424,2835,,725,498,489,712,411,3459
6298,724,1223,1711,2423,2858,,724,499,488,712,435,3440
6271,726,1226,1718,2427,2835,,726,500,492,709,408,3436
6129,700,1199,1666,2350,2735,,700,499,467,684,385,3394
6146,672,1086,1570,2275,2685,,672,414,484,705,410,3461
6238,724,1226,1712,2424,2835,,724,502,486,712,411,3403
6244,725,1199,1687,2399,2789,,725,474,488,712,390,3455
6272,712,1187,1655,2376,2787,,712,475,468,721,411,3485
6295,726,1225,1712,2424,2836,,726,499,487,712,412,3459
6271,726,1225,1714,2425,2836,,726,499,489,711,411,3435
6297,727,1226,1715,2426,2838,,727,499,489,711,412,3459
6229,726,1226,1693,2376,2787,,726,500,467,683,411,3442
6260,716,1193,1664,2366,2758,,716,477,471,702,392,3502
6236,715,1190,1664,2365,2783,,715,475,474,701,418,3453
6273,673,1118,1624,2349,2760,,673,445,506,725,411,3513
6297,726,1227,1715,2425,2837,,726,501,488,710,412,3460
6296,726,1225,1714,2425,2835,,726,499,489,711,410,3461
6270,726,1225,1659,2375,2787,,726,499,434,716,412,3483
6321,727,1226,1714,2426,2862,,727,499,488,712,436,3459
6297,727,1226,1714,2426,2838,,727,499,488,712,412,3459
6296,726,1225,1714,2426,2837,,726,499,489,712,411,3459
6247,726,1228,1714,2406,2788,,726,502,486,692,382,3459
6296,726,1228,1713,2426,2838,,726,502,485,713,412,3458
6274,725,1226,1714,2426,2837,,725,501,488,712,411,3437
6173,725,1227,1663,2352,2737,,725,502,436,689,385,3436
6323,726,1225,1714,2425,2860,,726,499,489,711,435,3463
6202,726,1225,1713,2403,2785,,726,499,488,690,382,3417
6146,704,1202,1631,2327,2721,,704,498,429,696,394,3425
6234,715,1190,1664,2365,2782,,715,475,474,701,417,3452
6259,690,1165,1638,2340,2757,,690,475,473,702,417,3502
6257,713,1188,1659,2364,2781,,713,475,471,705,417,3476
6271,714,1190,1638,2331,2763,,714,476,448,693,432,3508
6250,727,1225,1713,2426,2836,,727,498,488,713,410,3414
6276,725,1225,1713,2426,2836,,725,500,488,713,410,3440
6297,725,1228,1715,2425,2837,,725,503,487,710,412,3460
6269,724,1223,1712,2423,2833,,724,499,489,711,410,3436
6271,725,1225,1716,2425,2835,,725,500,491,709,410,3436
6257,729,1207,1651,2365,2760,,729,478,444,714,395,3497
6179,698,1184,1656,2360,2753,,698,486,472,704,393,3426
5914,713,1186,1657,2281,2576,,713,473,471,624,295,3338
5964,712,1188,1643,2271,2604,,712,476,455,628,333,3360
5961,712,1146,1559,2196,2544,,712,434,413,637,348,3417
6272,725,1225,1713,2425,2836,,725,500,488,712,411,3436
6297,726,1225,1714,2426,2837,,726,499,489,712,411,3460
6232,725,1224,1713,2405,2795,,725,499,489,692,390,3437
6016,714,1188,1660,2321,2654,,714,474,472,661,333,3362
5889,710,1144,1556,2193,2527,,710,434,412,637,334,3362
6045,705,1128,1544,2218,2623,,705,423,416,674,405,3422
6275,725,1225,1714,2454,2860,,725,500,489,740,406,3415
6320,725,1224,1711,2454,2860,,725,499,487,743,406,3460
6295,724,1224,1712,2424,2835,,724,500,488,712,411,3460
6296,726,1224,1714,2425,2851,,726,498,490,711,426,3445
6266,726,1224,1713,2424,2835,,726,498,489,711,411,3431
6157,700,1201,1669,2355,2737,,700,501,468,686,382,3420
6084,707,1192,1644,2288,2672,,707,485,452,644,384,3412
6272,701,1201,1688,2401,2812,,701,500,487,713,411,3460
6274,725,1225,1713,2424,2835,,725,500,488,711,411,3439
6270,720,1243,1650,2366,2804,,720,523,407,716,438,3466
6321,727,1225,1713,2426,2861,,727,498,488,713,435,3460
6322,728,1226,1716,2429,2861,,728,498,490,713,432,3461
6293,722,1221,1710,2422,2835,,722,499,489,712,413,3458
6320,725,1224,1741,2449,2867,,725,499,517,708,418,3453
6273,725,1225,1714,2425,2835,,725,500,489,711,410,3438
6231,725,1225,1693,2375,2763,,725,500,468,682,388,3468
5959,715,1189,1618,2250,2604,,715,474,429,632,354,3355
5892,714,1148,1561,2197,2533,,714,434,413,636,336,3359
5891,714,1145,1560,2196,2529,,714,431,415,636,333,3362
5912,712,1145,1558,2196,2548,,712,433,413,638,352,3364
5894,714,1147,1563,2197,2529,,714,433,416,634,332,3365
5954,716,1147,1561,2198,2532,,716,431,414,637,334,3422
5891,673,1098,1508,2144,2466,,673,425,410,636,322,3425
5895,674,1121,1534,2172,2506,,674,447,413,638,334,3389
5891,714,1147,1561,2197,2530,,714,433,414,636,333,3361
5890,714,1147,1560,2197,2533,,714,433,413,637,336,3357
5896,709,1143,1556,2191,2525,,709,434,413,635,334,3371
5891,715,1148,1561,2198,2531,,715,433,413,637,333,3360
5870,665,1115,1533,2166,2486,,665,450,418,633,320,3384
5930,705,1178,1607,2237,2570,,705,473,429,630,333,3360
5891,713,1146,1560,2197,2531,,713,433,414,637,334,3360
6037,713,1146,1579,2239,2612,,713,433,433,660,373,3425
6230,727,1224,1713,2412,2803,,727,497,489,699,391,3427
6271,727,1225,1713,2425,2836,,727,498,488,712,411,3435
6305,724,1225,1713,2425,2836,,724,501,488,712,411,3469
6244,724,1224,1712,2403,2786,,724,500,488,691,383,3458
6275,725,1199,1688,2400,2836,,725,474,489,712,436,3439
6396,725,1254,1737,2450,2948,,725,529,483,713,498,3448
6275,726,1228,1714,2426,2836,,726,502,486,712,410,3439
6154,681,1174,1662,2296,2687,,681,493,488,634,391,3467
6268,725,1223,1712,2424,2835,,725,498,489,712,411,3433
6296,724,1224,1711,2425,2834,,724,500,487,714,409,3462
6271,726,1225,1712,2425,2835,,726,499,487,713,410,3436
6294,724,1224,1712,2428,2835,,724,500,488,716,407,3459
6225,725,1201,1689,2401,2811,,725,476,488,712,410,3414
6230,725,1225,1693,2376,2761,,725,500,468,683,385,3469
5978,712,1189,1619,2248,2581,,712,477,430,629,333,3397
5917,714,1147,1560,2196,2532,,714,433,413,636,336,3385
5889,716,1146,1563,2172,2508,,716,430,417,609,336,3381
5933,705,1133,1543,2181,2512,,705,428,410,638,331,3421
5889,712,1144,1560,2194,2529,,712,432,416,634,335,3360
5891,713,1146,1563,2196,2529,,713,433,417,633,333,3362
6069,716,1216,1688,2347,2704,,716,500,472,659,357,3365
5895,715,1148,1560,2197,2530,,715,433,412,637,333,3365
5920,714,1148,1561,2198,2532,,714,434,413,637,334,3388
5891,716,1148,1561,2197,2531,,716,432,413,636,334,3360
5901,713,1146,1561,2197,2530,,713,433,415,636,333,3371
5916,715,1151,1561,2197,2530,,715,436,410,636,333,3386
5892,714,1148,1563,2197,2533,,714,434,415,634,336,3359
5925,713,1148,1560,2196,2528,,713,435,412,636,332,3397
5892,715,1146,1561,2197,2529,,715,431,415,636,332,3363
5890,715,1147,1559,2198,2530,,715,432,412,639,332,3360
6395,749,1302,1788,2524,2948,,749,553,486,736,424,3447
6246,700,1200,1687,2400,2811,,700,500,487,713,411,3435
6322,726,1202,1689,2402,2866,,726,476,487,713,464,3456
6299,725,1226,1713,2424,2861,,725,501,487,711,437,3438
6273,726,1226,1714,2428,2836,,726,500,488,714,408,3437
6273,726,1227,1715,2428,2837,,726,501,488,713,409,3436
6245,699,1198,1687,2399,2808,,699,499,489,712,409,3437
6244,696,1146,1637,2352,2784,,696,450,491,715,432,3460
6323,725,1227,1713,2425,2835,,725,502,486,712,410,3488
6295,724,1253,1736,2449,2859,,724,529,483,713,410,3436
6272,726,1169,1664,2376,2786,,726,443,495,712,410,3486
6297,726,1226,1714,2426,2836,,726,500,488,712,410,3461
6272,728,1226,1714,2426,2835,,728,498,488,712,409,3437
6210,727,1227,1693,2377,2763,,727,500,466,684,386,3447
6051,715,1190,1663,2324,2657,,715,475,473,661,333,3394
5890,713,1147,1560,2198,2529,,713,434,413,638,331,3361
5894,714,1149,1562,2198,2533,,714,435,413,636,335,3361
6079,695,1178,1637,2308,2670,,695,483,459,671,362,3409
6232,729,1226,1714,2406,2815,,729,497,488,692,409,3417
6298,727,1227,1714,2426,2836,,727,500,487,712,410,3462
6298,726,1226,1714,2426,2860,,726,500,488,712,434,3438
6297,726,1226,1714,2427,2837,,726,500,488,713,410,3460
6269,725,1226,1712,2426,2836,,725,501,486,714,410,3433
6231,728,1226,1693,2377,2762,,728,498,467,684,385,3469
6027,714,1190,1623,2297,2633,,714,476,433,674,336,3394
5891,713,1147,1563,2196,2529,,713,434,416,633,333,3362
5892,714,1147,1560,2198,2532,,714,433,413,638,334,3360
6147,695,1196,1652,2349,2754,,695,501,456,697,405,3393
6316,726,1225,1712,2424,2861,,726,499,487,712,437,3455
6271,725,1225,1713,2425,2837,,725,500,488,712,412,3434
6270,726,1225,1713,2425,2836,,726,499,488,712,411,3434
6296,725,1225,1713,2426,2836,,725,500,488,713,410,3460
6246,725,1224,1713,2425,2837,,725,499,489,712,412,3409
6232,727,1227,1696,2379,2763,,727,500,469,683,384,3469
5952,715,1190,1619,2249,2581,,715,475,429,630,332,3371
5892,716,1148,1562,2198,2533,,716,432,414,636,335,3359
5913,712,1146,1559,2195,2528,,712,434,413,636,333,3385
6137,680,1152,1628,2319,2705,,680,472,476,691,386,3432
6296,723,1223,1711,2424,2834,,723,500,488,713,410,3462
6298,726,1225,1715,2425,2835,,726,499,490,710,410,3463
6296,725,1228,1713,2426,2837,,725,503,485,713,411,3459
6296,726,1225,1713,2428,2861,,726,499,488,715,433,3435
6243,725,1200,1688,2400,2810,,725,475,488,712,410,3433
6229,725,1225,1692,2376,2761,,725,500,467,684,385,3468
5955,716,1190,1620,2252,2582,,716,474,430,632,330,3373
5914,716,1148,1561,2198,2534,,716,432,413,637,336,3380
5913,714,1146,1560,2196,2528,,714,432,414,636,332,3385
6129,706,1151,1628,2306,2700,,706,445,477,678,394,3429
6297,725,1225,1712,2425,2835,,725,500,487,713,410,3462
6272,725,1226,1714,2426,2836,,725,501,488,712,410,3436
6294,724,1227,1711,2423,2834,,724,503,484,712,411,3460
6300,723,1226,1714,2427,2862,,723,503,488,713,435,3438
6251,726,1226,1715,2426,2838,,726,500,489,711,412,3413
6232,727,1227,1695,2378,2787,,727,500,468,683,409,3445
5955,716,1190,1619,2251,2582,,716,474,429,632,331,3373
5916,713,1148,1561,2197,2532,,713,435,413,636,335,3384
5893,716,1150,1562,2199,2531,,716,434,412,637,332,3362
6082,718,1171,1630,2317,2682,,718,453,459,687,365,3400
6283,727,1227,1714,2427,2837,,727,500,487,713,410,3446
6384,726,1256,1740,2526,2948,,726,530,484,786,422,3436
6322,726,1224,1712,2425,2859,,726,498,488,713,434,3463
6296,724,1225,1712,2426,2836,,724,501,487,714,410,3460
6297,727,1227,1714,2426,2835,,727,500,487,712,409,3462
6232,727,1226,1695,2377,2762,,727,499,469,682,385,3470
5972,714,1189,1618,2248,2581,,714,475,429,630,333,3391
5891,716,1149,1562,2198,2531,,716,433,413,636,333,3360
5936,717,1170,1598,2218,2562,,717,453,428,620,344,3374
6121,715,1147,1605,2286,2691,,715,432,458,681,405,3430
6273,727,1226,1715,2427,2837,,727,499,489,712,410,3436
6246,725,1227,1713,2372,2785,,725,502,486,659,413,3461
6272,726,1226,1714,2426,2836,,726,500,488,712,410,3436
6297,727,1227,1715,2428,2838,,727,500,488,713,410,3459
6272,727,1228,1713,2427,2815,,727,501,485,714,388,3457
6205,725,1224,1693,2375,2761,,725,499,469,682,386,3444
6199,716,1191,1663,2366,2741,,716,475,472,703,375,3458
6019,716,1193,1667,2325,2660,,716,477,474,658,335,3359
6025,702,1199,1670,2332,2667,,702,497,471,662,335,3358
6053,659,1082,1548,2249,2697,,659,423,466,701,448,3356
6298,727,1226,1714,2426,2840,,727,499,488,712,414,3458
6298,727,1226,1716,2427,2837,,727,499,490,711,410,3461
6271,725,1226,1713,2426,2836,,725,501,487,713,410,3435
6344,726,1225,1743,2450,2928,,726,499,518,707,478,3416
6353,729,1226,1743,2451,2863,,729,497,517,708,412,3490
6295,725,1225,1713,2425,2836,,725,500,488,712,411,3459
6296,725,1226,1714,2427,2836,,725,501,488,713,409,3460
6248,701,1201,1688,2401,2813,,701,500,487,713,412,3435
6295,724,1225,1713,2424,2834,,724,501,488,711,410,3461
6151,725,1200,1633,2352,2752,,725,475,433,719,400,3399
6275,727,1227,1714,2428,2838,,727,500,487,714,410,3437
6297,726,1226,1714,2425,2836,,726,500,488,711,411,3461
6300,726,1224,1712,2426,2835,,726,498,488,714,409,3465
6203,726,1226,1714,2405,2787,,726,500,488,691,382,3416
5967,712,1186,1615,2247,2579,,712,474,429,632,332,3388
5917,715,1147,1561,2197,2530,,715,432,414,636,333,3387
5901,716,1146,1562,2197,2531,,716,430,416,635,334,3370
5890,715,1146,1560,2197,2530,,715,431,414,637,333,3360
5916,707,1148,1546,2176,2495,,707,441,398,630,319,3421
6027,693,1137,1598,2268,2646,,693,444,461,670,378,3381
6299,727,1227,1715,2427,2837,,727,500,488,712,410,3462
6285,715,1215,1704,2414,2824,,715,500,489,710,410,3461
6274,728,1228,1718,2429,2838,,728,500,490,711,409,3436
6274,729,1230,1715,2428,2837,,729,501,485,713,409,3437
6296,728,1226,1714,2427,2836,,728,498,488,713,409,3460
6298,726,1226,1715,2426,2837,,726,500,489,711,411,3461
6296,727,1229,1715,2427,2837,,727,502,486,712,410,3459
6298,727,1227,1715,2427,2836,,727,500,488,712,409,3462
6285,716,1214,1702,2416,2825,,716,498,488,714,409,3460
6114,677,1163,1635,2340,2720,,677,486,472,705,380,3394
6273,704,1189,1674,2378,2789,,704,485,485,704,411,3484
6270,726,1226,1714,2429,2837,,726,500,488,715,408,3433
6276,726,1224,1714,2427,2839,,726,498,490,713,412,3437
6230,725,1226,1692,2376,2760,,725,501,466,684,384,3470
6083,716,1190,1665,2364,2663,,716,474,475,699,299,3420
6258,714,1190,1663,2364,2757,,714,476,473,701,393,3501
6167,717,1191,1662,2366,2762,,717,474,471,704,396,3405
6237,704,1191,1663,2365,2782,,704,487,472,702,417,3455
6171,712,1190,1644,2315,2706,,712,478,454,671,391,3465
5986,673,1117,1547,2198,2600,,673,444,430,651,402,3386
6323,726,1227,1714,2426,2863,,726,501,487,712,437,3460
6296,724,1224,1712,2424,2836,,724,500,488,712,412,3460
6298,727,1227,1716,2427,2838,,727,500,489,711,411,3460
6296,728,1226,1716,2426,2838,,728,498,490,710,412,3458
6395,757,1302,1790,2525,2949,,757,545,488,735,424,3446
6324,726,1227,1713,2427,2862,,726,501,486,714,435,3462
6300,727,1226,1714,2427,2837,,727,499,488,713,410,3463
6298,725,1226,1713,2425,2837,,725,501,487,712,412,3461
6296,725,1224,1712,2425,2836,,725,499,488,713,411,3460
6288,726,1205,1688,2405,2838,,726,479,483,717,433,3450
6272,727,1226,1714,2427,2837,,727,499,488,713,410,3435
6297,726,1226,1714,2427,2837,,726,500,488,713,410,3460
6272,725,1200,1689,2401,2812,,725,475,489,712,411,3460
6213,725,1225,1713,2406,2813,,725,500,488,693,407,3400
6320,727,1226,1715,2427,2864,,727,499,489,712,437,3456
6291,720,1220,1707,2421,2831,,720,500,487,714,410,3460
6320,726,1226,1714,2426,2860,,726,500,488,712,434,3460
6322,727,1226,1714,2428,2861,,727,499,488,714,433,3461
6272,723,1227,1712,2423,2835,,723,504,485,711,412,3437
6130,700,1147,1628,2340,2711,,700,447,481,712,371,3419
6297,726,1226,1714,2427,2836,,726,500,488,713,409,3461
6271,668,1175,1663,2374,2787,,668,507,488,711,413,3484
6276,725,1202,1690,2402,2837,,725,477,488,712,435,3439
6303,715,1202,1690,2403,2837,,715,487,488,713,434,3466
6097,671,1169,1642,2342,2738,,671,498,473,700,396,3359
5994,691,1166,1639,2300,2633,,691,475,473,661,333,3361
6019,717,1192,1664,2323,2659,,717,475,472,659,336,3360
6017,717,1191,1663,2324,2658,,717,474,472,661,334,3359
5965,664,1140,1612,2274,2607,,664,476,472,662,333,3358
6077,717,1190,1662,2324,2680,,717,473,472,662,356,3397
6275,728,1228,1716,2429,2839,,728,500,488,713,410,3436
6424,751,1302,1790,2557,2975,,751,551,488,767,418,3449
6298,729,1226,1715,2430,2839,,729,497,489,715,409,3459
6352,726,1226,1714,2425,2861,,726,500,488,711,436,3491
6322,726,1227,1715,2459,2866,,726,501,488,744,407,3456
6397,725,1225,1712,2457,2948,,725,500,487,745,491,3449
6297,728,1227,1715,2427,2836,,728,499,488,712,409,3461
6296,726,1224,1713,2454,2861,,726,498,489,741,407,3435
6249,677,1175,1663,2376,2787,,677,498,488,713,411,3462
6222,728,1227,1694,2402,2813,,728,499,467,708,411,3409
6292,712,1212,1700,2411,2822,,712,500,488,711,411,3470
6274,715,1202,1690,2402,2811,,715,487,488,712,409,3463
6298,728,1226,1716,2427,2837,,728,498,490,711,410,3461
6299,727,1226,1715,2427,2838,,727,499,489,712,411,3461
6274,716,1205,1691,2403,2813,,716,489,486,712,410,3461
6272,726,1227,1715,2426,2838,,726,501,488,711,412,3434
6298,729,1229,1716,2427,2839,,729,500,487,711,412,3459
6299,728,1227,1718,2426,2837,,728,499,491,708,411,3462
6373,757,1302,1791,2514,2935,,757,545,489,723,421,3438
6187,698,1203,1637,2345,2740,,698,505,434,708,395,3447
6094,715,1190,1662,2366,2719,,715,475,472,704,353,3375
6173,716,1137,1620,2327,2704,,716,421,483,707,377,3469
6325,727,1226,1714,2427,2862,,727,499,488,713,435,3463
6270,724,1226,1713,2426,2836,,724,502,487,713,410,3434
6297,726,1227,1714,2428,2837,,726,501,487,714,409,3460
6220,727,1226,1713,2405,2812,,727,499,487,692,407,3408
6283,727,1228,1715,2429,2863,,727,501,487,714,434,3420
6247,728,1229,1695,2378,2764,,728,501,466,683,386,3483
6274,716,1196,1691,2404,2813,,716,480,495,713,409,3461
6275,727,1228,1637,2353,2764,,727,501,409,716,411,3511
6296,727,1225,1713,2425,2836,,727,498,488,712,411,3460
6272,728,1228,1715,2426,2836,,728,500,487,711,410,3436
6274,728,1228,1716,2428,2838,,728,500,488,712,410,3436
6272,727,1226,1716,2426,2837,,727,499,490,710,411,3435
6273,727,1228,1715,2427,2838,,727,501,487,712,411,3435
6297,726,1227,1714,2427,2836,,726,501,487,713,409,3461
6301,728,1228,1716,2427,2838,,728,500,488,711,411,3463
6323,728,1227,1716,2428,2863,,728,499,489,712,435,3460
6174,658,1079,1566,2278,2715,,658,421,487,712,437,3459
6199,729,1151,1617,2329,2739,,729,422,466,712,410,3460
6398,727,1226,1745,2453,2948,,727,499,519,708,495,3450
6272,727,1227,1715,2428,2838,,727,500,488,713,410,3434
6325,717,1233,1717,2429,2865,,717,516,484,712,436,3460
6298,728,1227,1715,2428,2837,,728,499,488,713,409,3461
6123,658,1076,1565,2279,2689,,658,418,489,714,410,3434
6323,728,1226,1715,2427,2863,,728,498,489,712,436,3460
6273,726,1226,1714,2426,2829,,726,500,488,712,403,3444
6299,728,1227,1714,2427,2839,,728,499,487,713,412,3460
6122,727,1149,1556,2254,2664,,727,422,407,698,410,3458
6172,728,1150,1617,2304,2714,,728,422,467,687,410,3458
6272,727,1226,1714,2426,2835,,727,499,488,712,409,3437
6247,728,1226,1681,2400,2812,,728,498,455,719,412,3435
6298,728,1229,1715,2429,2838,,728,501,486,714,409,3460
6274,728,1227,1716,2428,2838,,728,499,489,712,410,3436
6297,727,1227,1715,2426,2836,,727,500,488,711,410,3461
6273,728,1227,1715,2427,2837,,728,499,488,712,410,3436
6300,728,1229,1717,2428,2839,,728,501,488,711,411,3461
6298,729,1228,1716,2430,2838,,729,499,488,714,408,3460
6299,727,1227,1716,2427,2840,,727,500,489,711,413,3459
6173,728,1210,1667,2319,2727,,728,482,457,652,408,3446
6300,741,1229,1716,2428,2838,,741,488,487,712,410,3462
6272,725,1226,1715,2424,2835,,725,501,489,709,411,3437
6323,729,1227,1716,2427,2863,,729,498,489,711,436,3460
6398,756,1303,1790,2527,2950,,756,547,487,737,423,3448
6297,728,1226,1716,2427,2840,,728,498,490,711,413,3457
6274,727,1228,1714,2427,2837,,727,501,486,713,410,3437
6128,729,1228,1692,2361,2722,,729,499,464,669,361,3406
5979,667,1110,1548,2209,2571,,667,443,438,661,362,3408
5991,667,1112,1551,2213,2600,,667,445,439,662,387,3391
6197,703,1203,1613,2328,2751,,703,500,410,715,423,3446
6298,727,1227,1714,2427,2838,,727,500,487,713,411,3460
6299,729,1229,1716,2429,2839,,729,500,487,713,410,3460
6275,717,1203,1691,2404,2814,,717,486,488,713,410,3461
6324,729,1229,1716,2428,2864,,729,500,487,712,436,3460
6312,727,1226,1714,2427,2837,,727,499,488,713,410,3475
6296,726,1225,1713,2425,2836,,726,499,488,712,411,3460
6275,717,1203,1692,2403,2814,,717,486,489,711,411,3461
6299,729,1230,1716,2429,2839,,729,501,486,713,410,3460
6298,728,1229,1717,2429,2837,,728,501,488,712,408,3461
6134,727,1228,1637,2353,2706,,727,501,409,716,353,3428
6299,728,1227,1716,2427,2837,,728,499,489,711,410,3462
6298,728,1227,1715,2427,2838,,728,499,488,712,411,3460
6398,756,1301,1814,2527,2949,,756,545,513,713,422,3449
6398,728,1260,1745,2527,2950,,728,532,485,782,423,3448
6273,727,1229,1715,2426,2862,,727,502,486,711,436,3411
6248,727,1228,1715,2408,2815,,727,501,487,693,407,3433
6297,729,1227,1715,2428,2839,,729,498,488,713,411,3458
6323,728,1227,1715,2428,2867,,728,499,488,713,439,3456
6247,729,1226,1714,2405,2788,,729,497,488,691,383,3459
6143,727,1225,1714,2406,2752,,727,498,489,692,346,3391
6297,727,1226,1715,2426,2839,,727,499,489,711,413,3458
6288,717,1218,1706,2418,2830,,717,501,488,712,412,3458
6301,727,1226,1714,2428,2862,,727,499,488,714,434,3439
6263,729,1208,1668,2340,2759,,729,479,460,672,419,3504
6172,716,1191,1663,2365,2744,,716,475,472,702,379,3428
6047,706,1191,1664,2327,2661,,706,485,473,663,334,3386
6044,716,1192,1666,2324,2657,,716,476,474,658,333,3387
6044,717,1216,1690,2350,2685,,717,499,474,660,335,3359
6112,703,1191,1663,2366,2737,,703,488,472,703,371,3375
6021,715,1188,1660,2324,2656,,715,473,472,664,332,3365
6044,717,1216,1690,2350,2684,,717,499,474,660,334,3360
6222,713,1189,1638,2351,2785,,713,476,449,713,434,3437
6274,716,1203,1691,2403,2813,,716,487,488,712,410,3461
6299,728,1227,1715,2425,2837,,728,499,488,710,412,3462
6296,728,1226,1715,2426,2836,,728,498,489,711,410,3460
6276,728,1226,1714,2427,2837,,728,498,488,713,410,3439
6300,716,1203,1692,2403,2839,,716,487,489,711,436,3461
6297,726,1226,1714,2426,2861,,726,500,488,712,435,3436
6221,728,1228,1715,2406,2790,,728,500,487,691,384,3431
6269,716,1202,1691,2403,2793,,716,486,489,712,390,3476
6297,728,1226,1715,2426,2836,,728,498,489,711,410,3461
6320,726,1227,1716,2429,2861,,726,501,489,713,432,3459
6323,728,1227,1715,2427,2863,,728,499,488,712,436,3460
6272,726,1227,1714,2427,2837,,726,501,487,713,410,3435
6299,727,1228,1715,2427,2837,,727,501,487,712,410,3462
6221,726,1227,1714,2406,2813,,726,501,487,692,407,3408
6398,727,1231,1743,2453,2950,,727,504,512,710,497,3448
6272,728,1227,1715,2427,2838,,728,499,488,712,411,3434
6089,725,1176,1661,2297,2670,,725,451,485,636,373,3419
6247,716,1204,1690,2403,2813,,716,488,486,713,410,3434
6321,726,1228,1714,2427,2861,,726,502,486,713,434,3460
6250,744,1227,1715,2429,2783,,744,483,488,714,354,3467
6298,726,1227,1716,2428,2840,,726,501,489,712,412,3458
6220,726,1225,1714,2405,2787,,726,499,489,691,382,3433
6273,716,1203,1691,2402,2811,,716,487,488,711,409,3462
6298,729,1229,1716,2427,2838,,729,500,487,711,411,3460
6296,727,1224,1712,2425,2834,,727,497,488,713,409,3462
6286,716,1215,1704,2416,2826,,716,499,489,712,410,3460
6273,728,1227,1715,2413,2826,,728,499,488,698,413,3447
6294,728,1227,1715,2427,2839,,728,499,488,712,412,3455
6236,701,1192,1663,2367,2761,,701,491,471,704,394,3475
6229,714,1189,1660,2364,2741,,714,475,471,704,377,3488
6321,728,1227,1715,2427,2864,,728,499,488,712,437,3457
6244,726,1225,1714,2428,2815,,726,499,489,714,387,3429
6300,714,1203,1690,2404,2816,,714,489,487,714,412,3484
6299,728,1228,1715,2429,2838,,728,500,487,714,409,3461
6296,725,1224,1713,2425,2834,,725,499,489,712,409,3462
6322,727,1226,1714,2427,2861,,727,499,488,713,434,3461
6246,727,1226,1715,2427,2785,,727,499,489,712,358,3461
6264,727,1227,1716,2427,2817,,727,500,489,711,390,3447
6299,713,1203,1691,2402,2815,,713,490,488,711,413,3484
6075,683,1165,1637,2341,2717,,683,482,472,704,376,3358
6045,705,1193,1665,2325,2660,,705,488,472,660,335,3385
5944,701,1195,1625,2250,2583,,701,494,430,625,333,3361
6072,702,1177,1650,2352,2720,,702,475,473,702,368,3352
6239,704,1192,1664,2365,2781,,704,488,472,701,416,3458
6197,716,1191,1662,2367,2742,,716,475,471,705,375,3455
6017,705,1192,1664,2326,2660,,705,487,472,662,334,3357
5949,700,1189,1618,2248,2579,,700,489,429,630,331,3370
6125,716,1192,1664,2366,2742,,716,476,472,702,376,3383
6030,705,1176,1647,2351,2675,,705,471,471,704,324,3355
6099,705,1191,1664,2366,2714,,705,486,473,702,348,3385
6053,704,1192,1668,2325,2660,,704,488,476,657,335,3393
5942,700,1190,1620,2250,2583,,700,490,430,630,333,3359
6105,702,1178,1651,2354,2730,,702,476,473,703,376,3375
6262,716,1193,1667,2368,2783,,716,477,474,701,415,3479
6094,705,1193,1666,2367,2717,,705,488,473,701,350,3377
5970,660,1142,1614,2274,2611,,660,482,472,660,337,3359
5924,700,1166,1595,2226,2558,,700,466,429,631,332,3366
6033,702,1196,1670,2372,2695,,702,494,474,702,323,3338
6021,703,1193,1666,2366,2664,,703,490,473,700,298,3357
6076,704,1191,1686,2350,2707,,704,487,495,664,357,3369
6044,719,1191,1663,2325,2660,,719,472,472,662,335,3384
5993,699,1191,1621,2275,2607,,699,492,430,654,332,3386
5989,702,1177,1649,2352,2651,,702,475,472,703,299,3338
6022,705,1192,1664,2368,2666,,705,487,472,704,298,3356
6018,705,1191,1661,2324,2659,,705,486,470,663,335,3359
5917,647,1142,1572,2200,2533,,647,495,430,628,333,3384
5928,716,1148,1563,2199,2533,,716,432,415,636,334,3395
6124,714,1153,1629,2338,2733,,714,439,476,709,395,3391
6044,707,1192,1664,2325,2660,,707,485,472,661,335,3384
6010,690,1147,1627,2252,2582,,690,457,480,625,330,3428
6070,704,1166,1639,2340,2693,,704,462,473,701,353,3377
5968,701,1191,1621,2256,2584,,701,490,430,635,328,3384
6079,700,1180,1651,2352,2703,,700,480,471,701,351,3376
6260,716,1191,1663,2366,2782,,716,475,472,703,416,3478
6072,717,1150,1629,2342,2696,,717,433,479,713,354,3376
5993,717,1209,1640,2300,2636,,717,492,431,660,336,3357
5924,702,1167,1597,2225,2557,,702,465,430,628,332,3367
5927,700,1172,1602,2229,2563,,700,472,430,627,334,3364
6046,716,1191,1663,2366,2690,,716,475,472,703,324,3356
6268,705,1192,1664,2368,2765,,705,487,472,704,397,3503
6297,725,1225,1713,2425,2836,,725,500,488,712,411,3461
6298,727,1227,1715,2426,2837,,727,500,488,711,411,3461
6323,726,1226,1715,2426,2836,,726,500,489,711,410,3487
6298,728,1227,1716,2430,2839,,728,499,489,714,409,3459
6298,728,1227,1715,2427,2840,,728,499,488,712,413,3458
6272,728,1173,1667,2377,2788,,728,445,494,710,411,3484
6297,727,1226,1715,2426,2838,,727,499,489,711,412,3459
6315,727,1227,1716,2427,2862,,727,500,489,711,435,3453
6322,729,1227,1715,2426,2867,,729,498,488,711,441,3455
6299,728,1227,1716,2426,2836,,728,499,489,710,410,3463
6296,725,1224,1713,2426,2835,,725,499,489,713,409,3461
6222,729,1227,1715,2407,2790,,729,498,488,692,383,3432
6259,715,1203,1691,2403,2785,,715,488,488,712,382,3474
6260,715,1214,1688,2389,2783,,715,499,474,701,394,3477
6072,716,1192,1665,2367,2716,,716,476,473,702,349,3356
5886,704,1150,1583,2212,2533,,704,446,433,629,321,3353
5922,697,1168,1597,2227,2561,,697,471,429,630,334,3361
6027,699,1174,1646,2349,2673,,699,475,472,703,324,3354
5896,698,1169,1641,2263,2557,,698,471,472,622,294,3339
6048,705,1169,1608,2294,2645,,705,464,439,686,351,3403
6053,706,1192,1665,2325,2660,,706,486,473,660,335,3393
5944,701,1192,1623,2250,2582,,701,491,431,627,332,3362
6314,687,1169,1656,2368,2803,,687,482,487,712,435,3511
6298,728,1227,1716,2427,2838,,728,499,489,711,411,3460
6273,728,1227,1716,2428,2837,,728,499,489,712,409,3436
6249,716,1203,1651,2378,2790,,716,487,448,727,412,3459
6272,726,1226,1714,2426,2836,,726,500,488,712,410,3436
6297,726,1226,1715,2427,2861,,726,500,489,712,434,3436
6306,712,1214,1700,2412,2829,,712,502,486,712,417,3477
6259,726,1228,1662,2368,2788,,726,502,434,706,420,3471
6045,717,1195,1667,2325,2660,,717,478,472,658,335,3385
5920,699,1167,1596,2227,2559,,699,468,429,631,332,3361
6162,638,1121,1593,2299,2719,,638,483,472,706,420,3443
6261,704,1192,1665,2367,2784,,704,488,473,702,417,3477
6017,715,1190,1661,2325,2658,,715,475,471,664,333,3359
5944,700,1151,1587,2237,2563,,700,451,436,650,326,3381
6073,665,1098,1574,2250,2621,,665,433,476,676,371,3452
6430,752,1273,1764,2526,2949,,752,521,491,762,423,3481
6307,741,1233,1721,2433,2868,,741,492,488,712,435,3439
6273,717,1184,1641,2383,2822,,717,467,457,742,439,3451
6299,730,1227,1715,2428,2836,,730,497,488,713,408,3463
6297,726,1226,1714,2426,2836,,726,500,488,712,410,3461
6322,726,1200,1689,2402,2836,,726,474,489,713,434,3486
6271,726,1226,1714,2455,2842,,726,500,488,741,387,3429
6275,718,1204,1691,2403,2838,,718,486,487,712,435,3437
6297,725,1226,1715,2426,2836,,725,501,489,711,410,3461
6246,728,1227,1715,2427,2816,,728,499,488,712,389,3430
6297,715,1203,1692,2404,2813,,715,488,489,712,409,3484
6308,713,1212,1700,2412,2847,,713,499,488,712,435,3461
6249,728,1227,1698,2402,2812,,728,499,471,704,410,3437
6273,728,1227,1716,2428,2837,,728,499,489,712,409,3436
6396,728,1226,1714,2455,2949,,728,498,488,741,494,3447
6321,727,1226,1715,2426,2837,,727,499,489,711,411,3484
6248,728,1228,1715,2408,2812,,728,500,487,693,404,3436
6249,716,1203,1691,2403,2815,,716,487,488,712,412,3434
6274,728,1202,1689,2405,2814,,728,474,487,716,409,3460
6247,745,1228,1716,2428,2819,,745,483,488,712,391,3428
6247,716,1203,1690,2403,2813,,716,487,487,713,410,3434
6312,714,1214,1702,2444,2851,,714,500,488,742,407,3461
6300,715,1203,1691,2403,2838,,715,488,488,712,435,3462
6298,727,1226,1715,2428,2837,,727,499,489,713,409,3461
6246,727,1226,1716,2407,2813,,727,499,490,691,406,3433
6248,710,1204,1691,2404,2817,,710,494,487,713,413,3431
6299,727,1227,1715,2428,2838,,727,500,488,713,410,3461
6299,727,1228,1715,2427,2837,,727,501,487,712,410,3462
6248,728,1228,1716,2428,2806,,728,500,488,712,378,3442
6297,725,1226,1715,2425,2837,,725,501,489,710,412,3460
6296,727,1201,1690,2403,2837,,727,474,489,713,434,3459
6338,717,1217,1706,2417,2852,,717,500,489,711,435,3486
6249,723,1203,1690,2381,2775,,723,480,487,691,394,3474
6272,727,1227,1743,2414,2819,,727,500,516,671,405,3453
6298,729,1227,1715,2428,2838,,729,498,488,713,410,3460
6300,729,1229,1716,2428,2838,,729,500,487,712,410,3462
6248,703,1203,1690,2382,2765,,703,500,487,692,383,3483
6298,729,1228,1716,2428,2839,,729,499,488,712,411,3459
6299,727,1227,1715,2428,2843,,727,500,488,713,415,3456
6248,727,1228,1714,2426,2816,,727,501,486,712,390,3432
6297,728,1224,1713,2425,2835,,728,496,489,712,410,3462
6340,716,1216,1704,2417,2851,,716,500,488,713,434,3489
6423,754,1328,1813,2505,2976,,754,574,485,692,471,3447
6323,727,1227,1714,2429,2863,,727,500,487,715,434,3460
6298,727,1227,1716,2428,2837,,727,500,489,712,409,3461
6295,727,1219,1714,2429,2862,,727,492,495,715,433,3433
6223,716,1203,1691,2383,2789,,716,487,488,692,406,3434
6323,728,1227,1716,2427,2862,,728,499,489,711,435,3461
6296,726,1226,1714,2427,2837,,726,500,488,713,410,3459
6245,727,1226,1714,2452,2823,,727,499,488,738,371,3422
6206,742,1168,1651,2378,2789,,742,426,483,727,411,3417
6109,706,1180,1651,2355,2729,,706,474,471,704,374,3380
6084,706,1192,1664,2323,2664,,706,486,472,659,341,3420
6097,706,1192,1664,2367,2719,,706,486,472,703,352,3378
5994,726,1219,1650,2276,2608,,726,493,431,626,332,3386
6255,701,1132,1621,2333,2767,,701,431,489,712,434,3488
6272,725,1226,1713,2425,2837,,725,501,487,712,412,3435
6298,727,1202,1691,2402,2838,,727,475,489,711,436,3460
6298,728,1228,1715,2427,2837,,728,500,487,712,410,3461
6397,727,1257,1742,2526,2949,,727,530,485,784,423,3448
6299,727,1227,1716,2428,2839,,727,500,489,712,411,3460
6239,644,1138,1626,2338,2749,,644,494,488,712,411,3490
6247,717,1203,1691,2402,2795,,717,486,488,711,393,3452
6298,727,1227,1715,2427,2841,,727,500,488,712,414,3457
6299,716,1204,1692,2404,2839,,716,488,488,712,435,3460
6322,729,1227,1715,2429,2863,,729,498,488,714,434,3459
6248,727,1227,1715,2430,2818,,727,500,488,715,388,3430
6250,716,1204,1692,2405,2814,,716,488,488,713,409,3436
6273,726,1226,1713,2426,2837,,726,500,487,713,411,3436
6225,702,1203,1691,2403,2812,,702,501,488,712,409,3413
6273,717,1203,1691,2403,2814,,717,486,488,712,411,3459
6198,658,1152,1640,2330,2738,,658,494,488,690,408,3460
6257,725,1200,1690,2401,2761,,725,475,490,711,360,3496
6045,716,1191,1687,2350,2683,,716,475,496,663,333,3362
5919,700,1167,1596,2228,2558,,700,467,429,632,330,3361
6179,701,1154,1580,2307,2719,,701,453,426,727,412,3460
6298,727,1228,1716,2428,2838,,727,501,488,712,410,3460
6275,718,1203,1692,2403,2813,,718,485,489,711,410,3462
6294,727,1226,1714,2426,2837,,727,499,488,712,411,3457
6248,715,1204,1690,2404,2813,,715,489,486,714,409,3435
6298,717,1227,1716,2429,2839,,717,510,489,713,410,3459
6296,687,1187,1671,2401,2811,,687,500,484,730,410,3485
6160,728,1228,1715,2392,2735,,728,500,487,677,343,3425
6223,706,1191,1663,2366,2784,,706,485,472,703,418,3439
5943,715,1190,1622,2251,2582,,715,475,432,629,331,3361
6334,700,1195,1624,2362,2794,,700,495,429,738,432,3540
6298,729,1227,1715,2428,2838,,729,498,488,713,410,3460
6300,717,1203,1692,2405,2838,,717,486,489,713,433,3462
6308,716,1211,1700,2411,2822,,716,495,489,711,411,3486
6297,728,1230,1715,2430,2839,,728,502,485,715,409,3458
6298,727,1228,1714,2430,2836,,727,501,486,716,406,3462
6281,746,1215,1698,2391,2797,,746,469,483,693,406,3484
6272,715,1203,1693,2383,2765,,715,488,490,690,382,3507
6299,727,1227,1716,2427,2838,,727,500,489,711,411,3461
6274,716,1202,1691,2402,2813,,716,486,489,711,411,3461
6325,728,1226,1717,2427,2863,,728,498,491,710,436,3462
6223,716,1205,1693,2403,2793,,716,489,488,710,390,3430
6250,716,1204,1691,2403,2813,,716,488,487,712,410,3437
6259,716,1212,1701,2411,2822,,716,496,489,710,411,3437
6224,716,1206,1722,2429,2805,,716,490,516,707,376,3419
6274,715,1178,1653,2354,2764,,715,463,475,701,410,3510
6101,669,1107,1586,2299,2718,,669,438,479,713,419,3383
6248,706,1194,1667,2366,2763,,706,488,473,699,397,3485
6298,728,1227,1716,2428,2839,,728,499,489,712,411,3459
6295,725,1225,1713,2424,2837,,725,500,488,711,413,3458
6323,728,1228,1716,2428,2839,,728,500,488,712,411,3484
6302,728,1227,1716,2427,2870,,728,499,489,711,443,3432
6299,717,1204,1691,2405,2845,,717,487,487,714,440,3454
6308,715,1212,1700,2411,2823,,715,497,488,711,412,3485
6274,727,1227,1716,2428,2838,,727,500,489,712,410,3436
6272,715,1204,1691,2403,2815,,715,489,487,712,412,3457
6209,688,1151,1650,2361,2772,,688,463,499,711,411,3437
6265,716,1203,1693,2405,2838,,716,487,490,712,433,3427
6249,716,1203,1691,2403,2813,,716,487,488,712,410,3436
6287,719,1215,1703,2416,2850,,719,496,488,713,434,3437
6299,727,1201,1690,2398,2811,,727,474,489,708,413,3488
6245,726,1225,1714,2426,2816,,726,499,489,712,390,3429
6301,717,1234,1718,2429,2839,,717,517,484,711,410,3462
6281,715,1211,1700,2412,2822,,715,496,489,712,410,3459
6222,729,1227,1716,2428,2837,,729,498,489,712,409,3385
6272,715,1205,1692,2404,2815,,715,490,487,712,411,3457
6090,679,1102,1513,2221,2630,,679,423,411,708,409,3460
6302,718,1203,1692,2404,2840,,718,485,489,712,436,3462
6273,727,1227,1717,2427,2838,,727,500,490,710,411,3435
6276,727,1226,1714,2426,2836,,727,499,488,712,410,3440
6249,715,1204,1691,2405,2815,,715,489,487,714,410,3434
6251,716,1203,1691,2404,2815,,716,487,488,713,411,3436
6274,728,1228,1715,2427,2842,,728,500,487,712,415,3432
6335,716,1213,1701,2415,2824,,716,497,488,714,409,3511
6331,728,1227,1715,2429,2863,,728,499,488,714,434,3468
6271,716,1202,1691,2403,2813,,716,486,489,712,410,3458
6175,707,1171,1597,2304,2715,,707,464,426,707,411,3460
6261,727,1228,1716,2429,2827,,727,501,488,713,398,3434
6205,706,1194,1667,2370,2747,,706,488,473,703,377,3458
5967,715,1192,1622,2249,2583,,715,477,430,627,334,3384
6027,700,1175,1648,2310,2661,,700,475,473,662,351,3366
6272,726,1227,1714,2426,2837,,726,501,487,712,411,3435
6399,746,1253,1741,2528,2950,,746,507,488,787,422,3449
6299,717,1206,1694,2405,2817,,717,489,488,711,412,3482
6274,716,1202,1691,2403,2813,,716,486,489,712,410,3461
6242,716,1202,1695,2402,2812,,716,486,493,707,410,3430
6175,668,1124,1591,2304,2715,,668,456,467,713,411,3460
6273,728,1227,1716,2427,2818,,728,499,489,711,391,3455
6274,716,1202,1692,2404,2815,,716,486,490,712,411,3459
6298,727,1227,1715,2427,2837,,727,500,488,712,410,3461
6280,715,1203,1691,2403,2757,,715,488,488,712,354,3523
6400,757,1303,1790,2527,2950,,757,546,487,737,423,3450
6274,716,1228,1715,2427,2838,,716,512,487,712,411,3436
6249,717,1204,1692,2403,2816,,717,487,488,711,413,3433
6245,715,1203,1691,2384,2774,,715,488,488,693,390,3471
6274,715,1229,1640,2354,2764,,715,514,411,714,410,3510
6173,666,1123,1582,2288,2719,,666,457,459,706,431,3454
6249,716,1204,1691,2404,2814,,716,488,487,713,410,3435
6273,728,1230,1716,2428,2839,,728,502,486,712,411,3434
6273,716,1203,1691,2402,2814,,716,487,488,711,412,3459
6273,717,1207,1691,2404,2815,,717,490,484,713,411,3458
6274,716,1204,1690,2404,2813,,716,488,486,714,409,3461
6299,728,1230,1717,2428,2839,,728,502,487,711,411,3460
6272,727,1227,1714,2429,2837,,727,500,487,715,408,3435
6249,716,1204,1692,2384,2765,,716,488,488,692,381,3484
6296,728,1227,1715,2427,2837,,728,499,488,712,410,3459
6246,729,1160,1668,2360,2741,,729,431,508,692,381,3505
6275,716,1204,1693,2405,2814,,716,488,489,712,409,3461
6324,729,1229,1716,2428,2863,,729,500,487,712,435,3461
6273,717,1203,1691,2403,2812,,717,486,488,712,409,3461
6273,728,1227,1716,2429,2839,,728,499,489,713,410,3434
6298,728,1228,1714,2427,2837,,728,500,486,713,410,3461
6322,727,1230,1714,2426,2862,,727,503,484,712,436,3460
6297,727,1226,1714,2426,2860,,727,499,488,712,434,3437
6259,716,1204,1691,2389,2807,,716,488,487,698,418,3452
6297,727,1227,1715,2427,2837,,727,500,488,712,410,3460
5996,715,1128,1532,2170,2576,,715,413,404,638,406,3420
6302,746,1231,1747,2456,2865,,746,485,516,709,409,3437
6247,703,1201,1690,2401,2811,,703,498,489,711,410,3436
6259,717,1204,1691,2403,2814,,717,487,487,712,411,3445
6259,716,1204,1692,2404,2839,,716,488,488,712,435,3420
6276,716,1203,1692,2404,2814,,716,487,489,712,410,3462
6400,757,1303,1792,2529,2951,,757,546,489,737,422,3449
6213,728,1203,1692,2382,2765,,728,475,489,690,383,3448
6298,717,1203,1692,2404,2839,,717,486,489,712,435,3459
6299,716,1227,1716,2428,2838,,716,511,489,712,410,3461
5932,716,1114,1514,2142,2493,,716,398,400,628,351,3439
6264,704,1194,1665,2369,2763,,704,490,471,704,394,3501
5997,704,1167,1638,2301,2634,,704,463,471,663,333,3363
5922,701,1168,1599,2227,2559,,701,467,431,628,332,3363
6215,702,1171,1642,2348,2767,,702,469,471,706,419,3448
6020,706,1193,1666,2366,2665,,706,487,473,700,299,3355
6097,705,1193,1666,2368,2717,,705,488,473,702,349,3380
5995,670,1143,1614,2278,2612,,670,473,471,664,334,3383
5921,702,1168,1596,2229,2563,,702,466,428,633,334,3358
6031,703,1178,1649,2355,2680,,703,475,471,706,325,3351
6000,703,1122,1529,2173,2541,,703,419,407,644,368,3459
6275,716,1205,1691,2404,2814,,716,489,486,713,410,3461
6299,728,1228,1716,2429,2840,,728,500,488,713,411,3459
6297,727,1226,1714,2428,2837,,727,499,488,714,409,3460
6273,716,1203,1691,2403,2814,,716,487,488,712,411,3459
6275,717,1185,1668,2379,2789,,717,468,483,711,410,3486
6276,716,1205,1693,2404,2814,,716,489,488,711,410,3462
6251,703,1202,1690,2402,2814,,703,499,488,712,412,3437
6121,716,1205,1668,2355,2697,,716,489,463,687,342,3424
6271,699,1225,1681,2400,2835,,699,526,456,719,435,3436
6113,689,1136,1623,2288,2655,,689,447,487,665,367,3458
6297,728,1226,1715,2428,2838,,728,498,489,713,410,3459
6298,727,1227,1715,2427,2838,,727,500,488,712,411,3460
6301,716,1204,1696,2404,2839,,716,488,492,708,435,3462
6248,717,1203,1691,2404,2815,,717,486,488,713,411,3433
6300,716,1205,1693,2404,2839,,716,489,488,711,435,3461
6276,719,1205,1693,2405,2816,,719,486,488,712,411,3460
6278,717,1205,1693,2405,2816,,717,488,488,712,411,3462
6227,717,1235,1719,2409,2816,,717,518,484,690,407,3411
6306,716,1206,1693,2405,2816,,716,490,487,712,411,3490
6011,727,1171,1603,2237,2578,,727,444,432,634,341,3433
6206,729,1193,1663,2367,2743,,729,464,470,704,376,3463
5919,700,1167,1597,2227,2561,,700,467,430,630,334,3358
6087,704,1192,1663,2325,2662,,704,488,471,662,337,3425
6150,705,1192,1664,2368,2759,,705,487,472,704,391,3391
6112,707,1193,1664,2330,2683,,707,486,471,666,353,3429
6021,703,1193,1665,2329,2664,,703,490,472,664,335,3357
5995,666,1143,1614,2276,2636,,666,477,471,662,360,3359
5920,702,1167,1599,2228,2560,,702,465,432,629,332,3360
5985,700,1193,1599,2226,2549,,700,493,406,627,323,3436
5961,703,1126,1540,2198,2533,,703,423,414,658,335,3428
6096,706,1192,1663,2367,2718,,706,486,471,704,351,3378
6019,705,1192,1664,2324,2658,,705,487,472,660,334,3361
6069,705,1194,1691,2351,2689,,705,489,497,660,338,3380
6047,706,1193,1664,2327,2661,,706,487,471,663,334,3386
6048,705,1192,1667,2328,2684,,705,487,475,661,356,3364
6021,704,1193,1666,2327,2661,,704,489,473,661,334,3360
6070,664,1144,1615,2319,2696,,664,480,471,704,377,3374
5918,701,1170,1601,2227,2561,,701,469,431,626,334,3357
5925,699,1168,1574,2201,2535,,699,469,406,627,334,3390
5961,675,1098,1508,2149,2487,,675,423,410,641,338,3474
6258,714,1188,1660,2364,2782,,714,474,472,704,418,3476
6218,704,1191,1663,2366,2782,,704,487,472,703,416,3436
6020,704,1192,1665,2324,2661,,704,488,473,659,337,3359
6057,706,1193,1666,2326,2660,,706,487,473,660,334,3397
5972,648,1118,1590,2249,2608,,648,470,472,659,359,3364
6255,647,1152,1639,2352,2788,,647,505,487,713,436,3467
6301,718,1206,1693,2406,2842,,718,488,487,713,436,3459
6300,717,1205,1693,2405,2840,,717,488,488,712,435,3460
6267,717,1205,1693,2405,2841,,717,488,488,712,436,3426
6105,716,1179,1631,2276,2641,,716,463,452,645,365,3464
6274,713,1232,1716,2427,2815,,713,519,484,711,388,3459
6275,717,1205,1692,2405,2816,,717,488,487,713,411,3459
6275,716,1205,1693,2405,2816,,716,489,488,712,411,3459
6275,716,1204,1692,2405,2815,,716,488,488,713,410,3460
6275,717,1204,1692,2404,2814,,717,487,488,712,410,3461
6276,717,1207,1694,2406,2816,,717,490,487,712,410,3460
6259,718,1153,1646,2358,2766,,718,435,493,712,408,3493
6223,717,1206,1695,2385,2791,,717,489,489,690,406,3432
6228,704,1191,1659,2382,2793,,704,487,468,723,411,3435
6040,708,1207,1643,2284,2618,,708,499,436,641,334,3422
6202,704,1194,1665,2367,2784,,704,490,471,702,417,3418
6193,707,1194,1667,2368,2786,,707,487,473,701,418,3407
5995,706,1169,1641,2301,2635,,706,463,472,660,334,3360
6048,701,1190,1662,2326,2660,,701,489,472,664,334,3388
6046,703,1192,1665,2327,2663,,703,489,473,662,336,3383
6017,700,1190,1661,2300,2634,,700,490,471,639,334,3383
6155,648,1072,1555,2282,2694,,648,424,483,727,412,3461
6276,717,1206,1693,2406,2816,,717,489,487,713,410,3460
6275,717,1204,1694,2406,2816,,717,487,490,712,410,3459
6074,714,1244,1671,2326,2645,,714,530,427,655,319,3429
6260,704,1192,1663,2368,2783,,704,488,471,705,415,3477
6220,705,1191,1663,2366,2759,,705,486,472,703,393,3461
6039,716,1189,1661,2322,2658,,716,473,472,661,336,3381
6026,704,1168,1641,2303,2636,,704,464,473,662,333,3390
6045,702,1194,1666,2327,2661,,702,492,472,661,334,3384
6044,702,1190,1663,2325,2659,,702,488,473,662,334,3385
6299,703,1147,1639,2352,2788,,703,444,492,713,436,3511
6250,717,1203,1693,2404,2815,,717,486,490,711,411,3435
6275,717,1205,1694,2406,2817,,717,488,489,712,411,3458
6135,715,1192,1650,2320,2673,,715,477,458,670,353,3462
6274,717,1205,1692,2404,2816,,717,488,487,712,412,3458
6300,715,1205,1695,2404,2839,,715,490,490,709,435,3461
6275,716,1203,1696,2404,2816,,716,487,493,708,412,3459
6276,717,1205,1692,2405,2816,,717,488,487,713,411,3460
6321,726,1225,1744,2451,2861,,726,499,519,707,410,3460
6275,716,1204,1691,2404,2814,,716,488,487,713,410,3461
6254,716,1204,1692,2404,2817,,716,488,488,712,413,3437
6276,718,1204,1692,2405,2815,,718,486,488,713,410,3461
6273,716,1206,1692,2405,2815,,716,490,486,713,410,3458
5990,706,1194,1599,2232,2561,,706,488,405,633,329,3429
6239,705,1192,1664,2367,2786,,705,487,472,703,419,3453
5929,706,1177,1649,2271,2589,,706,471,472,622,318,3340
6072,704,1193,1663,2328,2684,,704,489,470,665,356,3388
6049,705,1191,1662,2325,2658,,705,486,471,663,333,3391
6046,701,1193,1689,2353,2685,,701,492,496,664,332,3361
6018,702,1191,1663,2325,2657,,702,489,472,662,332,3361
6296,704,1166,1627,2351,2786,,704,462,461,724,435,3510
6275,715,1204,1692,2404,2815,,715,489,488,712,411,3460
6274,716,1203,1692,2404,2815,,716,487,489,712,411,3459
6075,718,1182,1627,2265,2627,,718,464,445,638,362,3448
6283,716,1205,1694,2404,2814,,716,489,489,710,410,3469
6301,716,1204,1692,2407,2839,,716,488,488,715,432,3462
6276,716,1206,1694,2406,2817,,716,490,488,712,411,3459
6249,716,1205,1692,2405,2814,,716,489,487,713,409,3435
6308,717,1212,1701,2413,2825,,717,495,489,712,412,3483
6278,717,1206,1693,2405,2815,,717,489,487,712,410,3463
6230,717,1204,1662,2358,2741,,717,487,458,696,383,3489
6250,715,1203,1692,2404,2819,,715,488,489,712,415,3431
6254,716,1204,1675,2406,2817,,716,488,471,731,411,3437
6127,716,1185,1629,2288,2674,,716,469,444,659,386,3453
6282,716,1205,1692,2406,2815,,716,489,487,714,409,3467
6278,718,1207,1695,2406,2818,,718,489,488,711,412,3460
6301,718,1204,1693,2409,2841,,718,486,489,716,432,3460
6274,716,1204,1692,2404,2814,,716,488,488,712,410,3460
6276,717,1204,1693,2405,2816,,717,487,489,712,411,3460
6276,718,1205,1694,2404,2816,,718,487,489,710,412,3460
6302,717,1230,1718,2429,2841,,717,513,488,711,412,3461
6223,715,1203,1693,2404,2793,,715,488,490,711,389,3430
6145,703,1190,1660,2323,2742,,703,487,470,663,419,3403
5988,706,1149,1564,2208,2558,,706,443,415,644,350,3430
5945,705,1191,1661,2286,2606,,705,486,470,625,320,3339
5951,704,1176,1605,2237,2571,,704,472,429,632,334,3380
6059,705,1192,1621,2275,2612,,705,487,429,654,337,3447
5907,705,1193,1663,2286,2580,,705,488,470,623,294,3327
6098,705,1169,1639,2343,2717,,705,464,470,704,374,3381
6021,706,1191,1663,2325,2662,,706,485,472,662,337,3359
6224,700,1149,1605,2328,2762,,700,449,456,723,434,3462
6302,716,1204,1693,2405,2843,,716,488,489,712,438,3459
6272,716,1205,1692,2404,2816,,716,489,487,712,412,3456
6085,726,1214,1641,2288,2640,,726,488,427,647,352,3445
6236,705,1190,1662,2367,2785,,705,485,472,705,418,3451
6130,705,1176,1647,2351,2743,,705,471,471,704,392,3387
6020,704,1194,1667,2328,2661,,704,490,473,661,333,3359
6056,704,1195,1666,2329,2661,,704,491,471,663,332,3395
6275,717,1205,1691,2405,2815,,717,488,486,714,410,3460
6251,716,1204,1693,2405,2815,,716,488,489,712,410,3436
6298,726,1226,1715,2426,2836,,726,500,489,711,410,3462
6251,716,1205,1693,2405,2815,,716,489,488,712,410,3436
6232,722,1221,1710,2423,2831,,722,499,489,713,408,3401
6061,702,1203,1658,2312,2634,,702,501,455,654,322,3427
6163,704,1192,1665,2343,2734,,704,488,473,678,391,3429
6156,705,1202,1675,2377,2770,,705,497,473,702,393,3386
6020,704,1193,1665,2327,2661,,704,489,472,662,334,3359
6021,706,1193,1666,2326,2661,,706,487,473,660,335,3360
6021,701,1194,1665,2327,2660,,701,493,471,662,333,3361
6018,702,1193,1664,2324,2662,,702,491,471,660,338,3356
6043,701,1191,1662,2327,2682,,701,490,471,665,355,3361
6298,722,1232,1716,2423,2833,,722,510,484,707,410,3465
6301,754,1298,1766,2484,2905,,754,544,468,718,421,3396
6118,716,1206,1660,2352,2683,,716,490,454,692,331,3435
6262,703,1193,1664,2369,2758,,703,490,471,705,389,3504
6312,717,1217,1703,2416,2851,,717,500,486,713,435,3461
6276,716,1205,1692,2405,2816,,716,489,487,713,411,3460
6298,722,1205,1693,2405,2843,,722,483,488,712,438,3455
6302,717,1206,1694,2406,2841,,717,489,488,712,435,3461
6251,717,1205,1693,2405,2816,,717,488,488,712,411,3435
6005,672,1113,1551,2221,2607,,672,441,438,670,386,3398
5984,669,1114,1579,2240,2580,,669,445,465,661,340,3404
5954,669,1113,1551,2177,2505,,669,444,438,626,328,3449
6134,709,1210,1677,2356,2724,,709,501,467,679,368,3410
6301,741,1230,1719,2430,2841,,741,489,489,711,411,3460
6276,718,1205,1693,2405,2815,,718,487,488,712,410,3461
6276,718,1205,1693,2405,2816,,718,487,488,712,411,3460
6278,718,1205,1694,2406,2818,,718,487,489,712,412,3460
6276,717,1205,1693,2405,2817,,717,488,488,712,412,3459
6276,717,1207,1694,2407,2818,,717,490,487,713,411,3458
6255,718,1207,1693,2411,2818,,718,489,486,718,407,3437
6251,716,1206,1692,2405,2793,,716,490,486,713,388,3458
6113,716,1187,1645,2317,2681,,716,471,458,672,364,3432
5989,704,1151,1593,2226,2562,,704,447,442,633,336,3427
6022,705,1193,1665,2370,2671,,705,488,472,705,301,3351
6173,704,1195,1667,2368,2744,,704,491,472,701,376,3429
6022,704,1195,1666,2328,2664,,704,491,471,662,336,3358
6019,704,1195,1667,2328,2662,,704,491,472,661,334,3357
6021,705,1194,1666,2327,2662,,705,489,472,661,335,3359
6019,704,1194,1667,2327,2664,,704,490,473,660,337,3355
6110,704,1194,1625,2295,2686,,704,490,431,670,391,3424
6258,683,1179,1667,2378,2790,,683,496,488,711,412,3468
6273,684,1179,1667,2380,2815,,684,495,488,713,435,3458
6163,715,1204,1684,2376,2725,,715,489,480,692,349,3438
6022,704,1196,1668,2369,2668,,704,492,472,701,299,3354
6097,705,1194,1667,2369,2719,,705,489,473,702,350,3378
6046,706,1193,1666,2329,2663,,706,487,473,663,334,3383
6045,706,1195,1666,2329,2662,,706,489,471,663,333,3383
6018,716,1190,1662,2328,2660,,716,474,472,666,332,3358
5997,705,1169,1640,2303,2638,,705,464,471,663,335,3359
6074,704,1195,1667,2332,2688,,704,491,472,665,356,3386
5972,703,1122,1593,2252,2587,,703,419,471,659,335,3385
5922,649,1118,1550,2179,2514,,649,469,432,629,335,3408
6078,705,1193,1620,2313,2682,,705,488,427,693,369,3396
6301,711,1207,1694,2406,2817,,711,496,487,712,411,3484
6276,698,1179,1667,2380,2790,,698,481,488,713,410,3486
6276,716,1207,1693,2406,2816,,716,491,486,713,410,3460
6275,718,1205,1692,2405,2815,,718,487,487,713,410,3460
6306,717,1235,1720,2430,2841,,717,518,485,710,411,3465
6276,717,1206,1693,2406,2817,,717,489,487,713,411,3459
6251,718,1205,1615,2332,2767,,718,487,410,717,435,3484
6175,716,1159,1645,2355,2745,,716,443,486,710,390,3430
6081,716,1184,1643,2315,2678,,716,468,459,672,363,3403
6049,704,1193,1621,2313,2678,,704,489,428,692,365,3371
6262,706,1195,1667,2369,2784,,706,489,472,702,415,3478
6249,666,1155,1642,2354,2765,,666,489,487,712,411,3484
6274,727,1227,1716,2427,2839,,727,500,489,711,412,3435
6276,716,1204,1692,2405,2817,,716,488,488,713,412,3459
6310,717,1213,1702,2414,2825,,717,496,489,712,411,3485
6252,717,1206,1692,2405,2795,,717,489,486,713,390,3457
6255,716,1205,1694,2405,2816,,716,489,489,711,411,3439
6227,716,1205,1640,2355,2766,,716,489,435,715,411,3461
5949,706,1099,1568,2235,2581,,706,393,469,667,346,3368
6063,664,1144,1575,2269,2622,,664,480,431,694,353,3441
6102,705,1195,1667,2289,2656,,705,490,472,622,367,3446
6301,716,1205,1693,2405,2839,,716,489,488,712,434,3462
6252,717,1205,1693,2407,2815,,717,488,488,714,408,3437
6325,716,1205,1723,2430,2870,,716,489,518,707,440,3455
6302,718,1205,1693,2405,2840,,718,487,488,712,435,3462
6277,716,1206,1693,2405,2819,,716,490,487,712,414,3458
6301,715,1205,1692,2405,2842,,715,490,487,713,437,3459
6275,715,1204,1669,2379,2791,,715,489,465,710,412,3484
6250,716,1208,1693,2406,2816,,716,492,485,713,410,3434
6161,714,1204,1692,2368,2732,,714,490,488,676,364,3429
6197,705,1194,1666,2369,2762,,705,489,472,703,393,3435
6279,701,1195,1678,2405,2841,,701,494,483,727,436,3438
6300,716,1235,1719,2435,2866,,716,519,484,716,431,3434
6275,716,1205,1693,2406,2815,,716,489,488,713,409,3460
6302,716,1207,1693,2406,2841,,716,491,486,713,435,3461
6276,716,1206,1693,2407,2794,,716,490,487,714,387,3482
6276,716,1205,1693,2404,2788,,716,489,488,711,384,3488
6277,716,1206,1693,2405,2816,,716,490,487,712,411,3461
6277,716,1205,1693,2404,2816,,716,489,488,711,412,3461
6171,715,1203,1691,2357,2737,,715,488,488,666,380,3434
6277,717,1206,1696,2406,2819,,717,489,490,710,413,3458
6276,717,1205,1692,2404,2815,,717,488,487,712,411,3461
6252,717,1207,1695,2406,2796,,717,490,488,711,390,3456
6261,717,1208,1694,2407,2842,,717,491,486,713,435,3419
6310,717,1213,1730,2441,2848,,717,496,517,711,407,3462
6278,715,1206,1693,2385,2766,,715,491,487,692,381,3512
6266,717,1207,1698,2406,2807,,717,490,491,708,401,3459
6039,703,1194,1666,2325,2676,,703,491,472,659,351,3363
6111,699,1129,1615,2315,2693,,699,430,486,700,378,3418
6206,718,1213,1702,2393,2771,,718,495,489,691,378,3435
6331,717,1205,1694,2406,2840,,717,488,489,712,434,3491
6276,717,1206,1694,2406,2817,,717,489,488,712,411,3459
6277,744,1231,1719,2432,2841,,744,487,488,713,409,3436
6251,717,1205,1694,2406,2816,,717,488,489,712,410,3435
6310,716,1213,1701,2414,2848,,716,497,488,713,434,3462
6251,717,1206,1693,2386,2793,,717,489,487,693,407,3458
6162,717,1204,1692,2384,2730,,717,487,488,692,346,3432
6154,706,1194,1666,2313,2719,,706,488,472,647,406,3435
6276,716,1206,1696,2405,2817,,716,490,490,709,412,3459
6180,716,1215,1703,2396,2719,,716,499,488,693,323,3461
6397,713,1229,1743,2479,2949,,713,516,514,736,470,3448
6278,717,1206,1638,2357,2769,,717,489,432,719,412,3509
6256,718,1230,1719,2431,2841,,718,512,489,712,410,3415
6306,717,1206,1694,2406,2817,,717,489,488,712,411,3489
6276,719,1205,1693,2404,2817,,719,486,488,711,413,3459
6223,718,1205,1722,2409,2814,,718,487,517,687,405,3409
6164,720,1206,1693,2385,2732,,720,486,487,692,347,3432
6044,705,1194,1667,2329,2683,,705,489,473,662,354,3361
6019,697,1171,1599,2236,2593,,697,474,428,637,357,3426
6285,719,1204,1692,2405,2817,,719,485,488,713,412,3468
6302,717,1206,1692,2405,2844,,717,489,486,713,439,3458
6301,716,1208,1694,2407,2843,,716,492,486,713,436,3458
6277,717,1206,1694,2407,2818,,717,489,488,713,411,3459
6303,719,1206,1694,2407,2842,,719,487,488,713,435,3461
6278,715,1205,1694,2406,2815,,715,490,489,712,409,3463
6225,717,1207,1695,2406,2795,,717,490,488,711,389,3430
6239,717,1207,1694,2405,2782,,717,490,487,711,377,3457
6045,706,1193,1664,2327,2683,,706,487,471,663,356,3362
5923,697,1170,1598,2237,2563,,697,473,428,639,326,3360
6053,705,1193,1663,2327,2661,,705,488,470,664,334,3392
6274,717,1204,1640,2354,2765,,717,487,436,714,411,3509
6276,717,1205,1692,2405,2815,,717,488,487,713,410,3461
6277,717,1207,1693,2407,2815,,717,490,486,714,408,3462
6276,715,1205,1694,2405,2816,,715,490,489,711,411,3460
6276,717,1204,1693,2405,2814,,717,487,489,712,409,3462
6248,717,1205,1692,2405,2795,,717,488,487,713,390,3453
6267,716,1205,1693,2405,2785,,716,489,488,712,380,3482
6078,705,1195,1667,2328,2685,,705,490,472,661,357,3393
6067,700,1170,1598,2260,2656,,700,470,428,662,396,3411
6248,717,1205,1695,2406,2738,,717,488,490,711,332,3510
6307,716,1206,1694,2407,2818,,716,490,488,713,411,3489
6276,715,1204,1692,2405,2815,,715,489,488,713,410,3461
6277,718,1204,1692,2404,2814,,718,486,488,712,410,3463
6275,715,1205,1692,2405,2816,,715,490,487,713,411,3459
6277,716,1205,1694,2408,2816,,716,489,489,714,408,3461
6223,716,1205,1692,2385,2791,,716,489,487,693,406,3432
6278,718,1207,1695,2407,2796,,718,489,488,712,389,3482
6253,716,1205,1693,2406,2797,,716,489,488,713,391,3456
6308,715,1211,1700,2415,2847,,715,496,489,715,432,3461
6175,716,1204,1692,2404,2737,,716,488,488,712,333,3438
6277,711,1206,1694,2406,2816,,711,495,488,712,410,3461
6278,718,1206,1693,2403,2815,,718,488,487,710,412,3463
6277,717,1205,1694,2405,2817,,717,488,489,711,412,3460
6301,716,1204,1692,2405,2841,,716,488,488,713,436,3460
6274,717,1202,1691,2403,2812,,717,485,489,712,409,3462
6225,717,1206,1694,2384,2765,,717,489,488,690,381,3460
6277,716,1206,1692,2384,2790,,716,490,486,692,406,3487
6281,718,1207,1694,2385,2790,,718,489,487,691,405,3491
6275,718,1206,1695,2405,2820,,718,488,489,710,415,3455
6290,719,1219,1707,2420,2809,,719,500,488,713,389,3481
6274,716,1206,1698,2405,2817,,716,490,492,707,412,3457
6307,717,1206,1719,2432,2842,,717,489,513,713,410,3465
6281,716,1205,1694,2406,2817,,716,489,489,712,411,3464
6201,715,1204,1692,2380,2750,,715,489,488,688,370,3451
6313,717,1216,1706,2418,2853,,717,499,490,712,435,3460
6249,717,1206,1694,2385,2766,,717,489,488,691,381,3483
6277,716,1207,1694,2407,2817,,716,491,487,713,410,3460
6088,717,1184,1644,2318,2660,,717,467,460,674,342,3428
6113,705,1194,1666,2327,2670,,705,489,472,661,343,3443
6062,644,1119,1591,2292,2616,,644,475,472,701,324,3446
6110,709,1180,1654,2357,2730,,709,471,474,703,373,3380
6210,704,1184,1646,2363,2764,,704,480,462,717,401,3446
6274,717,1204,1692,2403,2815,,717,487,488,711,412,3459
6271,719,1231,1715,2428,2837,,719,512,484,713,409,3434
6303,717,1205,1694,2406,2841,,717,488,489,712,435,3462
6249,715,1205,1693,2404,2795,,715,490,488,711,391,3454
6277,717,1207,1694,2407,2817,,717,490,487,713,410,3460
6265,715,1207,1695,2409,2804,,715,492,488,714,395,3461
5906,705,1194,1666,2289,2582,,705,489,472,623,293,3324
6080,705,1195,1668,2371,2699,,705,490,473,703,328,3381
5999,705,1169,1640,2344,2667,,705,464,471,704,323,3332
6097,706,1180,1610,2280,2655,,706,474,430,670,375,3442
6306,744,1259,1744,2455,2841,,744,515,485,711,386,3465
6276,746,1231,1718,2431,2842,,746,485,487,713,411,3434
6300,716,1204,1693,2404,2843,,716,488,489,711,439,3457
6280,716,1207,1693,2408,2841,,716,491,486,715,433,3439
6239,716,1205,1693,2405,2784,,716,489,488,712,379,3455
6029,706,1170,1642,2305,2660,,706,464,472,663,355,3369
6267,700,1196,1669,2371,2787,,700,496,473,702,416,3480
6078,704,1194,1667,2370,2696,,704,490,473,703,326,3382
6189,706,1170,1641,2345,2740,,706,464,471,704,395,3449
6076,730,1219,1648,2319,2670,,730,489,429,671,351,3406
6277,716,1205,1697,2405,2816,,716,489,492,708,411,3461
6285,715,1205,1693,2406,2816,,715,490,488,713,410,3469
6279,717,1207,1695,2407,2818,,717,490,488,712,411,3461
6253,716,1206,1693,2406,2815,,716,490,487,713,409,3438
6278,716,1206,1695,2385,2790,,716,490,489,690,405,3488
6251,718,1207,1695,2407,2799,,718,489,488,712,392,3452
6163,716,1206,1672,2357,2741,,716,490,466,685,384,3422
6084,705,1171,1643,2346,2695,,705,466,472,703,349,3389
6297,705,1203,1676,2379,2795,,705,498,473,703,416,3502
6203,705,1195,1692,2371,2741,,705,490,497,679,370,3462
6303,717,1205,1695,2407,2842,,717,488,490,712,435,3461
6276,718,1206,1695,2406,2818,,718,488,489,711,412,3458
6285,717,1215,1702,2414,2825,,717,498,487,712,411,3460
6277,717,1205,1695,2407,2817,,717,488,490,712,410,3460
6263,716,1205,1692,2404,2787,,716,489,487,712,383,3476
6027,705,1196,1667,2331,2665,,705,491,471,664,334,3362
6212,700,1170,1642,2345,2761,,700,470,472,703,416,3451
6086,704,1195,1666,2372,2699,,704,491,471,706,327,3387
6266,703,1196,1666,2370,2786,,703,493,470,704,416,3480
6131,705,1169,1597,2274,2691,,705,464,428,677,417,3440
6226,716,1208,1695,2407,2797,,716,492,487,712,390,3429
6276,717,1207,1694,2407,2819,,717,490,487,713,412,3457
6310,715,1213,1700,2413,2823,,715,498,487,713,410,3487
6229,717,1207,1694,2406,2816,,717,490,487,712,410,3413
6239,716,1206,1693,2406,2784,,716,490,487,713,378,3455
6002,704,1170,1641,2300,2636,,704,466,471,659,336,3366
5988,703,1192,1597,2227,2561,,703,489,405,630,334,3427
5929,662,1122,1593,2296,2597,,662,460,471,703,301,3332
5998,704,1193,1664,2368,2665,,704,489,471,704,297,3333
6140,677,1172,1643,2305,2704,,677,495,471,662,399,3436
6022,706,1170,1641,2305,2641,,706,464,471,664,336,3381
5923,701,1196,1669,2291,2585,,701,495,473,622,294,3338
6187,703,1191,1663,2366,2757,,703,488,472,703,391,3430
6207,705,1193,1664,2370,2745,,705,488,471,706,375,3462
6049,705,1194,1666,2329,2663,,705,489,472,663,334,3386
5951,705,1195,1624,2256,2588,,705,490,429,632,332,3363
5895,700,1169,1643,2265,2559,,700,469,474,622,294,3336
6107,705,1195,1666,2346,2721,,705,490,471,680,375,3386
6155,703,1179,1676,2380,2755,,703,476,497,704,375,3400
6103,708,1194,1691,2354,2709,,708,486,497,663,355,3394
5971,706,1194,1623,2253,2587,,706,488,429,630,334,3384
5975,700,1170,1641,2345,2643,,700,470,471,704,298,3332
6241,707,1195,1667,2371,2788,,707,488,472,704,417,3453
6098,706,1193,1667,2369,2720,,706,487,474,702,351,3378
6023,704,1194,1666,2330,2663,,704,490,472,664,333,3360
5950,705,1194,1624,2253,2585,,705,489,430,629,332,3365
5921,700,1168,1642,2264,2580,,700,468,474,622,316,3341
6105,703,1194,1668,2372,2721,,703,491,474,704,349,3384
6130,703,1178,1650,2352,2727,,703,475,472,702,375,3403
6143,706,1194,1666,2328,2707,,706,488,472,662,379,3436
6277,716,1206,1692,2406,2815,,716,490,486,714,409,3462
6300,715,1205,1695,2405,2844,,715,490,490,710,439,3456
6290,722,1219,1707,2418,2829,,722,497,488,711,411,3461
6278,717,1206,1694,2406,2817,,717,489,488,712,411,3461
6278,716,1206,1693,2406,2819,,716,490,487,713,413,3459
6275,717,1208,1695,2406,2820,,717,491,487,711,414,3455
6252,673,1182,1669,2381,2774,,673,509,487,712,393,3478
6326,745,1230,1719,2430,2842,,745,485,489,711,412,3484
6308,716,1214,1701,2414,2825,,716,498,487,713,411,3483
6279,715,1187,1671,2384,2793,,715,472,484,713,409,3486
6277,716,1206,1693,2406,2816,,716,490,487,713,410,3461
6278,715,1206,1694,2371,2779,,715,491,488,677,408,3499
6290,720,1219,1707,2418,2830,,720,499,488,711,412,3460
6250,715,1206,1694,2406,2796,,715,491,488,712,390,3454
6252,716,1206,1697,2406,2795,,716,490,491,709,389,3457
6250,719,1206,1693,2405,2816,,719,487,487,712,411,3434
6275,716,1207,1693,2405,2820,,716,491,486,712,415,3455
6319,724,1223,1711,2424,2834,,724,499,488,713,410,3485
6305,710,1210,1698,2410,2819,,710,500,488,712,409,3486
6127,645,1053,1545,2256,2665,,645,408,492,711,409,3462
6277,717,1207,1693,2406,2816,,717,490,486,713,410,3461
6277,716,1206,1695,2406,2818,,716,490,489,711,412,3459
6254,693,1184,1672,2383,2794,,693,491,488,711,411,3460
6277,717,1206,1695,2406,2818,,717,489,489,711,412,3459
6179,717,1208,1695,2408,2739,,717,491,487,713,331,3440
6236,717,1209,1695,2407,2796,,717,492,486,712,389,3440
6144,716,1207,1673,2345,2732,,716,491,466,672,387,3412
6112,645,1052,1533,2246,2663,,645,407,481,713,417,3449
5974,658,1143,1616,2317,2615,,658,485,473,701,298,3359
6267,704,1196,1668,2374,2749,,704,492,472,706,375,3518
6023,706,1196,1669,2331,2663,,706,490,473,662,332,3360
5945,699,1171,1642,2265,2583,,699,472,471,623,318,3362
6278,673,1158,1645,2359,2793,,673,485,487,714,434,3485
6302,717,1205,1696,2407,2845,,717,488,491,711,438,3457
6303,716,1208,1695,2437,2845,,716,492,487,742,408,3458
6287,717,1206,1695,2407,2817,,717,489,489,712,410,3470
6223,717,1208,1696,2386,2794,,717,491,488,690,408,3429
6276,717,1206,1695,2407,2816,,717,489,489,712,409,3460
6228,708,1164,1648,2356,2767,,708,456,484,708,411,3461
6178,648,1131,1599,2307,2720,,648,483,468,708,413,3458
6254,716,1208,1695,2407,2818,,716,492,487,712,411,3436
6225,717,1187,1670,2382,2793,,717,470,483,712,411,3432
6253,716,1207,1695,2406,2818,,716,491,488,711,412,3435
6252,717,1207,1694,2406,2815,,717,490,487,712,409,3437
6254,718,1207,1694,2408,2797,,718,489,487,714,389,3457
6256,718,1208,1694,2407,2820,,718,490,486,713,413,3436
6141,719,1208,1676,2358,2743,,719,489,468,682,385,3398
5988,708,1196,1669,2372,2671,,708,488,473,703,299,3317
6203,668,1101,1597,2309,2745,,668,433,496,712,436,3458
6177,747,1210,1612,2332,2741,,747,463,402,720,409,3436
6277,717,1206,1695,2407,2817,,717,489,489,712,410,3460
6302,717,1206,1694,2406,2842,,717,489,488,712,436,3460
6164,668,1151,1633,2345,2734,,668,483,482,712,389,3430
6167,717,1191,1659,2342,2740,,717,474,468,683,398,3427
6199,705,1195,1667,2370,2787,,705,490,472,703,417,3412
5997,705,1197,1669,2305,2637,,705,492,472,636,332,3360
6163,699,1170,1641,2344,2734,,699,471,471,703,390,3429
5895,699,1172,1644,2266,2558,,699,473,472,622,292,3337
6177,643,1107,1595,2307,2718,,643,464,488,712,411,3459
6264,717,1205,1642,2344,2763,,717,488,437,702,419,3501
6125,705,1169,1597,2214,2666,,705,464,428,617,452,3459
6250,715,1204,1692,2403,2814,,715,489,488,711,411,3436
6150,650,1074,1555,2254,2689,,650,424,481,699,435,3461
6276,716,1206,1693,2406,2816,,716,490,487,713,410,3460
6277,717,1206,1694,2404,2815,,717,489,488,710,411,3462
6276,716,1205,1695,2406,2816,,716,489,490,711,410,3460
6230,717,1207,1694,2405,2816,,717,490,487,711,411,3414
6326,717,1207,1696,2408,2818,,717,490,489,712,410,3508
6100,669,1120,1525,2259,2666,,669,451,405,734,407,3434
6165,716,1186,1629,2320,2715,,716,470,443,691,395,3450
5946,706,1195,1667,2290,2609,,706,489,472,623,319,3337
6208,706,1197,1693,2397,2775,,706,491,496,704,378,3433
6049,704,1196,1668,2329,2685,,704,492,472,661,356,3364
6021,704,1194,1666,2328,2664,,704,490,472,662,336,3357
6050,705,1196,1667,2329,2664,,705,491,471,662,335,3386
6028,705,1196,1668,2333,2663,,705,491,472,665,330,3365
5926,701,1170,1600,2231,2563,,701,469,430,631,332,3363
5907,703,1171,1644,2268,2586,,703,468,473,624,318,3321
5937,676,1099,1542,2195,2534,,676,423,443,653,339,3403
6168,716,1208,1659,2346,2742,,716,492,451,687,396,3426
5923,705,1195,1667,2292,2584,,705,490,472,625,292,3339
6198,703,1194,1665,2368,2744,,703,491,471,703,376,3454
5972,704,1196,1640,2280,2614,,704,492,444,640,334,3358
6022,705,1196,1668,2330,2663,,705,491,472,662,333,3359
6050,704,1196,1668,2330,2665,,704,492,472,662,335,3385
6047,706,1196,1668,2329,2664,,706,490,472,661,335,3383
5975,701,1196,1629,2254,2588,,701,495,433,625,334,3387
5907,702,1173,1647,2266,2582,,702,471,474,619,316,3325
6074,687,1130,1591,2296,2692,,687,443,461,705,396,3382
6266,704,1195,1669,2371,2788,,704,491,474,702,417,3478
6100,704,1195,1666,2368,2720,,704,491,471,702,352,3380
6051,712,1195,1666,2330,2684,,712,483,471,664,354,3367
6028,708,1184,1656,2311,2657,,708,476,472,655,346,3371
5948,705,1197,1636,2256,2590,,705,492,439,620,334,3358
5975,703,1194,1625,2278,2614,,703,491,431,653,336,3361
6023,705,1196,1671,2328,2665,,705,491,475,657,337,3358
5924,701,1171,1601,2233,2562,,701,470,430,632,329,3362
5882,699,1171,1602,2216,2513,,699,472,431,614,297,3369
6128,666,1109,1576,2258,2668,,666,443,467,682,410,3460
6252,715,1206,1674,2364,2768,,715,491,468,690,404,3484
6277,715,1205,1693,2406,2816,,715,490,488,713,410,3461
6277,715,1206,1693,2406,2816,,715,491,487,713,410,3461
6277,716,1208,1694,2406,2816,,716,492,486,712,410,3461
6277,717,1206,1694,2407,2816,,717,489,488,713,409,3461
6250,716,1203,1692,2402,2815,,716,487,489,710,413,3435
6274,716,1203,1691,2404,2815,,716,487,488,713,411,3459
6199,715,1126,1617,2330,2738,,715,411,491,713,408,3461
6302,715,1205,1696,2406,2816,,715,490,491,710,410,3486
5988,645,1077,1506,2150,2556,,645,432,429,644,406,3432
6264,705,1195,1666,2373,2776,,705,490,471,707,403,3488
5927,704,1196,1668,2290,2580,,704,492,472,622,290,3347
6100,704,1198,1670,2373,2724,,704,494,472,703,351,3376
6024,704,1127,1564,2269,2647,,704,423,437,705,378,3377
6047,705,1172,1643,2305,2637,,705,467,471,662,332,3410
5948,701,1172,1600,2234,2564,,701,471,428,634,330,3384
6023,704,1169,1639,2304,2640,,704,465,470,665,336,3383
5934,704,1171,1600,2233,2563,,704,467,429,633,330,3371
6196,677,1173,1646,2348,2767,,677,496,473,702,419,3429
6152,706,1156,1592,2291,2696,,706,450,436,699,405,3456
6251,715,1207,1694,2389,2794,,715,492,487,695,405,3457
6252,715,1205,1695,2406,2817,,715,490,490,711,411,3435
6277,717,1206,1694,2406,2816,,717,489,488,712,410,3461
6188,733,1219,1647,2360,2755,,733,486,428,713,395,3433
6098,703,1169,1641,2345,2719,,703,466,472,704,374,3379
6047,707,1195,1667,2327,2663,,707,488,472,660,336,3384
6041,705,1196,1667,2323,2679,,705,491,471,656,356,3362
6027,705,1195,1667,2305,2638,,705,490,472,638,333,3389
5896,701,1171,1630,2259,2554,,701,470,459,629,295,3342
6066,705,1131,1539,2221,2624,,705,426,408,682,403,3442
6238,704,1197,1694,2397,2785,,704,493,497,703,388,3453
6098,704,1197,1668,2369,2721,,704,493,471,701,352,3377
6049,705,1196,1667,2330,2686,,705,491,471,663,356,3363
6207,706,1197,1672,2317,2750,,706,491,475,645,433,3457
6253,718,1206,1694,2405,2816,,718,488,488,711,411,3437
6200,718,1174,1656,2369,2764,,718,456,482,713,395,3436
6046,705,1195,1667,2330,2663,,705,490,472,663,333,3383
5924,698,1171,1602,2231,2564,,698,473,431,629,333,3360
6183,651,1139,1611,2315,2734,,651,488,472,704,419,3449
6092,705,1131,1586,2283,2637,,705,426,455,697,354,3455
6080,704,1196,1668,2331,2687,,704,492,472,663,356,3393
6324,716,1205,1693,2435,2871,,716,489,488,742,436,3453
6297,717,1204,1693,2405,2846,,717,487,489,712,441,3451
6191,717,1207,1698,2354,2755,,717,490,491,656,401,3436
6224,704,1195,1667,2371,2763,,704,491,472,704,392,3461
6025,704,1171,1643,2304,2641,,704,467,472,661,337,3384
6019,703,1195,1667,2328,2664,,703,492,472,661,336,3355
5930,704,1178,1607,2237,2568,,704,474,429,630,331,3362
5947,699,1172,1668,2290,2608,,699,473,496,622,318,3339
6108,715,1172,1609,2279,2670,,715,457,437,670,391,3438
5947,705,1196,1667,2292,2610,,705,491,471,625,318,3337
6099,705,1196,1670,2372,2720,,705,491,474,702,348,3379
5998,705,1172,1644,2305,2639,,705,467,472,661,334,3359
6079,706,1129,1563,2282,2620,,706,423,434,719,338,3459
6276,717,1206,1694,2407,2816,,717,489,488,713,409,3460
6275,716,1205,1693,2406,2816,,716,489,488,713,410,3459
6250,717,1208,1694,2387,2794,,717,491,486,693,407,3456
6282,716,1208,1696,2389,2795,,716,492,488,693,406,3487
6329,704,1208,1695,2408,2819,,704,504,487,713,411,3510
6150,718,1184,1667,2298,2702,,718,466,483,631,404,3448
6264,717,1206,1694,2385,2777,,717,489,488,691,392,3487
6177,705,1154,1590,2309,2718,,705,449,436,719,409,3459
6300,716,1205,1694,2407,2844,,716,489,489,713,437,3456
6178,703,1207,1673,2381,2721,,703,504,466,708,340,3457
6301,715,1206,1693,2405,2840,,715,491,487,712,435,3461
6275,716,1206,1694,2406,2820,,716,490,488,712,414,3455
6302,717,1204,1694,2405,2840,,717,487,490,711,435,3462
6276,717,1204,1692,2404,2813,,717,487,488,712,409,3463
6276,657,1154,1643,2355,2764,,657,497,489,712,409,3512
6164,716,1207,1674,2325,2734,,716,491,467,651,409,3430
5947,705,1195,1667,2291,2607,,705,490,472,624,316,3340
5996,706,1169,1642,2303,2637,,706,463,473,661,334,3359
6121,700,1171,1643,2346,2736,,700,471,472,703,390,3385
6278,667,1159,1645,2359,2794,,667,492,486,714,435,3484
6278,717,1208,1693,2407,2819,,717,491,485,714,412,3459
6277,717,1207,1699,2407,2818,,717,490,492,708,411,3459
6246,687,1182,1672,2381,2792,,687,495,490,709,411,3454
6254,718,1208,1696,2407,2817,,718,490,488,711,410,3437
6305,718,1208,1696,2407,2818,,718,490,488,711,411,3487
6101,716,1205,1615,2330,2648,,716,489,410,715,318,3453
6279,717,1208,1695,2386,2819,,717,491,487,691,433,3460
6276,717,1206,1693,2405,2818,,717,489,487,712,413,3458
6303,745,1232,1719,2431,2843,,745,487,487,712,412,3460
6278,717,1207,1694,2407,2819,,717,490,487,713,412,3459
6225,716,1206,1694,2386,2769,,716,490,488,692,383,3456
6184,717,1208,1696,2409,2818,,717,491,488,713,409,3366
6302,716,1206,1694,2408,2842,,716,490,488,714,434,3460
6252,716,1206,1694,2406,2818,,716,490,488,712,412,3434
6277,715,1207,1694,2406,2816,,715,492,487,712,410,3461
6029,718,1205,1615,2247,2567,,718,487,410,632,320,3462
6241,716,1207,1694,2407,2782,,716,491,487,713,375,3459
6101,704,1198,1669,2370,2743,,704,494,471,701,373,3358
6160,699,1169,1641,2320,2736,,699,470,472,679,416,3424
6250,705,1193,1665,2369,2764,,705,488,472,704,395,3486
6303,717,1207,1694,2407,2845,,717,490,487,713,438,3458
6274,715,1207,1694,2407,2841,,715,492,487,713,434,3433
6303,716,1210,1697,2410,2844,,716,494,487,713,434,3459
6150,720,1221,1687,2371,2756,,720,501,466,684,385,3394
6239,706,1195,1667,2371,2765,,706,489,472,704,394,3474
6079,670,1146,1618,2296,2633,,670,476,472,678,337,3446
6263,715,1237,1724,2430,2808,,715,522,487,706,378,3455
6077,707,1171,1642,2348,2696,,707,464,471,706,348,3381
5922,699,1171,1641,2265,2581,,699,472,470,624,316,3341
6154,704,1131,1585,2289,2697,,704,427,454,704,408,3457
6254,716,1207,1695,2409,2818,,716,491,488,714,409,3436
6278,716,1206,1694,2409,2817,,716,490,488,715,408,3461
6304,717,1209,1696,2411,2844,,717,492,487,715,433,3460
6304,717,1207,1700,2388,2793,,717,490,493,688,405,3511
6254,664,1157,1646,2357,2770,,664,493,489,711,413,3484
6167,706,1207,1695,2375,2736,,706,501,488,680,361,3431
5947,706,1195,1667,2291,2609,,706,489,472,624,318,3338
6033,704,1194,1667,2328,2664,,704,490,473,661,336,3369
5920,702,1194,1666,2289,2582,,702,492,472,623,293,3338
6279,666,1159,1648,2359,2769,,666,493,489,711,410,3510
6277,717,1206,1694,2407,2818,,717,489,488,713,411,3459
6277,718,1207,1695,2407,2817,,718,489,488,712,410,3460
6251,718,1207,1695,2407,2796,,718,489,488,712,389,3455
6328,738,1233,1721,2432,2843,,738,495,488,711,411,3485
6278,702,1208,1695,2407,2817,,702,506,487,712,410,3461
6279,716,1208,1697,2388,2794,,716,492,489,691,406,3485
6279,716,1207,1696,2407,2797,,716,491,489,711,390,3482
6253,720,1208,1695,2407,2817,,720,488,487,712,410,3436
6304,716,1206,1694,2407,2842,,716,490,488,713,435,3462
6254,717,1207,1696,2408,2818,,717,490,489,712,410,3436
6231,717,1206,1695,2407,2817,,717,489,489,712,410,3414
6279,716,1208,1696,2409,2820,,716,492,488,713,411,3459
6203,716,1188,1636,2359,2756,,716,472,448,723,397,3447
6263,669,1167,1654,2367,2781,,669,498,487,713,414,3482
6278,716,1207,1675,2382,2818,,716,491,468,707,436,3460
6254,716,1192,1703,2409,2775,,716,476,511,706,366,3479
6277,716,1206,1693,2405,2816,,716,490,487,712,411,3461
6254,717,1208,1695,2408,2817,,717,491,487,713,409,3437
6249,716,1208,1695,2408,2820,,716,492,487,713,412,3429
6281,717,1210,1696,2409,2821,,717,493,486,713,412,3460
6255,718,1207,1694,2407,2819,,718,489,487,713,412,3436
6279,716,1209,1695,2408,2818,,716,493,486,713,410,3461
6250,717,1205,1692,2405,2815,,717,488,487,713,410,3435
6267,719,1232,1721,2432,2842,,719,513,489,711,410,3425
6279,717,1208,1695,2408,2820,,717,491,487,713,412,3459
6068,645,1058,1544,2259,2636,,645,413,486,715,377,3432
6105,707,1173,1644,2347,2720,,707,466,471,703,373,3385
6090,702,1172,1667,2331,2663,,702,470,495,664,332,3427
6001,705,1199,1671,2372,2670,,705,494,472,701,298,3331
6059,706,1196,1667,2332,2688,,706,490,471,665,356,3371
6048,706,1195,1668,2329,2665,,706,489,473,661,336,3383
6048,704,1197,1669,2331,2665,,704,493,472,662,334,3383
6047,703,1195,1668,2329,2664,,703,492,473,661,335,3383
5971,701,1108,1583,2251,2589,,701,407,475,668,338,3382
5898,661,1146,1617,2240,2559,,661,485,471,623,319,3339
6055,705,1197,1695,2398,2697,,705,492,498,703,299,3358
6102,705,1197,1669,2372,2723,,705,492,472,703,351,3379
5999,706,1173,1643,2307,2639,,706,467,470,664,332,3360
5972,704,1196,1629,2280,2615,,704,492,433,651,335,3357
6143,710,1197,1669,2330,2708,,710,487,472,661,378,3435
6279,717,1207,1695,2407,2817,,717,490,488,712,410,3462
6279,717,1207,1696,2409,2817,,717,490,489,713,408,3462
6251,716,1205,1694,2405,2816,,716,489,489,711,411,3435
6205,717,1210,1696,2408,2746,,717,493,486,712,338,3459
6332,716,1211,1705,2411,2820,,716,495,494,706,409,3512
6254,717,1186,1647,2358,2774,,717,469,461,711,416,3480
6304,718,1208,1696,2408,2847,,718,490,488,712,439,3457
6279,717,1208,1696,2408,2819,,717,491,488,712,411,3460
6254,719,1207,1694,2406,2816,,719,488,487,712,410,3438
6303,716,1207,1696,2408,2841,,716,491,489,712,433,3462
6305,717,1210,1696,2410,2844,,717,493,486,714,434,3461
6307,716,1208,1695,2407,2818,,716,492,487,712,411,3489
6405,746,1233,1750,2459,2956,,746,487,517,709,497,3449
6277,718,1206,1691,2405,2817,,718,488,485,714,412,3460
6309,717,1186,1671,2381,2791,,717,469,485,710,410,3518
6277,743,1230,1638,2385,2772,,743,487,408,747,387,3505
6278,717,1208,1695,2408,2820,,717,491,487,713,412,3458
6305,717,1208,1700,2408,2849,,717,491,492,708,441,3456
6302,716,1206,1693,2407,2842,,716,490,487,714,435,3460
6266,703,1218,1690,2397,2790,,703,515,472,707,393,3476
6102,705,1198,1669,2372,2722,,705,493,471,703,350,3380
6025,704,1196,1668,2330,2663,,704,492,472,662,333,3362
5820,664,1079,1491,2128,2461,,664,415,412,637,333,3359
5771,633,1029,1426,2059,2402,,633,396,397,633,343,3369
5776,645,1060,1456,2092,2420,,645,415,396,636,328,3356
5923,705,1194,1666,2263,2578,,705,489,472,597,315,3345
6078,706,1172,1644,2346,2697,,706,466,472,702,351,3381
6023,707,1195,1668,2330,2666,,707,488,473,662,336,3357
6020,704,1194,1665,2329,2664,,704,490,471,664,335,3356
6053,705,1196,1668,2332,2664,,705,491,472,664,332,3389
6023,704,1195,1668,2328,2665,,704,491,473,660,337,3358
6021,702,1194,1665,2328,2664,,702,492,471,663,336,3357
5948,706,1154,1592,2231,2564,,706,448,438,639,333,3384
5938,702,1169,1598,2251,2583,,702,467,429,653,332,3355
6145,675,1149,1619,2324,2714,,675,474,470,705,390,3431
6287,701,1194,1666,2370,2786,,701,493,472,704,416,3501
6125,705,1172,1645,2346,2737,,705,467,473,701,391,3388
6019,705,1196,1668,2330,2663,,705,491,472,662,333,3356
6024,704,1195,1669,2332,2664,,704,491,474,663,332,3360
6030,682,1170,1641,2303,2638,,682,488,471,662,335,3392
6022,705,1169,1641,2301,2637,,705,464,472,660,336,3385
6021,701,1194,1669,2328,2664,,701,493,475,659,336,3357
5998,702,1196,1627,2281,2612,,702,494,431,654,331,3386
5970,703,1168,1598,2264,2593,,703,465,430,666,329,3377
5921,700,1170,1638,2263,2582,,700,470,468,625,319,3339
6174,706,1179,1650,2354,2746,,706,473,471,704,392,3428
5946,707,1194,1665,2288,2608,,707,487,471,623,320,3338
6025,705,1171,1643,2306,2660,,705,466,472,663,354,3365
5973,705,1195,1626,2280,2615,,705,490,431,654,335,3358
5983,700,1145,1618,2279,2613,,700,445,473,661,334,3370
5997,700,1169,1643,2305,2638,,700,469,474,662,333,3359
6021,700,1193,1665,2328,2662,,700,493,472,663,334,3359
5923,701,1169,1599,2229,2560,,701,468,430,630,331,3363
6057,701,1193,1621,2261,2645,,701,492,428,640,384,3412
6168,710,1129,1611,2299,2718,,710,419,482,688,419,3450
6188,707,1182,1652,2356,2775,,707,475,470,704,419,3413
5921,704,1196,1668,2291,2584,,704,492,472,623,293,3337
6057,706,1198,1670,2329,2686,,706,492,472,659,357,3371
5997,704,1170,1641,2306,2638,,704,466,471,665,332,3359
6028,704,1174,1647,2305,2639,,704,470,473,658,334,3389
5998,699,1170,1641,2305,2640,,699,471,471,664,335,3358
5998,700,1170,1643,2302,2638,,700,470,473,659,336,3360
5998,702,1172,1643,2304,2638,,702,470,471,661,334,3360
5994,700,1194,1649,2278,2622,,700,494,455,629,344,3372
5900,697,1174,1645,2269,2564,,697,477,471,624,295,3336
6177,698,1183,1655,2359,2751,,698,485,472,704,392,3426
6200,703,1169,1669,2369,2762,,703,466,500,700,393,3438
6048,704,1193,1665,2326,2683,,704,489,472,661,357,3365
6000,703,1194,1650,2304,2639,,703,491,456,654,335,3361
5938,702,1166,1611,2265,2588,,702,464,445,654,323,3350
6002,698,1173,1645,2307,2642,,698,475,472,662,335,3360
6019,702,1194,1665,2327,2663,,702,492,471,662,336,3356
6004,703,1195,1624,2276,2621,,703,492,429,652,345,3383
6186,715,1205,1691,2403,2762,,715,490,486,712,359,3424
5923,704,1197,1667,2279,2580,,704,493,470,612,301,3343
6126,645,1132,1604,2307,2694,,645,487,472,703,387,3432
5933,705,1196,1665,2289,2608,,705,491,469,624,319,3325
6027,704,1196,1667,2306,2662,,704,492,471,639,356,3365
5973,665,1146,1618,2281,2615,,665,481,472,663,334,3358
6052,650,1121,1593,2296,2672,,650,471,472,703,376,3380
6024,704,1196,1667,2331,2665,,704,492,471,664,334,3359
6021,701,1193,1663,2328,2662,,701,492,470,665,334,3359
5949,701,1173,1603,2256,2594,,701,472,430,653,338,3355
5928,649,1144,1574,2202,2535,,649,495,430,628,333,3393
5988,614,1095,1487,2111,2504,,614,481,392,624,393,3484
5966,658,1130,1601,2266,2599,,658,472,471,665,333,3367
5993,701,1167,1571,2200,2524,,701,466,404,629,324,3469
5949,704,1171,1600,2234,2562,,704,467,429,634,328,3387
6140,665,1147,1619,2321,2713,,665,482,472,702,392,3427
6251,655,1158,1645,2357,2767,,655,503,487,712,410,3484
6254,716,1207,1695,2407,2818,,716,491,488,712,411,3436
6255,716,1207,1695,2409,2820,,716,491,488,714,411,3435
6253,717,1210,1696,2408,2818,,717,493,486,712,410,3435
6280,716,1208,1697,2408,2820,,716,492,489,711,412,3460
6310,715,1215,1703,2416,2826,,715,500,488,713,410,3484
6152,717,1209,1697,2389,2760,,717,492,488,692,371,3392
6239,705,1197,1668,2372,2764,,705,492,471,704,392,3475
6209,707,1197,1670,2373,2750,,707,490,473,703,377,3459
6024,703,1171,1642,2305,2639,,703,468,471,663,334,3385
6010,704,1171,1642,2306,2641,,704,467,471,664,335,3369
5998,701,1170,1641,2305,2637,,701,469,471,664,332,3361
6022,700,1194,1664,2326,2662,,700,494,470,662,336,3360
5949,700,1172,1602,2255,2591,,700,472,430,653,336,3358
5953,702,1196,1627,2254,2586,,702,494,431,627,332,3367
6291,699,1187,1660,2372,2792,,699,488,473,712,420,3499
6127,702,1171,1645,2347,2738,,702,469,474,702,391,3389
6089,706,1200,1669,2371,2708,,706,494,469,702,337,3381
6001,699,1173,1644,2308,2640,,699,474,471,664,332,3361
6025,704,1198,1670,2332,2664,,704,494,472,662,332,3361
6024,702,1176,1660,2305,2641,,702,474,484,645,336,3383
6001,702,1173,1645,2305,2639,,702,471,472,660,334,3362
6018,702,1192,1664,2323,2658,,702,490,472,659,335,3360
6024,701,1195,1666,2328,2662,,701,494,471,662,334,3362
5975,701,1192,1623,2251,2584,,701,491,431,628,333,3391
6181,699,1146,1627,2337,2753,,699,447,481,710,416,3428
6190,698,1113,1597,2309,2721,,698,415,484,712,412,3469
6128,687,1163,1623,2311,2694,,687,476,460,688,383,3434
6107,706,1178,1650,2353,2729,,706,472,472,703,376,3378
6074,706,1197,1669,2330,2710,,706,491,472,661,380,3364
6051,706,1198,1670,2331,2666,,706,492,472,661,335,3385
6023,701,1175,1647,2305,2639,,701,474,472,658,334,3384
6019,701,1167,1638,2301,2636,,701,466,471,663,335,3383
5948,700,1169,1599,2253,2588,,700,469,430,654,335,3360
5954,701,1171,1602,2230,2563,,701,470,431,628,333,3391
6091,700,1130,1543,2248,2665,,700,430,413,705,417,3426
6067,645,1054,1548,2248,2640,,645,409,494,700,392,3427
6048,705,1172,1564,2273,2664,,705,467,392,709,391,3384
6021,705,1194,1665,2327,2663,,705,489,471,662,336,3358
6023,704,1171,1642,2303,2641,,704,467,471,661,338,3382
6022,686,1171,1643,2305,2638,,686,485,472,662,333,3384
5999,702,1171,1643,2305,2639,,702,469,472,662,334,3360
6022,701,1192,1664,2326,2661,,701,491,472,662,335,3361
5997,700,1197,1627,2278,2614,,700,497,430,651,336,3383
5927,701,1170,1599,2229,2563,,701,469,429,630,334,3364
6193,675,1147,1620,2322,2743,,675,472,473,702,421,3450
5999,644,1053,1498,2194,2612,,644,409,445,696,418,3387
6240,704,1171,1668,2372,2787,,704,467,497,704,415,3453
6177,704,1196,1669,2370,2761,,704,492,473,701,391,3416
6052,704,1200,1670,2330,2686,,704,496,470,660,356,3366
6048,705,1196,1669,2328,2665,,705,491,473,659,337,3383
6024,703,1197,1670,2333,2667,,703,494,473,663,334,3357
6045,702,1194,1667,2328,2662,,702,492,473,661,334,3383
5950,701,1172,1602,2253,2591,,701,471,430,651,338,3359
5952,701,1170,1601,2229,2563,,701,469,431,628,334,3389
6140,696,1163,1594,2298,2694,,696,467,431,704,396,3446
6038,645,1052,1464,2169,2586,,645,407,412,705,417,3452
6266,705,1197,1670,2372,2763,,705,492,473,702,391,3503
6019,704,1171,1643,2348,2649,,704,467,472,705,301,3370
5999,699,1172,1645,2306,2640,,699,473,473,661,334,3359
6060,701,1204,1684,2354,2691,,701,503,480,670,337,3369
6001,700,1172,1642,2307,2640,,700,472,470,665,333,3361
6072,701,1196,1692,2354,2688,,701,495,496,662,334,3384
6023,701,1196,1667,2328,2670,,701,495,471,661,342,3353
5949,701,1168,1599,2226,2562,,701,467,431,627,336,3387
6037,689,1125,1554,2191,2609,,689,436,429,637,418,3428
5955,645,1059,1470,2176,2566,,645,414,411,706,390,3389
6266,705,1196,1667,2371,2790,,705,491,471,704,419,3476
6102,689,1174,1645,2353,2714,,689,485,471,708,361,3388
6023,704,1172,1643,2305,2660,,704,468,471,662,355,3363
6023,704,1196,1668,2329,2665,,704,492,472,661,336,3358
6025,701,1173,1644,2306,2641,,701,472,471,662,335,3384
6022,702,1195,1666,2328,2663,,702,493,471,662,335,3359
6023,701,1170,1641,2301,2653,,701,469,471,660,352,3370
5978,702,1195,1624,2255,2587,,702,493,429,631,332,3391
6065,699,1151,1580,2242,2635,,699,452,429,662,393,3430
5947,646,1054,1455,2144,2562,,646,408,401,689,418,3385
6242,705,1197,1671,2370,2788,,705,492,474,699,418,3454
6223,706,1197,1668,2371,2786,,706,491,471,703,415,3437
6046,705,1194,1667,2329,2661,,705,489,473,662,332,3385
5966,702,1172,1655,2295,2615,,702,470,483,640,320,3351
6002,700,1174,1646,2310,2641,,700,474,472,664,331,3361
6022,701,1194,1666,2328,2662,,701,493,472,662,334,3360
6082,700,1171,1644,2303,2663,,700,471,473,659,360,3419
6253,717,1207,1695,2408,2818,,717,490,488,713,410,3435
6125,704,1187,1646,2331,2716,,704,483,459,685,385,3409
6207,743,1195,1633,2335,2745,,743,452,438,702,410,3462
6303,717,1207,1694,2406,2817,,717,490,487,712,411,3486
6305,715,1223,1707,2434,2845,,715,508,484,727,411,3460
6278,715,1208,1696,2408,2818,,715,493,488,712,410,3460
6280,705,1184,1672,2384,2794,,705,479,488,712,410,3486
6279,716,1208,1696,2409,2819,,716,492,488,713,410,3460
6280,719,1209,1697,2408,2818,,719,490,488,711,410,3462
6306,710,1210,1699,2410,2820,,710,500,489,711,410,3486
6279,716,1208,1699,2408,2820,,716,492,491,709,412,3459
6265,686,1178,1662,2372,2767,,686,492,484,710,395,3498
6024,663,1076,1486,2131,2540,,663,413,410,645,409,3484
6256,717,1208,1696,2408,2819,,717,491,488,712,411,3437
6116,687,1166,1637,2322,2672,,687,479,471,685,350,3444
6167,703,1173,1645,2347,2738,,703,470,472,702,391,3429
6075,705,1167,1639,2349,2702,,705,462,472,710,353,3373
6022,704,1195,1666,2330,2665,,704,491,471,664,335,3357
6023,701,1170,1640,2303,2640,,701,469,470,663,337,3383
5998,702,1172,1644,2304,2639,,702,470,472,660,335,3359
5945,701,1171,1600,2229,2562,,701,470,429,629,333,3383
6210,671,1099,1583,2311,2722,,671,428,484,728,411,3488
6230,742,1195,1633,2330,2743,,742,453,438,697,413,3487
6278,716,1208,1695,2409,2818,,716,492,487,714,409,3460
6142,676,1104,1583,2271,2691,,676,428,479,688,420,3451
6098,704,1194,1665,2370,2723,,704,490,471,705,353,3375
6252,704,1153,1645,2358,2793,,704,449,492,713,435,3459
6302,715,1205,1693,2406,2840,,715,490,488,713,434,3462
6279,718,1208,1697,2409,2818,,718,490,489,712,409,3461
6291,720,1220,1708,2420,2830,,720,500,488,712,410,3461
6279,718,1211,1698,2410,2821,,718,493,487,712,411,3458
6266,704,1176,1659,2370,2790,,704,472,483,711,420,3476
6039,706,1115,1525,2163,2528,,706,409,410,638,365,3511
6283,717,1208,1696,2408,2818,,717,491,488,712,410,3465
6192,718,1152,1623,2322,2745,,718,434,471,699,423,3447
6246,705,1198,1670,2372,2747,,705,493,472,702,375,3499
5974,664,1105,1584,2230,2587,,664,441,479,646,357,3387
6049,704,1197,1668,2331,2666,,704,493,471,663,335,3383
6021,701,1194,1666,2330,2663,,701,493,472,664,333,3358
6024,700,1197,1669,2329,2666,,700,497,472,660,337,3358
5947,701,1195,1627,2252,2587,,701,494,432,625,335,3360
6060,699,1132,1559,2219,2580,,699,433,427,660,361,3480
6152,714,1233,1682,2319,2699,,714,519,449,637,380,3453
6254,717,1208,1695,2408,2819,,717,491,487,713,411,3435
6143,720,1172,1591,2298,2718,,720,452,419,707,420,3425
6101,706,1172,1643,2347,2722,,706,466,471,704,375,3379
6132,705,1129,1565,2282,2694,,705,424,436,717,412,3438
6255,716,1209,1696,2408,2820,,716,493,487,712,412,3435
6305,716,1209,1697,2409,2845,,716,493,488,712,436,3460
6304,716,1208,1696,2408,2818,,716,492,488,712,410,3486
6274,708,1208,1697,2409,2844,,708,500,489,712,435,3430
6254,717,1210,1702,2409,2821,,717,493,492,707,412,3433
6162,720,1217,1682,2363,2713,,720,497,465,681,350,3449
6304,720,1209,1700,2409,2845,,720,489,491,709,436,3459
6180,705,1194,1610,2309,2721,,705,489,416,699,412,3459
6281,717,1209,1697,2409,2820,,717,492,488,712,411,3461
6265,717,1183,1671,2384,2761,,717,466,488,713,377,3504
6314,747,1233,1751,2459,2870,,747,486,518,708,411,3444
6254,717,1209,1697,2408,2819,,717,492,488,711,411,3435
6304,715,1207,1696,2409,2819,,715,492,489,713,410,3485
6280,716,1209,1697,2409,2820,,716,493,488,712,411,3460
6279,716,1210,1667,2382,2793,,716,494,457,715,411,3486
6170,724,1225,1688,2357,2722,,724,501,463,669,365,3448
6282,715,1208,1696,2409,2820,,715,493,488,713,411,3462
6254,715,1208,1696,2409,2818,,715,493,488,713,409,3436
6305,716,1208,1696,2408,2844,,716,492,488,712,436,3461
6256,715,1210,1698,2411,2820,,715,495,488,713,409,3436
6253,716,1209,1695,2409,2798,,716,493,486,714,389,3455
6252,716,1206,1698,2407,2818,,716,490,492,709,411,3434
6302,715,1208,1694,2407,2817,,715,493,486,713,410,3485
6279,715,1208,1696,2407,2818,,715,493,488,711,411,3461
6178,716,1208,1665,2364,2748,,716,492,457,699,384,3430
6252,731,1232,1746,2418,2759,,731,501,514,672,341,3493
6280,717,1209,1697,2408,2820,,717,492,488,711,412,3460
6279,716,1209,1697,2408,2819,,716,493,488,711,411,3460
6305,716,1209,1697,2409,2845,,716,493,488,712,436,3460
6280,715,1210,1647,2360,2770,,715,495,437,713,410,3510
6253,716,1209,1697,2409,2824,,716,493,488,712,415,3429
6309,716,1210,1698,2410,2844,,716,494,488,712,434,3465
6288,716,1218,1705,2417,2851,,716,502,487,712,434,3437
6277,716,1208,1696,2408,2818,,716,492,488,712,410,3459
6162,715,1209,1672,2361,2746,,715,494,463,689,385,3416
6014,704,1171,1600,2231,2563,,704,467,429,631,332,3451
6177,706,1180,1654,2352,2743,,706,474,474,698,391,3434
5923,706,1196,1666,2282,2581,,706,490,470,616,299,3342
6027,704,1172,1644,2305,2662,,704,468,472,661,357,3365
6203,704,1130,1586,2308,2742,,704,426,456,722,434,3461
6305,716,1208,1697,2438,2848,,716,492,489,741,410,3457
6279,716,1208,1695,2407,2817,,716,492,487,712,410,3462
6288,717,1217,1706,2416,2828,,717,500,489,710,412,3460
6253,716,1208,1697,2407,2817,,716,492,489,710,410,3436
6225,715,1205,1694,2404,2794,,715,490,489,710,390,3431
6279,715,1209,1724,2397,2759,,715,494,515,673,362,3520
6308,714,1213,1699,2411,2822,,714,499,486,712,411,3486
6279,715,1209,1696,2375,2782,,715,494,487,679,407,3497
6279,716,1208,1696,2407,2818,,716,492,488,711,411,3461
6281,716,1208,1697,2409,2820,,716,492,489,712,411,3461
6102,685,1173,1644,2358,2718,,685,488,471,714,360,3384
5996,705,1193,1664,2303,2639,,705,488,471,639,336,3357
6061,700,1197,1669,2310,2664,,700,497,472,641,354,3397
6280,666,1159,1648,2360,2770,,666,493,489,712,410,3510
6279,716,1207,1696,2415,2798,,716,491,489,719,383,3481
6202,714,1207,1695,2383,2751,,714,493,488,688,368,3451
6254,714,1207,1695,2408,2819,,714,493,488,713,411,3435
6279,716,1209,1696,2410,2845,,716,493,487,714,435,3434
6278,717,1208,1695,2407,2818,,717,491,487,712,411,3460
6193,717,1133,1611,2323,2742,,717,416,478,712,419,3451
6033,706,1184,1656,2315,2649,,706,478,472,659,334,3384
6020,700,1168,1639,2301,2639,,700,468,471,662,338,3381
6000,702,1173,1645,2306,2642,,702,471,472,661,336,3358
5947,701,1194,1623,2254,2587,,701,493,429,631,333,3360
5984,701,1170,1592,2224,2565,,701,469,422,632,341,3419
6180,716,1207,1694,2432,2804,,716,491,487,738,372,3376
6301,716,1206,1693,2407,2840,,716,490,487,714,433,3461
6278,716,1209,1696,2409,2841,,716,493,487,713,432,3437
6281,714,1209,1696,2409,2820,,714,495,487,713,411,3461
6280,703,1195,1679,2384,2794,,703,492,484,705,410,3486
6260,717,1209,1699,2411,2821,,717,492,490,712,410,3439
6406,717,1241,1751,2535,2958,,717,524,510,784,423,3448
6290,718,1217,1705,2418,2829,,718,499,488,713,411,3461
6281,716,1210,1696,2408,2819,,716,494,486,712,411,3462
6139,703,1195,1652,2344,2710,,703,492,457,692,366,3429
6282,716,1209,1697,2436,2807,,716,493,488,739,371,3475
6241,683,1166,1653,2367,2775,,683,483,487,714,408,3466
6311,716,1209,1699,2409,2782,,716,493,490,710,373,3529
6279,716,1208,1696,2409,2817,,716,492,488,713,408,3462
6280,705,1207,1680,2384,2793,,705,502,473,704,409,3487
6255,716,1209,1696,2409,2825,,716,493,487,713,416,3430
6281,717,1211,1699,2412,2821,,717,494,488,713,409,3460
6344,719,1219,1707,2419,2829,,719,500,488,712,410,3515
6305,718,1208,1695,2437,2844,,718,490,487,742,407,3461
6130,675,1158,1565,2283,2694,,675,483,407,718,411,3436
6283,698,1182,1671,2408,2781,,698,484,489,737,373,3502
6311,716,1190,1678,2390,2801,,716,474,488,712,411,3510
6279,718,1209,1698,2409,2820,,718,491,489,711,411,3459
6279,715,1207,1696,2409,2843,,715,492,489,713,434,3436
6281,717,1208,1696,2409,2820,,717,491,488,713,411,3461
6248,719,1204,1692,2403,2820,,719,485,488,711,417,3428
6280,717,1210,1698,2410,2821,,717,493,488,712,411,3459
6282,717,1211,1698,2409,2821,,717,494,487,711,412,3461
6331,721,1239,1725,2434,2870,,721,518,486,709,436,3461
6232,716,1209,1696,2409,2820,,716,493,487,713,411,3412
6205,675,1160,1647,2360,2748,,675,485,487,713,388,3457
6315,719,1221,1707,2421,2857,,719,502,486,714,436,3458
6305,716,1207,1697,2408,2851,,716,491,490,711,443,3454
6303,716,1209,1697,2410,2847,,716,493,488,713,437,3456
6280,716,1209,1698,2409,2820,,716,493,489,711,411,3460
6280,716,1208,1696,2409,2843,,716,492,488,713,434,3437
6280,716,1208,1697,2407,2820,,716,492,489,710,413,3460
6254,716,1209,1698,2410,2820,,716,493,489,712,410,3434
6282,716,1209,1698,2410,2820,,716,493,489,712,410,3462
6229,716,1209,1698,2409,2799,,716,493,489,711,390,3430
6309,705,1184,1673,2386,2772,,705,479,489,713,386,3537
6252,718,1211,1696,2409,2819,,718,493,485,713,410,3433
6276,718,1206,1694,2406,2842,,718,488,488,712,436,3434
6301,742,1231,1718,2430,2841,,742,489,487,712,411,3460
6280,717,1209,1701,2410,2821,,717,492,492,709,411,3459
6280,715,1212,1698,2411,2820,,715,497,486,713,409,3460
6305,717,1208,1699,2408,2845,,717,491,491,709,437,3460
6260,718,1208,1700,2410,2819,,718,490,492,710,409,3441
6143,717,1212,1678,2361,2747,,717,495,466,683,386,3396
6121,706,1198,1617,2320,2707,,706,492,419,703,387,3414
6281,716,1209,1697,2411,2795,,716,493,488,714,384,3486
6280,715,1194,1677,2386,2796,,715,479,483,709,410,3484
6280,716,1208,1701,2410,2820,,716,492,493,709,410,3460
6279,717,1209,1696,2409,2819,,717,492,487,713,410,3460
6305,715,1209,1697,2410,2846,,715,494,488,713,436,3459
6279,716,1209,1696,2410,2819,,716,493,487,714,409,3460
6280,718,1209,1697,2412,2820,,718,491,488,715,408,3460
6284,716,1208,1696,2409,2843,,716,492,488,713,434,3441
6165,716,1209,1677,2360,2745,,716,493,468,683,385,3420
6001,705,1196,1629,2283,2617,,705,491,433,654,334,3384
6090,706,1196,1666,2329,2667,,706,490,470,663,338,3423
6193,713,1199,1628,2323,2741,,713,486,429,695,418,3452
6104,705,1197,1668,2291,2659,,705,492,471,623,368,3445
6254,717,1208,1698,2409,2818,,717,491,490,711,409,3436
6280,716,1210,1698,2410,2820,,716,494,488,712,410,3460
6281,660,1159,1647,2360,2774,,660,499,488,713,414,3507
6255,715,1209,1696,2408,2818,,715,494,487,712,410,3437
6205,721,1209,1679,2372,2767,,721,488,470,693,395,3438
6000,704,1198,1670,2308,2640,,704,494,472,638,332,3360
5934,709,1139,1576,2221,2547,,709,430,437,645,326,3387
6067,705,1148,1618,2280,2617,,705,443,470,662,337,3450
6280,688,1119,1610,2336,2769,,688,431,491,726,433,3511
6279,718,1209,1695,2407,2817,,718,491,486,712,410,3462
6255,717,1210,1698,2409,2820,,717,493,488,711,411,3435
6281,718,1210,1698,2385,2819,,718,492,488,687,434,3462
6277,716,1205,1693,2406,2817,,716,489,488,713,411,3460
6305,717,1208,1697,2409,2852,,717,491,489,712,443,3453
6265,672,1158,1647,2360,2768,,672,486,489,713,408,3497
6139,716,1209,1678,2360,2745,,716,493,469,682,385,3394
5960,707,1182,1612,2240,2583,,707,475,430,628,343,3377
6102,663,1120,1600,2284,2650,,663,457,480,684,366,3452
6305,715,1189,1649,2386,2847,,715,474,460,737,461,3458
6256,713,1209,1697,2414,2820,,713,496,488,717,406,3436
6305,716,1209,1696,2410,2843,,716,493,487,714,433,3462
6280,716,1210,1697,2416,2824,,716,494,487,719,408,3456
6305,717,1209,1697,2409,2843,,717,492,488,712,434,3462
6306,715,1209,1698,2411,2845,,715,494,489,713,434,3461
6232,717,1208,1696,2410,2819,,717,491,488,714,409,3413
6088,715,1137,1600,2285,2671,,715,422,463,685,386,3417
5968,709,1183,1612,2242,2575,,709,474,429,630,333,3393
6182,704,1129,1622,2335,2720,,704,425,493,713,385,3462
6282,743,1213,1676,2391,2823,,743,470,463,715,432,3459
6279,722,1208,1697,2409,2819,,722,486,489,712,410,3460
6306,717,1212,1698,2411,2846,,717,495,486,713,435,3460
6282,716,1240,1668,2385,2795,,716,524,428,717,410,3487
6257,716,1178,1672,2385,2797,,716,462,494,713,412,3460
6255,716,1208,1697,2409,2820,,716,492,489,712,411,3435
6234,716,1210,1697,2410,2820,,716,494,487,713,410,3414
6140,716,1210,1677,2361,2745,,716,494,467,684,384,3395
6181,706,1196,1623,2332,2742,,706,490,427,709,410,3439
6204,716,1132,1624,2334,2744,,716,416,492,710,410,3460
6085,645,1055,1473,2170,2601,,645,410,418,697,431,3484
6278,716,1209,1697,2409,2820,,716,493,488,712,411,3458
6254,716,1208,1697,2409,2818,,716,492,489,712,409,3436
6254,716,1210,1697,2408,2820,,716,494,487,711,412,3434
6305,717,1210,1698,2409,2846,,717,493,488,711,437,3459
6253,717,1208,1696,2410,2819,,717,491,488,714,409,3434
6226,717,1205,1694,2406,2796,,717,488,489,712,390,3430
6282,677,1163,1654,2361,2772,,677,486,491,707,411,3510
6256,715,1211,1697,2410,2800,,715,496,486,713,390,3456
6127,676,1084,1572,2282,2692,,676,408,488,710,410,3435
6168,742,1176,1627,2322,2739,,742,434,451,695,417,3429
6180,703,1116,1599,2308,2720,,703,413,483,709,412,3460
6309,718,1240,1724,2436,2847,,718,522,484,712,411,3462
6330,716,1209,1726,2434,2870,,716,493,517,708,436,3460
6256,717,1210,1710,2410,2820,,717,493,500,700,410,3436
6280,715,1209,1702,2410,2820,,715,494,493,708,410,3460
6256,716,1209,1697,2409,2800,,716,493,488,712,391,3456
6280,704,1211,1698,2410,2822,,704,507,487,712,412,3458
6180,711,1210,1699,2356,2752,,711,499,489,657,396,3428
6130,704,1112,1553,2261,2671,,704,408,441,708,410,3459
6121,703,1191,1591,2311,2690,,703,488,400,720,379,3431
6269,704,1175,1647,2348,2765,,704,471,472,701,417,3504
6088,708,1184,1655,2358,2711,,708,476,471,703,353,3377
5977,707,1175,1606,2258,2621,,707,468,431,652,363,3356
6131,704,1133,1567,2285,2695,,704,429,434,718,410,3436
6257,717,1210,1698,2410,2821,,717,493,488,712,411,3436
6282,716,1200,1684,2386,2821,,716,484,484,702,435,3461
6280,717,1210,1699,2411,2821,,717,493,489,712,410,3459
6002,669,1145,1616,2281,2642,,669,476,471,665,361,3360
6305,703,1149,1616,2332,2770,,703,446,467,716,438,3535
6120,714,1234,1651,2319,2686,,714,520,417,668,367,3434
6168,705,1174,1621,2324,2741,,705,469,447,703,417,3427
6184,705,1196,1667,2371,2746,,705,491,471,704,375,3438
6018,706,1198,1669,2332,2650,,706,492,471,663,318,3368
5995,705,1175,1646,2303,2624,,705,470,471,657,321,3371
6004,702,1176,1648,2309,2643,,702,474,472,661,334,3361
6204,701,1128,1620,2333,2744,,701,427,492,713,411,3460
6305,718,1211,1699,2411,2846,,718,493,488,712,435,3459
6305,704,1236,1720,2430,2841,,704,532,484,710,411,3464
6091,703,1170,1623,2324,2718,,703,467,453,701,394,3373
6068,741,1194,1599,2273,2636,,741,453,405,674,363,3432
6168,707,1171,1651,2349,2740,,707,464,480,698,391,3428
6103,705,1198,1669,2372,2724,,705,493,471,703,352,3379
6180,706,1157,1593,2309,2721,,706,451,436,716,412,3459
6195,715,1189,1634,2324,2744,,715,474,445,690,420,3451
6028,705,1174,1646,2306,2663,,705,469,472,660,357,3365
6203,703,1128,1621,2334,2743,,703,425,493,713,409,3460
6279,716,1207,1701,2408,2818,,716,491,494,707,410,3461
6129,688,1122,1575,2283,2694,,688,434,453,708,411,3435
6196,716,1190,1614,2324,2744,,716,474,424,710,420,3452
6118,703,1107,1560,2273,2669,,703,404,453,713,396,3449
6265,704,1172,1644,2350,2767,,704,468,472,706,417,3498
6211,705,1196,1667,2372,2747,,705,491,471,705,375,3464
6255,705,1199,1646,2360,2770,,705,494,447,714,410,3485
6193,716,1189,1634,2365,2760,,716,473,445,731,395,3433
6052,710,1198,1671,2331,2689,,710,488,473,660,358,3363
6229,703,1149,1633,2359,2769,,703,446,484,726,410,3460
6305,747,1234,1724,2434,2844,,747,487,490,710,410,3461
6032,703,1131,1564,2222,2641,,703,428,433,658,419,3391
6073,700,1171,1644,2347,2701,,700,471,473,703,354,3372
5992,664,1080,1491,2128,2541,,664,416,411,637,413,3451
6243,704,1199,1670,2375,2794,,704,495,471,705,419,3449
6200,705,1196,1668,2375,2767,,705,491,472,707,392,3433
6024,704,1195,1693,2315,2664,,704,491,498,622,349,3360
6082,704,1198,1673,2321,2702,,704,494,475,648,381,3380
6025,702,1173,1645,2307,2642,,702,471,472,662,335,3383
6305,701,1173,1671,2383,2795,,701,472,498,712,412,3510
6281,716,1210,1698,2409,2820,,716,494,488,711,411,3461
6130,716,1176,1597,2258,2672,,716,460,421,661,414,3458
6098,715,1189,1634,2324,2720,,715,474,445,690,396,3378
5963,705,1103,1515,2153,2515,,705,398,412,638,362,3448
6167,704,1175,1648,2350,2741,,704,471,473,702,391,3426
6197,707,1196,1667,2369,2761,,707,489,471,702,392,3436
6206,705,1173,1622,2337,2745,,705,468,449,715,408,3461
6166,716,1208,1675,2324,2719,,716,492,467,649,395,3447
6077,704,1197,1668,2331,2688,,704,493,471,663,357,3389
6157,702,1174,1587,2283,2716,,702,472,413,696,433,3441
6283,717,1212,1699,2411,2822,,717,495,487,712,411,3461
6092,718,1191,1613,2299,2647,,718,473,422,686,348,3445
6000,705,1172,1644,2310,2640,,705,467,472,666,330,3360
5991,701,1132,1543,2179,2505,,701,431,411,636,326,3486
6266,705,1173,1669,2346,2763,,705,468,496,677,417,3503
6227,703,1198,1669,2374,2790,,703,495,471,705,416,3437
6064,706,1181,1612,2292,2647,,706,475,431,680,355,3417
6143,714,1210,1697,2358,2710,,714,496,487,661,352,3433
6030,705,1199,1670,2308,2663,,705,494,471,638,355,3367
6059,701,1176,1647,2307,2662,,701,475,471,660,355,3397
5939,652,1074,1449,2154,2503,,652,422,375,705,349,3436
5934,699,1174,1605,2237,2566,,699,475,431,632,329,3368
6002,703,1197,1669,2309,2638,,703,494,472,640,329,3364
5929,708,1117,1530,2167,2500,,708,409,413,637,333,3429
6240,704,1172,1644,2351,2766,,704,468,472,707,415,3474
6184,705,1198,1669,2372,2747,,705,493,471,703,375,3437
6004,704,1131,1570,2273,2625,,704,427,439,703,352,3379
6031,704,1198,1669,2334,2669,,704,494,471,665,335,3362
6025,705,1197,1670,2330,2666,,705,492,473,660,336,3359
6042,703,1196,1667,2324,2675,,703,493,471,657,351,3367
5925,699,1173,1606,2233,2566,,699,474,433,627,333,3359
5919,700,1132,1568,2225,2553,,700,432,436,657,328,3366
6034,696,1182,1656,2319,2653,,696,486,474,663,334,3381
5901,705,1116,1526,2138,2461,,705,411,410,612,323,3440
6164,706,1174,1645,2348,2700,,706,468,471,703,352,3464
6277,715,1205,1693,2406,2816,,715,490,488,713,410,3461
6335,716,1209,1697,2409,2849,,716,493,488,712,440,3486
6193,715,1210,1696,2388,2760,,715,495,486,692,372,3433
6101,704,1173,1645,2348,2725,,704,469,472,703,377,3376
6024,706,1198,1670,2332,2667,,706,492,472,662,335,3357
5948,701,1170,1601,2229,2564,,701,469,431,628,335,3384
6038,701,1174,1603,2260,2634,,701,473,429,657,374,3404
6117,712,1187,1654,2302,2722,,712,475,467,648,420,3395
5925,707,1116,1524,2162,2496,,707,409,408,638,334,3429
6193,703,1173,1645,2349,2741,,703,470,472,704,392,3452
6126,704,1173,1644,2349,2742,,704,469,471,705,393,3384
6273,705,1198,1648,2320,2753,,705,493,450,672,433,3520
6194,716,1210,1697,2390,2756,,716,494,487,693,366,3438
6051,705,1175,1648,2350,2698,,705,470,473,702,348,3353
5999,701,1172,1646,2306,2640,,701,471,474,660,334,3359
5974,703,1198,1628,2260,2614,,703,495,430,632,354,3360
5975,727,1198,1627,2256,2596,,727,471,429,629,340,3379
5987,696,1158,1629,2292,2633,,696,462,471,663,341,3354
5957,711,1142,1556,2194,2526,,711,431,414,638,332,3431
6269,705,1200,1671,2375,2793,,705,495,471,704,418,3476
6202,693,1174,1670,2375,2768,,693,481,496,705,393,3434
6076,705,1198,1696,2357,2721,,705,493,498,661,364,3355
6053,704,1197,1670,2330,2665,,704,493,473,660,335,3388
6049,702,1171,1667,2329,2663,,702,469,496,662,334,3386
6022,701,1173,1645,2306,2641,,701,472,472,661,335,3381
5950,702,1172,1603,2231,2565,,702,470,431,628,334,3385
5941,701,1174,1603,2235,2567,,701,473,429,632,332,3374
6037,707,1182,1653,2317,2679,,707,475,471,664,362,3358
5918,710,1130,1533,2155,2490,,710,420,403,622,335,3428
6267,706,1199,1672,2373,2763,,706,493,473,701,390,3504
6126,706,1173,1646,2348,2739,,706,467,473,702,391,3387
6116,704,1199,1672,2330,2688,,704,495,473,658,358,3428
6240,715,1205,1693,2407,2784,,715,490,488,714,377,3456
6127,705,1199,1670,2372,2747,,705,494,471,702,375,3380
6000,705,1173,1644,2308,2642,,705,468,471,664,334,3358
5776,655,1062,1458,2090,2408,,655,407,396,632,318,3368
5765,625,1040,1435,2066,2408,,625,415,395,631,342,3357
5926,654,1061,1470,2108,2470,,654,407,409,638,362,3456
6006,671,1118,1557,2182,2544,,671,447,439,625,362,3462
6282,717,1211,1698,2391,2797,,717,494,487,693,406,3485
6283,715,1211,1697,2410,2821,,715,496,486,713,411,3462
6282,716,1211,1701,2409,2822,,716,495,490,708,413,3460
6281,714,1210,1698,2409,2826,,714,496,488,711,417,3455
6281,716,1210,1698,2411,2820,,716,494,488,713,409,3461
6167,716,1210,1677,2341,2742,,716,494,467,664,401,3425
6030,703,1175,1647,2307,2663,,703,472,472,660,356,3367
5982,705,1176,1604,2287,2620,,705,471,428,683,333,3362
5977,702,1176,1607,2286,2613,,702,474,431,679,327,3364
6019,704,1200,1628,2260,2593,,704,496,428,632,333,3426
6270,705,1175,1649,2350,2768,,705,470,474,701,418,3502
6125,708,1175,1648,2349,2740,,708,467,473,701,391,3385
6079,704,1176,1648,2367,2718,,704,472,472,719,351,3361
6032,705,1174,1646,2309,2664,,705,469,472,663,355,3368
6027,706,1200,1673,2337,2669,,706,494,473,664,332,3358
6024,704,1200,1673,2333,2673,,704,496,473,660,340,3351
6026,705,1177,1648,2309,2670,,705,472,471,661,361,3356
6147,704,1199,1671,2315,2707,,704,495,472,644,392,3440
6087,716,1209,1676,2359,2672,,716,493,467,683,313,3415
6283,716,1210,1699,2439,2834,,716,494,489,740,395,3449
6194,716,1209,1698,2390,2757,,716,493,489,692,367,3437
6246,705,1175,1648,2351,2768,,705,470,473,703,417,3478
6053,705,1176,1604,2257,2658,,705,471,428,653,401,3395
6038,707,1183,1655,2315,2672,,707,476,472,660,357,3366
6001,705,1173,1645,2306,2642,,705,468,472,661,336,3359
6052,706,1206,1689,2360,2699,,706,500,483,671,339,3353
6004,705,1175,1650,2308,2644,,705,470,475,658,336,3360
5980,705,1197,1627,2259,2599,,705,492,430,632,340,3381
6157,701,1174,1645,2326,2687,,701,473,471,681,361,3470
6256,698,1184,1673,2385,2773,,698,486,489,712,388,3483
6226,719,1217,1703,2417,2792,,719,498,486,714,375,3434
6269,706,1173,1645,2349,2767,,706,467,472,704,418,3502
6101,707,1182,1615,2308,2670,,707,475,433,693,362,3431
6244,716,1208,1697,2441,2814,,716,492,489,744,373,3430
6058,706,1175,1647,2351,2703,,706,469,472,704,352,3355
6001,704,1175,1648,2309,2639,,704,471,473,661,330,3362
6027,707,1199,1670,2334,2670,,707,492,471,664,336,3357
6100,707,1182,1612,2282,2656,,707,475,430,670,374,3444
6108,714,1212,1701,2334,2654,,714,498,489,633,320,3454
6180,713,1211,1700,2411,2743,,713,498,489,711,332,3437
6283,717,1210,1703,2390,2772,,717,493,493,687,382,3511
6307,717,1211,1699,2411,2848,,717,494,488,712,437,3459
6282,717,1212,1700,2411,2826,,717,495,488,711,415,3456
6183,717,1213,1700,2412,2745,,717,496,487,712,333,3438
6282,717,1210,1701,2412,2822,,717,493,491,711,410,3460
6157,715,1211,1621,2337,2701,,715,496,410,716,364,3456
6259,720,1212,1700,2413,2823,,720,492,488,713,410,3436
6114,717,1192,1650,2336,2706,,717,475,458,686,370,3408
6182,705,1200,1671,2376,2727,,705,495,471,705,351,3455
6280,744,1235,1723,2435,2820,,744,491,488,712,385,3460
6242,744,1237,1723,2434,2814,,744,493,486,711,380,3428
6268,704,1174,1671,2375,2767,,704,470,497,704,392,3501
6282,704,1199,1647,2320,2783,,704,495,448,673,463,3499
6281,715,1209,1698,2410,2800,,715,494,489,712,390,3481
6307,715,1212,1698,2411,2851,,715,497,486,713,440,3456
6194,715,1211,1678,2386,2740,,715,496,467,708,354,3454
6078,705,1175,1646,2350,2724,,705,470,471,704,374,3354
6186,704,1177,1625,2339,2759,,704,473,448,714,420,3427
6283,716,1213,1700,2392,2798,,716,497,487,692,406,3485
6201,716,1216,1700,2411,2795,,716,500,484,711,384,3406
6253,715,1209,1696,2408,2797,,715,494,487,712,389,3456
6255,716,1210,1698,2410,2820,,716,494,488,712,410,3435
6281,716,1210,1697,2410,2828,,716,494,487,713,418,3453
6285,715,1211,1698,2411,2821,,715,496,487,713,410,3464
6305,716,1210,1699,2410,2845,,716,494,489,711,435,3460
6145,716,1210,1698,2378,2720,,716,494,488,680,342,3425
6106,704,1180,1663,2352,2727,,704,476,483,689,375,3379
5990,705,1201,1656,2284,2616,,705,496,455,628,332,3374
6010,700,1175,1648,2309,2664,,700,475,473,661,355,3346
5963,706,1154,1574,2206,2524,,706,448,420,632,318,3439
6281,716,1210,1698,2410,2821,,716,494,488,712,411,3460
6257,716,1211,1699,2411,2821,,716,495,488,712,410,3436
6305,717,1209,1698,2410,2849,,717,492,489,712,439,3456
6283,716,1210,1698,2411,2821,,716,494,488,713,410,3462
6282,718,1211,1699,2412,2821,,718,493,488,713,409,3461
6168,716,1210,1697,2376,2726,,716,494,487,679,350,3442
6104,705,1199,1671,2376,2725,,705,494,472,705,349,3379
5939,705,1174,1604,2234,2567,,705,469,430,630,333,3372
5930,701,1177,1650,2269,2587,,701,476,473,619,318,3343
5987,705,1175,1598,2230,2550,,705,470,423,632,320,3437
6256,719,1209,1701,2410,2818,,719,490,492,709,408,3438
6195,716,1179,1619,2325,2745,,716,463,440,706,420,3450
5931,705,1175,1648,2269,2586,,705,470,473,621,317,3345
6107,706,1177,1650,2352,2728,,706,471,473,702,376,3379
6052,704,1201,1673,2334,2669,,704,497,472,661,335,3383
6007,705,1176,1651,2312,2644,,705,471,475,661,332,3363
6001,708,1175,1648,2310,2642,,708,467,473,662,332,3359
5964,702,1176,1606,2234,2568,,702,474,430,628,334,3396
6017,702,1172,1642,2257,2593,,702,470,470,615,336,3424
6088,704,1199,1672,2309,2642,,704,495,473,637,333,3446
6283,718,1212,1699,2411,2822,,718,494,487,712,411,3461
6269,717,1213,1698,2399,2794,,717,496,485,701,395,3475
6106,705,1174,1645,2307,2706,,705,469,471,662,399,3400
6033,705,1175,1646,2309,2664,,705,470,471,663,355,3369
6028,704,1175,1647,2309,2644,,704,471,472,662,335,3384
6030,704,1176,1650,2308,2643,,704,472,474,658,335,3387
5989,712,1145,1582,2247,2604,,712,433,437,665,357,3385
5961,705,1201,1632,2260,2592,,705,496,431,628,332,3369
6097,701,1179,1651,2272,2662,,701,478,472,621,390,3435
5987,703,1175,1651,2281,2600,,703,472,476,630,319,3387
6168,705,1173,1644,2349,2741,,705,468,471,705,392,3427
6234,706,1201,1673,2375,2766,,706,495,472,702,391,3468
6156,706,1198,1629,2279,2697,,706,492,431,650,418,3459
6282,716,1211,1698,2411,2821,,716,495,487,713,410,3461
6304,716,1209,1696,2409,2843,,716,493,487,713,434,3461
6270,717,1210,1699,2411,2789,,717,493,489,712,378,3481
6212,705,1175,1671,2376,2753,,705,470,496,705,377,3459
5918,705,1174,1604,2233,2568,,705,469,430,629,335,3350
6083,707,1177,1650,2272,2638,,707,470,473,622,366,3445
6211,715,1210,1672,2375,2797,,715,495,462,703,422,3414
6271,705,1200,1673,2376,2769,,705,495,473,703,393,3502
6209,705,1176,1647,2352,2768,,705,471,471,705,416,3441
6039,707,1181,1655,2315,2656,,707,474,474,660,341,3383
6005,704,1175,1648,2308,2644,,704,471,473,660,336,3361
6001,705,1174,1646,2309,2642,,705,469,472,663,333,3359
6031,705,1201,1675,2334,2666,,705,496,474,659,332,3365
6002,704,1175,1646,2308,2644,,704,471,471,662,336,3358
5934,704,1173,1604,2233,2566,,704,469,431,629,333,3368
6083,700,1176,1650,2270,2635,,700,476,474,620,365,3448
6168,715,1211,1645,2351,2747,,715,496,434,706,396,3421
6243,706,1201,1699,2400,2817,,706,495,498,701,417,3426
6127,705,1174,1646,2350,2742,,705,469,472,704,392,3385
6040,707,1181,1654,2315,2672,,707,474,473,661,357,3368
6054,665,1148,1619,2323,2674,,665,483,471,704,351,3380
6049,704,1198,1672,2333,2667,,704,494,474,661,334,3382
6056,706,1175,1672,2334,2668,,706,469,497,662,334,3388
6027,705,1175,1648,2308,2644,,705,470,473,660,336,3383
5958,705,1175,1611,2258,2592,,705,470,436,647,334,3366
6112,701,1176,1648,2270,2638,,701,475,472,622,368,3474
6184,715,1205,1660,2368,2747,,715,490,455,708,379,3437
6267,703,1174,1646,2350,2768,,703,471,472,704,418,3499
6045,707,1173,1645,2350,2695,,707,466,472,705,345,3350
6061,705,1175,1646,2308,2664,,705,470,471,662,356,3397
6028,701,1173,1645,2305,2640,,701,472,472,660,335,3388
5999,701,1172,1644,2306,2640,,701,471,472,662,334,3359
6003,700,1171,1645,2306,2642,,700,471,474,661,336,3361
5947,702,1173,1603,2231,2564,,702,471,430,628,333,3383
5930,703,1177,1608,2234,2566,,703,474,431,626,332,3364
5911,709,1183,1653,2254,2549,,709,474,470,601,295,3362
6093,699,1185,1657,2319,2653,,699,486,472,662,334,3440
6079,706,1175,1648,2348,2698,,706,469,473,700,350,3381
5924,701,1173,1607,2231,2566,,701,472,434,624,335,3358
6004,706,1138,1553,2189,2524,,706,432,415,636,335,3480
6167,703,1174,1646,2350,2742,,703,471,472,704,392,3425
5980,705,1175,1605,2260,2615,,705,470,430,655,355,3365
6147,703,1174,1669,2333,2710,,703,471,495,664,377,3437
6283,717,1210,1696,2418,2825,,717,493,486,722,407,3458
6256,716,1210,1697,2411,2820,,716,494,487,714,409,3436
6329,715,1205,1692,2404,2841,,715,490,487,712,437,3488
6096,690,1187,1655,2290,2699,,690,497,468,635,409,3397
6282,716,1216,1702,2415,2823,,716,500,486,713,408,3459
6280,716,1210,1697,2409,2820,,716,494,487,712,411,3460
6283,718,1212,1699,2412,2770,,718,494,487,713,358,3513
6318,719,1212,1700,2413,2847,,719,493,488,713,434,3471
6309,718,1213,1700,2412,2848,,718,495,487,712,436,3461
6233,717,1216,1703,2392,2773,,717,499,487,689,381,3460
6167,716,1214,1679,2363,2748,,716,498,465,684,385,3419
6122,704,1176,1646,2309,2688,,704,472,470,663,379,3434
6337,716,1211,1699,2412,2848,,716,495,488,713,436,3489
6259,716,1210,1698,2410,2821,,716,494,488,712,411,3438
6257,717,1212,1701,2414,2822,,717,495,489,713,408,3435
6341,720,1219,1707,2451,2884,,720,499,488,744,433,3457
6283,717,1212,1703,2414,2822,,717,495,491,711,408,3461
6256,718,1211,1701,2412,2822,,718,493,490,711,410,3434
6283,716,1211,1699,2413,2846,,716,495,488,714,433,3437
6255,717,1211,1700,2391,2773,,717,494,489,691,382,3482
6141,718,1211,1678,2362,2747,,718,493,467,684,385,3394
6035,704,1176,1650,2307,2645,,704,472,474,657,338,3390
6203,709,1185,1655,2359,2750,,709,476,470,704,391,3453
5984,649,1121,1552,2205,2564,,649,472,431,653,359,3420
6210,718,1210,1700,2412,2823,,718,492,490,712,411,3387
6258,716,1212,1700,2412,2822,,716,496,488,712,410,3436
6283,718,1211,1700,2411,2821,,718,493,489,711,410,3462
6257,715,1212,1682,2386,2796,,715,497,470,704,410,3461
6282,717,1213,1700,2412,2822,,717,496,487,712,410,3460
6257,717,1211,1701,2411,2800,,717,494,490,710,389,3457
6308,718,1212,1700,2412,2847,,718,494,488,712,435,3461
6270,717,1191,1650,2362,2772,,717,474,459,712,410,3498
6256,717,1211,1700,2413,2802,,717,494,489,713,389,3454
6283,717,1212,1700,2413,2765,,717,495,488,713,352,3518
6264,718,1213,1700,2413,2823,,718,495,487,713,410,3441
6218,723,1223,1690,2373,2757,,723,500,467,683,384,3461
6284,716,1213,1700,2413,2822,,716,497,487,713,409,3462
6285,717,1213,1700,2415,2823,,717,496,487,715,408,3462
6284,716,1214,1700,2413,2822,,716,498,486,713,409,3462
6156,716,1211,1699,2412,2742,,716,495,488,713,330,3414
6166,716,1212,1678,2362,2748,,716,496,466,684,386,3418
6011,704,1175,1647,2309,2643,,704,471,472,662,334,3368
5942,709,1184,1611,2242,2575,,709,475,427,631,333,3367
6159,703,1195,1626,2306,2698,,703,492,431,680,392,3461
6281,716,1211,1699,2411,2821,,716,495,488,712,410,3460
6305,719,1211,1698,2410,2844,,719,492,487,712,434,3461
6258,716,1211,1699,2413,2822,,716,495,488,714,409,3436
6276,717,1211,1698,2411,2823,,717,494,487,713,412,3453
6283,716,1212,1704,2413,2823,,716,496,492,709,410,3460
6283,715,1211,1699,2411,2822,,715,496,488,712,411,3461
6282,718,1210,1697,2412,2822,,718,492,487,715,410,3460
6283,717,1243,1727,2436,2847,,717,526,484,709,411,3436
6299,725,1224,1712,2426,2839,,725,499,488,714,413,3460
6104,715,1146,1617,2327,2704,,715,431,471,710,377,3400
6244,704,1174,1671,2376,2768,,704,470,497,705,392,3476
5951,705,1200,1671,2296,2615,,705,495,471,625,319,3336
6142,704,1196,1668,2329,2709,,704,492,472,661,380,3433
6257,718,1212,1700,2411,2822,,718,494,488,711,411,3435
6308,718,1212,1700,2413,2848,,718,494,488,713,435,3460
6308,716,1211,1700,2442,2850,,716,495,489,742,408,3458
6307,717,1213,1700,2412,2848,,717,496,487,712,436,3459
6282,715,1211,1699,2411,2821,,715,496,488,712,410,3461
6281,716,1210,1699,2411,2801,,716,494,489,712,390,3480
6168,716,1160,1637,2349,2727,,716,444,477,712,378,3441
6201,707,1182,1653,2357,2775,,707,475,471,704,418,3426
5926,706,1174,1668,2293,2588,,706,468,494,625,295,3338
6063,705,1175,1648,2309,2664,,705,470,473,661,355,3399
6051,705,1199,1670,2333,2666,,705,494,471,663,333,3385
6030,704,1201,1672,2334,2670,,704,497,471,662,336,3360
6026,702,1171,1643,2305,2639,,702,469,472,662,334,3387
6022,701,1198,1673,2332,2666,,701,497,475,659,334,3356
5935,704,1174,1604,2234,2567,,704,470,430,630,333,3368
5933,651,1124,1554,2186,2516,,651,473,430,632,330,3417
5983,704,1178,1625,2288,2621,,704,474,447,663,333,3362
6202,708,1182,1655,2357,2775,,708,474,473,702,418,3427
5877,680,1150,1620,2245,2540,,680,470,470,625,295,3337
6152,709,1183,1654,2319,2697,,709,474,471,665,378,3455
6285,718,1210,1699,2411,2821,,718,492,489,712,410,3464
6308,717,1212,1700,2413,2853,,717,495,488,713,440,3455
6282,715,1212,1699,2412,2847,,715,497,487,713,435,3435
6282,715,1212,1703,2413,2824,,715,497,491,710,411,3458
6156,715,1212,1680,2364,2744,,715,497,468,684,380,3412
6307,717,1213,1700,2412,2848,,717,496,487,712,436,3459
6245,716,1213,1700,2401,2821,,716,497,487,701,420,3424
6230,709,1185,1657,2360,2776,,709,476,472,703,416,3454
5953,709,1202,1672,2293,2613,,709,493,470,621,320,3340
6201,707,1181,1652,2357,2756,,707,474,471,705,399,3445
6279,716,1208,1695,2408,2819,,716,492,487,713,411,3460
6307,719,1212,1700,2412,2847,,719,493,488,712,435,3460
6308,718,1212,1700,2413,2849,,718,494,488,713,436,3459
6257,715,1212,1699,2410,2822,,715,497,487,711,412,3435
6308,715,1212,1700,2412,2846,,715,497,488,712,434,3462
6258,693,1187,1676,2388,2796,,693,494,489,712,408,3462
6230,716,1190,1649,2362,2797,,716,474,459,713,435,3433
6307,716,1214,1700,2412,2847,,716,498,486,712,435,3460
6258,717,1211,1699,2412,2821,,717,494,488,713,409,3437
6324,728,1226,1714,2426,2861,,728,498,488,712,435,3463
6259,717,1212,1701,2412,2823,,717,495,489,711,411,3436
6282,717,1211,1699,2411,2822,,717,494,488,712,411,3460
6281,717,1211,1699,2411,2820,,717,494,488,712,409,3461
6258,698,1163,1650,2365,2766,,698,465,487,715,401,3492
6284,716,1212,1700,2412,2822,,716,496,488,712,410,3462
6271,716,1213,1679,2365,2772,,716,497,466,686,407,3499
6307,718,1221,1684,2385,2797,,718,503,463,701,412,3510
6283,716,1212,1700,2412,2823,,716,496,488,712,411,3460
6283,716,1213,1699,2413,2822,,716,497,486,714,409,3461
6285,717,1211,1698,2440,2847,,717,494,487,742,407,3438
6282,716,1212,1700,2413,2822,,716,496,488,713,409,3460
6262,716,1212,1700,2413,2823,,716,496,488,713,410,3439
6287,711,1212,1702,2411,2823,,711,501,490,709,412,3464
6258,716,1211,1700,2413,2822,,716,495,489,713,409,3436
6284,717,1211,1699,2412,2825,,717,494,488,713,413,3459
6270,716,1217,1680,2362,2773,,716,501,463,682,411,3497
6333,717,1212,1699,2412,2847,,717,495,487,713,435,3486
6282,692,1215,1701,2412,2823,,692,523,486,711,411,3459
6157,647,1056,1537,2262,2697,,647,409,481,725,435,3460
6231,716,1211,1702,2413,2802,,716,495,491,711,389,3429
6286,718,1213,1701,2413,2823,,718,495,488,712,410,3463
6261,717,1211,1700,2412,2823,,717,494,489,712,411,3438
6283,716,1213,1700,2412,2824,,716,497,487,712,412,3459
6284,717,1212,1700,2412,2823,,717,495,488,712,411,3461
6307,746,1237,1726,2437,2849,,746,491,489,711,412,3458
6247,716,1214,1685,2372,2778,,716,498,471,687,406,3469
6281,716,1211,1699,2396,2827,,716,495,488,697,431,3454
6307,718,1215,1701,2412,2853,,718,497,486,711,441,3454
6109,644,1057,1538,2265,2673,,644,413,481,727,408,3436
6262,717,1214,1702,2413,2824,,717,497,488,711,411,3438
6284,717,1213,1699,2412,2814,,717,496,486,713,402,3470
6267,716,1213,1700,2412,2823,,716,497,487,712,411,3444
6284,716,1212,1700,2413,2823,,716,496,488,713,410,3461
6261,715,1211,1699,2411,2822,,715,496,488,712,411,3439
6154,716,1208,1696,2330,2720,,716,492,488,634,390,3434
6243,716,1214,1679,2363,2772,,716,498,465,684,409,3471
6145,716,1213,1679,2327,2722,,716,497,466,648,395,3423
6181,712,1161,1634,2336,2733,,712,449,473,702,397,3448
5927,706,1204,1687,2294,2590,,706,498,483,607,296,3337
6038,705,1177,1650,2310,2664,,705,472,473,660,354,3374
6002,706,1174,1645,2310,2644,,706,468,471,665,334,3358
6001,702,1174,1647,2308,2642,,702,472,473,661,334,3359
6027,702,1197,1668,2329,2664,,702,495,471,661,335,3363
5926,703,1174,1604,2236,2566,,703,471,430,632,330,3360
5935,701,1176,1603,2235,2566,,701,475,427,632,331,3369
6044,703,1174,1563,2247,2599,,703,471,389,684,352,3445
5927,701,1174,1644,2267,2585,,701,473,470,623,318,3342
6268,706,1188,1662,2377,2769,,706,482,474,715,392,3499
6170,706,1178,1605,2302,2721,,706,472,427,697,419,3449
6036,701,1173,1645,2306,2663,,701,472,472,661,357,3373
6053,705,1175,1647,2309,2667,,705,470,472,662,358,3386
6028,706,1200,1672,2334,2667,,706,494,472,662,333,3361
6002,702,1173,1645,2307,2641,,702,471,472,662,334,3361
6143,655,1147,1633,2331,2682,,655,492,486,698,351,3461
6282,716,1210,1698,2411,2821,,716,494,488,713,410,3461
6257,715,1212,1702,2412,2822,,715,497,490,710,410,3435
6270,717,1160,1649,2362,2775,,717,443,489,713,413,3495
6270,706,1201,1673,2377,2795,,706,495,472,704,418,3475
5901,705,1176,1646,2267,2559,,705,471,470,621,292,3342
6070,710,1183,1679,2341,2697,,710,473,496,662,356,3373
6029,705,1176,1649,2311,2645,,705,471,473,662,334,3384
6054,705,1200,1673,2335,2671,,705,495,473,662,336,3383
6001,701,1173,1646,2306,2641,,701,472,473,660,335,3360
5998,703,1173,1644,2306,2644,,703,470,471,662,338,3354
5933,702,1175,1603,2233,2566,,702,473,428,630,333,3367
6197,702,1145,1614,2328,2739,,702,443,469,714,411,3458
6270,717,1211,1700,2412,2766,,717,494,489,712,354,3504
6146,681,1151,1628,2327,2718,,681,470,477,699,391,3428
6120,705,1199,1671,2377,2677,,705,494,472,706,300,3443
6120,704,1176,1648,2309,2688,,704,472,472,661,379,3432
6307,719,1212,1700,2416,2848,,719,493,488,716,432,3459
6305,716,1209,1697,2410,2819,,716,493,488,713,409,3486
6281,717,1214,1700,2414,2823,,717,497,486,714,409,3458
6258,717,1213,1700,2413,2824,,717,496,487,713,411,3434
6260,718,1212,1700,2413,2823,,718,494,488,713,410,3437
6260,717,1212,1700,2412,2823,,717,495,488,712,411,3437
6272,716,1213,1701,2412,2768,,716,497,488,711,356,3504
6266,707,1198,1671,2372,2765,,707,491,473,701,393,3501
5923,706,1198,1667,2276,2594,,706,492,469,609,318,3329
6130,709,1184,1655,2317,2697,,709,475,471,662,380,3433
6284,716,1212,1700,2413,2822,,716,496,488,713,409,3462
6305,716,1209,1698,2409,2845,,716,493,489,711,436,3460
6257,719,1212,1701,2412,2824,,719,493,489,711,412,3433
6259,717,1212,1700,2412,2823,,717,495,488,712,411,3436
6284,716,1212,1699,2392,2773,,716,496,487,693,381,3511
6232,716,1241,1725,2416,2799,,716,525,484,691,383,3433
6272,717,1212,1699,2413,2791,,717,495,487,714,378,3481
6271,708,1200,1673,2377,2793,,708,492,473,704,416,3478
5903,704,1177,1649,2258,2560,,704,473,472,609,302,3343
6203,712,1208,1681,2383,2779,,712,496,473,702,396,3424
6283,715,1212,1701,2414,2822,,715,497,489,713,408,3461
6315,721,1220,1707,2421,2829,,721,499,487,714,408,3486
6255,716,1211,1699,2413,2822,,716,495,488,714,409,3433
6284,717,1213,1699,2412,2822,,717,496,486,713,410,3462
6322,726,1227,1714,2427,2836,,726,501,487,713,409,3486
6142,672,1163,1650,2339,2747,,672,491,487,689,408,3395
6254,716,1210,1699,2411,2799,,716,494,489,712,388,3455
6056,720,1167,1591,2229,2622,,720,447,424,638,393,3434
5927,705,1175,1645,2270,2589,,705,470,470,625,319,3338
6336,717,1215,1703,2414,2824,,717,498,488,711,410,3512
6284,715,1212,1702,2412,2824,,715,497,490,710,412,3460
6317,721,1221,1709,2421,2832,,721,500,488,712,411,3485
6282,717,1212,1700,2411,2823,,717,495,488,711,412,3459
6283,716,1159,1682,2388,2798,,716,443,523,706,410,3485
6284,715,1214,1700,2414,2823,,715,499,486,714,409,3461
6241,716,1212,1701,2393,2801,,716,496,489,692,408,3440
6145,704,1132,1616,2301,2721,,704,428,484,685,420,3424
6195,705,1175,1646,2353,2745,,705,470,471,707,392,3450
5927,705,1176,1647,2270,2587,,705,471,471,623,317,3340
6038,705,1174,1648,2310,2665,,705,469,474,662,355,3373
6026,705,1173,1644,2309,2642,,705,468,471,665,333,3384
6029,703,1176,1648,2311,2644,,703,473,472,663,333,3385
6021,705,1175,1647,2310,2644,,705,470,472,663,334,3377
6004,706,1176,1648,2310,2644,,706,470,472,662,334,3360
6057,702,1175,1606,2235,2612,,702,473,431,629,377,3445
6065,713,1156,1630,2310,2660,,713,443,474,680,350,3405
6313,713,1190,1677,2389,2801,,713,477,487,712,412,3512
6192,738,1201,1662,2371,2758,,738,463,461,709,387,3434
6166,720,1220,1687,2372,2713,,720,500,467,685,341,3453
6285,719,1213,1701,2413,2824,,719,494,488,712,411,3461
6285,717,1213,1701,2413,2823,,717,496,488,712,410,3462
6344,723,1223,1709,2423,2833,,723,500,486,714,410,3511
6256,717,1213,1701,2413,2823,,717,496,488,712,410,3433
6257,715,1211,1699,2412,2823,,715,496,488,713,411,3434
6258,718,1213,1701,2413,2824,,718,495,488,712,411,3434
6165,716,1212,1701,2392,2773,,716,496,489,691,381,3392
6311,718,1213,1702,2414,2824,,718,495,489,712,410,3487
6194,725,1224,1658,2364,2740,,725,499,434,706,376,3454
6193,722,1221,1689,2372,2758,,722,499,468,683,386,3435
6308,717,1212,1700,2412,2848,,717,495,488,712,436,3460
6334,716,1241,1726,2438,2872,,716,525,485,712,434,3462
6281,718,1212,1699,2410,2821,,718,494,487,711,411,3460
6264,717,1214,1701,2412,2823,,717,497,487,711,411,3441
6233,718,1214,1702,2393,2799,,718,496,488,691,406,3434
6311,715,1216,1703,2416,2826,,715,501,487,713,410,3485
6267,718,1246,1654,2363,2799,,718,528,408,709,436,3468
6204,717,1215,1702,2415,2747,,717,498,487,713,332,3457
6286,723,1213,1700,2414,2848,,723,490,487,714,434,3438
6196,717,1214,1703,2393,2760,,717,497,489,690,367,3436
5907,704,1176,1646,2269,2564,,704,472,470,623,295,3343
6030,705,1175,1648,2311,2667,,705,470,473,663,356,3363
6027,650,1123,1594,2298,2650,,650,473,471,704,352,3377
6028,705,1175,1648,2308,2643,,705,470,473,660,335,3385
6028,702,1175,1647,2310,2644,,702,473,472,663,334,3384
5962,702,1176,1605,2235,2568,,702,474,429,630,333,3394
6082,702,1174,1603,2277,2684,,702,472,429,674,407,3398
6268,718,1213,1702,2414,2823,,718,495,489,712,409,3445
6281,718,1211,1699,2411,2821,,718,493,488,712,410,3460
6219,723,1223,1711,2402,2783,,723,500,488,691,381,3436
6284,718,1214,1700,2413,2823,,718,496,486,713,410,3461
6284,717,1212,1701,2412,2823,,717,495,489,711,411,3461
6284,716,1213,1701,2413,2848,,716,497,488,712,435,3436
6259,716,1213,1702,2414,2824,,716,497,489,712,410,3435
6312,719,1208,1703,2417,2826,,719,489,495,714,409,3486
6259,717,1213,1701,2414,2824,,717,496,488,713,410,3435
6265,716,1213,1702,2416,2850,,716,497,489,714,434,3415
6259,717,1213,1669,2389,2800,,717,496,456,720,411,3459
6284,716,1213,1701,2384,2798,,716,497,488,683,414,3486
6282,718,1211,1699,2390,2797,,718,493,488,691,407,3485
6282,716,1212,1700,2412,2822,,716,496,488,712,410,3460
6259,716,1213,1701,2413,2824,,716,497,488,712,411,3435
6255,714,1211,1699,2393,2799,,714,497,488,694,406,3456
6258,717,1213,1701,2413,2824,,717,496,488,712,411,3434
6259,717,1215,1701,2413,2823,,717,498,486,712,410,3436
6259,717,1209,1697,2411,2820,,717,492,488,714,409,3439
6283,717,1213,1700,2366,2774,,717,496,487,666,408,3509
6258,716,1213,1701,2414,2823,,716,497,488,713,409,3435
6309,732,1238,1726,2438,2848,,732,506,488,712,410,3461
6283,716,1215,1702,2393,2776,,716,499,487,691,383,3507
6309,716,1213,1701,2413,2849,,716,497,488,712,436,3460
6237,716,1213,1700,2413,2822,,716,497,487,713,409,3415
6143,722,1215,1680,2363,2750,,722,493,465,683,387,3393
6082,705,1177,1650,2353,2702,,705,472,473,703,349,3380
6030,703,1177,1649,2311,2648,,703,474,472,662,337,3382
5943,710,1185,1616,2249,2577,,710,475,431,633,328,3366
5994,703,1174,1605,2237,2577,,703,471,431,632,340,3417
6284,715,1213,1701,2414,2824,,715,498,488,713,410,3460
6282,737,1237,1725,2437,2817,,737,500,488,712,380,3465
6257,716,1211,1699,2390,2796,,716,495,488,691,406,3461
6283,716,1213,1702,2413,2823,,716,497,489,711,410,3460
6309,716,1214,1702,2443,2850,,716,498,488,741,407,3459
6233,716,1213,1702,2413,2803,,716,497,489,711,390,3430
6283,716,1213,1701,2413,2823,,716,497,488,712,410,3460
6284,715,1211,1701,2412,2823,,715,496,490,711,411,3461
6261,715,1211,1701,2412,2822,,715,496,490,711,410,3439
6284,716,1214,1701,2414,2828,,716,498,487,713,414,3456
6284,715,1214,1701,2413,2848,,715,499,487,712,435,3436
6283,715,1212,1701,2412,2824,,715,497,489,711,412,3459
6261,716,1212,1700,2391,2799,,716,496,488,691,408,3462
6284,715,1215,1701,2412,2824,,715,500,486,711,412,3460
6309,716,1214,1702,2413,2848,,716,498,488,711,435,3461
6258,717,1179,1718,2439,2828,,717,462,539,721,389,3430
6259,718,1212,1705,2413,2824,,718,494,493,708,411,3435
6308,741,1237,1724,2439,2848,,741,496,487,715,409,3460
6288,716,1204,1694,2403,2814,,716,488,490,709,411,3474
6283,714,1213,1701,2412,2822,,714,499,488,711,410,3461
6283,716,1214,1701,2414,2825,,716,498,487,713,411,3458
6284,741,1216,1701,2413,2823,,741,475,485,712,410,3461
6284,717,1213,1702,2393,2801,,717,496,489,691,408,3483
6306,718,1210,1699,2412,2847,,718,492,489,713,435,3459
6284,716,1212,1701,2414,2825,,716,496,489,713,411,3459
6258,716,1219,1703,2393,2776,,716,503,484,690,383,3482
6260,715,1215,1702,2414,2823,,715,500,487,712,409,3437
6280,718,1213,1699,2411,2820,,718,495,486,712,409,3460
6271,716,1214,1701,2414,2824,,716,498,487,713,410,3447
6257,716,1213,1700,2414,2822,,716,497,487,714,408,3435
6305,715,1211,1725,2435,2846,,715,496,514,710,411,3459
6281,741,1177,1660,2361,2795,,741,436,483,701,434,3486
6283,716,1212,1703,2393,2775,,716,496,491,690,382,3508
6283,715,1212,1701,2412,2822,,715,497,489,711,410,3461
6283,718,1213,1701,2412,2823,,718,495,488,711,411,3460
6233,716,1213,1701,2393,2799,,716,497,488,692,406,3434
6284,717,1213,1702,2415,2824,,717,496,489,713,409,3460
6283,717,1212,1700,2412,2822,,717,495,488,712,410,3461
6288,716,1213,1701,2414,2849,,716,497,488,713,435,3439
6283,716,1242,1726,2439,2849,,716,526,484,713,410,3434
6308,716,1214,1702,2414,2850,,716,498,488,712,436,3458
6313,675,1121,1604,2339,2801,,675,446,483,735,462,3512
6285,716,1197,1707,2413,2770,,716,481,510,706,357,3515
6284,717,1213,1700,2413,2824,,717,496,487,713,411,3460
6284,717,1212,1701,2414,2823,,717,495,489,713,409,3461
6232,716,1213,1676,2370,2776,,716,497,463,694,406,3456
6284,716,1213,1701,2414,2824,,716,497,488,713,410,3460
6334,716,1213,1701,2446,2879,,716,497,488,745,433,3455
6236,716,1212,1702,2413,2824,,716,496,490,711,411,3412
6332,716,1212,1699,2440,2872,,716,496,487,741,432,3460
6280,716,1211,1701,2412,2822,,716,495,490,711,410,3458
6309,740,1200,1658,2388,2850,,740,460,458,730,462,3459
6184,717,1213,1701,2414,2746,,717,496,488,713,332,3438
6259,716,1215,1702,2415,2825,,716,499,487,713,410,3434
6262,717,1213,1701,2413,2824,,717,496,488,712,411,3438
6259,716,1214,1704,2393,2800,,716,498,490,689,407,3459
6260,717,1213,1727,2403,2810,,717,496,514,676,407,3450
6283,716,1213,1701,2412,2824,,716,497,488,711,412,3459
6259,715,1213,1702,2413,2825,,715,498,489,711,412,3434
6310,717,1215,1703,2415,2849,,717,498,488,712,434,3461
6279,718,1213,1701,2413,2824,,718,495,488,712,411,3455
6207,716,1188,1613,2339,2750,,716,472,425,726,411,3457
6284,716,1214,1701,2392,2801,,716,498,487,691,409,3483
6284,718,1214,1735,2439,2848,,718,496,521,704,409,3436
6313,715,1213,1700,2412,2824,,715,498,487,712,412,3489
6233,716,1214,1702,2414,2803,,716,498,488,712,389,3430
6315,720,1215,1703,2416,2824,,720,495,488,713,408,3491
6285,716,1214,1701,2413,2825,,716,498,487,712,412,3460
6286,716,1214,1700,2415,2849,,716,498,486,715,434,3437
6383,743,1265,1748,2491,2960,,743,522,483,743,469,3423
6290,715,1214,1701,2413,2823,,715,499,487,712,410,3467
6284,744,1201,1619,2367,2802,,744,457,418,748,435,3482
6259,717,1215,1705,2414,2824,,717,498,490,709,410,3435
6258,715,1213,1701,2413,2823,,715,498,488,712,410,3435
6285,717,1214,1703,2415,2825,,717,497,489,712,410,3460
6260,717,1214,1702,2414,2824,,717,497,488,712,410,3436
6285,717,1214,1701,2414,2824,,717,497,487,713,410,3461
6237,717,1214,1703,2414,2825,,717,497,489,711,411,3412
6014,690,1121,1562,2221,2608,,690,431,441,659,387,3406
6001,673,1122,1561,2221,2608,,673,449,439,660,387,3393
6014,676,1123,1587,2234,2621,,676,447,464,647,387,3393
6008,652,1083,1501,2177,2580,,652,431,418,676,403,3428
6285,717,1215,1704,2415,2824,,717,498,489,711,409,3461
6282,715,1214,1700,2412,2822,,715,499,486,712,410,3460
6285,717,1213,1701,2415,2824,,717,496,488,714,409,3461
6236,715,1213,1700,2384,2797,,715,498,487,684,413,3439
6283,716,1212,1702,2413,2824,,716,496,490,711,411,3459
6285,715,1213,1703,2412,2822,,715,498,490,709,410,3463
6263,716,1215,1701,2415,2824,,716,499,486,714,409,3439
6285,716,1214,1703,2414,2825,,716,498,489,711,411,3460
6313,716,1213,1701,2413,2823,,716,497,488,712,410,3490
6286,716,1194,1637,2323,2754,,716,478,443,686,431,3532
6288,716,1214,1702,2414,2825,,716,498,488,712,411,3463
6258,714,1213,1700,2414,2823,,714,499,487,714,409,3435
6260,715,1213,1700,2414,2826,,715,498,487,714,412,3434
6258,716,1213,1705,2390,2775,,716,497,492,685,385,3483
6310,715,1214,1702,2414,2848,,715,499,488,712,434,3462
6285,716,1215,1702,2414,2848,,716,499,487,712,434,3437
6263,719,1213,1701,2414,2824,,719,494,488,713,410,3439
6284,716,1214,1704,2414,2826,,716,498,490,710,412,3458
6283,715,1213,1701,2414,2824,,715,498,488,713,410,3459
6164,716,1240,1688,2312,2686,,716,524,448,624,374,3478
6284,716,1214,1701,2414,2823,,716,498,487,713,409,3461
6299,715,1202,1691,2403,2838,,715,487,489,712,435,3461
6309,716,1214,1702,2414,2851,,716,498,488,712,437,3458
6257,716,1213,1700,2392,2773,,716,497,487,692,381,3484
6311,715,1213,1732,2439,2849,,715,498,519,707,410,3462
6334,715,1213,1701,2413,2879,,715,498,488,712,466,3455
6173,718,1206,1693,2406,2817,,718,488,487,713,411,3356
6062,705,1203,1676,2337,2691,,705,498,473,661,354,3371
5997,704,1179,1608,2237,2571,,704,475,429,629,334,3426
5944,705,1112,1523,2161,2528,,705,407,411,638,367,3416
6284,715,1214,1701,2415,2825,,715,499,487,714,410,3459
6282,715,1210,1699,2411,2821,,715,495,489,712,410,3461
6285,716,1212,1701,2414,2824,,716,496,489,713,410,3461
6282,717,1212,1698,2412,2812,,717,495,486,714,400,3470
6283,715,1213,1701,2414,2825,,715,498,488,713,411,3458
6284,716,1213,1701,2412,2823,,716,497,488,711,411,3461
6284,715,1187,1675,2387,2798,,715,472,488,712,411,3486
6282,716,1213,1701,2414,2824,,716,497,488,713,410,3458
6309,715,1214,1700,2414,2847,,715,499,486,714,433,3462
6005,715,1190,1640,2300,2617,,715,475,450,660,317,3388
6259,718,1216,1705,2400,2807,,718,498,489,695,407,3452
6316,720,1222,1709,2421,2831,,720,502,487,712,410,3485
6288,718,1214,1702,2414,2826,,718,496,488,712,412,3462
6261,718,1215,1704,2415,2825,,718,497,489,711,410,3436
6283,718,1214,1701,2414,2827,,718,496,487,713,413,3456
6134,716,1215,1643,2364,2696,,716,499,428,721,332,3438
6258,718,1216,1703,2394,2776,,718,498,487,691,382,3482
6107,693,1166,1628,2317,2698,,693,473,462,689,381,3409
6222,721,1194,1654,2344,2776,,721,473,460,690,432,3446
6170,715,1214,1702,2414,2760,,715,499,488,712,346,3410
6247,705,1178,1651,2354,2773,,705,473,473,703,419,3474
5904,703,1177,1649,2272,2564,,703,474,472,623,292,3340
6107,704,1178,1650,2352,2726,,704,474,472,702,374,3381
6035,703,1177,1648,2311,2643,,703,474,471,663,332,3392
6003,703,1178,1649,2310,2646,,703,475,471,661,336,3357
6027,706,1201,1674,2333,2669,,706,495,473,659,336,3358
6034,705,1178,1649,2311,2645,,705,473,471,662,334,3389
6034,706,1178,1649,2311,2645,,706,472,471,662,334,3389
5932,705,1180,1609,2242,2573,,705,475,429,633,331,3359
6058,704,1177,1647,2332,2689,,704,473,470,685,357,3369
6284,715,1214,1731,2441,2843,,715,499,517,710,402,3441
6315,716,1213,1702,2413,2817,,716,497,489,711,404,3498
6463,745,1268,1807,2566,2986,,745,523,539,759,420,3477
6283,715,1240,1725,2439,2846,,715,525,485,714,407,3437
6389,719,1215,1733,2439,2902,,719,496,518,706,463,3487
6409,716,1243,1726,2469,2962,,716,527,483,743,493,3447
6311,717,1214,1701,2442,2875,,717,497,487,741,433,3436
6433,746,1239,1755,2539,2990,,746,493,516,784,451,3443
6410,745,1238,1754,2493,2960,,745,493,516,739,467,3450
6262,747,1269,1754,2539,2884,,747,522,485,785,345,3378
6312,716,1215,1700,2414,2826,,716,499,485,714,412,3486
6315,715,1213,1702,2414,2854,,715,498,489,712,440,3461
6289,745,1239,1758,2465,2877,,745,494,519,707,412,3412
6362,716,1214,1730,2470,2907,,716,498,516,740,437,3455
6409,745,1267,1751,2464,2963,,745,522,484,713,499,3446
6389,716,1213,1731,2468,2906,,716,497,518,737,438,3483
6283,716,1213,1700,2414,2826,,716,497,487,714,412,3457
6294,717,1216,1736,2465,2874,,717,499,520,729,409,3420
6312,718,1246,1731,2440,2851,,718,528,485,709,411,3461
6285,717,1243,1727,2418,2824,,717,526,484,691,406,3461
6229,720,1214,1702,2415,2826,,720,494,488,713,411,3403
6195,705,1179,1652,2352,2743,,705,474,473,700,391,3452
6202,711,1184,1657,2359,2753,,711,473,473,702,394,3449
6175,703,1179,1650,2351,2744,,703,476,471,701,393,3431
6199,706,1180,1652,2352,2746,,706,474,472,700,394,3453
6273,704,1179,1650,2354,2770,,704,475,471,704,416,3503
6269,704,1177,1649,2352,2768,,704,473,472,703,416,3501
6140,704,1180,1651,2353,2743,,704,476,471,702,390,3397
6273,731,1203,1674,2377,2794,,731,472,471,703,417,3479
6274,705,1179,1653,2357,2779,,705,474,474,704,422,3495
6145,705,1176,1648,2308,2709,,705,471,472,660,401,3436
6194,706,1201,1676,2376,2768,,706,495,475,700,392,3426
6155,705,1178,1649,2356,2760,,705,473,471,707,404,3395
6246,704,1202,1675,2380,2756,,704,498,473,705,376,3490
6146,705,1176,1649,2328,2719,,705,471,473,679,391,3427
6170,661,1151,1624,2326,2745,,661,490,473,702,419,3425
6195,703,1200,1674,2376,2768,,703,497,474,702,392,3427
6194,700,1174,1645,2351,2768,,700,474,471,706,417,3426
6178,702,1175,1672,2375,2791,,702,473,497,703,416,3387
5906,703,1135,1547,2185,2519,,703,432,412,638,334,3387
5908,704,1135,1548,2185,2520,,704,431,413,637,335,3388
5864,668,1118,1533,2167,2501,,668,450,415,634,334,3363
5907,705,1135,1550,2185,2521,,705,430,415,635,336,3386
5810,665,1067,1473,2110,2444,,665,402,406,637,334,3366
6272,705,1176,1651,2351,2767,,705,471,475,700,416,3505
6173,705,1179,1652,2353,2745,,705,474,473,701,392,3428
6182,712,1186,1657,2361,2754,,712,474,471,704,393,3428
6198,705,1176,1649,2355,2747,,705,471,473,706,392,3451
6273,706,1177,1648,2352,2770,,706,471,471,704,418,3503
6174,705,1179,1650,2354,2732,,705,474,471,704,378,3442
6173,704,1179,1652,2354,2745,,704,475,473,702,391,3428
6230,710,1184,1655,2361,2779,,710,474,471,706,418,3451
6231,707,1178,1676,2378,2755,,707,471,498,702,377,3476
6196,703,1176,1648,2354,2746,,703,473,472,706,392,3450
6247,704,1203,1676,2377,2794,,704,499,473,701,417,3453
6173,705,1178,1652,2353,2746,,705,473,474,701,393,3427
6211,713,1187,1660,2364,2780,,713,474,473,704,416,3431
6173,704,1178,1648,2355,2747,,704,474,470,707,392,3426
6175,706,1177,1648,2355,2747,,706,471,471,707,392,3428
6172,705,1202,1674,2376,2727,,705,497,472,702,351,3445
6209,706,1178,1651,2352,2748,,706,472,473,701,396,3461
6307,717,1207,1693,2407,2817,,717,490,486,714,410,3490
6282,716,1212,1700,2412,2823,,716,496,488,712,411,3459
6410,746,1268,1782,2539,2962,,746,522,514,757,423,3448
6335,715,1213,1733,2469,2877,,715,498,520,736,408,3458
6308,717,1212,1701,2413,2823,,717,495,489,712,410,3485
6309,718,1215,1733,2439,2851,,718,497,518,706,412,3458
6407,747,1236,1754,2490,2959,,747,489,518,736,469,3448
6337,716,1214,1700,2441,2849,,716,498,486,741,408,3488
6178,709,1186,1656,2359,2750,,709,477,470,703,391,3428
6172,706,1179,1650,2353,2730,,706,473,471,703,377,3442
6170,704,1177,1648,2353,2744,,704,473,471,705,391,3426
6174,705,1178,1649,2354,2747,,705,473,471,705,393,3427
6197,705,1178,1651,2350,2743,,705,473,473,699,393,3454
6246,705,1178,1651,2354,2771,,705,473,473,703,417,3475
6246,704,1178,1675,2380,2771,,704,474,497,705,391,3475
6171,704,1178,1649,2354,2746,,704,474,471,705,392,3425
6242,704,1179,1650,2354,2769,,704,475,471,704,415,3473
6057,704,1179,1652,2313,2669,,704,475,473,661,356,3388
6108,711,1185,1656,2360,2710,,711,474,471,704,350,3398
6133,706,1178,1650,2353,2744,,706,472,472,703,391,3389
6190,723,1202,1676,2376,2795,,723,479,474,700,419,3395
6190,704,1178,1674,2377,2754,,704,474,496,703,377,3436
6123,706,1203,1674,2379,2727,,706,497,471,705,348,3396
6117,711,1205,1677,2379,2727,,711,494,472,702,348,3390
6217,705,1179,1609,2315,2726,,705,474,430,706,411,3491
6302,716,1235,1720,2431,2841,,716,519,485,711,410,3461
6331,745,1238,1753,2462,2873,,745,493,515,709,411,3458
6184,715,1244,1650,2340,2737,,715,529,406,690,397,3447
6285,717,1218,1702,2416,2807,,717,501,484,714,391,3478
6285,718,1216,1702,2414,2825,,718,498,486,712,411,3460
6285,716,1213,1732,2438,2828,,716,497,519,706,390,3457
6439,716,1243,1752,2464,2962,,716,527,509,712,498,3477
6290,715,1214,1701,2416,2851,,715,499,487,715,435,3439
6466,745,1272,1756,2571,2991,,745,527,484,815,420,3475
6439,745,1239,1756,2495,2962,,745,494,517,739,467,3477
6261,716,1215,1702,2415,2830,,716,499,487,713,415,3431
6312,715,1213,1701,2414,2853,,715,498,488,713,439,3459
6309,716,1213,1701,2414,2849,,716,497,488,713,435,3460
6282,716,1213,1729,2440,2827,,716,497,516,711,387,3455
6316,716,1216,1702,2415,2825,,716,500,486,713,410,3491
6409,716,1244,1754,2539,2962,,716,528,510,785,423,3447
6338,716,1215,1730,2438,2850,,716,499,515,708,412,3488
6235,716,1215,1702,2394,2802,,716,499,487,692,408,3433
6314,718,1244,1728,2440,2851,,718,526,484,712,411,3463
6421,716,1243,1782,2563,3012,,716,527,539,781,449,3409
6286,716,1240,1689,2418,2851,,716,524,449,729,433,3435
6312,715,1213,1702,2413,2824,,715,498,489,711,411,3488
6464,746,1239,1727,2470,2991,,746,493,488,743,521,3473
6210,634,1170,1653,2364,2753,,634,536,483,711,389,3457
6439,746,1239,1727,2469,2962,,746,493,488,742,493,3477
6284,715,1214,1730,2439,2830,,715,499,516,709,391,3454
6287,716,1215,1701,2414,2824,,716,499,486,713,410,3463
6233,715,1215,1707,2394,2801,,715,500,492,687,407,3432
6342,717,1244,1729,2441,2851,,717,527,485,712,410,3491
6321,724,1223,1711,2425,2834,,724,499,488,714,409,3487
6349,720,1215,1702,2445,2907,,720,495,487,743,462,3442
6286,716,1215,1702,2414,2825,,716,499,487,712,411,3461
6387,717,1242,1755,2462,2903,,717,525,513,707,441,3484
6315,723,1214,1731,2439,2850,,723,491,517,708,411,3465
6336,745,1240,1728,2441,2876,,745,495,488,713,435,3460
6308,716,1213,1730,2438,2873,,716,497,517,708,435,3435
6438,716,1244,1755,2464,2992,,716,528,511,709,528,3446
6311,717,1243,1755,2464,2874,,717,526,512,709,410,3437
6216,717,1217,1697,2404,2823,,717,500,480,707,419,3393
6005,704,1179,1652,2312,2644,,704,475,473,660,332,3361
5932,704,1177,1608,2238,2569,,704,473,431,630,331,3363
6071,702,1175,1644,2309,2647,,702,473,469,665,338,3424
6194,703,1175,1646,2349,2763,,703,472,471,703,414,3431
6206,713,1190,1664,2363,2781,,713,477,474,699,418,3425
5914,711,1186,1659,2281,2572,,711,475,473,622,291,3342
6194,704,1176,1671,2377,2768,,704,472,495,706,391,3426
6174,706,1180,1651,2354,2746,,706,474,471,703,392,3428
6147,705,1177,1648,2328,2720,,705,472,471,680,392,3427
6172,704,1178,1650,2351,2742,,704,474,472,701,391,3430
6098,703,1144,1618,2272,2669,,703,441,474,654,397,3429
6182,711,1186,1658,2360,2752,,711,475,472,702,392,3430
6249,704,1179,1655,2354,2772,,704,475,476,699,418,3477
6172,704,1178,1649,2353,2747,,704,474,471,704,394,3425
6270,706,1183,1663,2378,2799,,706,477,480,715,421,3471
6086,705,1178,1650,2355,2747,,705,473,472,705,392,3339
6142,710,1185,1657,2360,2735,,710,475,472,703,375,3407
6131,704,1178,1650,2353,2730,,704,474,472,703,377,3401
6132,705,1179,1650,2354,2732,,705,474,471,704,378,3400
6129,704,1177,1648,2352,2728,,704,473,471,704,376,3401
6097,703,1171,1644,2345,2697,,703,468,473,701,352,3400
6166,711,1185,1657,2361,2777,,711,474,472,704,416,3389
6208,704,1178,1650,2354,2770,,704,474,472,704,416,3438
6173,703,1194,1666,2370,2763,,703,491,472,704,393,3410
6209,687,1124,1638,2339,2749,,687,437,514,701,410,3460
6362,716,1241,1725,2465,2873,,716,525,484,740,408,3489
6310,715,1214,1702,2414,2854,,715,499,488,712,440,3456
6260,716,1214,1702,2415,2824,,716,498,488,713,409,3436
6284,716,1215,1704,2415,2825,,716,499,489,711,410,3459
6364,717,1214,1702,2444,2875,,717,497,488,742,431,3489
6321,757,1250,1738,2449,2860,,757,493,488,711,411,3461
6350,727,1256,1740,2454,2886,,727,529,484,714,432,3464
6311,715,1214,1702,2415,2849,,715,499,488,713,434,3462
6320,724,1224,1712,2425,2868,,724,500,488,713,443,3452
6136,716,1161,1643,2329,2723,,716,445,482,686,394,3413
6083,665,1150,1622,2325,2721,,665,485,472,703,396,3362
6235,705,1178,1651,2354,2771,,705,473,473,703,417,3464
6236,706,1178,1649,2354,2770,,706,472,471,705,416,3466
6248,705,1176,1672,2375,2766,,705,471,496,703,391,3482
6365,715,1212,1730,2438,2880,,715,497,518,708,442,3485
6261,717,1210,1702,2417,2825,,717,493,492,715,408,3436
6283,716,1214,1704,2413,2825,,716,498,490,709,412,3458
6437,745,1239,1728,2470,2963,,745,494,489,742,493,3474
6315,722,1219,1708,2420,2830,,722,497,489,712,410,3485
6247,710,1174,1646,2353,2773,,710,464,472,707,420,3474
6344,725,1224,1712,2424,2836,,725,499,488,712,412,3508
6322,724,1222,1711,2422,2832,,724,498,489,711,410,3490
6285,715,1214,1703,2414,2824,,715,499,489,711,410,3461
6316,716,1215,1702,2414,2825,,716,499,487,712,411,3491
6234,716,1216,1702,2415,2805,,716,500,486,713,390,3429
6310,706,1219,1703,2417,2855,,706,513,484,714,438,3455
6310,715,1215,1701,2415,2854,,715,500,486,714,439,3456
6285,717,1214,1735,2440,2834,,717,497,521,705,394,3451
6344,752,1277,1763,2474,2884,,752,525,486,711,410,3460
6285,707,1172,1656,2365,2778,,707,465,484,709,413,3507
6315,720,1194,1683,2395,2807,,720,474,489,712,412,3508
6308,745,1239,1726,2438,2851,,745,494,487,712,413,3457
6314,717,1214,1702,2415,2826,,717,497,488,713,411,3488
6244,716,1215,1702,2395,2776,,716,499,487,693,381,3468
6210,704,1179,1651,2355,2771,,704,475,472,704,416,3439
6000,706,1181,1634,2275,2641,,706,475,453,641,366,3359
6027,705,1198,1669,2333,2666,,705,493,471,664,333,3361
6032,705,1179,1651,2312,2647,,705,474,472,661,335,3385
5960,654,1130,1603,2262,2598,,654,476,473,659,336,3362
6079,703,1194,1669,2381,2709,,703,491,475,712,328,3370
6284,688,1133,1627,2339,2778,,688,445,494,712,439,3506
6286,715,1215,1703,2415,2826,,715,500,488,712,411,3460
6285,716,1215,1702,2414,2824,,716,499,487,712,410,3461
6284,716,1215,1702,2413,2824,,716,499,487,711,411,3460
6285,716,1213,1701,2414,2824,,716,497,488,713,410,3461
6281,715,1211,1699,2439,2846,,715,496,488,740,407,3435
6309,716,1213,1700,2442,2851,,716,497,487,742,409,3458
6310,717,1216,1703,2415,2850,,717,499,487,712,435,3460
6283,723,1224,1709,2402,2807,,723,501,485,693,405,3476
6027,715,1158,1610,2303,2653,,715,443,452,693,350,3374
6283,689,1174,1672,2418,2850,,689,485,498,746,432,3433
6305,717,1239,1723,2435,2845,,717,522,484,712,410,3460
6314,715,1215,1701,2415,2825,,715,500,486,714,410,3489
6284,716,1213,1702,2414,2825,,716,497,489,712,411,3459
6413,745,1268,1751,2463,2990,,745,523,483,712,527,3423
6264,690,1219,1702,2414,2826,,690,529,483,712,412,3438
6207,746,1238,1725,2438,2776,,746,492,487,713,338,3431
6312,716,1212,1701,2412,2822,,716,496,489,711,410,3490
6123,688,1195,1662,2345,2731,,688,507,467,683,386,3392
6170,744,1215,1667,2353,2746,,744,471,452,686,393,3424
6130,674,1153,1582,2290,2701,,674,479,429,708,411,3429
6356,717,1212,1699,2441,2901,,717,495,487,742,460,3455
6286,720,1214,1703,2415,2825,,720,494,489,712,410,3461
6389,717,1212,1701,2442,2902,,717,495,489,741,460,3487
6312,716,1214,1703,2443,2874,,716,498,489,740,431,3438
6286,692,1188,1677,2390,2799,,692,496,489,713,409,3487
6309,716,1213,1702,2412,2822,,716,497,489,710,410,3487
6285,716,1214,1702,2414,2824,,716,498,488,712,410,3461
6277,721,1255,1719,2397,2807,,721,534,464,678,410,3470
6290,717,1196,1654,2393,2801,,717,479,458,739,408,3489
6309,721,1213,1700,2414,2852,,721,492,487,714,438,3457
6328,745,1233,1750,2458,2898,,745,488,517,708,440,3430
6313,715,1212,1700,2413,2824,,715,497,488,713,411,3489
6435,717,1242,1755,2538,2989,,717,525,513,783,451,3446
6234,716,1214,1703,2414,2804,,716,498,489,711,390,3430
6311,739,1241,1728,2442,2850,,739,502,487,714,408,3461
6314,720,1221,1708,2420,2829,,720,501,487,712,409,3485
6279,716,1209,1697,2411,2819,,716,493,488,714,408,3460
6125,706,1200,1668,2348,2731,,706,494,468,680,383,3394
6240,716,1195,1643,2372,2805,,716,479,448,729,433,3435
6335,744,1240,1728,2440,2874,,744,496,488,712,434,3461
6308,722,1221,1738,2447,2856,,722,499,517,709,409,3452
6260,716,1213,1701,2414,2824,,716,497,488,713,410,3436
6286,716,1214,1702,2415,2826,,716,498,488,713,411,3460
6357,745,1237,1754,2491,2938,,745,492,517,737,447,3419
6111,645,1129,1537,2269,2659,,645,484,408,732,390,3452
6340,720,1250,1733,2445,2879,,720,530,483,712,434,3461
6285,715,1213,1702,2414,2849,,715,498,489,712,435,3436
6008,667,1110,1544,2252,2632,,667,443,434,708,380,3376
6214,729,1203,1632,2297,2729,,729,474,429,665,432,3485
6211,716,1207,1690,2339,2753,,716,491,483,649,414,3458
6346,723,1226,1740,2477,2883,,723,503,514,737,406,3463
6310,715,1214,1731,2440,2850,,715,499,517,709,410,3460
6410,716,1215,1731,2469,2962,,716,499,516,738,493,3448
6288,720,1214,1701,2415,2825,,720,494,487,714,410,3463
6287,716,1214,1701,2415,2854,,716,498,487,714,439,3433
6110,706,1177,1650,2352,2728,,706,471,473,702,376,3382
6050,705,1178,1607,2251,2623,,705,473,429,644,372,3427
6190,666,1169,1625,2341,2751,,666,503,456,716,410,3439
6288,717,1216,1704,2371,2778,,717,499,488,667,407,3510
6239,716,1215,1704,2415,2826,,716,499,489,711,411,3413
6259,720,1214,1701,2414,2825,,720,494,487,713,411,3434
6263,715,1216,1704,2417,2827,,715,501,488,713,410,3436
6262,716,1216,1704,2416,2826,,716,500,488,712,410,3436
6261,717,1215,1703,2415,2826,,717,498,488,712,411,3435
6146,717,1181,1643,2339,2726,,717,464,462,696,387,3420
6109,707,1180,1652,2355,2732,,707,473,472,703,377,3377
6005,705,1179,1651,2312,2647,,705,474,472,661,335,3358
6067,666,1146,1603,2291,2672,,666,480,457,688,381,3395
6287,715,1215,1683,2392,2812,,715,500,468,709,420,3475
6285,745,1239,1677,2388,2803,,745,494,438,711,415,3482
6309,717,1216,1703,2415,2854,,717,499,487,712,439,3455
6261,716,1215,1702,2414,2824,,716,499,487,712,410,3437
6260,716,1214,1702,2414,2824,,716,498,488,712,410,3436
6290,748,1239,1728,2440,2850,,748,491,489,712,410,3440
6336,703,1191,1702,2414,2880,,703,488,511,712,466,3456
6309,716,1189,1678,2418,2851,,716,473,489,740,433,3458
6410,746,1240,1728,2468,2962,,746,494,488,740,494,3448
6133,675,1165,1634,2315,2701,,675,490,469,681,386,3432
6191,715,1245,1707,2383,2710,,715,530,462,676,327,3481
6340,715,1215,1702,2444,2878,,715,500,487,742,434,3462
6287,702,1188,1677,2389,2801,,702,486,489,712,412,3486
6411,744,1240,1757,2464,2963,,744,496,517,707,499,3448
6261,715,1214,1703,2415,2824,,715,499,489,712,409,3437
6239,714,1215,1702,2414,2825,,714,501,487,712,411,3414
6287,703,1192,1679,2390,2801,,703,489,487,711,411,3486
6060,652,1129,1601,2304,2725,,652,477,472,703,421,3335
6070,705,1180,1651,2313,2648,,705,475,471,662,335,3422
5926,655,1099,1529,2166,2508,,655,444,430,637,342,3418
6172,704,1179,1650,2353,2746,,704,475,471,703,393,3426
6160,704,1139,1617,2307,2711,,704,435,478,690,404,3449
6264,705,1189,1706,2415,2825,,705,484,517,709,410,3439
6286,715,1215,1704,2415,2824,,715,500,489,711,409,3462
6260,718,1215,1704,2415,2826,,718,497,489,711,411,3434
6282,716,1213,1702,2414,2824,,716,497,489,712,410,3458
6048,705,1175,1601,2278,2619,,705,470,426,677,341,3429
6109,706,1180,1652,2354,2729,,706,474,472,702,375,3380
6032,704,1177,1648,2310,2648,,704,473,471,662,338,3384
5976,654,1076,1516,2196,2546,,654,422,440,680,350,3430
6189,716,1215,1703,2395,2708,,716,499,488,692,313,3481
6290,716,1216,1703,2389,2805,,716,500,487,686,416,3485
6285,719,1215,1703,2415,2826,,719,496,488,712,411,3459
6310,716,1214,1703,2415,2852,,716,498,489,712,437,3458
6337,716,1215,1702,2416,2879,,716,499,487,714,463,3458
6285,717,1215,1702,2415,2848,,717,498,487,713,433,3437
6310,716,1214,1702,2445,2851,,716,498,488,743,406,3459
6261,717,1214,1702,2415,2825,,717,497,488,713,410,3436
6261,676,1151,1660,2365,2776,,676,475,509,705,411,3485
6096,715,1201,1664,2365,2726,,715,486,463,701,361,3370
6196,716,1214,1703,2395,2761,,716,498,489,692,366,3435
6124,705,1179,1651,2311,2675,,705,474,472,660,364,3449
6172,665,1153,1623,2328,2749,,665,488,470,705,421,3423
6085,705,1179,1650,2354,2705,,705,474,471,704,351,3380
6029,705,1180,1652,2313,2646,,705,475,472,661,333,3383
6032,704,1180,1651,2313,2650,,704,476,471,662,337,3382
6237,702,1135,1617,2337,2748,,702,433,482,720,411,3489
6310,716,1245,1728,2443,2853,,716,529,483,715,410,3457
6287,717,1216,1705,2415,2826,,717,499,489,710,411,3461
6287,689,1108,1632,2341,2776,,689,419,524,709,435,3511
6341,716,1215,1733,2419,2802,,716,499,518,686,383,3539
6410,745,1239,1728,2469,2961,,745,494,489,741,492,3449
6285,716,1215,1704,2415,2827,,716,499,489,711,412,3458
6285,717,1242,1726,2438,2849,,717,525,484,712,411,3436
6327,727,1227,1714,2428,2836,,727,500,487,714,408,3491
6287,715,1215,1703,2417,2827,,715,500,488,714,410,3460
6312,716,1216,1695,2445,2853,,716,500,479,750,408,3459
6286,716,1215,1703,2414,2855,,716,499,488,711,441,3431
6261,707,1176,1659,2369,2776,,707,469,483,710,407,3485
6087,702,1144,1619,2330,2683,,702,442,475,711,353,3404
6188,702,1176,1605,2313,2709,,702,474,429,708,396,3479
6364,716,1213,1730,2468,2876,,716,497,517,738,408,3488
6217,702,1147,1630,2340,2750,,702,445,483,710,410,3467
6338,717,1212,1729,2437,2847,,717,495,517,708,410,3491
6385,716,1240,1724,2468,2904,,716,524,484,744,436,3481
6340,716,1215,1702,2415,2853,,716,499,487,713,438,3487
6341,717,1217,1705,2446,2853,,717,500,488,741,407,3488
6263,716,1216,1703,2417,2827,,716,500,487,714,410,3436
6286,703,1173,1637,2369,2806,,703,470,464,732,437,3480
5970,704,1140,1570,2228,2593,,704,436,430,658,365,3377
6098,705,1180,1621,2305,2659,,705,475,441,684,354,3439
6137,704,1179,1653,2311,2691,,704,475,474,658,380,3446
6313,717,1238,1728,2441,2852,,717,521,490,713,411,3461
6313,715,1190,1679,2420,2851,,715,475,489,741,431,3462
6259,717,1214,1702,2414,2824,,717,497,488,712,410,3435
6341,718,1216,1704,2416,2855,,718,498,488,712,439,3486
6336,715,1245,1730,2470,2880,,715,530,485,740,410,3456
6260,716,1215,1704,2445,2832,,716,499,489,741,387,3428
6285,703,1175,1644,2368,2775,,703,472,469,724,407,3510
6122,716,1139,1622,2317,2702,,716,423,483,695,385,3420
5935,704,1178,1650,2275,2592,,704,474,472,625,317,3343
6175,706,1180,1649,2352,2744,,706,474,469,703,392,3431
6195,714,1165,1649,2350,2761,,714,451,484,701,411,3434
6286,718,1213,1703,2443,2849,,718,495,490,740,406,3437
6288,716,1244,1729,2440,2850,,716,528,485,711,410,3438
6261,716,1215,1685,2367,2801,,716,499,470,682,434,3460
6131,712,1198,1647,2351,2747,,712,486,449,704,396,3384
6009,704,1178,1648,2310,2646,,704,474,470,662,336,3363
5955,708,1178,1610,2237,2570,,708,470,432,627,333,3385
6135,703,1154,1581,2289,2699,,703,451,427,708,410,3436
6277,717,1245,1728,2441,2841,,717,528,483,713,400,3436
6322,711,1199,1687,2399,2814,,711,488,488,712,415,3508
6317,716,1216,1678,2391,2802,,716,500,462,713,411,3515
6312,745,1240,1728,2441,2852,,745,495,488,713,411,3460
6286,715,1215,1703,2416,2850,,715,500,488,713,434,3436
6287,716,1216,1703,2395,2803,,716,500,487,692,408,3484
6281,714,1195,1661,2386,2825,,714,481,466,725,439,3456
6309,715,1215,1703,2415,2855,,715,500,488,712,440,3454
6285,715,1217,1683,2391,2827,,715,502,466,708,436,3458
6135,703,1158,1612,2316,2707,,703,455,454,704,391,3428
6316,717,1216,1704,2447,2832,,717,499,488,743,385,3484
6342,716,1216,1703,2416,2856,,716,500,487,713,440,3486
6221,716,1216,1704,2416,2825,,716,500,488,712,409,3396
6317,717,1216,1705,2447,2854,,717,499,489,742,407,3463
6314,685,1220,1703,2415,2827,,685,535,483,712,412,3487
6236,716,1215,1683,2366,2775,,716,499,468,683,409,3461
6287,716,1216,1704,2416,2826,,716,500,488,712,410,3461
6294,717,1217,1705,2417,2828,,717,500,488,712,411,3466
6278,704,1174,1631,2342,2777,,704,470,457,711,435,3501
6187,716,1195,1621,2340,2729,,716,479,426,719,389,3458
6287,716,1216,1707,2416,2807,,716,500,491,709,391,3480
6274,716,1175,1649,2355,2777,,716,459,474,706,422,3497
6191,694,1130,1569,2266,2704,,694,436,439,697,438,3487
6262,717,1216,1703,2416,2826,,717,499,487,713,410,3436
6336,716,1248,1733,2442,2876,,716,532,485,709,434,3460
6224,716,1204,1672,2354,2763,,716,488,468,682,409,3461
6338,746,1270,1753,2477,2885,,746,524,483,724,408,3453
6086,668,1157,1629,2329,2723,,668,489,472,700,394,3363
6057,706,1180,1652,2318,2673,,706,474,472,666,355,3384
6051,705,1137,1573,2223,2614,,705,432,436,650,391,3437
6340,715,1216,1703,2415,2851,,715,501,487,712,436,3489
6321,729,1229,1715,2430,2864,,729,500,486,715,434,3457
6263,705,1191,1680,2391,2802,,705,486,489,711,411,3461
6287,717,1216,1706,2417,2828,,717,499,490,711,411,3459
6240,716,1215,1703,2415,2826,,716,499,488,712,411,3414
6285,716,1215,1703,2416,2826,,716,499,488,713,410,3459
6285,716,1214,1701,2408,2824,,716,498,487,707,416,3461
6292,717,1217,1705,2416,2826,,717,500,488,711,410,3466
6286,718,1211,1700,2411,2822,,718,493,489,711,411,3464
6163,716,1240,1657,2306,2711,,716,524,417,649,405,3452
6315,716,1217,1705,2415,2824,,716,501,488,710,409,3491
6252,716,1213,1702,2414,2823,,716,497,489,712,409,3429
6335,716,1216,1704,2421,2882,,716,500,488,717,461,3453
6287,716,1216,1704,2416,2826,,716,500,488,712,410,3461
6239,719,1216,1705,2416,2827,,719,497,489,711,411,3412
6213,717,1194,1654,2342,2751,,717,477,460,688,409,3462
6274,716,1244,1693,2351,2769,,716,528,449,658,418,3505
6013,705,1182,1653,2314,2650,,705,477,471,661,336,3363
6315,716,1216,1704,2416,2827,,716,500,488,712,411,3488
6189,740,1201,1607,2314,2706,,740,461,406,707,392,3483
6489,744,1271,1783,2571,3019,,744,527,512,788,448,3470
6283,714,1215,1702,2414,2826,,714,501,487,712,412,3457
6312,715,1215,1706,2417,2854,,715,500,491,711,437,3458
6311,715,1215,1703,2416,2851,,715,500,488,713,435,3460
6316,717,1216,1704,2417,2881,,717,499,488,713,464,3435
6176,718,1197,1657,2344,2739,,718,479,460,687,395,3437
6034,705,1178,1650,2312,2669,,705,473,472,662,357,3365
5980,704,1180,1653,2290,2621,,704,476,473,637,331,3359
6075,705,1179,1608,2242,2638,,705,474,429,634,396,3437
6013,663,1087,1496,2185,2544,,663,424,409,689,359,3469
6339,715,1214,1702,2415,2850,,715,499,488,713,435,3489
6284,704,1191,1678,2389,2799,,704,487,487,711,410,3485
6211,658,1166,1656,2367,2748,,658,508,490,711,381,3463
6311,716,1216,1705,2440,2851,,716,500,489,735,411,3460
6287,716,1201,1687,2392,2801,,716,485,486,705,409,3486
6211,705,1191,1680,2371,2753,,705,486,489,691,382,3458
6289,747,1244,1709,2418,2828,,747,497,465,709,410,3461
6312,717,1245,1730,2443,2852,,717,528,485,713,409,3460
6211,705,1177,1644,2342,2752,,705,472,467,698,410,3459
6287,741,1202,1666,2366,2782,,741,461,464,700,416,3505
6316,717,1217,1704,2418,2827,,717,500,487,714,409,3489
6264,717,1216,1706,2416,2827,,717,499,490,710,411,3437
6186,717,1217,1704,2400,2737,,717,500,487,696,337,3449
6289,717,1216,1704,2417,2828,,717,499,488,713,411,3461
6266,716,1216,1705,2419,2827,,716,500,489,714,408,3439
6152,717,1197,1656,2343,2714,,717,480,459,687,371,3438
6088,706,1183,1655,2355,2720,,706,477,472,700,365,3368
6033,705,1179,1652,2312,2649,,705,474,473,660,337,3384
6075,707,1182,1607,2241,2638,,707,475,425,634,397,3437
5933,662,1063,1477,2143,2494,,662,401,414,666,351,3439
6274,704,1180,1652,2356,2772,,704,476,472,704,416,3502
6145,645,1133,1607,2306,2722,,645,488,474,699,416,3423
6253,717,1217,1705,2418,2857,,717,500,488,713,439,3396
6338,746,1241,1728,2441,2876,,746,495,487,713,435,3462
6263,717,1218,1709,2417,2828,,717,501,491,708,411,3435
6262,716,1204,1688,2376,2792,,716,488,484,688,416,3470
6123,715,1197,1651,2334,2677,,715,482,454,683,343,3446
6032,706,1180,1653,2313,2649,,706,474,473,660,336,3383
6099,705,1210,1623,2258,2647,,705,505,413,635,389,3452
5925,647,1064,1498,2148,2541,,647,417,434,650,393,3384
6024,667,1104,1575,2285,2608,,667,437,471,710,323,3416
6148,685,1093,1586,2297,2706,,685,408,493,711,409,3442
6323,728,1227,1716,2428,2865,,728,499,489,712,437,3458
6288,716,1192,1678,2391,2800,,716,476,486,713,409,3488
6317,716,1191,1679,2391,2830,,716,475,488,712,439,3487
6160,717,1221,1687,2366,2751,,717,504,466,679,385,3409
6148,713,1188,1677,2368,2715,,713,475,489,691,347,3433
6050,706,1194,1665,2328,2664,,706,488,471,663,336,3386
6070,704,1178,1607,2240,2635,,704,474,429,633,395,3435
5994,645,1062,1475,2112,2497,,645,417,413,637,385,3497
6290,717,1217,1705,2417,2827,,717,500,488,712,410,3463
6283,743,1181,1664,2366,2775,,743,438,483,702,409,3508
6228,716,1211,1698,2411,2822,,716,495,487,713,411,3406
6156,703,1178,1649,2352,2744,,703,475,471,703,392,3412
6007,703,1179,1651,2314,2648,,703,476,472,663,334,3359
6236,704,1154,1663,2365,2776,,704,450,509,702,411,3460
6252,717,1220,1703,2384,2760,,717,503,483,681,376,3492
6028,704,1179,1677,2338,2673,,704,475,498,661,335,3355
5955,703,1181,1587,2210,2568,,703,478,406,623,358,3387
5893,663,1088,1502,2137,2496,,663,425,414,635,359,3397
6047,618,1080,1511,2205,2596,,618,462,431,694,391,3451
6043,646,1063,1520,2206,2599,,646,417,457,686,393,3444
6288,716,1220,1705,2417,2828,,716,504,485,712,411,3460
6214,717,1190,1708,2416,2766,,717,473,518,708,350,3448
6313,716,1214,1703,2418,2851,,716,498,489,715,433,3462
6160,718,1216,1671,2368,2752,,718,498,455,697,384,3408
6172,714,1212,1700,2394,2740,,714,498,488,694,346,3432
6007,691,1180,1653,2313,2649,,691,489,473,660,336,3358
5998,704,1180,1585,2217,2547,,704,476,405,632,330,3451
5935,662,1087,1498,2136,2500,,662,425,411,638,364,3435
6148,706,1180,1611,2306,2699,,706,474,431,695,393,3449
5996,644,1063,1485,2176,2569,,644,419,422,691,393,3427
6110,684,1176,1647,2273,2644,,684,492,471,626,371,3466
6287,718,1192,1682,2391,2827,,718,474,490,709,436,3460
6286,717,1215,1703,2416,2826,,717,498,488,713,410,3460
6261,717,1217,1709,2395,2778,,717,500,492,686,383,3483
6200,717,1217,1705,2396,2764,,717,500,488,691,368,3436
6032,705,1180,1654,2314,2648,,705,475,474,660,334,3384
5993,705,1180,1588,2212,2546,,705,475,408,624,334,3447
5818,662,1085,1486,2111,2452,,662,423,401,625,341,3366
6022,698,1153,1563,2201,2600,,698,455,410,638,399,3422
6218,742,1205,1610,2317,2727,,742,463,405,707,410,3491
6289,703,1191,1679,2391,2827,,703,488,488,712,436,3462
6312,717,1216,1704,2415,2852,,717,499,488,711,437,3460
6313,717,1216,1703,2417,2854,,717,499,487,714,437,3459
6247,716,1216,1706,2396,2803,,716,500,490,690,407,3444
6014,705,1182,1653,2318,2642,,705,477,471,665,324,3372
5984,673,1156,1629,2290,2625,,673,483,473,661,335,3359
5999,706,1181,1609,2239,2572,,706,475,428,630,333,3427
5988,705,1114,1525,2162,2526,,705,409,411,637,364,3462
6308,743,1243,1730,2443,2853,,743,500,487,713,410,3455
6176,742,1209,1627,2332,2729,,742,467,418,705,397,3447
6036,664,1155,1627,2330,2679,,664,491,472,703,349,3357
6084,703,1178,1650,2352,2729,,703,475,472,702,377,3355
5966,715,1189,1622,2249,2581,,715,474,433,627,332,3385
6034,706,1138,1617,2305,2657,,706,432,479,688,352,3377
6033,705,1179,1651,2314,2649,,705,474,472,663,335,3384
5958,706,1180,1611,2242,2574,,706,474,431,631,332,3384
5979,708,1183,1613,2243,2575,,708,475,430,630,332,3404
6097,746,1268,1718,2381,2695,,746,522,450,663,314,3402
6428,748,1270,1782,2570,3018,,748,522,512,788,448,3410
6212,741,1203,1642,2342,2752,,741,462,439,700,410,3460
6306,715,1214,1703,2414,2824,,715,499,489,711,410,3482
6312,716,1247,1730,2441,2851,,716,531,483,711,410,3461
6288,746,1244,1731,2443,2852,,746,498,487,712,409,3436
6266,717,1218,1705,2419,2829,,717,501,487,714,410,3437
6290,719,1218,1706,2418,2834,,719,499,488,712,416,3456
6295,724,1224,1712,2425,2858,,724,500,488,713,433,3437
6311,716,1216,1703,2416,2855,,716,500,487,713,439,3456
6151,744,1241,1705,2341,2705,,744,497,464,636,364,3446
6150,705,1180,1652,2314,2713,,705,475,472,662,399,3437
5977,665,1066,1498,2140,2542,,665,401,432,642,402,3435
6100,664,1119,1592,2280,2657,,664,455,473,688,377,3443
6106,706,1180,1651,2354,2730,,706,474,471,703,376,3376
6163,707,1182,1631,2286,2701,,707,475,449,655,415,3462
6260,716,1215,1703,2416,2826,,716,499,488,713,410,3434
6311,715,1212,1699,2411,2822,,715,497,487,712,411,3489
6319,724,1224,1712,2424,2833,,724,500,488,712,409,3486
6217,717,1219,1628,2342,2732,,717,502,409,714,390,3485
6136,746,1216,1662,2339,2715,,746,470,446,677,376,3421
6338,718,1218,1706,2448,2880,,718,500,488,742,432,3458
6189,743,1204,1657,2330,2736,,743,461,453,673,406,3453
6313,717,1217,1706,2417,2853,,717,500,489,711,436,3460
6313,718,1219,1706,2418,2854,,718,501,487,712,436,3459
6288,717,1218,1706,2441,2851,,717,501,488,735,410,3437
6263,718,1219,1705,2418,2804,,718,501,486,713,386,3459
6261,719,1218,1706,2397,2779,,719,499,488,691,382,3482
6293,717,1218,1705,2418,2830,,717,501,487,713,412,3463
6387,744,1268,1783,2540,2938,,744,524,515,757,398,3449
6261,745,1242,1708,2391,2777,,745,497,466,683,386,3484
6264,717,1217,1708,2418,2829,,717,500,491,710,411,3435
6133,716,1195,1653,2340,2712,,716,479,458,687,372,3421
6341,723,1221,1709,2420,2831,,723,498,488,711,411,3510
6262,717,1217,1706,2418,2827,,717,500,489,712,409,3435
6264,718,1216,1705,2419,2828,,718,498,489,714,409,3436
6194,723,1223,1692,2373,2733,,723,500,469,681,360,3461
6263,718,1218,1704,2418,2811,,718,500,486,714,393,3452
6181,715,1190,1661,2365,2756,,715,475,471,704,391,3425
6194,705,1181,1679,2380,2755,,705,476,498,701,375,3439
6211,705,1178,1650,2354,2748,,705,473,472,704,394,3463
6288,716,1216,1703,2417,2827,,716,500,487,714,410,3461
6187,719,1217,1683,2391,2738,,719,498,466,708,347,3449
6294,717,1217,1682,2393,2828,,717,500,465,711,435,3466
6313,746,1245,1730,2443,2852,,746,499,485,713,409,3461
6287,718,1216,1705,2416,2851,,718,498,489,711,435,3436
6289,716,1216,1705,2416,2856,,716,500,489,711,440,3433
6289,718,1220,1706,2398,2779,,718,502,486,692,381,3510
6315,717,1217,1704,2417,2827,,717,500,487,713,410,3488
6314,716,1246,1729,2443,2877,,716,530,483,714,434,3437
6262,716,1246,1710,2392,2803,,716,530,464,682,411,3459
6311,717,1218,1703,2417,2851,,717,501,485,714,434,3460
6211,717,1217,1683,2366,2752,,717,500,466,683,386,3459
6312,715,1217,1705,2416,2852,,715,502,488,711,436,3460
6286,716,1215,1705,2415,2827,,716,499,490,710,412,3459
6288,718,1216,1704,2417,2827,,718,498,488,713,410,3461
6287,717,1219,1705,2418,2828,,717,502,486,713,410,3459
6287,717,1216,1705,2417,2776,,717,499,489,712,359,3511
6311,716,1216,1704,2416,2851,,716,500,488,712,435,3460
6239,717,1215,1703,2415,2825,,717,498,488,712,410,3414
6187,717,1215,1683,2367,2751,,717,498,468,684,384,3436
6259,718,1215,1702,2416,2825,,718,497,487,714,409,3434
6211,717,1215,1681,2365,2751,,717,498,466,684,386,3460
6261,677,1154,1602,2344,2780,,677,477,448,742,436,3481
6367,715,1244,1729,2470,2878,,715,529,485,741,408,3489
6287,716,1218,1705,2416,2828,,716,502,487,711,412,3459
6260,717,1217,1704,2396,2776,,717,500,487,692,380,3484
6314,717,1218,1706,2418,2857,,717,501,488,712,439,3457
6287,708,1220,1705,2416,2828,,708,512,485,711,412,3459
6260,716,1215,1704,2396,2801,,716,499,489,692,405,3459
6287,748,1242,1731,2443,2831,,748,494,489,712,388,3456
6414,718,1247,1760,2497,2966,,718,529,513,737,469,3448
6292,718,1216,1704,2395,2803,,718,498,488,691,408,3489
6338,747,1242,1759,2466,2878,,747,495,517,707,412,3460
6362,745,1242,1729,2471,2908,,745,497,487,742,437,3454
6262,716,1217,1704,2418,2828,,716,501,487,714,410,3434
6245,717,1216,1733,2421,2827,,717,499,517,688,406,3418
6009,705,1181,1653,2356,2655,,705,476,472,703,299,3354
6083,704,1155,1627,2331,2710,,704,451,472,704,379,3373
5982,704,1180,1652,2290,2626,,704,476,472,638,336,3356
6086,705,1181,1652,2313,2673,,705,476,471,661,360,3413
6033,705,1180,1652,2314,2647,,705,475,472,662,333,3386
6012,707,1182,1653,2314,2649,,707,475,471,661,335,3363
6045,650,1079,1561,2214,2617,,650,429,482,653,403,3428
6384,744,1267,1781,2505,2924,,744,523,514,724,419,3460
6341,716,1216,1732,2441,2852,,716,500,516,709,411,3489
6264,746,1242,1759,2468,2877,,746,496,517,709,409,3387
6287,718,1218,1704,2417,2811,,718,500,486,713,394,3476
6287,694,1191,1680,2421,2829,,694,497,489,741,408,3458
6269,746,1242,1730,2441,2838,,746,496,488,711,397,3431
6311,717,1216,1734,2442,2852,,717,499,518,708,410,3459
6313,717,1216,1733,2442,2852,,717,499,517,709,410,3461
6291,717,1245,1730,2441,2832,,717,528,485,711,391,3459
6296,725,1254,1738,2408,2843,,725,529,484,670,435,3453
6312,717,1244,1730,2441,2851,,717,527,486,711,410,3461
6315,718,1217,1710,2418,2858,,718,499,493,708,440,3457
6255,717,1215,1688,2375,2766,,717,498,473,687,391,3489
6036,706,1183,1654,2316,2648,,706,477,471,662,332,3388
6083,705,1180,1652,2354,2703,,705,475,472,702,349,3380
5986,706,1181,1651,2356,2654,,706,475,470,705,298,3332
6041,707,1181,1654,2314,2650,,707,474,473,660,336,3391
6006,712,1186,1614,2245,2577,,712,474,428,631,332,3429
6017,705,1179,1651,2314,2652,,705,474,472,663,338,3365
6011,706,1180,1609,2262,2622,,706,474,429,653,360,3389
6174,704,1178,1649,2330,2746,,704,474,471,681,416,3428
6110,705,1181,1654,2355,2732,,705,476,473,701,377,3378
6042,707,1181,1652,2315,2650,,707,474,471,663,335,3392
5961,706,1181,1611,2240,2574,,706,475,430,629,334,3387
6012,710,1183,1657,2316,2651,,710,473,474,659,335,3361
6232,705,1181,1654,2355,2774,,705,476,473,701,419,3458
6100,707,1182,1656,2356,2707,,707,475,474,700,351,3393
6337,717,1217,1706,2417,2880,,717,500,489,711,463,3457
6313,746,1243,1729,2441,2851,,746,497,486,712,410,3462
6315,755,1252,1740,2452,2864,,755,497,488,712,412,3451
6412,746,1271,1758,2542,2965,,746,525,487,784,423,3447
6314,717,1219,1705,2417,2857,,717,502,486,712,440,3457
6263,715,1215,1703,2416,2826,,715,500,488,713,410,3437
6342,717,1219,1706,2418,2854,,717,502,487,712,436,3488
6261,717,1217,1705,2418,2806,,717,500,488,713,388,3455
6261,746,1243,1732,2473,2802,,746,497,489,741,329,3459
6289,718,1219,1705,2419,2811,,718,501,486,714,392,3478
6330,719,1205,1692,2405,2816,,719,486,487,713,411,3514
6312,716,1217,1705,2445,2877,,716,501,488,740,432,3435
6330,716,1218,1704,2446,2829,,716,502,486,742,383,3501
6438,746,1270,1755,2543,2994,,746,524,485,788,451,3444
6262,716,1216,1703,2418,2827,,716,500,487,715,409,3435
6245,716,1216,1702,2395,2776,,716,500,486,693,381,3469
6035,707,1179,1652,2312,2669,,707,472,473,660,357,3366
6096,700,1190,1663,2366,2716,,700,490,473,703,350,3380
6277,708,1183,1656,2356,2771,,708,475,473,700,415,3506
6135,706,1181,1653,2357,2731,,706,475,472,704,374,3404
6058,706,1205,1678,2337,2674,,706,499,473,659,337,3384
5967,706,1180,1611,2241,2573,,706,474,431,630,332,3394
6200,700,1192,1663,2344,2735,,700,492,471,681,391,3465
6296,709,1232,1745,2451,2862,,709,523,513,706,411,3434
6310,745,1240,1757,2465,2876,,745,495,517,708,411,3434
6366,717,1216,1705,2445,2878,,717,499,489,740,433,3488
6389,744,1269,1728,2467,2926,,744,525,459,739,459,3463
6327,745,1230,1720,2459,2866,,745,485,490,739,407,3461
6370,746,1271,1756,2524,2948,,746,525,485,768,424,3422
6389,745,1273,1785,2541,2938,,745,528,512,756,397,3451
6342,714,1216,1704,2416,2851,,714,502,488,712,435,3491
6286,718,1217,1704,2417,2826,,718,499,487,713,409,3460
6321,701,1199,1687,2428,2861,,701,498,488,741,433,3460
6317,717,1217,1706,2417,2829,,717,500,489,711,412,3488
6262,717,1215,1702,2417,2825,,717,498,487,715,408,3437
6247,718,1217,1705,2397,2778,,718,499,488,692,381,3469
6036,706,1181,1652,2314,2650,,706,475,471,662,336,3386
5908,655,1133,1603,2224,2555,,655,478,470,621,331,3353
6036,708,1183,1654,2356,2680,,708,475,471,702,324,3356
6013,707,1181,1653,2314,2651,,707,474,472,661,337,3362
6179,672,1158,1630,2331,2753,,672,486,472,701,422,3426
6013,708,1184,1657,2317,2651,,708,476,473,660,334,3362
5989,655,1134,1606,2264,2600,,655,479,472,658,336,3389
6175,707,1181,1653,2357,2750,,707,474,472,704,393,3425
6084,709,1181,1653,2356,2708,,709,472,472,703,352,3376
6017,709,1182,1654,2315,2653,,709,473,472,661,338,3364
5935,707,1183,1615,2242,2573,,707,476,432,627,331,3362
5984,655,1133,1605,2264,2600,,655,478,472,659,336,3384
6109,706,1182,1655,2357,2734,,706,476,473,702,377,3375
6014,706,1181,1654,2313,2649,,706,475,473,659,336,3365
5985,706,1153,1625,2306,2631,,706,447,472,681,325,3354
6027,715,1188,1660,2323,2657,,715,473,472,663,334,3370
5989,656,1113,1595,2265,2601,,656,457,482,670,336,3388
6200,707,1181,1654,2357,2751,,707,474,473,703,394,3449
6138,706,1181,1652,2355,2731,,706,475,471,703,376,3407
6014,706,1181,1653,2313,2647,,706,475,472,660,334,3367
5938,708,1184,1613,2241,2573,,708,476,429,628,332,3365
5983,649,1133,1605,2265,2599,,649,484,472,660,334,3384
6240,707,1182,1653,2357,2774,,707,475,471,704,417,3466
6022,708,1181,1652,2314,2649,,708,473,471,662,335,3373
6126,707,1185,1683,2382,2704,,707,478,498,699,322,3422
6044,715,1190,1664,2321,2659,,715,475,474,657,338,3385
6059,634,1063,1534,2233,2605,,634,429,471,699,372,3454
6263,718,1217,1706,2417,2826,,718,499,489,711,409,3437
6263,717,1217,1705,2416,2825,,717,500,488,711,409,3438
6337,748,1240,1731,2470,2877,,748,492,491,739,407,3460
6313,718,1247,1733,2444,2852,,718,529,486,711,408,3461
6291,721,1217,1703,2415,2825,,721,496,486,712,410,3466
6312,747,1242,1730,2442,2852,,747,495,488,712,410,3460
6316,717,1216,1704,2416,2827,,717,499,488,712,411,3489
6126,717,1157,1579,2282,2678,,717,440,422,703,396,3448
6083,705,1179,1654,2356,2705,,705,474,475,702,349,3378
6240,709,1184,1656,2359,2753,,709,475,472,703,394,3487
6311,716,1216,1703,2417,2857,,716,500,487,714,440,3454
6263,717,1216,1704,2417,2828,,717,499,488,713,411,3435
6313,717,1216,1704,2398,2777,,717,499,488,694,379,3536
6229,746,1271,1730,2400,2716,,746,525,459,670,316,3513
6320,718,1217,1705,2419,2828,,718,499,488,714,409,3492
6270,718,1216,1704,2402,2792,,718,498,488,698,390,3478
6408,716,1242,1726,2468,2961,,716,526,484,742,493,3447
6276,718,1217,1758,2457,2853,,718,499,541,699,396,3423
6008,706,1180,1651,2313,2647,,706,474,471,662,334,3361
5911,685,1159,1636,2249,2542,,685,474,477,613,293,3369
6277,708,1182,1654,2358,2775,,708,474,472,704,417,3502
6112,706,1183,1654,2357,2732,,706,477,471,703,375,3380
6014,708,1183,1659,2316,2652,,708,475,476,657,336,3362
5936,707,1182,1614,2246,2577,,707,475,432,632,331,3359
6083,709,1186,1657,2358,2710,,709,477,471,701,352,3373
6139,707,1180,1653,2355,2747,,707,473,473,702,392,3392
6039,707,1182,1655,2317,2649,,707,475,473,662,332,3390
6075,705,1182,1654,2319,2650,,705,477,472,665,331,3425
5992,689,1165,1636,2299,2633,,689,476,471,663,334,3359
6222,712,1208,1680,2387,2784,,712,496,472,707,397,3438
6262,717,1217,1705,2417,2827,,717,500,488,712,410,3435
6314,718,1218,1706,2417,2853,,718,500,488,711,436,3461
6262,718,1218,1706,2418,2830,,718,500,488,712,412,3432
6288,718,1218,1705,2420,2829,,718,500,487,715,409,3459
6291,716,1217,1705,2417,2827,,716,501,488,712,410,3464
6314,717,1244,1728,2444,2877,,717,527,484,716,433,3437
6314,718,1220,1706,2418,2828,,718,502,486,712,410,3486
6262,717,1218,1684,2367,2777,,717,501,466,683,410,3485
6345,727,1227,1715,2428,2838,,727,500,488,713,410,3507
6125,703,1160,1600,2304,2698,,703,457,440,704,394,3427
6274,705,1180,1652,2355,2776,,705,475,472,703,421,3498
6240,707,1183,1656,2357,2773,,707,476,473,701,416,3467
6039,707,1180,1652,2314,2650,,707,473,472,662,336,3389
5959,708,1182,1615,2243,2575,,708,474,433,628,332,3384
6123,705,1195,1667,2368,2744,,705,490,472,701,376,3379
6214,709,1184,1656,2355,2771,,709,475,472,699,416,3443
6132,707,1182,1654,2358,2713,,707,475,472,704,355,3419
6176,717,1216,1704,2337,2741,,717,499,488,633,404,3435
6117,709,1183,1681,2383,2733,,709,474,498,702,350,3384
5919,701,1166,1585,2243,2582,,701,465,419,658,339,3337
6177,706,1182,1653,2357,2749,,706,476,471,704,392,3428
6086,707,1181,1653,2357,2706,,707,474,472,704,349,3380
5961,705,1181,1611,2239,2570,,705,476,430,628,331,3391
6264,718,1217,1706,2418,2827,,718,499,489,712,409,3437
6330,716,1210,1697,2414,2821,,716,494,487,717,407,3509
6387,745,1270,1782,2541,2939,,745,525,512,759,398,3448
6314,718,1218,1735,2443,2853,,718,500,517,708,410,3461
6263,717,1217,1691,2377,2822,,717,500,474,686,445,3441
6310,717,1207,1694,2406,2841,,717,490,487,712,435,3469
6073,709,1139,1581,2239,2642,,709,430,442,658,403,3431
6274,705,1179,1652,2354,2771,,705,474,473,702,417,3503
6011,706,1181,1653,2315,2649,,706,475,472,662,334,3362
5930,705,1178,1606,2240,2571,,705,473,428,634,331,3359
5938,706,1139,1552,2191,2522,,706,433,413,639,331,3416
6250,707,1182,1653,2354,2771,,707,475,471,701,417,3479
6009,705,1182,1657,2314,2649,,705,477,475,657,335,3360
6027,708,1182,1612,2242,2574,,708,474,430,630,332,3453
6220,705,1180,1654,2355,2758,,705,475,474,701,403,3462
5979,706,1204,1638,2289,2620,,706,498,434,651,331,3359
6045,700,1164,1593,2292,2660,,700,464,429,699,368,3385
6175,705,1181,1653,2355,2748,,705,476,472,702,393,3427
6111,705,1181,1653,2356,2729,,705,476,472,703,373,3382
5956,703,1204,1636,2263,2596,,703,501,432,627,333,3360
5934,654,1132,1562,2190,2524,,654,478,430,628,334,3410
6038,700,1186,1657,2321,2655,,700,486,471,664,334,3383
6038,706,1182,1655,2315,2695,,706,476,473,660,380,3343
6063,707,1183,1655,2359,2686,,707,476,472,704,327,3377
6011,706,1182,1654,2356,2655,,706,476,472,702,299,3356
5934,706,1181,1612,2240,2572,,706,475,431,628,332,3362
6070,672,1164,1636,2339,2692,,672,492,472,703,353,3378
6274,706,1180,1651,2355,2773,,706,474,471,704,418,3501
6085,706,1181,1652,2356,2706,,706,475,471,704,350,3379
5930,705,1179,1609,2238,2572,,705,474,430,629,334,3358
5931,654,1131,1560,2190,2524,,654,477,429,630,334,3407
5987,664,1160,1633,2291,2629,,664,496,473,658,338,3358
6011,704,1181,1654,2315,2670,,704,477,473,661,355,3341
6036,706,1180,1653,2314,2649,,706,474,473,661,335,3387
6007,707,1183,1655,2372,2670,,707,476,472,717,298,3337
5908,683,1161,1591,2215,2548,,683,478,430,624,333,3360
6093,666,1150,1619,2326,2702,,666,484,469,707,376,3391
6177,707,1181,1653,2357,2748,,707,474,472,704,391,3429
6119,707,1182,1656,2358,2732,,707,475,474,702,374,3387
5928,704,1177,1608,2237,2570,,704,473,431,629,333,3358
5934,706,1181,1609,2241,2572,,706,475,428,632,331,3362
6065,649,1137,1610,2313,2691,,649,488,473,703,378,3374
6211,707,1182,1653,2357,2772,,707,475,471,704,415,3439
6009,704,1178,1649,2311,2648,,704,474,471,662,337,3361
6036,706,1181,1652,2355,2680,,706,475,471,703,325,3356
5958,655,1131,1602,2264,2601,,655,476,471,662,337,3357
5986,649,1140,1614,2278,2623,,649,491,474,664,345,3363
6176,707,1180,1652,2356,2747,,707,473,472,704,391,3429
6087,706,1181,1652,2356,2706,,706,475,471,704,350,3381
5928,702,1175,1606,2235,2567,,702,473,431,629,332,3361
5824,654,1077,1493,2109,2454,,654,423,416,616,345,3370
6130,649,1138,1616,2327,2747,,649,489,478,711,420,3383
6060,706,1181,1657,2357,2705,,706,475,476,700,348,3355
5842,705,1099,1567,2173,2470,,705,394,468,606,297,3372
5999,707,1194,1667,2368,2667,,707,487,473,701,299,3332
6032,708,1207,1679,2340,2675,,708,499,472,661,335,3357
6120,701,1160,1631,2343,2738,,701,459,471,712,395,3382
6007,708,1180,1651,2354,2654,,708,472,471,703,300,3353
6035,709,1182,1653,2313,2650,,709,473,471,660,337,3385
5940,704,1179,1607,2239,2570,,704,475,428,632,331,3370
6039,706,1139,1553,2190,2566,,706,433,414,637,376,3473
6313,692,1193,1680,2421,2852,,692,501,487,741,431,3461
6313,718,1217,1734,2443,2853,,718,499,517,709,410,3460
6337,718,1218,1705,2448,2879,,718,500,487,743,431,3458
6289,718,1218,1706,2418,2832,,718,500,488,712,414,3457
6290,705,1192,1679,2398,2830,,705,487,487,719,432,3460
6388,718,1246,1711,2446,2907,,718,528,465,735,461,3481
6313,719,1218,1705,2417,2858,,719,499,487,712,441,3455
6314,718,1217,1734,2444,2854,,718,499,517,710,410,3460
6368,718,1225,1709,2446,2882,,718,507,484,737,436,3486
6289,747,1243,1732,2443,2854,,747,496,489,711,411,3435
6438,746,1271,1755,2467,2966,,746,525,484,712,499,3472
6265,717,1216,1704,2416,2827,,717,499,488,712,411,3438
6286,716,1216,1705,2417,2851,,716,500,489,712,434,3435
6413,746,1271,1784,2571,2967,,746,525,513,787,396,3446
6163,717,1119,1605,2318,2728,,717,402,486,713,410,3435
6290,718,1219,1706,2418,2840,,718,501,487,712,422,3450
6289,719,1193,1682,2393,2804,,719,474,489,711,411,3485
6263,720,1219,1708,2399,2779,,720,499,489,691,380,3484
6314,719,1219,1707,2420,2858,,719,500,488,713,438,3456
6290,719,1220,1706,2419,2830,,719,501,486,713,411,3460
6289,719,1218,1706,2418,2829,,719,499,488,712,411,3460
6263,718,1246,1731,2423,2806,,718,528,485,692,383,3457
6289,718,1219,1705,2418,2830,,718,501,486,713,412,3459
6290,720,1221,1706,2420,2809,,720,501,485,714,389,3481
6128,719,1140,1620,2309,2705,,719,421,480,689,396,3423
5931,707,1191,1662,2286,2605,,707,484,471,624,319,3326
6201,706,1181,1676,2382,2773,,706,475,495,706,391,3428
6118,708,1181,1653,2358,2734,,708,473,472,705,376,3384
5931,707,1179,1609,2240,2573,,707,472,430,631,333,3358
5931,704,1179,1607,2239,2571,,704,475,428,632,332,3360
6075,698,1171,1642,2346,2697,,698,473,471,704,351,3378
6149,708,1181,1653,2357,2748,,708,473,472,704,391,3401
5907,706,1180,1653,2274,2567,,706,474,473,621,293,3340
6325,709,1233,1718,2429,2840,,709,524,485,711,411,3485
6152,704,1140,1631,2331,2726,,704,436,491,700,395,3426
5952,653,1131,1602,2223,2518,,653,478,471,621,295,3434
6289,718,1218,1707,2418,2829,,718,500,489,711,411,3460
6264,718,1217,1705,2397,2779,,718,499,488,692,382,3485
6264,718,1218,1706,2418,2829,,718,500,488,712,411,3435
6290,718,1218,1707,2418,2830,,718,500,489,711,412,3460
6316,721,1220,1708,2418,2828,,721,499,488,710,410,3488
6288,750,1243,1732,2442,2851,,750,493,489,710,409,3437
6315,719,1219,1706,2417,2829,,719,500,487,711,412,3486
6318,719,1218,1705,2418,2830,,719,499,487,713,412,3488
6161,703,1177,1581,2291,2702,,703,474,404,710,411,3459
6314,719,1219,1707,2418,2831,,719,500,488,711,413,3483
6340,752,1243,1732,2443,2878,,752,491,489,711,435,3462
6293,718,1248,1733,2443,2854,,718,530,485,710,411,3439
6320,719,1219,1707,2420,2831,,719,500,488,713,411,3489
6288,747,1243,1730,2423,2825,,747,496,487,693,402,3463
6438,791,1321,1806,2572,2990,,791,530,485,766,418,3448
6266,717,1219,1705,2417,2827,,717,502,486,712,410,3439
6306,718,1248,1731,2472,2879,,718,530,483,741,407,3427
6313,718,1217,1706,2419,2853,,718,499,489,713,434,3460
6206,719,1219,1655,2359,2754,,719,500,436,704,395,3452
6220,707,1182,1609,2348,2756,,707,475,427,739,408,3464
6263,719,1193,1681,2393,2828,,719,474,488,712,435,3435
6243,719,1219,1705,2418,2830,,719,500,486,713,412,3413
6290,719,1218,1706,2418,2829,,719,499,488,712,411,3461
6289,718,1193,1683,2393,2804,,718,475,490,710,411,3485
6291,713,1193,1679,2393,2827,,713,480,486,714,434,3464
6268,720,1219,1706,2420,2828,,720,499,487,714,408,3440
6312,720,1220,1708,2421,2855,,720,500,488,713,434,3457
6276,747,1232,1722,2430,2841,,747,485,490,708,411,3435
6276,717,1219,1644,2356,2779,,717,502,425,712,423,3497
5937,718,1207,1679,2301,2594,,718,489,472,622,293,3343
6348,727,1226,1714,2427,2836,,727,499,488,713,409,3512
6287,718,1217,1705,2418,2828,,718,499,488,713,410,3459
6319,719,1218,1706,2419,2829,,719,499,488,713,410,3490
6263,718,1217,1706,2416,2827,,718,499,489,710,411,3436
6125,668,1131,1603,2305,2700,,668,463,472,702,395,3425
6011,708,1184,1656,2357,2681,,708,476,472,701,324,3330
6178,708,1184,1656,2358,2751,,708,476,472,702,393,3427
5960,712,1210,1681,2302,2635,,712,498,471,621,333,3325
6007,710,1184,1656,2309,2655,,710,474,472,653,346,3352
6073,697,1184,1657,2341,2690,,697,487,473,684,349,3383
6198,706,1177,1651,2353,2744,,706,471,474,702,391,3454
6113,710,1183,1657,2359,2735,,710,473,474,702,376,3378
6033,708,1183,1656,2318,2653,,708,475,473,662,335,3380
5934,709,1184,1615,2241,2574,,709,475,431,626,333,3360
6138,708,1142,1621,2310,2734,,708,434,479,689,424,3404
6134,706,1182,1656,2357,2748,,706,476,474,701,391,3386
6250,708,1181,1652,2357,2774,,708,473,471,705,417,3476
5920,710,1183,1652,2276,2608,,710,473,469,624,332,3312
6037,710,1184,1657,2320,2653,,710,474,473,663,333,3384
6195,708,1183,1655,2360,2755,,708,475,472,705,395,3440
6315,747,1243,1732,2444,2854,,747,496,489,712,410,3461
6319,717,1193,1681,2393,2830,,717,476,488,712,437,3489
6344,718,1220,1705,2420,2859,,718,502,485,715,439,3485
6291,719,1219,1705,2418,2831,,719,500,486,713,413,3460
6152,706,1141,1621,2333,2729,,706,435,480,712,396,3423
6121,708,1183,1656,2357,2682,,708,475,473,701,325,3439
6252,708,1182,1654,2358,2774,,708,474,472,704,416,3478
5969,674,1155,1629,2331,2630,,674,481,474,702,299,3339
6029,710,1184,1657,2336,2677,,710,474,473,679,341,3352
6110,698,1185,1632,2335,2711,,698,487,447,703,376,3399
6278,708,1191,1671,2383,2803,,708,483,480,712,420,3475
6035,708,1183,1681,2341,2676,,708,475,498,660,335,3359
5933,705,1181,1610,2240,2572,,705,476,429,630,332,3361
6002,707,1181,1587,2214,2550,,707,474,406,627,336,3452
6178,665,1131,1605,2305,2726,,665,466,474,700,421,3452
6010,708,1182,1655,2316,2651,,708,474,473,661,335,3359
6077,708,1182,1653,2316,2654,,708,474,471,663,338,3423
6245,676,1197,1682,2394,2804,,676,521,485,712,410,3441
6021,708,1184,1656,2301,2651,,708,476,472,645,350,3370
5943,704,1192,1664,2285,2602,,704,488,472,621,317,3341
6254,724,1210,1682,2384,2801,,724,486,472,702,417,3453
6088,709,1185,1658,2362,2724,,709,476,473,704,362,3364
6034,706,1181,1653,2313,2649,,706,475,472,660,336,3385
5934,708,1184,1614,2240,2574,,708,476,430,626,334,3360
5910,686,1160,1632,2253,2546,,686,474,472,621,293,3364
5988,707,1184,1657,2358,2658,,707,477,473,701,300,3330
6178,710,1184,1657,2360,2751,,710,474,473,703,391,3427
5984,665,1156,1627,2290,2597,,665,491,471,663,307,3387
6027,707,1183,1654,2317,2669,,707,476,471,663,352,3358
6099,697,1169,1641,2346,2720,,697,472,472,705,374,3379
6274,715,1207,1679,2383,2800,,715,492,472,704,417,3474
6088,708,1183,1655,2358,2708,,708,475,472,703,350,3380
6037,709,1183,1655,2316,2653,,709,474,472,661,337,3384
5931,708,1183,1613,2241,2575,,708,475,430,628,334,3356
6112,710,1185,1657,2359,2734,,710,475,472,702,375,3378
6012,709,1184,1656,2359,2658,,709,475,472,703,299,3354
6211,708,1184,1656,2360,2777,,708,476,472,704,417,3434
6067,707,1143,1582,2240,2621,,707,436,439,658,381,3446
6323,719,1218,1707,2419,2809,,719,499,489,712,390,3514
6285,717,1206,1694,2405,2815,,717,489,488,711,410,3470
6316,719,1220,1709,2420,2854,,719,501,489,711,434,3462
6314,721,1218,1711,2419,2854,,721,497,493,708,435,3460
6316,719,1219,1707,2418,2853,,719,500,488,711,435,3463
6314,719,1219,1706,2419,2853,,719,500,487,713,434,3461
6014,710,1186,1657,2361,2659,,710,476,471,704,298,3355
6037,709,1184,1656,2360,2685,,709,475,472,704,325,3352
6177,709,1185,1657,2360,2752,,709,476,472,703,392,3425
5963,706,1146,1624,2307,2632,,706,440,478,683,325,3331
6015,710,1184,1656,2316,2648,,710,474,472,660,332,3367
6078,699,1173,1645,2348,2698,,699,474,472,703,350,3380
6276,707,1199,1671,2383,2777,,707,492,472,712,394,3499
6037,717,1208,1681,2344,2678,,717,491,473,663,334,3359
6016,710,1185,1657,2316,2653,,710,475,472,659,337,3363
5961,709,1184,1614,2243,2577,,709,475,430,629,334,3384
6111,708,1183,1655,2358,2733,,708,475,472,703,375,3378
6075,704,1182,1652,2314,2649,,704,478,470,662,335,3426
6209,708,1180,1651,2357,2774,,708,472,471,706,417,3435
5953,647,1066,1507,2165,2524,,647,419,441,658,359,3429
6227,719,1218,1706,2419,2771,,719,499,488,713,352,3456
5947,723,1197,1627,2255,2589,,723,474,430,628,334,3358
6278,708,1191,1672,2384,2776,,708,483,481,712,392,3502
6037,710,1184,1658,2316,2671,,710,474,474,658,355,3366
5959,709,1183,1611,2242,2575,,709,474,428,631,333,3384
5971,709,1182,1611,2242,2575,,709,473,429,631,333,3396
6319,706,1145,1632,2344,2781,,706,439,487,712,437,3538
6265,720,1219,1707,2419,2830,,720,499,488,712,411,3435
6043,746,1206,1670,2328,2640,,746,460,464,658,312,3403
5855,631,1040,1490,2157,2469,,631,409,450,667,312,3386
6074,646,1146,1635,2324,2657,,646,500,489,689,333,3417
5970,667,1127,1566,2227,2568,,667,460,439,661,341,3402
6153,708,1143,1623,2334,2728,,708,435,480,711,394,3425
6276,708,1182,1656,2358,2775,,708,474,474,702,417,3501
6010,708,1183,1655,2315,2654,,708,475,472,660,339,3356
5985,711,1209,1639,2268,2601,,711,498,430,629,333,3384
5910,682,1159,1632,2254,2571,,682,477,473,622,317,3339
6010,706,1182,1655,2355,2654,,706,476,473,700,299,3356
6152,709,1182,1611,2307,2724,,709,473,429,696,417,3428
6049,649,1067,1511,2203,2618,,649,418,444,692,415,3431
6249,719,1218,1706,2396,2788,,719,499,488,690,392,3461
6059,709,1183,1654,2358,2686,,709,474,471,704,328,3373
6279,708,1184,1674,2383,2775,,708,476,490,709,392,3504
6113,707,1184,1656,2358,2732,,707,477,472,702,374,3381
6010,709,1184,1657,2317,2652,,709,475,473,660,335,3358
5973,705,1197,1629,2255,2589,,705,492,432,626,334,3384
6066,709,1184,1656,2359,2709,,709,475,472,703,350,3357
6013,711,1184,1657,2362,2686,,711,473,473,705,324,3327
6082,706,1181,1611,2307,2700,,706,475,430,696,393,3382
5954,648,1063,1467,2116,2496,,648,415,404,649,380,3458
6292,719,1218,1706,2419,2808,,719,499,488,713,389,3484
6255,715,1172,1659,2371,2781,,715,457,487,712,410,3474
6277,719,1197,1664,2356,2776,,719,478,467,692,420,3501
5936,709,1183,1653,2277,2595,,709,474,470,624,318,3341
6009,710,1185,1658,2320,2655,,710,475,473,662,335,3354
5936,710,1185,1615,2244,2576,,710,475,430,629,332,3360
5910,711,1168,1646,2256,2572,,711,457,478,610,316,3338
6014,709,1184,1681,2385,2686,,709,475,497,704,301,3328
6125,708,1184,1613,2309,2700,,708,476,429,696,391,3425
5981,647,1132,1537,2194,2549,,647,485,405,657,355,3432
6344,720,1219,1707,2419,2808,,720,499,488,712,389,3536
6124,682,1144,1620,2334,2728,,682,462,476,714,394,3396
6178,710,1186,1660,2360,2752,,710,476,474,700,392,3426
6088,709,1184,1656,2358,2709,,709,475,472,702,351,3379
6011,710,1186,1660,2318,2654,,710,476,474,658,336,3357
5936,709,1184,1615,2240,2574,,709,475,431,625,334,3362
6113,711,1208,1679,2385,2737,,711,497,471,706,352,3376
6135,709,1184,1656,2357,2749,,709,475,472,701,392,3386
6036,708,1183,1614,2244,2641,,708,475,431,630,397,3395
5955,648,1067,1479,2141,2522,,648,419,412,662,381,3433
6317,720,1220,1707,2419,2809,,720,500,487,712,390,3508
6133,719,1189,1658,2357,2752,,719,470,469,699,395,3381
6180,709,1184,1657,2358,2750,,709,475,473,701,392,3430
6010,709,1184,1656,2319,2653,,709,475,472,663,334,3357
5984,709,1184,1613,2243,2575,,709,475,429,630,332,3409
6052,709,1186,1640,2268,2602,,709,477,454,628,334,3450
6078,648,1066,1547,2255,2648,,648,418,481,708,393,3430
5961,709,1209,1639,2269,2602,,709,500,430,630,333,3359
6098,707,1183,1654,2315,2650,,707,476,471,661,335,3448
5959,665,1092,1503,2165,2521,,665,427,411,662,356,3438
6316,746,1243,1729,2442,2833,,746,497,486,713,391,3483
6245,693,1176,1663,2376,2786,,693,483,487,713,410,3459
6320,719,1198,1682,2394,2805,,719,479,484,712,411,3515
6266,720,1220,1710,2420,2831,,720,500,490,710,411,3435
6289,719,1219,1707,2419,2828,,719,500,488,712,409,3461
6092,662,1158,1631,2334,2729,,662,496,473,703,395,3363
5935,708,1184,1657,2279,2596,,708,476,473,622,317,3339
6037,709,1184,1658,2359,2683,,709,475,474,701,324,3354
6078,709,1185,1618,2246,2644,,709,476,433,628,398,3434
6022,666,1092,1568,2209,2599,,666,426,476,641,390,3423
6290,720,1219,1709,2420,2834,,720,499,490,711,414,3456
6174,642,1068,1550,2254,2690,,642,426,482,704,436,3484
6320,719,1221,1707,2399,2830,,719,502,486,692,431,3490
6315,720,1219,1707,2420,2854,,720,499,488,713,434,3461
6314,719,1218,1735,2444,2854,,719,499,517,709,410,3460
6284,705,1190,1677,2390,2824,,705,485,487,713,434,3460
6202,709,1183,1656,2357,2774,,709,474,473,701,417,3428
5987,707,1183,1656,2358,2657,,707,476,473,702,299,3330
6076,708,1183,1615,2242,2642,,708,475,432,627,400,3434
5936,708,1118,1530,2171,2526,,708,410,412,641,355,3410
6277,711,1208,1680,2386,2776,,711,497,472,706,390,3501
5983,648,1061,1479,2184,2576,,648,413,418,705,392,3407
5943,704,1191,1663,2288,2605,,704,487,472,625,317,3338
6088,709,1184,1658,2359,2707,,709,475,474,701,348,3381
6034,709,1183,1680,2341,2677,,709,474,497,661,336,3357
5936,708,1184,1614,2247,2575,,708,476,430,633,328,3361
5911,709,1189,1662,2280,2572,,709,480,473,618,292,3339
6039,710,1186,1657,2360,2683,,710,476,471,703,323,3356
6002,709,1184,1615,2243,2577,,709,475,431,628,334,3425
5948,708,1118,1530,2166,2529,,708,410,412,636,363,3419
6316,719,1220,1705,2418,2828,,719,501,485,713,410,3488
6315,745,1185,1668,2374,2807,,745,440,483,706,433,3508
6289,747,1245,1709,2446,2853,,747,498,464,737,407,3436
6341,721,1221,1709,2449,2882,,721,500,488,740,433,3459
6290,719,1220,1706,2420,2830,,719,501,486,714,410,3460
6252,690,1197,1672,2384,2804,,690,507,475,712,420,3448
6177,709,1184,1655,2358,2749,,709,475,471,703,391,3428
6013,708,1183,1654,2359,2681,,708,475,471,705,322,3332
6028,709,1184,1614,2268,2601,,709,475,430,654,333,3427
6002,706,1116,1527,2231,2559,,706,410,411,704,328,3443
6151,709,1183,1613,2309,2726,,709,474,430,696,417,3425
6027,642,1082,1479,2184,2579,,642,440,397,705,395,3448
6063,708,1183,1656,2358,2726,,708,475,473,702,368,3337
6035,710,1185,1658,2316,2651,,710,475,473,658,335,3384
5959,707,1184,1638,2267,2598,,707,477,454,629,331,3361
5976,708,1183,1606,2237,2556,,708,475,423,631,319,3420
6086,662,1081,1557,2265,2658,,662,419,476,708,393,3428
5935,709,1184,1614,2243,2574,,709,475,430,629,331,3361
6058,708,1184,1656,2314,2649,,708,476,472,658,335,3409
5963,709,1116,1527,2166,2501,,709,407,411,639,335,3462
6322,728,1227,1715,2426,2836,,728,499,488,711,410,3486
6244,755,1209,1627,2345,2756,,755,454,418,718,411,3488
6180,720,1222,1709,2385,2751,,720,502,487,676,366,3429
5911,710,1185,1657,2280,2572,,710,475,472,623,292,3339
6065,715,1210,1681,2344,2701,,715,495,471,663,357,3364
5936,710,1186,1619,2246,2576,,710,476,433,627,330,3360
6048,700,1136,1607,2293,2689,,700,436,471,686,396,3359
6013,710,1184,1655,2360,2660,,710,474,471,705,300,3353
5936,709,1185,1615,2243,2576,,709,476,430,628,333,3360
5963,708,1140,1556,2192,2526,,708,432,416,636,334,3437
6379,741,1228,1717,2429,2841,,741,487,489,712,412,3538
6238,743,1206,1624,2344,2755,,743,463,418,720,411,3483
6202,719,1220,1708,2387,2758,,719,501,488,679,371,3444
5936,710,1185,1656,2279,2596,,710,475,471,623,317,3340
6007,704,1180,1653,2313,2648,,704,476,473,660,335,3359
5985,710,1186,1619,2272,2602,,710,476,433,653,330,3383
6158,649,1070,1553,2257,2667,,649,421,483,704,410,3491
6290,721,1220,1708,2420,2831,,721,499,488,712,411,3459
6316,721,1220,1707,2421,2856,,721,499,487,714,435,3460
6289,718,1247,1758,2429,2794,,718,529,511,671,365,3495
6316,717,1218,1706,2419,2828,,717,501,488,713,409,3488
6290,744,1188,1628,2325,2783,,744,444,440,697,458,3507
6290,720,1219,1708,2400,2781,,720,499,489,692,381,3509
6415,748,1273,1758,2545,2967,,748,525,485,787,422,3448
6317,721,1221,1737,2445,2856,,721,500,516,708,411,3461
6204,720,1221,1652,2359,2755,,720,501,431,707,396,3449
6291,708,1140,1633,2346,2780,,708,432,493,713,434,3511
6316,719,1220,1708,2449,2856,,719,501,488,741,407,3460
6318,721,1220,1707,2420,2830,,721,499,487,713,410,3488
6316,749,1274,1784,2457,2823,,749,525,510,673,366,3493
6321,719,1219,1707,2421,2830,,719,500,488,714,409,3491
6128,748,1223,1670,2292,2693,,748,475,447,622,401,3435
6238,704,1195,1666,2370,2786,,704,491,471,704,416,3452
6088,710,1185,1657,2359,2710,,710,475,472,702,351,3378
6035,710,1185,1682,2344,2678,,710,475,497,662,334,3357
5938,709,1186,1618,2246,2576,,709,477,432,628,330,3362
6068,657,1081,1485,2197,2608,,657,424,404,712,411,3460
6316,717,1192,1680,2392,2803,,717,475,488,712,411,3513
6267,719,1195,1682,2395,2806,,719,476,487,713,411,3461
6331,710,1233,1718,2410,2814,,710,523,485,692,404,3517
6292,671,1172,1686,2394,2805,,671,501,514,708,411,3487
6127,719,1188,1663,2294,2694,,719,469,475,631,400,3433
6215,719,1207,1695,2385,2777,,719,488,488,690,392,3438
6236,709,1185,1656,2360,2776,,709,476,471,704,416,3460
5938,709,1185,1617,2242,2576,,709,476,432,625,334,3362
6051,710,1184,1655,2297,2625,,710,474,471,642,328,3426
6198,707,1148,1591,2334,2743,,707,441,443,743,409,3455
6317,721,1223,1739,2447,2857,,721,502,516,708,410,3460
6316,720,1248,1734,2444,2853,,720,528,486,710,409,3463
6331,740,1258,1742,2430,2866,,740,518,484,688,436,3465
6340,719,1219,1736,2445,2884,,719,500,517,709,439,3456
6110,726,1202,1647,2291,2679,,726,476,445,644,388,3431
6177,708,1182,1653,2357,2750,,708,474,471,704,393,3427
6089,711,1186,1660,2360,2711,,711,475,474,700,351,3378
6010,710,1183,1656,2317,2652,,710,473,473,661,335,3358
5959,709,1185,1614,2243,2583,,709,476,429,629,340,3376
6214,700,1195,1667,2371,2789,,700,495,472,704,418,3425
5989,708,1183,1658,2358,2657,,708,475,475,700,299,3332
5962,710,1185,1616,2244,2576,,710,475,431,628,332,3386
5977,668,1115,1551,2192,2524,,668,447,436,641,332,3453
6195,709,1128,1612,2320,2731,,709,419,484,708,411,3464
6000,705,1125,1542,2200,2547,,705,420,417,658,347,3453
6295,720,1219,1708,2420,2811,,720,499,489,712,391,3484
6345,720,1220,1708,2422,2856,,720,500,488,714,434,3489
6295,720,1195,1684,2395,2806,,720,475,489,711,411,3489
6237,723,1220,1673,2386,2808,,723,497,453,713,422,3429
6212,706,1193,1664,2370,2765,,706,487,471,706,395,3447
6050,708,1182,1654,2358,2682,,708,474,472,704,324,3368
5962,711,1186,1615,2244,2578,,711,475,429,629,334,3384
6005,709,1184,1613,2242,2574,,709,475,429,629,332,3431
6194,672,1090,1584,2297,2707,,672,418,494,713,410,3487
6320,749,1271,1721,2393,2783,,749,522,450,672,390,3537
6280,721,1222,1709,2421,2820,,721,501,487,712,399,3460
6164,710,1185,1682,2385,2776,,710,475,497,703,391,3388
6017,716,1190,1662,2327,2657,,716,474,472,665,330,3360
5939,713,1183,1614,2243,2575,,713,470,431,629,332,3364
6188,701,1195,1668,2370,2762,,701,494,473,702,392,3426
6012,710,1183,1656,2363,2673,,710,473,473,707,310,3339
5928,705,1175,1604,2237,2568,,705,470,429,633,331,3360
5979,683,1119,1552,2193,2525,,683,436,433,641,332,3454
5902,712,1143,1573,2231,2554,,712,431,430,658,323,3348
5978,688,1094,1506,2143,2491,,688,406,412,637,348,3487
5989,709,1185,1655,2359,2657,,709,476,470,704,298,3332
6088,710,1186,1658,2361,2712,,710,476,472,703,351,3376
6010,710,1183,1656,2318,2652,,710,473,473,662,334,3358
5963,708,1185,1615,2243,2576,,708,477,430,628,333,3387
6238,704,1196,1671,2370,2786,,704,492,475,699,416,3452
6076,706,1181,1651,2315,2651,,706,475,470,664,336,3425
6035,709,1183,1683,2318,2651,,709,474,500,635,333,3384
5979,670,1117,1532,2166,2501,,670,447,415,634,335,3478
6098,711,1185,1600,2321,2711,,711,474,415,721,390,3387
6169,709,1222,1670,2328,2714,,709,513,448,658,386,3455
6251,676,1181,1669,2382,2791,,676,505,488,713,409,3460
6292,722,1221,1709,2422,2832,,722,499,488,713,410,3460
6323,722,1221,1709,2421,2832,,722,499,488,712,411,3491
6191,721,1221,1687,2370,2741,,721,500,466,683,371,3450
6292,720,1196,1645,2372,2782,,720,476,449,727,410,3510
6264,721,1221,1712,2420,2834,,721,500,491,708,414,3430
6266,722,1222,1710,2422,2832,,722,500,488,712,410,3434
6322,725,1226,1714,2456,2864,,725,501,488,742,408,3458
6091,722,1143,1608,2297,2681,,722,421,465,689,384,3410
6193,722,1221,1734,2408,2736,,722,499,513,674,328,3457
6290,708,1194,1681,2395,2805,,708,486,487,714,410,3485
6266,721,1221,1708,2420,2832,,721,500,487,712,412,3434
6292,721,1221,1709,2422,2831,,721,500,488,713,409,3461
6289,720,1220,1707,2398,2778,,720,500,487,691,380,3511
6298,720,1209,1692,2394,2805,,720,489,483,702,411,3493
6265,721,1221,1708,2400,2781,,721,500,487,692,381,3484
6250,722,1222,1710,2424,2838,,722,500,488,714,414,3412
6323,728,1229,1715,2428,2812,,728,501,486,713,384,3511
6127,717,1196,1655,2341,2724,,717,479,459,686,383,3403
6292,721,1184,1715,2408,2795,,721,463,531,693,387,3497
6291,708,1196,1684,2396,2809,,708,488,488,712,413,3482
6292,721,1221,1709,2422,2833,,721,500,488,713,411,3459
6401,722,1251,1761,2546,2995,,722,529,510,785,449,3406
6293,722,1222,1709,2401,2782,,722,500,487,692,381,3511
6190,707,1116,1604,2316,2750,,707,409,488,712,434,3440
6267,722,1224,1710,2401,2805,,722,502,486,691,404,3462
6344,721,1220,1708,2420,2862,,721,499,488,712,442,3482
6249,717,1204,1692,2403,2791,,717,487,488,711,388,3458
6121,719,1220,1708,2342,2713,,719,501,488,634,371,3408
6008,709,1184,1617,2242,2576,,709,475,433,625,334,3432
6178,703,1186,1659,2360,2756,,703,483,473,701,396,3422
6113,709,1186,1659,2359,2734,,709,477,473,700,375,3379
6035,707,1183,1679,2339,2676,,707,476,496,660,337,3359
6015,711,1184,1657,2317,2654,,711,473,473,660,337,3361
6065,711,1185,1638,2335,2689,,711,474,453,697,354,3376
5983,706,1180,1612,2266,2598,,706,474,432,654,332,3385
5935,710,1186,1617,2242,2576,,710,476,431,625,334,3359
5996,703,1135,1550,2189,2518,,703,432,415,639,329,3478
5984,711,1185,1615,2242,2609,,711,474,430,627,367,3375
5980,711,1142,1556,2195,2525,,711,431,414,639,330,3455
6281,717,1201,1674,2387,2784,,717,484,473,713,397,3497
6088,710,1185,1658,2359,2708,,710,475,473,701,349,3380
6034,709,1184,1658,2318,2656,,709,475,474,660,338,3378
6016,671,1161,1633,2296,2628,,671,490,472,663,332,3388
5980,686,1164,1637,2287,2608,,686,478,473,650,321,3372
5940,698,1187,1616,2245,2580,,698,489,429,629,335,3360
5935,708,1184,1614,2242,2575,,708,476,430,628,333,3360
6008,715,1144,1559,2194,2529,,715,429,415,635,335,3479
5941,711,1185,1616,2245,2575,,711,474,431,629,330,3366
5979,708,1141,1556,2194,2526,,708,433,415,638,332,3453
5985,708,1181,1654,2357,2656,,708,473,473,703,299,3329
6115,712,1187,1660,2362,2739,,712,475,473,702,377,3376
6042,708,1185,1656,2320,2652,,708,477,471,664,332,3390
6017,672,1161,1633,2294,2627,,672,489,472,661,333,3390
6028,708,1185,1665,2333,2678,,708,477,480,668,345,3350
5990,644,1139,1615,2274,2608,,644,495,476,659,334,3382
5935,710,1186,1614,2245,2578,,710,476,428,631,333,3357
5973,708,1183,1612,2241,2584,,708,475,429,629,343,3389
5916,669,1118,1555,2196,2526,,669,449,437,641,330,3390
5996,704,1174,1579,2209,2542,,704,470,405,630,333,3454
6036,712,1213,1686,2386,2686,,712,501,473,700,300,3350
6038,710,1185,1659,2319,2675,,710,475,474,660,356,3363
6011,711,1187,1659,2318,2653,,711,476,472,659,335,3358
5964,669,1133,1606,2267,2602,,669,464,473,661,335,3362
6002,706,1174,1646,2307,2644,,706,468,472,661,337,3358
5962,711,1185,1616,2244,2578,,711,474,431,628,334,3384
5934,708,1183,1612,2243,2575,,708,475,429,631,332,3359
6026,709,1185,1617,2245,2577,,709,476,432,628,332,3449
5941,710,1185,1617,2244,2577,,710,475,432,627,333,3364
5978,709,1183,1588,2215,2550,,709,474,405,627,335,3428
6012,710,1184,1663,2361,2661,,710,474,479,698,300,3351
6065,711,1186,1659,2321,2676,,711,475,473,662,355,3389
6036,710,1184,1655,2319,2652,,710,474,471,664,333,3384
5989,670,1159,1631,2294,2628,,670,489,472,663,334,3361
6036,709,1185,1657,2319,2651,,709,476,472,662,332,3385
5961,710,1186,1617,2242,2577,,710,476,431,625,335,3384
5934,711,1188,1617,2245,2575,,711,477,429,628,330,3359
5961,711,1184,1613,2243,2575,,711,473,429,630,332,3386
5965,710,1186,1614,2244,2578,,710,476,428,630,334,3387
5979,707,1181,1587,2215,2549,,707,474,406,628,334,3430
6110,690,1184,1657,2356,2777,,690,494,473,699,421,3333
6113,710,1188,1662,2363,2737,,710,478,474,701,374,3376
6056,689,1181,1679,2341,2673,,689,492,498,662,332,3383
5989,671,1160,1633,2294,2629,,671,489,473,661,335,3360
5987,671,1161,1633,2294,2630,,671,490,472,661,336,3357
5938,711,1186,1615,2245,2578,,711,475,429,630,333,3360
5854,710,1144,1571,2188,2506,,710,434,427,617,318,3348
6055,711,1188,1659,2294,2626,,711,477,471,635,332,3429
5964,709,1183,1613,2242,2575,,709,474,430,629,333,3389
6028,718,1209,1613,2240,2600,,718,491,404,627,360,3428
5948,710,1184,1607,2310,2608,,710,474,423,703,298,3340
6040,711,1187,1659,2319,2675,,711,476,472,660,356,3365
6011,711,1185,1659,2319,2655,,711,474,474,660,336,3356
5989,669,1159,1631,2294,2625,,669,490,472,663,331,3364
6322,677,1170,1659,2372,2782,,677,493,489,713,410,3540
6316,720,1221,1709,2421,2857,,720,501,488,712,436,3459
6292,720,1221,1708,2422,2831,,720,501,487,714,409,3461
6317,696,1195,1683,2394,2805,,696,499,488,711,411,3512
6323,721,1188,1675,2395,2803,,721,467,487,720,408,3520
6387,744,1269,1784,2522,2927,,744,525,515,738,405,3460
6291,721,1200,1660,2372,2783,,721,479,460,712,411,3508
6319,721,1221,1713,2421,2855,,721,500,492,708,434,3464
6294,722,1221,1709,2421,2856,,722,499,488,712,435,3438
6371,722,1221,1711,2452,2884,,722,499,490,741,432,3487
6292,723,1200,1713,2421,2831,,723,477,513,708,410,3461
6290,720,1220,1708,2419,2831,,720,500,488,711,412,3459
6342,751,1248,1759,2472,2881,,751,497,511,713,409,3461
6152,692,1160,1631,2335,2713,,692,468,471,704,378,3439
6064,709,1211,1682,2343,2675,,709,502,471,661,332,3389
5978,710,1173,1595,2214,2532,,710,463,422,619,318,3446
5912,711,1177,1597,2262,2579,,711,466,420,665,317,3333
6040,711,1186,1660,2321,2677,,711,475,474,661,356,3363
6017,711,1185,1658,2320,2652,,711,474,473,662,332,3365
5988,709,1143,1621,2268,2603,,709,434,478,647,335,3385
6113,711,1187,1659,2361,2740,,711,476,472,702,379,3373
5936,707,1181,1612,2241,2575,,707,474,431,629,334,3361
5937,710,1184,1614,2244,2576,,710,474,430,630,332,3361
6018,715,1185,1657,2317,2652,,715,470,472,660,335,3366
5966,711,1184,1616,2242,2575,,711,473,432,626,333,3391
6004,707,1185,1592,2217,2550,,707,478,407,625,333,3454
6009,706,1182,1655,2363,2669,,706,476,473,708,306,3340
6038,710,1185,1658,2320,2676,,710,475,473,662,356,3362
6012,709,1183,1656,2317,2652,,709,474,473,661,335,3360
5990,671,1120,1599,2269,2603,,671,449,479,670,334,3387
6036,710,1185,1617,2309,2663,,710,475,432,692,354,3373
6037,709,1213,1684,2343,2677,,709,504,471,659,334,3360
6012,710,1185,1657,2317,2653,,710,475,472,660,336,3359
5961,712,1208,1639,2267,2600,,712,496,431,628,333,3361
5941,712,1185,1614,2244,2577,,712,473,429,630,333,3364
5981,710,1184,1613,2243,2572,,710,474,429,630,329,3409
6064,709,1185,1617,2309,2714,,709,476,432,692,405,3350
6040,710,1186,1659,2321,2675,,710,476,473,662,354,3365
6061,709,1184,1657,2320,2676,,709,475,473,663,356,3385
5992,671,1119,1598,2269,2602,,671,448,479,671,333,3390
6111,710,1185,1658,2362,2740,,710,475,473,704,378,3371
6021,705,1193,1665,2327,2662,,705,488,472,662,335,3359
6030,711,1185,1662,2309,2655,,711,474,477,647,346,3375
5963,699,1196,1633,2270,2601,,699,497,437,637,331,3362
5966,712,1187,1616,2245,2578,,712,475,429,629,333,3388
5939,713,1184,1612,2251,2591,,713,471,428,639,340,3348
6116,699,1186,1658,2330,2711,,699,487,472,672,381,3405
6040,711,1186,1659,2320,2677,,711,475,473,661,357,3363
6035,708,1183,1656,2318,2651,,708,475,473,662,333,3384
5987,672,1118,1597,2267,2602,,672,446,479,670,335,3385
6086,709,1155,1627,2333,2711,,709,446,472,706,378,3375
6084,706,1193,1665,2327,2660,,706,487,472,662,333,3424
6008,706,1180,1652,2312,2648,,706,474,472,660,336,3360
5988,711,1153,1626,2294,2629,,711,442,473,668,335,3359
5967,712,1186,1614,2245,2578,,712,474,428,631,333,3389
6077,710,1186,1614,2275,2628,,710,476,428,661,353,3449
6186,705,1193,1691,2394,2787,,705,488,498,703,393,3399
6040,712,1186,1658,2320,2675,,712,474,472,662,355,3365
5985,710,1186,1642,2293,2628,,710,476,456,651,335,3357
6005,713,1186,1658,2320,2653,,713,473,472,662,333,3352
6143,713,1179,1647,2292,2708,,713,466,468,645,416,3435
6345,720,1220,1708,2420,2860,,720,500,488,712,440,3485
6319,720,1248,1733,2446,2855,,720,528,485,713,409,3464
6111,708,1143,1621,2310,2706,,708,435,478,689,396,3405
5964,710,1184,1614,2245,2576,,710,474,430,631,331,3388
6025,708,1183,1615,2240,2576,,708,475,432,625,336,3449
6180,710,1184,1656,2343,2724,,710,474,472,687,381,3456
6113,709,1185,1656,2359,2733,,709,476,471,703,374,3380
6035,708,1184,1659,2317,2652,,708,476,475,658,335,3383
5966,711,1144,1581,2244,2580,,711,433,437,663,336,3386
6220,711,1142,1635,2347,2758,,711,431,493,712,411,3462
6290,720,1219,1711,2419,2832,,720,499,492,708,413,3458
6264,721,1219,1708,2419,2831,,721,498,489,711,412,3433
6128,707,1146,1624,2334,2685,,707,439,478,710,351,3443
6039,710,1185,1658,2318,2653,,710,475,473,660,335,3386
6104,712,1186,1659,2318,2653,,712,474,473,659,335,3451
6245,711,1185,1657,2361,2778,,711,474,472,704,417,3467
6038,712,1185,1656,2321,2674,,712,473,471,665,353,3364
6038,712,1209,1681,2343,2678,,712,497,472,662,335,3360
6038,709,1185,1655,2319,2652,,709,476,470,664,333,3386
5961,681,1120,1598,2269,2605,,681,439,478,671,336,3356
6010,710,1181,1654,2316,2651,,710,471,473,662,335,3359
6038,711,1188,1660,2322,2653,,711,477,472,662,331,3385
5960,710,1185,1643,2270,2601,,710,475,458,627,331,3359
5941,709,1185,1615,2245,2576,,709,476,430,630,331,3365
5998,675,1162,1633,2294,2631,,675,487,471,661,337,3367
5981,708,1185,1657,2325,2624,,708,477,472,668,299,3357
6037,710,1185,1684,2346,2676,,710,475,499,662,330,3361
6061,710,1185,1658,2323,2678,,710,475,473,665,355,3383
6041,712,1185,1657,2320,2654,,712,473,472,663,334,3387
5954,720,1159,1576,2231,2578,,720,439,417,655,347,3376
6018,704,1193,1666,2328,2662,,704,489,473,662,334,3356
6031,710,1186,1658,2307,2681,,710,476,472,649,374,3350
6039,712,1186,1670,2319,2656,,712,474,484,649,337,3383
5987,710,1185,1639,2270,2603,,710,475,454,631,333,3384
6128,683,1160,1631,2335,2712,,683,477,471,704,377,3416
6129,704,1193,1663,2368,2748,,704,489,470,705,380,3381
6014,712,1188,1660,2321,2656,,712,476,472,661,335,3358
6038,711,1189,1663,2320,2652,,711,478,474,657,332,3386
5937,710,1185,1618,2245,2577,,710,475,433,627,332,3360
5979,710,1181,1624,2281,2628,,710,471,443,657,347,3351
6039,702,1168,1622,2254,2587,,702,466,454,632,333,3452
6015,712,1186,1658,2363,2661,,712,474,472,705,298,3354
6063,711,1186,1670,2320,2677,,711,475,484,650,357,3386
5937,711,1184,1614,2246,2578,,711,473,430,632,332,3359
6042,658,1107,1581,2293,2669,,658,449,474,712,376,3373
6357,718,1211,1728,2463,2851,,718,493,517,735,388,3506
6370,721,1221,1737,2447,2881,,721,500,516,710,434,3489
6317,721,1221,1708,2420,2858,,721,500,487,712,438,3459
6284,721,1220,1709,2450,2856,,721,499,489,741,406,3428
6143,722,1152,1553,2272,2682,,722,430,401,719,410,3461
6270,698,1197,1686,2398,2809,,698,499,489,712,411,3461
6292,723,1200,1661,2373,2781,,723,477,461,712,408,3511
6207,724,1222,1659,2360,2755,,724,498,437,701,395,3452
6114,711,1185,1657,2361,2737,,711,474,472,704,376,3377
6063,710,1137,1610,2311,2687,,710,427,473,701,376,3376
6017,710,1185,1658,2320,2655,,710,475,473,662,335,3362
6039,712,1186,1661,2321,2654,,712,474,475,660,333,3385
6038,712,1186,1659,2320,2654,,712,474,473,661,334,3384
6010,711,1186,1657,2321,2653,,711,475,471,664,332,3357
6038,711,1144,1623,2310,2662,,711,433,479,687,352,3376
6037,710,1184,1655,2319,2652,,710,474,471,664,333,3385
6011,710,1185,1657,2322,2653,,710,475,472,665,331,3358
6013,709,1183,1654,2322,2652,,709,474,471,668,330,3361
5912,670,1119,1556,2217,2554,,670,449,437,661,337,3358
6042,712,1148,1579,2287,2663,,712,436,431,708,376,3379
6039,708,1183,1656,2318,2653,,708,475,473,662,335,3386
5980,710,1185,1670,2294,2623,,710,475,485,624,329,3357
5988,711,1187,1618,2269,2605,,711,476,431,651,336,3383
6014,712,1186,1659,2320,2655,,712,474,473,661,335,3359
6211,705,1200,1610,2312,2721,,705,495,410,702,409,3490
6373,750,1247,1735,2447,2886,,750,497,488,712,439,3487
6343,722,1222,1710,2452,2885,,722,500,488,742,433,3458
6291,720,1199,1658,2371,2808,,720,479,459,713,437,3483
6292,722,1221,1709,2421,2834,,722,499,488,712,413,3458
6226,702,1219,1649,2354,2765,,702,517,430,705,411,3461
6268,721,1222,1709,2422,2813,,721,501,487,713,391,3455
6267,722,1221,1709,2422,2831,,722,499,488,713,409,3436
6293,723,1251,1715,2398,2808,,723,528,464,683,410,3485
6318,723,1222,1711,2422,2863,,723,499,489,711,441,3455
6268,721,1200,1659,2400,2809,,721,479,459,741,409,3459
6293,723,1250,1735,2447,2859,,723,527,485,712,412,3434
6293,723,1222,1691,2373,2783,,723,499,469,682,410,3510
6268,752,1224,1683,2396,2807,,752,472,459,713,411,3461
6445,751,1279,1764,2575,2994,,751,528,485,811,419,3451
6117,716,1155,1580,2271,2668,,716,439,425,691,397,3449
6102,705,1193,1665,2369,2722,,705,488,472,704,353,3380
6038,711,1185,1658,2320,2654,,711,474,473,662,334,3384
6037,711,1186,1659,2320,2678,,711,475,473,661,358,3359
6013,711,1186,1658,2320,2655,,711,475,472,662,335,3358
6115,711,1186,1658,2360,2737,,711,475,472,702,377,3378
6048,706,1196,1669,2329,2665,,706,490,473,660,336,3383
6012,712,1185,1657,2321,2655,,712,473,472,664,334,3357
6014,711,1186,1657,2322,2655,,711,475,471,665,333,3359
6116,709,1143,1579,2261,2667,,709,434,436,682,406,3449
6295,721,1199,1683,2395,2807,,721,478,484,712,412,3488
6344,719,1219,1707,2419,2854,,719,500,488,712,435,3490
6318,753,1247,1735,2448,2858,,753,494,488,713,410,3460
6317,722,1251,1734,2446,2857,,722,529,483,712,411,3460
6369,722,1252,1788,2534,2933,,722,530,536,746,399,3436
6102,747,1183,1622,2323,2694,,747,436,439,701,371,3408
6324,729,1226,1710,2423,2835,,729,497,484,713,412,3489
6293,724,1223,1711,2401,2834,,724,499,488,690,433,3459
6212,723,1222,1709,2421,2833,,723,499,487,712,412,3379
6326,725,1223,1711,2423,2833,,725,498,488,712,410,3493
6323,723,1221,1679,2396,2807,,723,498,458,717,411,3516
6344,722,1221,1709,2422,2857,,722,499,488,713,435,3487
6325,745,1229,1718,2458,2889,,745,484,489,740,431,3436
6316,722,1221,1709,2422,2863,,722,499,488,713,441,3453
6321,721,1222,1688,2372,2782,,721,501,466,684,410,3539
6349,723,1222,1739,2447,2861,,723,499,517,708,414,3488
6348,721,1222,1709,2423,2861,,721,501,487,714,438,3487
6234,724,1223,1690,2373,2784,,724,499,467,683,411,3450
6217,710,1196,1684,2370,2758,,710,486,488,686,388,3459
6345,720,1221,1710,2450,2858,,720,501,489,740,408,3487
6280,721,1222,1656,2361,2779,,721,501,434,705,418,3501
5919,706,1182,1653,2278,2596,,706,476,471,625,318,3323
6042,710,1186,1657,2318,2673,,710,476,471,661,355,3369
5934,707,1184,1614,2241,2575,,707,477,430,627,334,3359
6179,710,1187,1658,2361,2751,,710,477,471,703,390,3428
6254,726,1212,1682,2386,2780,,726,486,470,704,394,3474
6102,704,1193,1664,2369,2720,,704,489,471,705,351,3382
6015,712,1186,1658,2320,2655,,712,474,472,662,335,3360
5960,711,1187,1618,2245,2581,,711,476,431,627,336,3379
6130,649,1138,1609,2313,2702,,649,489,471,704,389,3428
6205,674,1161,1632,2336,2756,,674,487,471,704,420,3449
6099,704,1167,1638,2345,2720,,704,463,471,707,375,3379
5989,711,1186,1615,2269,2603,,711,475,429,654,334,3386
5949,711,1186,1616,2247,2577,,711,475,430,631,330,3372
6203,709,1184,1656,2359,2776,,709,475,472,703,417,3427
6129,643,1135,1606,2311,2702,,643,492,471,705,391,3427
6073,704,1168,1639,2344,2696,,704,464,471,705,352,3377
6017,710,1185,1657,2317,2654,,710,475,472,660,337,3363
5937,711,1185,1615,2244,2580,,711,474,430,629,336,3357
6131,660,1137,1609,2312,2705,,660,477,472,703,393,3426
6221,664,1149,1637,2350,2760,,664,485,488,713,410,3461
6324,721,1221,1710,2423,2838,,721,500,489,713,415,3486
6326,716,1204,1693,2403,2814,,716,488,489,710,411,3512
6293,722,1222,1710,2422,2834,,722,500,488,712,412,3459
6320,721,1220,1714,2421,2832,,721,499,494,707,411,3488
6268,723,1222,1688,2372,2783,,723,499,466,684,411,3485
6328,718,1209,1697,2409,2819,,718,491,488,712,410,3509
6292,727,1222,1710,2401,2809,,727,495,488,691,408,3483
6269,721,1221,1689,2372,2784,,721,500,468,683,412,3485
6344,721,1221,1710,2420,2856,,721,500,489,710,436,3488
6106,684,1154,1596,2235,2653,,684,470,442,639,418,3453
5935,709,1184,1656,2277,2595,,709,475,472,621,318,3340
6042,715,1187,1660,2319,2677,,715,472,473,659,358,3365
5938,713,1186,1617,2246,2580,,713,473,431,629,334,3358
6153,685,1127,1598,2285,2703,,685,442,471,687,418,3450
6081,668,1077,1560,2273,2647,,668,409,483,713,374,3434
5937,712,1185,1658,2281,2598,,712,473,473,623,317,3339
6013,710,1184,1658,2320,2654,,710,474,474,662,334,3359
5759,632,1042,1438,2069,2387,,632,410,396,631,318,3372
5740,626,1026,1420,2068,2390,,626,400,394,648,322,3350
5801,611,970,1451,2100,2438,,611,359,481,649,338,3363
6095,708,1184,1657,2358,2709,,708,476,473,701,351,3386
6038,711,1189,1686,2346,2681,,711,478,497,660,335,3357
5937,707,1183,1612,2241,2574,,707,476,429,629,333,3363
6152,709,1142,1621,2333,2723,,709,433,479,712,390,3429
6080,650,1067,1548,2235,2637,,650,417,481,687,402,3443
6089,708,1185,1657,2359,2710,,708,477,472,702,351,3379
6012,710,1184,1655,2317,2653,,710,474,471,662,336,3359
5938,708,1185,1617,2242,2576,,708,477,432,625,334,3362
6030,658,1081,1480,2186,2604,,658,423,399,706,418,3426
6080,650,1065,1534,2235,2648,,650,415,469,701,413,3432
6115,709,1182,1652,2358,2733,,709,473,470,706,375,3382
6035,710,1185,1656,2317,2653,,710,475,471,661,336,3382
5955,705,1180,1635,2264,2596,,705,475,455,629,332,3359
6100,709,1141,1553,2258,2649,,709,432,412,705,391,3451
6004,643,1039,1439,2145,2529,,643,396,400,706,384,3475
6066,708,1184,1656,2359,2710,,708,476,472,703,351,3356
6036,712,1185,1656,2319,2653,,712,473,471,663,334,3383
5935,708,1181,1612,2240,2572,,708,473,431,628,332,3363
6028,658,1081,1480,2186,2578,,658,423,399,706,392,3450
6081,650,1069,1529,2235,2629,,650,419,460,706,394,3452
6096,717,1191,1662,2365,2718,,717,474,471,703,353,3378
5987,710,1185,1617,2271,2605,,710,475,432,654,334,3382
5945,710,1186,1616,2241,2575,,710,476,430,625,334,3370
6101,707,1140,1554,2257,2674,,707,433,414,703,417,3427
6003,644,1062,1458,2159,2578,,644,418,396,701,419,3425
6082,706,1178,1651,2353,2703,,706,472,473,702,350,3379
6022,709,1184,1657,2318,2654,,709,475,473,661,336,3368
5941,709,1185,1616,2243,2576,,709,476,431,627,333,3365
5956,703,1137,1551,2187,2546,,703,434,414,636,359,3410
6030,651,1070,1482,2185,2580,,651,419,412,703,395,3450
6092,710,1183,1656,2360,2710,,710,473,473,704,350,3382
6012,710,1185,1659,2318,2653,,710,475,474,659,335,3359
5958,707,1182,1611,2240,2575,,707,475,429,629,335,3383
6027,710,1142,1555,2193,2589,,710,432,413,638,396,3438
6099,656,1117,1542,2254,2643,,656,461,425,712,389,3456
6293,723,1223,1709,2421,2835,,723,500,486,712,414,3458
6268,722,1223,1710,2423,2834,,722,501,487,713,411,3434
6193,722,1224,1710,2422,2755,,722,502,486,712,333,3438
6344,720,1220,1708,2420,2856,,720,500,488,712,436,3488
6133,679,1139,1529,2232,2642,,679,460,390,703,410,3491
6250,716,1211,1699,2440,2849,,716,495,488,741,409,3401
6293,722,1197,1686,2399,2833,,722,475,489,713,434,3460
6318,722,1222,1710,2422,2833,,722,500,488,712,411,3485
6394,745,1267,1781,2517,2965,,745,522,514,736,448,3429
6001,705,1118,1527,2170,2562,,705,413,409,643,392,3439
5961,710,1195,1670,2304,2624,,710,485,475,634,320,3337
6284,711,1186,1659,2362,2777,,711,475,473,703,415,3507
6016,711,1185,1657,2321,2654,,711,474,472,664,333,3362
6051,657,1132,1604,2229,2617,,657,475,472,625,388,3434
6206,710,1185,1662,2360,2776,,710,475,477,698,416,3430
6088,709,1181,1652,2357,2731,,709,472,471,705,374,3357
6012,691,1184,1658,2320,2655,,691,493,474,662,335,3357
5935,709,1183,1613,2242,2574,,709,474,430,629,332,3361
5916,700,1191,1661,2284,2580,,700,491,470,623,296,3336
6229,699,1201,1673,2350,2782,,699,502,472,677,432,3447
6304,747,1230,1718,2430,2841,,747,483,488,712,411,3463
6415,749,1275,1787,2576,2969,,749,526,512,789,393,3446
6367,751,1275,1759,2575,2916,,751,524,484,816,341,3451
6322,754,1247,1735,2448,2857,,754,493,488,713,409,3465
6179,712,1194,1630,2334,2728,,712,482,436,704,394,3451
6173,707,1182,1653,2359,2750,,707,475,471,706,391,3423
6036,713,1185,1657,2318,2653,,713,472,472,661,335,3383
5935,708,1184,1613,2241,2575,,708,476,429,628,334,3360
6183,699,1164,1636,2340,2732,,699,465,472,704,392,3451
6242,673,1172,1660,2372,2782,,673,499,488,712,410,3460
6353,716,1207,1695,2407,2843,,716,491,488,712,436,3510
6343,752,1248,1735,2448,2882,,752,496,487,713,434,3461
6294,723,1224,1711,2402,2784,,723,501,487,691,382,3510
6323,726,1222,1710,2422,2832,,726,496,488,712,410,3491
6217,721,1209,1619,2347,2757,,721,488,410,728,410,3460
6338,722,1223,1710,2422,2834,,722,501,487,712,412,3504
6293,723,1198,1685,2397,2835,,723,475,487,712,438,3458
6293,723,1224,1711,2423,2834,,723,501,487,712,411,3459
6318,724,1223,1710,2422,2859,,724,499,487,712,437,3459
6271,725,1223,1711,2423,2833,,725,498,488,712,410,3438
6076,707,1175,1622,2282,2669,,707,468,447,660,387,3407
6243,711,1187,1662,2363,2780,,711,476,475,701,417,3463
6042,714,1187,1660,2322,2655,,714,473,473,662,333,3387
5989,678,1161,1634,2294,2630,,678,483,473,660,336,3359
5944,637,1095,1571,2222,2579,,637,458,476,651,357,3365
6088,717,1207,1680,2343,2701,,717,490,473,663,358,3387
5987,710,1154,1626,2270,2604,,710,444,472,644,334,3383
6035,708,1183,1655,2317,2652,,708,475,472,662,335,3383
5938,708,1185,1616,2244,2576,,708,477,431,628,332,3362
5940,701,1203,1631,2250,2569,,701,502,428,619,319,3371
6027,709,1184,1653,2268,2603,,709,475,469,615,335,3424
6179,710,1185,1656,2359,2750,,710,475,471,703,391,3429
6068,710,1186,1682,2346,2701,,710,476,496,664,355,3367
5913,670,1121,1533,2168,2501,,670,451,412,635,333,3412
5932,713,1147,1572,2213,2577,,713,434,425,641,364,3355
5874,634,1122,1551,2183,2517,,634,488,429,632,334,3357
5915,710,1146,1559,2193,2528,,710,436,413,634,335,3387
5912,711,1143,1557,2194,2528,,711,432,414,637,334,3384
5912,709,1142,1557,2193,2526,,709,433,415,636,333,3386
5952,706,1153,1594,2229,2562,,706,447,441,635,333,3390
5939,712,1144,1561,2194,2528,,712,432,417,633,334,3411
5811,652,1069,1482,2118,2451,,652,417,413,636,333,3360
5913,710,1143,1556,2194,2527,,710,433,413,638,333,3386
5906,712,1151,1554,2189,2507,,712,439,403,635,318,3399
5957,711,1175,1596,2234,2598,,711,464,421,638,364,3359
5830,663,1082,1480,2113,2456,,663,419,398,633,343,3374
5913,711,1145,1580,2221,2553,,711,434,435,641,332,3360
5911,711,1143,1556,2195,2527,,711,432,413,639,332,3384
5913,712,1144,1556,2194,2528,,712,432,412,638,334,3385
6051,717,1215,1700,2352,2692,,717,498,485,652,340,3359
5929,705,1137,1550,2187,2521,,705,432,413,637,334,3408
5913,711,1145,1557,2193,2527,,711,434,412,636,334,3386
5914,711,1145,1559,2194,2529,,711,434,414,635,335,3385
5939,712,1145,1583,2221,2555,,712,433,438,638,334,3384
5905,710,1143,1559,2187,2531,,710,433,416,628,344,3374
5803,661,1081,1480,2113,2457,,661,420,399,633,344,3346
5838,672,1093,1502,2144,2481,,672,421,409,642,337,3357
5911,711,1145,1559,2193,2528,,711,434,414,634,335,3383
5910,670,1118,1532,2168,2501,,670,448,414,636,333,3409
5917,710,1143,1556,2195,2526,,710,433,413,639,331,3391
5912,711,1145,1558,2194,2528,,711,434,413,636,334,3384
5940,675,1122,1538,2174,2508,,675,447,416,636,334,3432
5939,710,1169,1582,2218,2553,,710,459,413,636,335,3386
5912,710,1149,1560,2192,2540,,710,439,411,632,348,3372
5907,713,1146,1561,2190,2535,,713,433,415,629,345,3372
5914,682,1126,1558,2195,2528,,682,444,432,637,333,3386
5914,711,1145,1560,2199,2527,,711,434,415,639,328,3387
5924,712,1142,1555,2193,2527,,712,430,413,638,334,3397
5913,709,1144,1557,2194,2527,,709,435,413,637,333,3386
5918,710,1145,1558,2197,2527,,710,435,413,639,330,3391
5913,711,1143,1557,2193,2528,,711,432,414,636,335,3385
5914,712,1144,1558,2194,2528,,712,432,414,636,334,3386
5915,711,1145,1557,2195,2528,,711,434,412,638,333,3387
5913,711,1145,1559,2198,2555,,711,434,414,639,357,3358
5904,710,1144,1557,2191,2512,,710,434,413,634,321,3392
5778,651,1084,1484,2115,2434,,651,433,400,631,319,3344
5913,712,1146,1559,2197,2530,,712,434,413,638,333,3383
6015,712,1188,1660,2320,2654,,712,476,472,660,334,3361
6032,712,1146,1582,2245,2625,,712,434,436,663,380,3407
6223,723,1222,1710,2324,2758,,723,499,488,614,434,3465
6293,681,1173,1661,2375,2787,,681,492,488,714,412,3506
6265,723,1221,1709,2423,2779,,723,498,488,714,356,3486
6293,723,1223,1710,2423,2812,,723,500,487,713,389,3481
6205,722,1224,1654,2361,2755,,722,502,430,707,394,3450
6075,712,1185,1659,2327,2702,,712,473,474,668,375,3373
6116,719,1168,1658,2362,2739,,719,449,490,704,377,3377
5980,709,1142,1557,2197,2527,,709,433,415,640,330,3453
6213,712,1185,1656,2360,2777,,712,473,471,704,417,3436
6098,710,1185,1655,2360,2710,,710,475,470,705,350,3388
5958,698,1185,1616,2243,2577,,698,487,431,627,334,3381
6034,673,1121,1548,2243,2626,,673,448,427,695,383,3408
6294,723,1224,1710,2423,2833,,723,501,486,713,410,3461
6295,723,1252,1736,2448,2838,,723,529,484,712,390,3457
6182,723,1203,1646,2337,2733,,723,480,443,691,396,3449
6105,698,1163,1636,2297,2667,,698,465,473,661,370,3438
6199,706,1190,1665,2371,2792,,706,484,475,706,421,3407
6013,712,1185,1656,2321,2653,,712,473,471,665,332,3360
6008,707,1183,1654,2317,2650,,707,476,471,663,333,3358
6011,711,1184,1656,2316,2651,,711,473,472,660,335,3360
6016,710,1183,1655,2316,2653,,710,473,472,661,337,3363
5980,703,1174,1606,2232,2566,,703,471,432,626,334,3414
5961,710,1184,1614,2269,2601,,710,474,430,655,332,3360
6009,704,1191,1620,2249,2583,,704,487,429,629,334,3426
6136,710,1187,1658,2360,2734,,710,477,471,702,374,3402
6072,710,1184,1656,2317,2701,,710,474,472,661,384,3371
5956,711,1187,1617,2257,2597,,711,476,430,640,340,3359
5927,705,1137,1551,2184,2522,,705,432,414,633,338,3405
5912,711,1141,1556,2193,2527,,711,430,415,637,334,3385
5912,713,1145,1559,2195,2526,,713,432,414,636,331,3386
5918,712,1148,1559,2195,2528,,712,436,411,636,333,3390
5912,671,1116,1531,2167,2501,,671,445,415,636,334,3411
5915,711,1146,1557,2195,2528,,711,435,411,638,333,3387
5915,711,1143,1559,2195,2529,,711,432,416,636,334,3386
5913,709,1143,1557,2180,2534,,709,434,414,623,354,3379
6023,672,1108,1564,2238,2602,,672,436,456,674,364,3421
6295,725,1146,1638,2350,2785,,725,421,492,712,435,3510
6220,723,1223,1711,2345,2759,,723,500,488,634,414,3461
6296,724,1222,1711,2424,2833,,724,498,489,713,409,3463
6294,724,1223,1711,2425,2834,,724,499,488,714,409,3460
6091,653,1137,1608,2314,2708,,653,484,471,706,394,3383
5963,713,1186,1618,2270,2603,,713,473,432,652,333,3360
5916,712,1144,1561,2194,2526,,712,432,417,633,332,3390
5933,712,1145,1582,2223,2558,,712,433,437,641,335,3375
5805,669,1069,1479,2116,2447,,669,400,410,637,331,3358
5921,710,1144,1561,2195,2529,,710,434,417,634,334,3392
5907,675,1109,1525,2143,2487,,675,434,416,618,344,3420
5917,711,1144,1558,2194,2528,,711,433,414,636,334,3389
5912,710,1146,1555,2191,2525,,710,436,409,636,334,3387
5912,711,1143,1556,2194,2528,,711,432,413,638,334,3384
5907,686,1121,1536,2166,2484,,686,435,415,630,318,3423
5909,723,1163,1561,2191,2509,,723,440,398,630,318,3400
5912,712,1145,1559,2196,2530,,712,433,414,637,334,3382
5917,712,1144,1557,2197,2528,,712,432,413,640,331,3389
5916,710,1142,1557,2192,2527,,710,432,415,635,335,3389
5914,688,1121,1542,2173,2504,,688,433,421,631,331,3410
5975,710,1138,1554,2211,2573,,710,428,416,657,362,3402
6134,719,1224,1691,2374,2768,,719,505,467,683,394,3366
5914,714,1146,1582,2197,2530,,714,432,436,615,333,3384
5914,713,1142,1559,2194,2530,,713,429,417,635,336,3384
5908,712,1144,1563,2194,2512,,712,432,419,631,318,3396
5915,712,1145,1559,2199,2529,,712,433,414,640,330,3386
5912,711,1145,1558,2193,2515,,711,434,413,635,322,3397
5916,711,1143,1557,2194,2542,,711,432,414,637,348,3374
5916,711,1144,1558,2193,2527,,711,433,414,635,334,3389
5926,711,1145,1558,2198,2529,,711,434,413,640,331,3397
5801,659,1077,1477,2110,2433,,659,418,400,633,323,3368
5840,674,1122,1534,2145,2480,,674,448,412,611,335,3360
5915,672,1119,1534,2169,2492,,672,447,415,635,323,3423
5914,713,1145,1562,2194,2529,,713,432,417,632,335,3385
5919,711,1146,1557,2199,2530,,711,435,411,642,331,3389
5913,710,1146,1558,2195,2527,,710,436,412,637,332,3386
5912,711,1143,1557,2194,2526,,711,432,414,637,332,3386
5913,712,1144,1557,2193,2526,,712,432,413,636,333,3387
5916,713,1146,1561,2195,2529,,713,433,415,634,334,3387
5923,712,1169,1584,2222,2554,,712,457,415,638,332,3369
6130,712,1146,1602,2310,2704,,712,434,456,708,394,3426
6201,718,1208,1694,2392,2772,,718,490,486,698,380,3429
6040,712,1187,1684,2346,2680,,712,475,497,662,334,3360
5912,712,1144,1558,2194,2528,,712,432,414,636,334,3384
5918,713,1148,1559,2190,2543,,713,435,411,631,353,3375
5911,709,1145,1558,2194,2528,,709,436,413,636,334,3383
5911,711,1143,1557,2195,2528,,711,432,414,638,333,3383
5916,712,1144,1559,2169,2503,,712,432,415,610,334,3413
5916,711,1144,1559,2196,2528,,711,433,415,637,332,3388
5819,667,1068,1479,2115,2442,,667,401,411,636,327,3377
6093,694,1186,1616,2274,2630,,694,492,430,658,356,3463
6169,697,1119,1611,2324,2713,,697,422,492,713,389,3456
6292,722,1222,1710,2424,2833,,722,500,488,714,409,3459
6293,724,1224,1712,2423,2835,,724,500,488,711,412,3458
6220,724,1203,1662,2350,2758,,724,479,459,688,408,3462
6159,676,1163,1634,2337,2732,,676,487,471,703,395,3427
5913,713,1186,1659,2281,2575,,713,473,473,622,294,3338
5939,713,1188,1660,2282,2602,,713,475,472,622,320,3337
5942,713,1189,1659,2285,2602,,713,476,470,626,317,3340
6096,713,1189,1621,2234,2638,,713,476,432,613,404,3458
6146,710,1199,1686,2341,2700,,710,489,487,655,359,3446
6297,721,1222,1709,2422,2833,,721,501,487,713,411,3464
6291,722,1221,1710,2423,2833,,722,499,489,713,410,3458
6293,722,1252,1736,2447,2857,,722,530,484,711,410,3436
6193,723,1222,1710,2422,2743,,723,499,488,712,321,3450
6266,724,1223,1712,2424,2834,,724,499,489,712,410,3432
6294,711,1199,1687,2399,2807,,711,488,488,712,408,3487
6319,724,1224,1712,2424,2858,,724,500,488,712,434,3461
6293,724,1223,1711,2403,2809,,724,499,488,692,406,3484
6294,723,1223,1716,2424,2815,,723,500,493,708,391,3479
6195,723,1198,1664,2348,2733,,723,475,466,684,385,3462
6325,720,1204,1695,2391,2822,,720,484,491,696,431,3503
6294,724,1223,1713,2422,2832,,724,499,490,709,410,3462
6295,725,1223,1712,2423,2834,,725,498,489,711,411,3461
6133,724,1203,1661,2295,2697,,724,479,458,634,402,3436
6044,712,1188,1617,2313,2709,,712,476,429,696,396,3335
6139,712,1187,1660,2362,2755,,712,475,473,702,393,3384
6141,712,1188,1661,2362,2755,,712,476,473,701,393,3386
6222,712,1188,1658,2363,2779,,712,476,470,705,416,3443
6224,665,1149,1617,2324,2734,,665,484,468,707,410,3490
6294,722,1223,1711,2403,2784,,722,501,488,692,381,3510
6239,719,1205,1723,2431,2807,,719,486,518,708,376,3432
6167,712,1188,1660,2363,2757,,712,476,472,703,394,3410
6215,713,1187,1684,2387,2778,,713,474,497,703,391,3437
6100,713,1188,1660,2362,2734,,713,475,472,702,372,3366
6140,712,1187,1658,2362,2736,,712,475,471,704,374,3404
6094,712,1186,1658,2361,2711,,712,474,472,703,350,3383
6118,713,1188,1660,2363,2739,,713,475,472,703,376,3379
6120,712,1187,1659,2363,2738,,712,475,472,704,375,3382
6195,712,1201,1635,2334,2750,,712,489,434,699,416,3445
6219,732,1223,1713,2422,2766,,732,491,490,709,344,3453
6297,726,1225,1713,2425,2782,,726,499,488,712,357,3515
6295,724,1224,1712,2424,2835,,724,500,488,712,411,3460
6294,724,1225,1691,2375,2785,,724,501,466,684,410,3509
6131,725,1171,1650,2339,2692,,725,446,479,689,353,3439
6220,656,1148,1641,2349,2759,,656,492,493,708,410,3461
6322,722,1223,1711,2423,2834,,722,501,488,712,411,3488
6294,723,1254,1738,2449,2859,,723,531,484,711,410,3435
6286,725,1225,1738,2450,2822,,725,500,513,712,372,3464
6248,712,1190,1663,2363,2780,,712,478,473,700,417,3468
6195,714,1186,1658,2339,2730,,714,472,472,681,391,3465
6206,718,1215,1669,2325,2740,,718,497,454,656,415,3466
6320,754,1250,1737,2449,2859,,754,496,487,712,410,3461
6272,725,1225,1712,2424,2834,,725,500,487,712,410,3438
6068,711,1185,1668,2296,2627,,711,474,483,628,331,3441
6296,725,1224,1712,2424,2835,,725,499,488,712,411,3461
6301,725,1253,1738,2450,2861,,725,528,485,712,411,3440
6320,725,1225,1742,2449,2862,,725,500,517,707,413,3458
6256,724,1223,1711,2423,2797,,724,499,488,712,374,3459
6127,713,1187,1667,2387,2737,,713,474,480,720,350,3390
5945,711,1158,1588,2220,2552,,711,447,430,632,332,3393
6093,662,1082,1523,2221,2631,,662,420,441,698,410,3462
6321,725,1225,1713,2455,2863,,725,500,488,742,408,3458
6344,725,1224,1712,2454,2889,,725,499,488,742,435,3455
6047,725,1224,1628,2245,2579,,725,499,404,617,334,3468
6130,694,1185,1654,2360,2688,,694,491,469,706,328,3442
6182,713,1188,1658,2365,2757,,713,475,470,707,392,3425
5938,714,1190,1661,2283,2601,,714,476,471,622,318,3337
6144,714,1189,1661,2365,2756,,714,475,472,704,391,3388
6282,713,1188,1664,2363,2779,,713,475,476,699,416,3503
6068,713,1188,1661,2320,2678,,713,475,473,659,358,3390
6151,675,1139,1606,2289,2664,,675,464,467,683,375,3487
6294,723,1224,1712,2423,2833,,723,501,488,711,410,3461
6294,723,1224,1713,2423,2834,,723,501,489,710,411,3460
6172,717,1195,1619,2330,2727,,717,478,424,711,397,3445
6257,714,1188,1662,2363,2785,,714,474,474,701,422,3472
6115,714,1188,1661,2364,2718,,714,474,473,703,354,3397
6165,714,1188,1659,2364,2756,,714,474,471,705,392,3409
6117,711,1188,1662,2364,2715,,711,477,474,702,351,3402
6143,713,1188,1660,2363,2740,,713,475,472,703,377,3403
6132,712,1192,1674,2320,2699,,712,480,482,646,379,3433
6196,724,1225,1714,2389,2754,,724,501,489,675,365,3442
6295,723,1224,1711,2424,2833,,723,501,487,713,409,3462
6324,723,1224,1715,2424,2835,,723,501,491,709,411,3489
6193,724,1205,1663,2374,2731,,724,481,458,711,357,3462
6296,724,1225,1712,2424,2834,,724,501,487,712,410,3462
6274,730,1225,1712,2427,2834,,730,495,487,715,407,3440
6270,699,1199,1687,2399,2810,,699,500,488,712,411,3460
6296,725,1225,1712,2424,2835,,725,500,487,712,411,3461
6269,724,1204,1686,2387,2819,,724,480,482,701,432,3450
6271,672,1177,1663,2375,2786,,672,505,486,712,411,3485
6268,722,1222,1710,2423,2833,,722,500,488,713,410,3435
6268,724,1222,1712,2425,2833,,724,498,490,713,408,3435
6294,723,1223,1712,2403,2834,,723,500,489,691,431,3460
6278,724,1224,1713,2408,2813,,724,500,489,695,405,3465
6294,731,1224,1711,2424,2833,,731,493,487,713,409,3461
6270,756,1253,1739,2450,2841,,756,497,486,711,391,3429
6296,725,1225,1712,2425,2837,,725,500,487,713,412,3459
6348,724,1255,1740,2451,2886,,724,531,485,711,435,3462
6118,725,1224,1680,2335,2727,,725,499,456,655,392,3391
6294,723,1224,1710,2424,2860,,723,501,486,714,436,3434
6320,722,1223,1736,2451,2859,,722,501,513,715,408,3461
6293,723,1222,1710,2421,2831,,723,499,488,711,410,3462
6269,724,1224,1711,2404,2810,,724,500,487,693,406,3459
6225,724,1224,1692,2376,2784,,724,500,468,684,408,3441
6295,724,1223,1714,2423,2834,,724,499,491,709,411,3461
6368,753,1248,1767,2549,2951,,753,495,519,782,402,3417
6295,725,1225,1713,2426,2835,,725,500,488,713,409,3460
6320,724,1225,1711,2425,2859,,724,501,486,714,434,3461
6180,698,1199,1656,2361,2744,,698,501,457,705,383,3436
6092,712,1107,1578,2262,2682,,712,395,471,684,420,3410
6148,716,1214,1644,2295,2695,,716,498,430,651,400,3453
6268,723,1222,1710,2422,2832,,723,499,488,712,410,3436
6267,722,1223,1709,2402,2782,,722,501,486,693,380,3485
6183,723,1225,1710,2404,2757,,723,502,485,694,353,3426
6294,714,1145,1638,2349,2785,,714,431,493,711,436,3509
6295,726,1226,1712,2424,2835,,726,500,486,712,411,3460
6288,753,1250,1736,2448,2859,,753,497,486,712,411,3429
6218,719,1213,1684,2389,2781,,719,494,471,705,392,3437
6280,715,1188,1684,2388,2804,,715,473,496,704,416,3476
6271,713,1145,1638,2350,2792,,713,432,493,712,442,3479
6320,754,1248,1737,2450,2861,,754,494,489,713,411,3459
6294,723,1224,1712,2423,2833,,723,501,488,711,410,3461
6217,653,1148,1634,2348,2757,,653,495,486,714,409,3460
6252,717,1216,1652,2355,2776,,717,499,436,703,421,3476
6166,708,1204,1634,2273,2734,,708,496,430,639,461,3432
6293,723,1223,1711,2423,2832,,723,500,488,712,409,3461
6293,724,1224,1711,2425,2834,,724,500,487,714,409,3459
6416,749,1276,1788,2574,2969,,749,527,512,786,395,3447
6286,723,1223,1711,2423,2833,,723,500,488,712,410,3453
6222,685,1178,1664,2376,2785,,685,493,486,712,409,3437
6296,723,1240,1723,2425,2835,,723,517,483,702,410,3461
6273,723,1224,1711,2423,2832,,723,501,487,712,409,3441
6295,723,1199,1686,2400,2834,,723,476,487,714,434,3461
6295,724,1225,1712,2404,2785,,724,501,487,692,381,3510
6091,656,1137,1609,2311,2732,,656,481,472,702,421,3359
5965,713,1214,1645,2272,2606,,713,501,431,627,334,3359
6107,712,1189,1660,2322,2658,,712,477,471,662,336,3449
6182,714,1190,1664,2364,2757,,714,476,474,700,393,3425
6184,714,1190,1662,2365,2758,,714,476,472,703,393,3426
6283,716,1190,1662,2366,2783,,716,474,472,704,417,3500
6095,714,1176,1599,2259,2648,,714,462,423,660,389,3447
6295,724,1224,1712,2425,2836,,724,500,488,713,411,3459
6294,724,1222,1710,2423,2834,,724,498,488,713,411,3460
6193,725,1223,1711,2424,2755,,725,498,488,713,331,3438
6295,724,1224,1712,2424,2835,,724,500,488,712,411,3460
6269,723,1225,1712,2425,2836,,723,502,487,713,411,3433
6295,725,1225,1716,2425,2834,,725,500,491,709,409,3461
6293,725,1224,1713,2425,2834,,725,499,489,712,409,3459
6293,723,1224,1711,2424,2833,,723,501,487,713,409,3460
6294,722,1223,1711,2423,2858,,722,501,488,712,435,3436
6170,710,1145,1625,2337,2709,,710,435,480,712,372,3461
6292,722,1223,1711,2422,2833,,722,501,488,711,411,3459
6272,724,1224,1712,2425,2836,,724,500,488,713,411,3436
6195,724,1224,1713,2425,2757,,724,500,489,712,332,3438
6203,716,1126,1607,2333,2744,,716,410,481,726,411,3459
6295,724,1224,1713,2424,2835,,724,500,489,711,411,3460
6272,723,1224,1712,2424,2835,,723,501,488,712,411,3437
6294,724,1225,1713,2425,2859,,724,501,488,712,434,3435
6294,724,1224,1711,2423,2834,,724,500,487,712,411,3460
6128,685,1107,1578,2286,2683,,685,422,471,708,397,3445
5942,713,1187,1660,2283,2600,,713,474,473,623,317,3342
6082,713,1187,1658,2303,2645,,713,474,471,645,342,3437
6282,712,1188,1661,2363,2782,,712,476,473,702,419,3500
6281,711,1187,1659,2362,2781,,711,476,472,703,419,3500
6183,713,1188,1658,2366,2754,,713,475,470,708,388,3429
6207,713,1187,1658,2365,2756,,713,474,471,707,391,3451
6183,715,1190,1660,2364,2756,,715,475,470,704,392,3427
6181,712,1188,1661,2365,2756,,712,476,473,704,391,3425
6183,713,1189,1661,2363,2755,,713,476,472,702,392,3428
6093,710,1186,1656,2361,2753,,710,476,470,705,392,3340
6133,713,1189,1656,2312,2704,,713,476,467,656,392,3429
6094,714,1188,1660,2364,2755,,714,474,472,704,391,3339
6206,714,1189,1661,2364,2756,,714,475,472,703,392,3450
6182,713,1188,1661,2363,2755,,713,475,473,702,392,3427
6282,713,1187,1660,2362,2779,,713,474,473,702,417,3503
6140,713,1188,1659,2364,2739,,713,475,471,705,375,3401
6186,713,1190,1661,2364,2758,,713,477,471,703,394,3428
6249,712,1187,1660,2363,2781,,712,475,473,703,418,3468
6139,713,1188,1660,2364,2757,,713,475,472,704,393,3382
6142,709,1196,1669,2369,2744,,709,487,473,700,375,3398
6094,714,1187,1659,2314,2677,,714,473,472,655,363,3417
6294,726,1225,1713,2425,2835,,726,499,488,712,410,3459
6293,723,1224,1712,2424,2835,,723,501,488,712,411,3458
6301,727,1224,1712,2424,2835,,727,497,488,712,411,3466
6252,703,1180,1671,2382,2793,,703,477,491,711,411,3459
6294,723,1223,1711,2423,2834,,723,500,488,712,411,3460
6319,723,1222,1711,2422,2858,,723,499,489,711,436,3461
6320,725,1224,1713,2426,2860,,725,499,489,713,434,3460
6320,725,1224,1712,2425,2859,,725,499,488,713,434,3461
6278,716,1209,1696,2408,2818,,716,493,487,712,410,3460
6157,724,1190,1621,2313,2708,,724,466,431,692,395,3449
6115,687,1161,1634,2337,2728,,687,474,473,703,391,3387
6095,713,1187,1659,2362,2713,,713,474,472,703,351,3382
6093,714,1186,1657,2363,2713,,714,472,471,706,350,3380
6067,712,1159,1633,2336,2686,,712,447,474,703,350,3381
6246,715,1189,1661,2364,2782,,715,474,472,703,418,3464
6142,715,1189,1661,2363,2753,,715,474,472,702,390,3389
6165,714,1189,1661,2363,2756,,714,475,472,702,393,3409
6164,713,1187,1659,2362,2754,,713,474,472,703,392,3410
6143,706,1178,1660,2347,2741,,706,472,482,687,394,3402
6045,714,1189,1662,2363,2710,,714,475,473,701,347,3335
6241,713,1187,1659,2363,2784,,713,474,472,704,421,3457
6033,714,1188,1663,2362,2662,,714,474,475,699,300,3371
6141,715,1188,1660,2363,2738,,715,473,472,703,375,3403
6118,714,1188,1660,2363,2740,,714,474,472,703,377,3378
6065,713,1190,1661,2322,2677,,713,477,471,661,355,3388
6116,713,1187,1660,2364,2716,,713,474,473,704,352,3400
6117,713,1188,1660,2364,2740,,713,475,472,704,376,3377
6140,714,1188,1661,2365,2740,,714,474,473,704,375,3400
6070,710,1186,1658,2362,2712,,710,476,472,704,350,3358
6050,713,1189,1662,2332,2674,,713,476,473,670,342,3376
6120,714,1189,1661,2364,2741,,714,475,472,703,377,3379
6117,711,1187,1660,2363,2739,,711,476,473,703,376,3378
6120,712,1188,1659,2364,2738,,712,476,471,705,374,3382
6156,679,1163,1621,2314,2733,,679,484,458,693,419,3423
6041,713,1187,1660,2321,2675,,713,474,473,661,354,3366
6040,713,1188,1661,2321,2677,,713,475,473,660,356,3363
6043,713,1189,1662,2321,2677,,713,476,473,659,356,3366
6015,686,1160,1632,2296,2651,,686,474,472,664,355,3364
6184,681,1176,1587,2302,2713,,681,495,411,715,411,3471
6271,726,1225,1691,2376,2787,,726,499,466,685,411,3484
6321,713,1200,1688,2400,2810,,713,487,488,712,410,3511
6267,726,1226,1714,2425,2814,,726,500,488,711,389,3453
6272,726,1226,1715,2426,2815,,726,500,489,711,389,3457
6223,727,1227,1693,2376,2777,,727,500,466,683,401,3446
6260,726,1225,1714,2425,2836,,726,499,489,711,411,3424
6296,725,1224,1712,2425,2836,,725,499,488,713,411,3460
6296,725,1225,1712,2424,2835,,725,500,487,712,411,3461
6321,726,1254,1739,2453,2861,,726,528,485,714,408,3460
6221,659,1151,1640,2352,2760,,659,492,489,712,408,3461
6110,726,1204,1664,2351,2727,,726,478,460,687,376,3383
6274,727,1226,1715,2427,2838,,727,499,489,712,411,3436
6160,726,1226,1693,2377,2761,,726,500,467,684,384,3399
6120,714,1189,1661,2364,2740,,714,475,472,703,376,3380
5941,713,1189,1621,2248,2580,,713,476,432,627,332,3361
5938,710,1186,1616,2244,2576,,710,476,430,628,332,3362
6031,712,1186,1617,2246,2578,,712,474,431,629,332,3453
6114,711,1185,1657,2361,2738,,711,474,472,704,377,3376
5941,700,1188,1619,2248,2579,,700,488,431,629,331,3362
5974,673,1113,1588,2274,2602,,673,440,475,686,328,3372
6118,714,1188,1659,2365,2763,,714,474,471,706,398,3355
6120,715,1190,1662,2365,2739,,715,475,472,703,374,3381
6016,714,1189,1661,2322,2658,,714,475,472,661,336,3358
5991,715,1191,1658,2298,2632,,715,476,467,640,334,3359
6012,712,1197,1675,2320,2654,,712,485,478,645,334,3358
6038,720,1213,1684,2349,2683,,720,493,471,665,334,3355
6063,713,1188,1685,2347,2684,,713,475,497,662,337,3379
5989,714,1212,1642,2275,2606,,714,498,430,633,331,3383
5967,700,1190,1619,2252,2583,,700,490,429,633,331,3384
6077,700,1134,1613,2324,2702,,700,434,479,711,378,3375
6278,710,1186,1659,2361,2778,,710,476,473,702,417,3500
6093,714,1189,1660,2363,2712,,714,475,471,703,349,3381
6042,713,1188,1663,2322,2656,,713,475,475,659,334,3386
6038,713,1191,1663,2322,2655,,713,478,472,659,333,3383
6018,712,1190,1662,2321,2657,,712,478,472,659,336,3361
6043,713,1189,1662,2323,2657,,713,476,473,661,334,3386
6042,713,1190,1687,2348,2683,,713,477,497,661,335,3359
5942,715,1189,1621,2252,2581,,715,474,432,631,329,3361
5992,700,1189,1643,2275,2606,,700,489,454,632,331,3386
6053,701,1152,1585,2276,2671,,701,451,433,691,395,3382
6150,714,1189,1660,2365,2757,,714,475,471,705,392,3393
6322,755,1251,1738,2451,2864,,755,496,487,713,413,3458
6302,725,1226,1739,2451,2860,,725,501,513,712,409,3442
6018,713,1190,1663,2321,2657,,713,477,473,658,336,3361
6034,712,1189,1654,2293,2611,,712,477,465,639,318,3423
6217,714,1189,1663,2365,2785,,714,475,474,702,420,3432
6015,715,1189,1663,2322,2660,,715,474,474,659,338,3355
6017,715,1189,1661,2322,2660,,715,474,472,661,338,3357
5967,700,1189,1618,2248,2581,,700,489,429,630,333,3386
6105,701,1176,1610,2325,2744,,701,475,434,715,419,3361
5940,713,1188,1661,2284,2601,,713,475,473,623,317,3339
6120,715,1189,1662,2365,2741,,715,474,473,703,376,3379
6014,715,1189,1662,2325,2658,,715,474,473,663,333,3356
6047,715,1188,1660,2322,2656,,715,473,472,662,334,3391
6029,706,1196,1669,2331,2665,,706,490,473,662,334,3364
6065,713,1187,1686,2350,2681,,713,474,499,664,331,3384
6014,712,1187,1659,2323,2655,,712,475,472,664,332,3359
5720,633,1047,1444,2072,2387,,633,414,397,628,315,3333
5693,631,1027,1423,2053,2343,,631,396,396,630,290,3350
5772,650,1055,1459,2082,2426,,650,405,404,623,344,3346
6001,700,1174,1663,2349,2672,,700,474,489,686,323,3329
6018,714,1188,1660,2322,2677,,714,474,472,662,355,3341
6090,711,1186,1657,2361,2712,,711,475,471,704,351,3378
5990,689,1165,1638,2300,2634,,689,476,473,662,334,3356
6000,704,1181,1658,2305,2642,,704,477,477,647,337,3358
6022,715,1188,1660,2323,2657,,715,473,472,663,334,3365
6039,712,1189,1660,2322,2656,,712,477,471,662,334,3383
6017,713,1189,1662,2321,2658,,713,476,473,659,337,3359
5967,717,1215,1647,2273,2607,,717,498,432,626,334,3360
6054,650,1126,1637,2326,2679,,650,476,511,689,353,3375
6067,718,1214,1685,2390,2716,,718,496,471,705,326,3351
6017,716,1189,1660,2321,2657,,716,473,471,661,336,3360
6063,700,1188,1662,2364,2691,,700,488,474,702,327,3372
6283,712,1189,1662,2364,2781,,712,477,473,702,417,3502
5937,712,1186,1658,2283,2600,,712,474,472,625,317,3337
6043,713,1188,1660,2323,2678,,713,475,472,663,355,3365
6016,715,1190,1662,2322,2657,,715,475,472,660,335,3359
6017,715,1190,1661,2324,2657,,715,475,471,663,333,3360
5943,714,1191,1624,2249,2581,,714,477,433,625,332,3362
6271,712,1187,1613,2349,2784,,712,475,426,736,435,3487
6294,724,1224,1712,2425,2783,,724,500,488,713,358,3511
6320,723,1223,1711,2424,2859,,723,500,488,713,435,3461
6295,725,1224,1712,2425,2835,,725,499,488,713,410,3460
6270,724,1225,1712,2426,2835,,724,501,487,714,409,3435
6194,712,1197,1606,2324,2733,,712,485,409,718,409,3461
6297,726,1225,1712,2425,2835,,726,499,487,713,410,3462
6269,723,1223,1715,2423,2833,,723,500,492,708,410,3436
6271,725,1225,1713,2427,2836,,725,500,488,714,409,3435
6270,700,1199,1687,2400,2809,,700,499,488,713,409,3461
6347,739,1250,1744,2450,2861,,739,511,494,706,411,3486
6295,726,1225,1713,2405,2812,,726,499,488,692,407,3483
6298,725,1225,1714,2425,2860,,725,500,489,711,435,3438
6244,726,1225,1714,2431,2838,,726,499,489,717,407,3406
6294,724,1225,1714,2425,2836,,724,501,489,711,411,3458
6297,726,1222,1711,2423,2835,,726,496,489,712,412,3462
6295,724,1224,1713,2424,2837,,724,500,489,711,413,3458
6271,725,1224,1712,2425,2835,,725,499,488,713,410,3436
6297,727,1225,1714,2425,2837,,727,498,489,711,412,3460
6296,726,1226,1713,2426,2836,,726,500,487,713,410,3460
6247,660,1150,1639,2351,2761,,660,490,489,712,410,3486
6281,724,1223,1712,2402,2809,,724,499,489,690,407,3472
6274,725,1200,1689,2430,2839,,725,475,489,741,409,3435
6264,727,1226,1714,2405,2785,,727,499,488,691,380,3479
6195,674,1153,1611,2329,2737,,674,479,458,718,408,3458
6296,726,1226,1713,2426,2837,,726,500,487,713,411,3459
6270,717,1201,1690,2400,2811,,717,484,489,710,411,3459
6295,726,1225,1713,2424,2835,,726,499,488,711,411,3460
6295,725,1225,1714,2425,2836,,725,500,489,711,411,3459
6295,725,1224,1712,2424,2836,,725,499,488,712,412,3459
6322,725,1177,1662,2374,2784,,725,452,485,712,410,3538
6295,725,1225,1713,2403,2785,,725,500,488,690,382,3510
6273,724,1226,1713,2425,2835,,724,502,487,712,410,3438
6266,727,1227,1716,2406,2786,,727,500,489,690,380,3480
6297,727,1226,1713,2425,2837,,727,499,487,712,412,3460
6297,726,1232,1719,2425,2836,,726,506,487,706,411,3461
6299,725,1225,1712,2424,2836,,725,500,487,712,412,3463
6269,725,1225,1712,2426,2835,,725,500,487,714,409,3434
6295,723,1223,1712,2424,2836,,723,500,489,712,412,3459
6294,724,1225,1716,2425,2861,,724,501,491,709,436,3433
6322,725,1157,1643,2354,2765,,725,432,486,711,411,3557
6270,723,1224,1712,2403,2808,,723,501,488,691,405,3462
6272,725,1224,1712,2425,2836,,725,499,488,713,411,3436
6267,725,1225,1713,2406,2787,,725,500,488,693,381,3480
6296,726,1225,1713,2426,2836,,726,499,488,713,410,3460
6295,725,1225,1712,2425,2835,,725,500,487,713,410,3460
6296,725,1226,1715,2426,2836,,725,501,489,711,410,3460
6293,722,1222,1708,2422,2832,,722,500,486,714,410,3461
6293,723,1222,1711,2423,2834,,723,499,489,712,411,3459
6271,726,1226,1713,2425,2836,,726,500,487,712,411,3435
6321,724,1225,1692,2400,2810,,724,501,467,708,410,3511
6296,726,1225,1713,2405,2787,,726,499,488,692,382,3509
6272,726,1225,1713,2425,2835,,726,499,488,712,410,3437
6266,727,1227,1715,2406,2786,,727,500,488,691,380,3480
6298,727,1227,1714,2427,2836,,727,500,487,713,409,3462
6297,727,1226,1684,2402,2811,,727,499,458,718,409,3486
6294,725,1225,1713,2424,2835,,725,500,488,711,411,3459
6297,703,1201,1689,2400,2810,,703,498,488,711,410,3487
6324,726,1226,1714,2426,2865,,726,500,488,712,439,3459
6297,725,1227,1714,2427,2836,,725,502,487,713,409,3461
6322,726,1225,1676,2401,2789,,726,499,451,725,388,3533
6271,712,1174,1662,2377,2785,,712,462,488,715,408,3486
6272,724,1224,1713,2424,2836,,724,500,489,711,412,3436
6269,727,1227,1714,2405,2811,,727,500,487,691,406,3458
6296,726,1225,1713,2427,2836,,726,499,488,714,409,3460
6169,725,1147,1613,2325,2735,,725,422,466,712,410,3434
6295,723,1199,1687,2399,2809,,723,476,488,712,410,3486
6270,724,1225,1712,2426,2834,,724,501,487,714,408,3436
6297,723,1223,1712,2423,2834,,723,500,489,711,411,3463
6271,726,1226,1714,2425,2835,,726,500,488,711,410,3436
6191,721,1142,1633,2347,2756,,721,421,491,714,409,3435
6296,725,1225,1716,2425,2815,,725,500,491,709,390,3481
6248,726,1225,1713,2426,2837,,726,499,488,713,411,3411
6270,726,1225,1714,2404,2787,,726,499,489,690,383,3483
6297,717,1203,1689,2402,2815,,717,486,486,713,413,3482
6222,726,1227,1692,2375,2761,,726,501,465,683,386,3461
6295,725,1226,1712,2425,2836,,725,501,486,713,411,3459
6297,726,1226,1713,2425,2836,,726,500,487,712,411,3461
6296,725,1225,1712,2425,2835,,725,500,487,713,410,3461
6319,723,1223,1712,2423,2858,,723,500,489,711,435,3461
6168,708,1123,1611,2277,2711,,708,415,488,666,434,3457
6296,726,1226,1714,2425,2838,,726,500,488,711,413,3458
6249,724,1225,1713,2424,2836,,724,501,488,711,412,3413
6269,726,1225,1713,2406,2787,,726,499,488,693,381,3482
6296,726,1227,1717,2428,2837,,726,501,490,711,409,3459
6293,652,1130,1652,2372,2806,,652,478,522,720,434,3487
6322,726,1226,1713,2426,2862,,726,500,487,713,436,3460
6297,726,1226,1713,2426,2835,,726,500,487,713,409,3462
6296,726,1201,1688,2401,2836,,726,475,487,713,435,3460
6315,720,1222,1708,2422,2830,,720,502,486,714,408,3485
6225,719,1190,1656,2380,2774,,719,471,466,724,394,3451
6297,727,1228,1714,2427,2822,,727,501,486,713,395,3475
6250,725,1225,1715,2426,2836,,725,500,490,711,410,3414
6167,725,1201,1688,2379,2762,,725,476,487,691,383,3405
6296,726,1225,1713,2426,2837,,726,499,488,713,411,3459
6133,709,1175,1595,2289,2687,,709,466,420,694,398,3446
6144,715,1189,1663,2364,2756,,715,474,474,701,392,3388
6018,716,1191,1663,2325,2661,,716,475,472,662,336,3357
6042,714,1192,1664,2325,2658,,714,478,472,661,333,3384
5965,714,1215,1645,2272,2603,,714,501,430,627,331,3362
6072,648,1115,1564,2241,2608,,648,467,449,677,367,3464
6302,715,1209,1697,2409,2819,,715,494,488,712,410,3483
6272,726,1225,1713,2426,2835,,726,499,488,713,409,3437
6322,727,1226,1717,2425,2836,,727,499,491,708,411,3486
6330,715,1208,1697,2411,2819,,715,493,489,714,408,3511
6284,725,1223,1658,2364,2784,,725,498,435,706,420,3500
5941,715,1189,1662,2284,2601,,715,474,473,622,317,3340
6150,676,1096,1589,2301,2711,,676,420,493,712,410,3439
6029,705,1177,1648,2310,2645,,705,472,471,662,335,3384
5943,715,1189,1619,2253,2580,,715,474,430,634,327,3363
6073,650,1141,1571,2244,2624,,650,491,430,673,380,3449
6191,716,1175,1648,2346,2741,,716,459,473,698,395,3450
6017,715,1190,1662,2321,2659,,715,475,472,659,338,3358
6166,702,1189,1663,2363,2778,,702,487,474,700,415,3388
6284,714,1189,1660,2364,2780,,714,475,471,704,416,3504
5888,631,1098,1570,2178,2467,,631,467,472,608,289,3421
6041,715,1188,1660,2324,2680,,715,473,472,664,356,3361
6041,714,1191,1663,2323,2661,,714,477,472,660,338,3380
6025,706,1198,1672,2332,2667,,706,492,474,660,335,3358
5992,715,1190,1623,2248,2609,,715,475,433,625,361,3383
6148,641,1126,1594,2275,2688,,641,485,468,681,413,3460
6355,746,1236,1725,2435,2847,,746,490,489,710,412,3508
6333,712,1212,1701,2412,2848,,712,500,489,711,436,3485
6344,725,1226,1714,2426,2862,,725,501,488,712,436,3482
6222,711,1201,1690,2346,2761,,711,490,489,656,415,3461
6260,725,1225,1713,2393,2772,,725,500,488,680,379,3488
5916,714,1189,1660,2287,2580,,714,475,471,627,293,3336
6046,716,1191,1665,2323,2680,,716,475,474,658,357,3366
6052,706,1173,1646,2306,2641,,706,467,473,660,335,3411
5964,657,1141,1612,2270,2609,,657,484,471,658,339,3355
6095,701,1154,1611,2259,2661,,701,453,457,648,402,3434
5924,715,1211,1685,2302,2596,,715,496,474,617,294,3328
6017,715,1191,1663,2322,2659,,715,476,472,659,337,3358
5914,700,1188,1660,2282,2575,,700,488,472,622,293,3339
6286,714,1190,1664,2364,2780,,714,476,474,700,416,3506
5964,705,1196,1639,2293,2615,,705,491,443,654,322,3349
5968,716,1191,1621,2249,2586,,716,475,430,628,337,3382
6083,714,1189,1660,2321,2659,,714,475,471,661,338,3424
6199,705,1198,1669,2373,2789,,705,493,471,704,416,3410
6018,717,1191,1663,2323,2660,,717,474,472,660,337,3358
6132,700,1170,1600,2300,2673,,700,470,430,700,373,3459
6280,725,1228,1722,2425,2836,,725,503,494,703,411,3444
6234,718,1212,1656,2384,2795,,718,494,444,728,411,3439
6342,722,1223,1735,2448,2857,,722,501,512,713,409,3485
6306,716,1208,1697,2409,2819,,716,492,489,712,410,3487
6201,721,1217,1652,2358,2754,,721,496,435,706,396,3447
6142,716,1189,1660,2364,2756,,716,473,471,704,392,3386
6017,714,1189,1661,2324,2659,,714,475,472,663,335,3358
6001,706,1175,1647,2311,2644,,706,469,472,664,333,3357
5941,714,1189,1619,2250,2580,,714,475,430,631,330,3361
6071,700,1168,1592,2237,2624,,700,468,424,645,387,3447
6269,726,1226,1714,2428,2837,,726,500,488,714,409,3432
5954,705,1178,1608,2236,2570,,705,473,430,628,334,3384
6246,700,1189,1603,2326,2762,,700,489,414,723,436,3484
6328,716,1208,1698,2408,2818,,716,492,490,710,410,3510
6151,715,1181,1612,2305,2724,,715,466,431,693,419,3427
6118,714,1191,1663,2367,2743,,714,477,472,704,376,3375
6016,714,1147,1584,2289,2643,,714,433,437,705,354,3373
6045,707,1196,1669,2329,2662,,707,489,473,660,333,3383
5909,715,1176,1601,2219,2564,,715,461,425,618,345,3345
6081,703,1176,1602,2276,2647,,703,473,426,674,371,3434
6301,731,1227,1715,2426,2837,,731,496,488,711,411,3464
6272,727,1228,1714,2427,2837,,727,501,486,713,410,3435
6322,725,1226,1716,2426,2837,,725,501,490,710,411,3485
6190,712,1186,1658,2362,2780,,712,474,472,704,418,3410
6108,713,1188,1659,2339,2666,,713,475,471,680,327,3442
6284,715,1189,1661,2365,2784,,715,474,472,704,419,3500
6118,715,1190,1662,2366,2741,,715,475,472,704,375,3377
6014,715,1190,1662,2324,2660,,715,475,472,662,336,3354
5945,714,1190,1614,2242,2561,,714,476,424,628,319,3384
6119,702,1175,1618,2337,2684,,702,473,443,719,347,3435
6222,664,1152,1640,2352,2764,,664,488,488,712,412,3458
6321,724,1223,1712,2424,2860,,724,499,489,712,436,3461
6321,726,1226,1714,2426,2860,,726,500,488,712,434,3461
6245,709,1180,1662,2374,2785,,709,471,482,712,411,3460
6313,717,1216,1705,2397,2828,,717,499,489,692,431,3485
6296,699,1199,1687,2400,2810,,699,500,488,713,410,3486
6329,716,1210,1698,2409,2820,,716,494,488,711,411,3509
6320,724,1224,1711,2426,2858,,724,500,487,715,432,3462
6272,713,1185,1661,2379,2812,,713,472,476,718,433,3460
6147,707,1176,1567,2276,2688,,707,469,391,709,412,3459
6296,725,1200,1689,2401,2811,,725,475,489,712,410,3485
6206,645,1136,1621,2335,2745,,645,491,485,714,410,3461
6272,726,1226,1713,2426,2836,,726,500,487,713,410,3436
6272,728,1226,1715,2426,2836,,728,498,489,711,410,3436
6284,711,1200,1701,2390,2810,,711,489,501,689,420,3474
5942,715,1190,1661,2283,2601,,715,475,471,622,318,3341
6121,706,1192,1664,2367,2743,,706,486,472,703,376,3378
6044,714,1189,1662,2324,2679,,714,475,473,662,355,3365
6010,716,1189,1663,2313,2659,,716,473,474,650,346,3351
6195,717,1191,1620,2355,2767,,717,474,429,735,412,3428
6298,714,1182,1664,2377,2788,,714,468,482,713,411,3510
6301,703,1205,1692,2407,2815,,703,502,487,715,408,3486
6296,726,1225,1715,2428,2837,,726,499,490,713,409,3459
6271,725,1225,1714,2426,2836,,725,500,489,712,410,3435
6185,725,1202,1632,2340,2758,,725,477,430,708,418,3427
5917,714,1189,1660,2284,2576,,714,475,471,624,292,3341
6097,717,1190,1663,2365,2716,,717,473,473,702,351,3381
6043,714,1190,1662,2323,2680,,714,476,472,661,357,3363
6017,714,1189,1660,2324,2657,,714,475,471,664,333,3360
6199,676,1166,1613,2327,2738,,676,490,447,714,411,3461
6221,712,1151,1638,2351,2760,,712,439,487,713,409,3461
6268,721,1201,1684,2397,2807,,721,480,483,713,410,3461
6281,726,1201,1689,2377,2787,,726,475,488,688,410,3494
6297,742,1227,1714,2427,2838,,742,485,487,713,411,3459
6297,700,1178,1643,2351,2786,,700,478,465,708,435,3511
6296,725,1200,1691,2401,2836,,725,475,491,710,435,3460
6294,723,1223,1712,2424,2835,,723,500,489,712,411,3459
6297,719,1226,1714,2425,2836,,719,507,488,711,411,3461
6221,727,1148,1638,2353,2763,,727,421,490,715,410,3458
6171,728,1148,1639,2331,2737,,728,420,491,692,406,3434
5973,655,1134,1542,2168,2511,,655,479,408,626,343,3462
6273,727,1230,1715,2428,2839,,727,503,485,713,411,3434
6272,727,1228,1715,2408,2790,,727,501,487,693,382,3482
6297,693,1163,1647,2352,2787,,693,470,484,705,435,3510
6108,731,1158,1638,2274,2675,,731,427,480,636,401,3433
5917,715,1190,1662,2284,2576,,715,475,472,622,292,3341
6121,717,1192,1663,2366,2742,,717,475,471,703,376,3379
6016,706,1190,1661,2325,2660,,706,484,471,664,335,3356
6017,714,1190,1663,2325,2657,,714,476,473,662,332,3360
6085,713,1188,1660,2367,2722,,713,475,472,707,355,3363
6067,713,1146,1603,2314,2692,,713,433,457,711,378,3375
6288,676,1141,1625,2351,2786,,676,465,484,726,435,3502
6264,727,1227,1716,2426,2837,,727,500,489,710,411,3427
6198,716,1129,1615,2307,2738,,716,413,486,692,431,3460
6298,704,1203,1691,2402,2812,,704,499,488,711,410,3486
6299,728,1228,1716,2427,2837,,728,500,488,711,410,3462
6274,728,1228,1714,2429,2837,,728,500,486,715,408,3437
6301,713,1202,1688,2401,2811,,713,489,486,713,410,3490
6173,702,1182,1642,2289,2721,,702,480,460,647,432,3452
6298,716,1203,1692,2382,2789,,716,487,489,690,407,3509
6172,713,1202,1610,2301,2711,,713,489,408,691,410,3461
6298,726,1201,1672,2376,2812,,726,475,471,704,436,3486
6297,728,1228,1717,2428,2837,,728,500,489,711,409,3460
6297,729,1226,1714,2427,2838,,729,497,488,713,411,3459
6198,699,1133,1603,2328,2738,,699,434,470,725,410,3460
6323,726,1227,1714,2427,2863,,726,501,487,713,436,3460
6297,727,1227,1715,2426,2838,,727,500,488,711,412,3459
6298,714,1203,1692,2401,2813,,714,489,489,709,412,3485
6174,716,1183,1642,2328,2716,,716,467,459,686,388,3458
6298,727,1229,1715,2388,2823,,727,502,486,673,435,3475
6172,716,1128,1596,2300,2710,,716,412,468,704,410,3462
6295,727,1224,1713,2426,2836,,727,497,489,713,410,3459
6296,727,1227,1717,2426,2836,,727,500,490,709,410,3460
6298,727,1219,1703,2427,2838,,727,492,484,724,411,3460
6297,732,1175,1667,2376,2788,,732,443,492,709,412,3509
6297,726,1224,1713,2425,2835,,726,498,489,712,410,3462
6299,728,1227,1716,2427,2838,,728,499,489,711,411,3461
6323,727,1229,1716,2427,2863,,727,502,487,711,436,3460
6135,728,1206,1666,2353,2712,,728,478,460,687,359,3423
6047,716,1213,1684,2307,2658,,716,497,471,623,351,3389
6273,726,1227,1669,2377,2788,,726,501,442,708,411,3485
6323,725,1227,1712,2425,2862,,725,502,485,713,437,3461
6273,727,1226,1714,2427,2833,,727,499,488,713,406,3440
6297,727,1227,1714,2427,2836,,727,500,487,713,409,3461
6297,727,1194,1676,2380,2790,,727,467,482,704,410,3507
6301,725,1227,1713,2426,2862,,725,502,486,713,436,3439
6296,713,1188,1670,2405,2838,,713,475,482,735,433,3458
6164,727,1217,1684,2370,2750,,727,490,467,686,380,3414
6206,714,1190,1687,2390,2809,,714,476,497,703,419,3397
6028,703,1198,1627,2280,2642,,703,495,429,653,362,3386
6047,714,1190,1661,2327,2683,,714,476,471,666,356,3364
6222,714,1191,1658,2359,2763,,714,477,467,701,404,3459
6299,726,1225,1717,2425,2834,,726,499,492,708,409,3465
6270,699,1200,1685,2399,2810,,699,501,485,714,411,3460
6170,727,1192,1615,2326,2733,,727,465,423,711,407,3437
6196,728,1226,1693,2377,2763,,728,498,467,684,386,3433
6297,714,1187,1671,2376,2786,,714,473,484,705,410,3511
6103,726,1216,1674,2338,2701,,726,490,458,664,363,3402
6172,716,1191,1661,2366,2756,,716,475,470,705,390,3416
6195,717,1241,1725,2417,2766,,717,524,484,692,349,3429
6199,700,1193,1664,2311,2741,,700,493,471,647,430,3458
6156,727,1227,1694,2374,2762,,727,500,467,680,388,3394
6296,726,1226,1714,2426,2837,,726,500,488,712,411,3459
6172,710,1148,1592,2302,2712,,710,438,444,710,410,3460
6134,713,1173,1605,2326,2702,,713,460,432,721,376,3432
6285,714,1190,1661,2364,2780,,714,476,471,703,416,3505
6096,716,1192,1664,2366,2716,,716,476,472,702,350,3380
6043,715,1194,1665,2322,2660,,715,479,471,657,338,3383
6047,717,1190,1663,2326,2679,,717,473,473,663,353,3368
6012,716,1191,1662,2318,2657,,716,475,471,656,339,3355
6010,716,1188,1643,2296,2653,,716,472,455,653,357,3357
6172,716,1168,1639,2338,2726,,716,452,471,699,388,3446
6295,724,1226,1712,2425,2834,,724,502,486,713,409,3461
6296,727,1226,1715,2426,2837,,727,499,489,711,411,3459
6297,709,1179,1629,2352,2788,,709,470,450,723,436,3509
6298,727,1226,1713,2425,2835,,727,499,487,712,410,3463
6297,726,1228,1715,2426,2836,,726,502,487,711,410,3461
6162,714,1148,1629,2316,2713,,714,434,481,687,397,3449
6095,716,1190,1660,2365,2716,,716,474,470,705,351,3379
6044,715,1191,1662,2328,2660,,715,476,471,666,332,3384
6062,715,1190,1620,2273,2641,,715,475,430,653,368,3421
6209,715,1202,1693,2388,2757,,715,487,491,695,369,3452
6271,727,1225,1713,2427,2836,,727,498,488,714,409,3435
6297,728,1226,1715,2405,2812,,728,498,489,690,407,3485
6173,710,1144,1604,2323,2737,,710,434,460,719,414,3436
6298,726,1255,1739,2452,2862,,726,529,484,713,410,3436
6297,755,1251,1719,2426,2837,,755,496,468,707,411,3460
6160,714,1148,1629,2341,2736,,714,434,481,712,395,3424
6022,716,1191,1663,2326,2658,,716,475,472,663,332,3364
6005,651,1153,1619,2268,2633,,651,502,466,649,365,3372
6048,703,1189,1594,2225,2603,,703,486,405,631,378,3445
6321,726,1225,1714,2425,2866,,726,499,489,711,441,3455
6296,726,1226,1714,2427,2836,,726,500,488,713,409,3460
6298,725,1225,1713,2425,2836,,725,500,488,712,411,3462
6174,731,1172,1642,2330,2737,,731,441,470,688,407,3437
6246,726,1225,1713,2426,2815,,726,499,488,713,389,3431
6298,714,1188,1657,2379,2812,,714,474,469,722,433,3486
5979,726,1195,1613,2262,2601,,726,469,418,649,339,3378
6046,716,1191,1662,2324,2658,,716,475,471,662,334,3388
5943,648,1141,1571,2200,2536,,648,493,430,629,336,3407
6010,714,1189,1594,2226,2578,,714,475,405,632,352,3432
6132,708,1174,1605,2277,2667,,708,466,431,672,390,3465
6326,728,1226,1716,2426,2838,,728,498,490,710,412,3488
6281,727,1227,1715,2371,2786,,727,500,488,656,415,3495
6095,725,1169,1627,2277,2653,,725,444,458,650,376,3442
6297,726,1226,1713,2426,2837,,726,500,487,713,411,3460
6274,727,1227,1714,2427,2838,,727,500,487,713,411,3436
6135,703,1169,1611,2315,2711,,703,466,442,704,396,3424
6047,716,1192,1667,2325,2661,,716,476,475,658,336,3386
5946,702,1110,1564,2199,2535,,702,408,454,635,336,3411
6010,715,1190,1595,2223,2579,,715,475,405,628,356,3431
6154,706,1199,1671,2319,2718,,706,493,472,648,399,3436
6320,726,1225,1714,2427,2861,,726,499,489,713,434,3459
6298,727,1206,1690,2401,2792,,727,479,484,711,391,3506
6298,728,1196,1689,2402,2836,,728,468,493,713,434,3462
6274,725,1225,1712,2425,2835,,725,500,487,713,410,3439
6276,731,1210,1670,2381,2815,,731,479,460,711,434,3461
5979,725,1180,1620,2261,2601,,725,455,440,641,340,3378
6023,706,1193,1667,2325,2660,,706,487,474,658,335,3363
5968,700,1192,1621,2253,2582,,700,492,429,632,329,3386
5984,714,1189,1598,2222,2555,,714,475,409,624,333,3429
6173,716,1191,1640,2352,2730,,716,475,449,712,378,3443
6296,726,1226,1713,2426,2785,,726,500,487,713,359,3511
6296,711,1203,1687,2400,2802,,711,492,484,713,402,3494
6300,729,1227,1713,2406,2844,,729,498,486,693,438,3456
6276,726,1226,1714,2426,2836,,726,500,488,712,410,3440
6298,717,1184,1667,2378,2813,,717,467,483,711,435,3485
6160,725,1205,1630,2316,2711,,725,480,425,686,395,3449
6021,716,1191,1663,2325,2659,,716,475,472,662,334,3362
5945,701,1192,1621,2254,2586,,701,491,429,633,332,3359
5986,714,1190,1594,2222,2557,,714,476,404,628,335,3429
6119,712,1188,1618,2313,2665,,712,476,430,695,352,3454
6350,725,1225,1713,2427,2862,,725,500,488,714,435,3488
6326,718,1206,1694,2437,2872,,718,488,488,743,435,3454
6198,727,1226,1625,2326,2738,,727,499,399,701,412,3460
6297,726,1226,1713,2426,2836,,726,500,487,713,410,3461
6222,726,1206,1664,2351,2763,,726,480,458,687,412,3459
6163,727,1206,1630,2316,2713,,727,479,424,686,397,3450
6045,716,1191,1664,2324,2660,,716,475,473,660,336,3385
5952,705,1198,1626,2257,2593,,705,493,428,631,336,3359
5984,715,1190,1596,2223,2544,,715,475,406,627,321,3440
6156,705,1174,1648,2325,2695,,705,469,474,677,370,3461
6297,726,1225,1714,2427,2839,,726,499,489,713,412,3458
6317,720,1221,1709,2420,2831,,720,501,488,711,411,3486
6186,727,1228,1691,2378,2756,,727,501,463,687,378,3430
5915,714,1188,1661,2282,2574,,714,474,473,621,292,3341
6057,707,1193,1663,2325,2681,,707,486,470,662,356,3376
6010,716,1190,1663,2318,2640,,716,474,473,655,322,3370
6021,716,1193,1665,2323,2658,,716,477,472,658,335,3363
5986,706,1179,1608,2238,2571,,706,473,429,630,333,3415
6013,705,1190,1617,2250,2583,,705,485,427,633,333,3430
6205,705,1174,1646,2326,2756,,705,469,472,680,430,3449
6272,725,1224,1712,2425,2835,,725,499,488,713,410,3437
6326,727,1227,1714,2426,2838,,727,500,487,712,412,3488
6133,742,1236,1724,2361,2692,,742,494,488,637,331,3441
6271,726,1227,1713,2426,2837,,726,501,486,713,411,3434
6222,727,1207,1666,2352,2763,,727,480,459,686,411,3459
6184,726,1205,1629,2340,2736,,726,479,424,711,396,3448
6073,705,1191,1663,2325,2680,,705,486,472,662,355,3393
5969,712,1187,1615,2248,2580,,712,475,428,633,332,3389
6059,714,1187,1658,2300,2631,,714,473,471,642,331,3428
6055,704,1176,1647,2311,2668,,704,472,471,664,357,3387
6283,717,1191,1688,2392,2785,,717,474,497,704,393,3498
6171,644,1107,1566,2280,2714,,644,463,459,714,434,3457
6198,726,1226,1715,2425,2758,,726,500,489,710,333,3440
6322,729,1226,1714,2427,2863,,729,497,488,713,436,3459
6294,723,1222,1711,2423,2834,,723,499,489,712,411,3460
6183,726,1207,1652,2343,2738,,726,481,445,691,395,3445
6049,715,1190,1662,2326,2681,,715,475,472,664,355,3368
5944,719,1192,1620,2248,2583,,719,473,428,628,335,3361
6009,704,1190,1619,2250,2582,,704,486,429,631,332,3427
6308,716,1214,1701,2413,2823,,716,498,487,712,410,3485
6325,727,1226,1713,2425,2838,,727,499,487,712,413,3487
6271,727,1228,1714,2428,2838,,727,501,486,714,410,3433
6134,726,1206,1665,2298,2700,,726,480,459,633,402,3434
6249,716,1191,1663,2367,2784,,716,475,472,704,417,3465
6045,714,1190,1663,2324,2682,,714,476,473,661,358,3363
6017,715,1191,1666,2325,2659,,715,476,475,659,334,3358
6021,718,1191,1663,2323,2660,,718,473,472,660,337,3361
5944,679,1167,1597,2223,2560,,679,488,430,626,337,3384
6060,715,1190,1661,2299,2631,,715,475,471,638,332,3429
6221,713,1191,1664,2364,2762,,713,478,473,700,398,3459
6298,727,1228,1715,2427,2837,,727,501,487,712,410,3461
6298,727,1226,1715,2426,2836,,727,499,489,711,410,3462
6175,732,1164,1658,2327,2706,,732,432,494,669,379,3469
6299,727,1227,1715,2427,2838,,727,500,488,712,411,3461
6296,726,1226,1714,2426,2837,,726,500,488,712,411,3459
6296,726,1225,1695,2402,2812,,726,499,470,707,410,3484
6322,727,1227,1715,2427,2861,,727,500,488,712,434,3461
6119,677,1164,1635,2340,2716,,677,487,471,705,376,3403
6062,705,1190,1661,2300,2631,,705,485,471,639,331,3431
6173,716,1194,1665,2367,2739,,716,478,471,702,372,3434
6321,726,1225,1743,2450,2860,,726,499,518,707,410,3461
6271,698,1201,1689,2400,2814,,698,503,488,711,414,3457
6122,713,1201,1689,2322,2666,,713,488,488,633,344,3456
6272,726,1226,1714,2427,2836,,726,500,488,713,409,3436
6273,726,1227,1714,2406,2836,,726,501,487,692,430,3437
6250,726,1226,1713,2406,2812,,726,500,487,693,406,3438
6321,728,1227,1714,2428,2863,,728,499,487,714,435,3458
6121,725,1225,1713,2350,2681,,725,500,488,637,331,3440
6356,714,1209,1697,2409,2846,,714,495,488,712,437,3510
6271,726,1226,1714,2426,2837,,726,500,488,712,411,3434
6300,726,1226,1714,2426,2837,,726,500,488,712,411,3463
6300,748,1226,1714,2427,2863,,748,478,488,713,436,3437
6097,727,1205,1690,2326,2656,,727,478,485,636,330,3441
6296,726,1229,1714,2427,2837,,726,503,485,713,410,3459
6223,715,1202,1669,2352,2763,,715,487,467,683,411,3460
6211,726,1226,1714,2372,2774,,726,500,488,658,402,3437
6018,715,1191,1664,2323,2658,,715,476,473,659,335,3360
5960,716,1203,1627,2245,2589,,716,487,424,618,344,3371
6100,707,1204,1675,2336,2673,,707,497,471,661,337,3427
6097,715,1191,1661,2366,2716,,715,476,470,705,350,3381
6181,717,1188,1659,2365,2758,,717,471,471,706,393,3423
6118,631,1121,1591,2292,2684,,631,490,470,701,392,3434
6026,707,1191,1620,2276,2676,,707,484,429,656,400,3350
6097,717,1192,1664,2366,2715,,717,475,472,702,349,3382
6017,716,1191,1664,2327,2658,,716,475,473,663,331,3359
5991,690,1166,1639,2300,2636,,690,476,473,661,336,3355
6020,704,1191,1662,2324,2661,,704,487,471,662,337,3359
5958,701,1197,1627,2251,2586,,701,496,430,624,335,3372
6008,716,1191,1621,2251,2582,,716,475,430,630,331,3426
6120,720,1215,1688,2390,2764,,720,495,473,702,374,3356
6141,701,1163,1635,2339,2755,,701,462,472,704,416,3386
6160,648,1134,1606,2317,2734,,648,486,472,711,417,3426
5989,706,1191,1623,2274,2632,,706,485,432,651,358,3357
5969,706,1193,1649,2277,2609,,706,487,456,628,332,3360
6056,713,1188,1658,2298,2633,,713,475,470,640,335,3423
5914,713,1189,1660,2283,2575,,713,476,471,623,292,3339
6046,715,1191,1663,2323,2659,,715,476,472,660,336,3387
5947,706,1194,1623,2252,2581,,706,488,429,629,329,3366
6056,721,1193,1666,2302,2632,,721,472,473,636,330,3424
6071,705,1191,1689,2349,2684,,705,486,498,660,335,3387
6143,700,1167,1638,2341,2734,,700,467,471,703,393,3409
6111,648,1100,1578,2267,2658,,648,452,478,689,391,3453
6160,717,1191,1622,2317,2717,,717,474,431,695,400,3443
6046,705,1192,1663,2326,2679,,705,487,471,663,353,3367
6020,706,1191,1660,2325,2659,,706,485,469,665,334,3361
6046,706,1193,1665,2326,2660,,706,487,472,661,334,3386
6018,705,1193,1666,2325,2660,,705,488,473,659,335,3358
5945,704,1190,1620,2250,2584,,704,486,430,630,334,3361
6135,727,1216,1690,2349,2687,,727,489,474,659,338,3448
6097,704,1166,1638,2342,2715,,704,462,472,704,373,3382
6210,702,1192,1664,2366,2760,,702,490,472,702,394,3450
6110,663,1127,1602,2291,2684,,663,464,475,689,393,3426
6086,705,1191,1620,2316,2662,,705,486,429,696,346,3424
6151,708,1183,1622,2305,2722,,708,475,439,683,417,3429
6101,701,1174,1637,2323,2694,,701,473,463,686,371,3407
6212,716,1203,1690,2402,2767,,716,487,487,712,365,3445
6073,716,1192,1662,2324,2682,,716,476,470,662,358,3391
5961,707,1182,1612,2241,2574,,707,475,430,629,333,3387
6026,707,1165,1642,2288,2625,,707,458,477,646,337,3401
6177,705,1202,1683,2392,2741,,705,497,481,709,349,3436
6297,727,1226,1714,2426,2838,,727,499,488,712,412,3459
6296,752,1231,1713,2425,2835,,752,479,482,712,410,3461
6219,724,1225,1711,2424,2759,,724,501,486,713,335,3460
6296,725,1225,1714,2426,2837,,725,500,489,712,411,3459
6272,729,1226,1713,2406,2787,,729,497,487,693,381,3485
6185,726,1225,1714,2397,2752,,726,499,489,683,355,3433
6120,715,1190,1661,2367,2743,,715,475,471,706,376,3377
5939,704,1192,1623,2251,2583,,704,488,431,628,332,3356
6141,717,1196,1681,2391,2744,,717,479,485,710,353,3397
6048,705,1191,1662,2325,2681,,705,486,471,663,356,3367
6209,702,1191,1663,2366,2781,,702,489,472,703,415,3428
6028,643,1037,1507,2190,2589,,643,394,470,683,399,3439
6150,707,1193,1649,2318,2693,,707,486,456,669,375,3457
6301,727,1226,1714,2427,2838,,727,499,488,713,411,3463
6297,716,1203,1690,2404,2812,,716,487,487,714,408,3485
6185,726,1225,1714,2395,2755,,726,499,489,681,360,3430
5793,645,1052,1464,2100,2434,,645,407,412,636,334,3359
5694,631,1027,1423,2051,2340,,631,396,396,628,289,3354
5744,647,1054,1445,2080,2400,,647,407,391,635,320,3344
5938,706,1192,1627,2267,2588,,706,486,435,640,321,3350
6215,696,1172,1644,2345,2760,,696,476,472,701,415,3455
6035,645,1052,1529,2216,2607,,645,407,477,687,391,3428
6040,706,1193,1622,2237,2597,,706,487,429,615,360,3443
6298,728,1228,1716,2427,2839,,728,500,488,711,412,3459
6297,729,1225,1718,2427,2837,,729,496,493,709,410,3460
6184,726,1227,1714,2407,2753,,726,501,487,693,346,3431
6095,718,1190,1661,2367,2718,,718,472,471,706,351,3377
5921,633,1116,1546,2175,2510,,633,483,430,629,335,3411
6092,699,1192,1668,2366,2718,,699,493,476,698,352,3374
6019,716,1192,1669,2367,2665,,716,476,477,698,298,3354
6187,704,1192,1663,2369,2760,,704,488,471,706,391,3427
6058,656,1072,1541,2241,2632,,656,416,469,700,391,3426
5894,671,1142,1614,2236,2553,,671,471,472,622,317,3341
6073,706,1169,1641,2346,2695,,706,463,472,705,349,3378
6019,706,1200,1641,2299,2636,,706,494,441,658,337,3383
6026,705,1192,1664,2324,2659,,705,487,472,660,335,3367
6017,704,1191,1662,2325,2661,,704,487,471,663,336,3356
5947,699,1167,1597,2225,2557,,699,468,430,628,332,3390
6066,701,1192,1665,2367,2694,,701,491,473,702,327,3372
6044,706,1191,1662,2367,2691,,706,485,471,705,324,3353
6109,703,1193,1624,2318,2709,,703,490,431,694,391,3400
6058,657,1076,1556,2243,2633,,657,419,480,687,390,3425
5919,716,1193,1665,2285,2577,,716,477,472,620,292,3342
6096,705,1190,1663,2368,2717,,705,485,473,705,349,3379
6034,715,1191,1663,2323,2660,,715,476,472,660,337,3374
6284,714,1203,1690,2402,2781,,714,489,487,712,379,3503
6046,707,1192,1664,2325,2681,,707,485,472,661,356,3365
5997,716,1148,1627,2300,2634,,716,432,479,673,334,3363
6038,700,1168,1639,2326,2675,,700,468,471,687,349,3363
6006,706,1193,1665,2366,2664,,706,487,472,701,298,3342
6161,704,1192,1623,2316,2733,,704,488,431,693,417,3428
6010,645,1050,1498,2192,2584,,645,405,448,694,392,3426
6007,703,1192,1664,2290,2580,,703,489,472,626,290,3427
6046,705,1193,1664,2326,2680,,705,488,471,662,354,3366
6073,705,1192,1664,2322,2681,,705,487,472,658,359,3392
6020,716,1192,1664,2324,2658,,716,476,472,660,334,3362
6044,706,1193,1665,2326,2659,,706,487,472,661,333,3385
5947,700,1193,1627,2253,2584,,700,493,434,626,331,3363
6087,699,1173,1655,2344,2717,,699,474,482,689,373,3370
6187,704,1192,1664,2371,2787,,704,488,472,707,416,3400
6159,717,1191,1621,2318,2711,,717,474,430,697,393,3448
5997,653,1068,1484,2199,2547,,653,415,416,715,348,3450
6134,724,1146,1626,2297,2698,,724,422,480,671,401,3436
6121,716,1192,1663,2366,2743,,716,476,471,703,377,3378
6069,726,1215,1686,2348,2704,,726,489,471,662,356,3365
6021,705,1193,1665,2325,2660,,705,488,472,660,335,3361
6018,706,1195,1668,2326,2662,,706,489,473,658,336,3356
5951,700,1193,1627,2253,2584,,700,493,434,626,331,3367
6044,701,1170,1641,2344,2683,,701,469,471,703,339,3361
6172,705,1193,1666,2375,2779,,705,488,473,709,404,3393
6188,705,1192,1623,2318,2735,,705,487,431,695,417,3453
6010,657,1074,1484,2192,2584,,657,417,410,708,392,3426
6085,714,1190,1661,2298,2654,,714,476,471,637,356,3431
6328,728,1228,1716,2429,2838,,728,500,488,713,409,3490
6296,728,1227,1715,2428,2838,,728,499,488,713,410,3458
6297,720,1201,1688,2401,2812,,720,481,487,713,411,3485
6299,728,1229,1716,2429,2839,,728,501,487,713,410,3460
6305,717,1209,1696,2408,2821,,717,492,487,712,413,3484
6108,726,1148,1627,2293,2670,,726,422,479,666,377,3438
6019,706,1193,1691,2392,2693,,706,487,498,701,301,3326
6186,704,1192,1623,2342,2761,,704,488,431,719,419,3425
5984,647,1050,1461,2166,2558,,647,403,411,705,392,3426
6138,703,1191,1688,2349,2728,,703,488,497,661,379,3410
6300,717,1203,1690,2403,2812,,717,486,487,713,409,3488
6298,716,1202,1691,2403,2814,,716,486,489,712,411,3484
6273,728,1226,1715,2427,2837,,728,498,489,712,410,3436
6301,727,1227,1715,2429,2837,,727,500,488,714,408,3464
6031,708,1197,1668,2330,2663,,708,489,471,662,333,3368
5979,702,1168,1597,2253,2611,,702,466,429,656,358,3368
6146,705,1192,1663,2366,2747,,705,487,471,703,381,3399
6135,706,1192,1620,2318,2710,,706,486,428,698,392,3425
5993,644,1048,1461,2166,2584,,644,404,413,705,418,3409
6187,705,1192,1664,2367,2759,,705,487,472,703,392,3428
6121,705,1192,1665,2366,2744,,705,487,473,701,378,3377
6018,716,1191,1664,2324,2660,,716,475,473,660,336,3358
6110,706,1192,1664,2325,2659,,706,486,472,661,334,3451
5969,700,1192,1622,2251,2585,,700,492,430,629,334,3384
5951,700,1192,1622,2250,2582,,700,492,430,628,332,3369
6101,700,1168,1641,2344,2718,,700,468,473,703,374,3383
6047,705,1192,1689,2392,2693,,705,487,497,703,301,3354
6109,705,1192,1622,2278,2674,,705,487,430,656,396,3435
5942,644,1050,1460,2167,2543,,644,406,410,707,376,3399
6083,702,1189,1658,2321,2658,,702,487,469,663,337,3425
5919,706,1192,1667,2286,2578,,706,486,475,619,292,3341
6097,706,1194,1666,2369,2719,,706,488,472,703,350,3378
6046,705,1192,1665,2327,2660,,705,487,473,662,333,3386
6047,705,1192,1663,2327,2660,,705,487,471,664,333,3387
5950,705,1191,1621,2250,2582,,705,486,430,629,332,3368
6098,701,1191,1664,2366,2716,,701,490,473,702,350,3382
6023,707,1193,1665,2368,2668,,707,486,472,703,300,3355
6087,704,1193,1625,2254,2650,,704,489,432,629,396,3437
5985,650,1050,1463,2164,2512,,650,400,413,701,348,3473
6204,664,1144,1615,2319,2716,,664,480,471,704,397,3488
6298,727,1227,1714,2427,2837,,727,500,487,713,410,3461
6298,732,1227,1715,2427,2838,,732,495,488,712,411,3460
6299,728,1255,1740,2452,2841,,728,527,485,712,389,3458
6299,717,1203,1692,2403,2838,,717,486,489,711,435,3461
6198,678,1167,1639,2318,2735,,678,489,472,679,417,3463
6158,727,1228,1636,2342,2714,,727,501,408,706,372,3444
5919,706,1194,1663,2286,2581,,706,488,469,623,295,3338
6086,708,1193,1622,2254,2650,,708,485,429,632,396,3436
6037,662,1077,1488,2190,2605,,662,415,411,702,415,3432
6224,706,1193,1665,2368,2764,,706,487,472,703,396,3460
6298,727,1226,1715,2426,2838,,727,499,489,711,412,3460
6300,716,1202,1691,2405,2814,,716,486,489,714,409,3486
6274,718,1203,1691,2403,2793,,718,485,488,712,390,3481
6298,728,1227,1716,2427,2838,,728,499,489,711,411,3460
6300,728,1230,1716,2428,2837,,728,502,486,712,409,3463
6083,727,1206,1665,2299,2647,,727,479,459,634,348,3436
6046,703,1192,1665,2367,2691,,703,489,473,702,324,3355
6086,704,1195,1624,2254,2651,,704,491,429,630,397,3435
6034,665,1076,1487,2205,2598,,665,411,411,718,393,3436
6189,705,1152,1630,2319,2738,,705,447,478,689,419,3451
6097,706,1193,1665,2367,2718,,706,487,472,702,351,3379
6045,704,1192,1664,2325,2662,,704,488,472,661,337,3383
6046,706,1193,1664,2326,2660,,706,487,471,662,334,3386
6045,705,1193,1664,2325,2662,,705,488,471,661,337,3383
5949,703,1178,1600,2230,2549,,703,475,422,630,319,3400
6088,697,1169,1641,2345,2715,,697,472,472,704,370,3373
6123,705,1194,1666,2370,2760,,705,489,472,704,390,3363
6111,706,1191,1646,2278,2674,,706,485,455,632,396,3437
5978,663,1078,1487,2168,2558,,663,415,409,681,390,3420
6148,690,1154,1618,2304,2689,,690,464,464,686,385,3459
6299,727,1228,1715,2428,2839,,727,501,487,713,411,3460
6321,726,1227,1714,2428,2862,,726,501,487,714,434,3459
6274,718,1203,1693,2403,2813,,718,485,490,710,410,3461
6300,717,1203,1691,2404,2813,,717,486,488,713,409,3487
6173,714,1166,1647,2340,2736,,714,452,481,693,396,3437
6157,726,1225,1692,2375,2726,,726,499,467,683,351,3431
5918,705,1190,1659,2284,2579,,705,485,469,625,295,3339
6111,704,1193,1648,2277,2675,,704,489,455,629,398,3436
6011,704,1101,1535,2184,2579,,704,397,434,649,395,3432
6112,704,1193,1619,2317,2672,,704,489,426,698,355,3440
6229,707,1192,1690,2391,2768,,707,485,498,701,377,3461
6019,705,1194,1667,2327,2660,,705,489,473,660,333,3359
6020,705,1191,1663,2325,2659,,705,486,472,662,334,3361
6046,704,1194,1666,2326,2660,,704,490,472,660,334,3386
5949,706,1173,1602,2256,2585,,706,467,429,654,329,3364
5945,722,1195,1667,2289,2605,,722,473,472,622,316,3340
6147,705,1192,1665,2344,2761,,705,487,473,679,417,3386
5971,705,1194,1648,2276,2610,,705,489,454,628,334,3361
6124,649,1119,1567,2262,2641,,649,470,448,695,379,3483
6111,715,1148,1629,2319,2673,,715,433,481,690,354,3438
5919,704,1192,1664,2289,2582,,704,488,472,625,293,3337
6122,705,1193,1667,2370,2747,,705,488,474,703,377,3375
6022,705,1192,1664,2325,2662,,705,487,472,661,337,3360
6018,706,1192,1664,2327,2663,,706,486,472,663,336,3355
5960,706,1175,1606,2235,2568,,706,469,431,629,333,3392
6159,699,1168,1639,2344,2735,,699,469,471,705,391,3424
6030,704,1203,1674,2377,2700,,704,499,471,703,323,3330
6030,705,1176,1646,2308,2644,,705,471,470,662,336,3386
5918,702,1193,1665,2288,2581,,702,491,472,623,293,3337
6145,705,1175,1648,2309,2707,,705,470,473,661,398,3438
5920,705,1192,1664,2287,2580,,705,487,472,623,293,3340
6048,706,1194,1668,2327,2683,,706,488,474,659,356,3365
6046,705,1192,1666,2325,2661,,705,487,474,659,336,3385
6044,705,1192,1668,2326,2662,,705,487,476,658,336,3382
5980,706,1200,1631,2260,2592,,706,494,431,629,332,3388
5921,700,1168,1638,2264,2556,,700,468,470,626,292,3365
6186,699,1168,1639,2342,2733,,699,469,471,703,391,3453
5954,703,1178,1607,2239,2569,,703,475,429,632,330,3385
6100,699,1175,1646,2348,2725,,699,476,471,702,377,3375
6147,706,1177,1648,2310,2713,,706,471,471,662,403,3434
6143,716,1191,1663,2368,2759,,716,475,472,705,391,3384
6021,706,1194,1666,2325,2659,,706,488,472,659,334,3362
6044,702,1191,1662,2323,2658,,702,489,471,661,335,3386
5991,702,1190,1644,2276,2607,,702,488,454,632,331,3384
5961,649,1126,1597,2259,2594,,649,477,471,662,335,3367
5928,704,1179,1649,2272,2566,,704,475,470,623,294,3362
6235,692,1190,1677,2389,2801,,692,498,487,712,412,3434
6315,719,1219,1707,2420,2831,,719,500,488,713,411,3484
6297,727,1225,1714,2406,2811,,727,498,489,692,405,3486
6316,721,1220,1708,2421,2856,,721,499,488,713,435,3460
6300,716,1203,1691,2404,2814,,716,487,488,713,410,3486
6299,717,1204,1691,2403,2814,,717,487,487,712,411,3485
6273,715,1202,1690,2402,2813,,715,487,488,712,411,3460
6274,718,1205,1691,2405,2838,,718,487,486,714,433,3436
6300,716,1206,1693,2405,2839,,716,490,487,712,434,3461
6202,716,1238,1724,2435,2767,,716,522,486,711,332,3435
6300,717,1203,1691,2403,2792,,717,486,488,712,389,3508
6300,717,1203,1691,2404,2839,,717,486,488,713,435,3461
6251,716,1203,1671,2379,2769,,716,487,468,708,390,3482
6298,717,1203,1692,2404,2814,,717,486,489,712,410,3484
6298,715,1202,1690,2405,2813,,715,487,488,715,408,3485
6272,718,1203,1692,2404,2818,,718,485,489,712,414,3454
6298,717,1202,1690,2405,2837,,717,485,488,715,432,3461
6301,716,1204,1693,2406,2815,,716,488,489,713,409,3486
6317,722,1222,1710,2421,2832,,722,500,488,711,411,3485
6131,716,1203,1691,2331,2680,,716,487,488,640,349,3451
6275,716,1203,1692,2403,2792,,716,487,489,711,389,3483
6298,728,1227,1716,2428,2839,,728,499,489,712,411,3459
6186,690,1178,1646,2353,2758,,690,488,468,707,405,3428
6184,680,1165,1638,2341,2757,,680,485,473,703,416,3427
6143,705,1192,1664,2368,2759,,705,487,472,704,391,3384
6017,705,1205,1680,2325,2660,,705,500,475,645,335,3357
6017,701,1190,1663,2321,2658,,701,489,473,658,337,3359
5939,700,1190,1621,2250,2583,,700,490,431,629,333,3356
5994,657,1137,1611,2271,2612,,657,480,474,660,341,3382
6194,700,1167,1639,2344,2760,,700,467,472,705,416,3434
6030,704,1177,1649,2353,2676,,704,473,472,704,323,3354
5977,658,1150,1623,2284,2619,,658,492,473,661,335,3358
5941,699,1191,1662,2285,2604,,699,492,471,623,319,3337
6287,707,1193,1665,2369,2785,,707,486,472,704,416,3502
6098,705,1193,1666,2367,2717,,705,488,473,701,350,3381
6067,717,1191,1687,2348,2684,,717,474,496,661,336,3383
6043,701,1189,1661,2323,2656,,701,488,472,662,333,3387
5967,702,1191,1621,2248,2582,,702,489,430,627,334,3385
5946,650,1140,1572,2225,2556,,650,490,432,653,331,3390
5930,704,1180,1650,2272,2565,,704,476,470,622,293,3365
5982,703,1176,1565,2170,2560,,703,473,389,605,390,3422
6028,704,1177,1649,2310,2645,,704,473,472,661,335,3383
6101,700,1173,1645,2346,2723,,700,473,472,701,377,3378
6286,704,1176,1654,2367,2784,,704,472,478,713,417,3502
6121,705,1191,1664,2370,2747,,705,486,473,706,377,3374
6018,714,1191,1662,2323,2659,,714,477,471,661,336,3359
6017,700,1188,1660,2321,2656,,700,488,472,661,335,3361
5940,701,1189,1620,2247,2580,,701,488,431,627,333,3360
5946,670,1100,1539,2174,2532,,670,430,439,635,358,3414
5929,704,1179,1649,2273,2567,,704,475,470,624,294,3362
6087,706,1181,1650,2352,2704,,706,475,469,702,352,3383
6007,706,1155,1627,2288,2625,,706,449,472,661,337,3382
6105,704,1179,1651,2353,2727,,704,475,472,702,374,3378
6210,705,1193,1667,2368,2761,,705,488,474,701,393,3449
6050,705,1191,1663,2343,2695,,705,486,472,680,352,3355
6045,703,1192,1664,2325,2681,,703,489,472,661,356,3364
6022,703,1191,1663,2326,2660,,703,488,472,663,334,3362
5938,700,1190,1620,2248,2582,,700,490,430,628,334,3356
6001,684,1164,1634,2298,2636,,684,480,470,664,338,3365
5930,704,1178,1648,2272,2567,,704,474,470,624,295,3363
6328,710,1206,1694,2408,2816,,710,496,488,714,408,3512
6276,729,1197,1690,2405,2814,,729,468,493,715,409,3462
6297,727,1226,1715,2412,2818,,727,499,489,697,406,3479
6224,715,1185,1642,2355,2764,,715,470,457,713,409,3460
6300,715,1204,1691,2404,2813,,715,489,487,713,409,3487
6300,716,1203,1691,2404,2815,,716,487,488,713,411,3485
6274,716,1204,1694,2404,2814,,716,488,490,710,410,3460
6300,716,1204,1691,2404,2815,,716,488,487,713,411,3485
6099,682,1178,1587,2294,2687,,682,496,409,707,393,3412
6196,703,1178,1651,2353,2769,,703,475,473,702,416,3427
6082,701,1174,1568,2250,2674,,701,473,394,682,424,3408
6223,675,1152,1645,2351,2787,,675,477,493,706,436,3436
6264,719,1214,1700,2392,2798,,719,495,486,692,406,3466
6300,703,1191,1675,2405,2816,,703,488,484,730,411,3484
6321,727,1225,1715,2425,2860,,727,498,490,710,435,3461
6299,729,1227,1715,2427,2837,,729,498,488,712,410,3462
6274,717,1204,1691,2404,2815,,717,487,487,713,411,3459
6300,716,1203,1720,2428,2839,,716,487,517,708,411,3461
6333,717,1212,1701,2414,2823,,717,495,489,713,409,3510
6261,717,1217,1705,2397,2805,,717,500,488,692,408,3456
6275,716,1204,1691,2405,2814,,716,488,487,714,409,3461
6199,716,1204,1649,2354,2764,,716,488,445,705,410,3435
6275,717,1203,1691,2390,2821,,717,486,488,699,431,3454
6283,717,1215,1702,2413,2825,,717,498,487,711,412,3458
6332,716,1211,1699,2412,2822,,716,495,488,713,410,3510
6325,716,1233,1717,2431,2865,,716,517,484,714,434,3460
6298,715,1204,1692,2404,2815,,715,489,488,712,411,3483
6300,717,1205,1692,2404,2814,,717,488,487,712,410,3486
6031,706,1117,1586,2294,2644,,706,411,469,708,350,3387
6053,660,1137,1610,2232,2621,,660,477,473,622,389,3432
5952,649,1116,1584,2286,2586,,649,467,468,702,300,3366
5876,664,1112,1545,2186,2518,,664,448,433,641,332,3358
5924,700,1172,1641,2268,2562,,700,472,469,627,294,3362
6136,706,1168,1640,2343,2694,,706,462,472,703,351,3442
6143,704,1193,1666,2366,2757,,704,489,473,700,391,3386
6021,704,1192,1664,2326,2662,,704,488,472,662,336,3359
6045,702,1192,1662,2324,2659,,702,490,470,662,335,3386
5869,701,1123,1562,2178,2508,,701,422,439,616,330,3361
6200,701,1146,1639,2351,2764,,701,445,493,712,413,3436
6274,718,1206,1694,2406,2817,,718,488,488,712,411,3457
6298,738,1228,1717,2430,2840,,738,490,489,713,410,3458
6143,717,1171,1644,2343,2740,,717,454,473,699,397,3403
5945,700,1192,1663,2287,2605,,700,492,471,624,318,3340
6261,705,1194,1664,2371,2787,,705,489,470,707,416,3474
6169,705,1192,1663,2367,2760,,705,487,471,704,393,3409
5994,704,1168,1639,2300,2639,,704,464,471,661,339,3355
5996,701,1168,1640,2302,2635,,701,467,472,662,333,3361
6043,700,1191,1664,2323,2661,,700,491,473,659,338,3382
6245,711,1165,1647,2375,2787,,711,454,482,728,412,3458
6273,716,1204,1692,2404,2815,,716,488,488,712,411,3458
6272,715,1204,1692,2404,2816,,715,489,488,712,412,3456
6047,687,1125,1582,2254,2652,,687,438,457,672,398,3395
5916,700,1164,1634,2260,2554,,700,464,470,626,294,3362
5997,660,1141,1613,2273,2609,,660,481,472,660,336,3388
6225,706,1181,1652,2355,2772,,706,475,471,703,417,3453
6123,704,1193,1670,2368,2743,,704,489,477,698,375,3380
6020,705,1194,1667,2325,2662,,705,489,473,658,337,3358
5942,704,1151,1587,2230,2560,,704,447,436,643,330,3382
5837,702,1142,1517,2161,2481,,702,440,375,644,320,3356
6062,644,1065,1536,2244,2635,,644,421,471,708,391,3427
6099,647,1070,1554,2253,2663,,647,423,484,699,410,3436
6269,716,1184,1669,2370,2779,,716,468,485,701,409,3490
6306,721,1234,1719,2421,2823,,721,513,485,702,402,3483
6196,705,1192,1664,2367,2759,,705,487,472,703,392,3437
6244,705,1192,1665,2369,2786,,705,487,473,704,417,3458
6020,704,1153,1597,2294,2646,,704,449,444,697,352,3374
6039,715,1192,1663,2323,2659,,715,477,471,660,336,3380
5970,702,1192,1622,2275,2612,,702,490,430,653,337,3358
6149,700,1175,1605,2301,2711,,700,475,430,696,410,3438
6274,699,1181,1668,2380,2790,,699,482,487,712,410,3484
6199,740,1170,1653,2354,2764,,740,430,483,701,410,3435
6298,729,1227,1690,2402,2804,,729,498,463,712,402,3494
6328,717,1203,1691,2404,2793,,717,486,488,713,389,3535
6164,687,1124,1605,2317,2711,,687,437,481,712,394,3453
6301,715,1204,1692,2404,2815,,715,489,488,712,411,3486
6299,715,1203,1690,2403,2839,,715,488,487,713,436,3460
6305,716,1228,1716,2428,2839,,716,512,488,712,411,3466
6275,717,1203,1693,2405,2816,,717,486,490,712,411,3459
6150,690,1128,1564,2279,2690,,690,438,436,715,411,3460
6275,709,1206,1693,2405,2816,,709,497,487,712,411,3459
6302,742,1171,1679,2406,2815,,742,429,508,727,409,3487
6301,717,1205,1694,2405,2841,,717,488,489,711,436,3460
6226,718,1205,1692,2384,2766,,718,487,487,692,382,3460
6242,705,1177,1661,2369,2779,,705,472,484,708,410,3463
6302,717,1206,1694,2406,2841,,717,489,488,712,435,3461
6274,716,1204,1692,2404,2814,,716,488,488,712,410,3460
6260,715,1205,1693,2405,2814,,715,490,488,712,409,3446
6253,718,1205,1694,2405,2816,,718,487,489,711,411,3437
5932,646,1129,1539,2191,2530,,646,483,410,652,339,3402
5878,640,1061,1477,2137,2502,,640,421,416,660,365,3376
6090,649,1054,1516,2222,2642,,649,405,462,706,420,3448
6164,707,1181,1630,2329,2721,,707,474,449,699,392,3443
6222,716,1202,1681,2377,2773,,716,486,479,696,396,3449
6162,687,1180,1615,2319,2716,,687,493,435,704,397,3446
5896,674,1168,1640,2262,2556,,674,494,472,622,294,3340
6022,704,1192,1664,2326,2662,,704,488,472,662,336,3360
5951,704,1156,1571,2207,2539,,704,452,415,636,332,3412
5917,705,1152,1565,2200,2536,,705,447,413,635,336,3381
5925,717,1149,1564,2206,2533,,717,432,415,642,327,3392
5917,705,1151,1564,2200,2533,,705,446,413,636,333,3384
5873,706,1134,1550,2191,2517,,706,428,416,641,326,3356
5922,706,1152,1587,2232,2560,,706,446,435,645,328,3362
5921,706,1154,1563,2201,2533,,706,448,409,638,332,3388
5919,715,1148,1561,2200,2532,,715,433,413,639,332,3387
5912,706,1145,1544,2170,2490,,706,439,399,626,320,3422
5919,705,1153,1567,2203,2536,,705,448,414,636,333,3383
5919,705,1151,1564,2201,2533,,705,446,413,637,332,3386
5923,704,1152,1564,2200,2533,,704,448,412,636,333,3390
6019,706,1150,1563,2225,2604,,706,444,413,662,379,3415
6201,715,1140,1623,2329,2741,,715,425,483,706,412,3460
6175,716,1126,1591,2304,2715,,716,410,465,713,411,3460
6280,715,1205,1693,2360,2795,,715,490,488,667,435,3485
6197,717,1216,1700,2393,2759,,717,499,484,693,366,3438
6127,700,1193,1678,2393,2746,,700,493,485,715,353,3381
5920,704,1155,1587,2229,2559,,704,451,432,642,330,3361
6107,707,1152,1586,2289,2690,,707,445,434,703,401,3417
6299,717,1204,1691,2403,2813,,717,487,487,712,410,3486
6275,715,1205,1692,2404,2815,,715,490,487,712,411,3460
6123,716,1191,1623,2272,2687,,716,475,432,649,415,3436
6275,716,1205,1693,2404,2815,,716,489,488,711,411,3460
6223,726,1196,1655,2376,2787,,726,470,459,721,411,3436
6300,716,1204,1691,2404,2840,,716,488,487,713,436,3460
6300,716,1205,1692,2404,2794,,716,489,487,712,390,3506
6296,647,1150,1639,2351,2787,,647,503,489,712,436,3509
6022,688,1126,1608,2294,2647,,688,438,482,686,353,3375
6060,704,1191,1662,2302,2635,,704,487,471,640,333,3425
6187,705,1194,1665,2370,2762,,705,489,471,705,392,3425
6095,705,1192,1663,2367,2717,,705,487,471,704,350,3378
5970,705,1150,1589,2201,2538,,705,445,439,612,337,3432
6283,716,1204,1693,2404,2815,,716,488,489,711,411,3468
6316,715,1190,1674,2392,2824,,715,475,484,718,432,3492
6261,717,1204,1693,2408,2817,,717,487,489,715,409,3444
6301,716,1204,1692,2404,2814,,716,488,488,712,410,3487
6204,713,1161,1643,2353,2765,,713,448,482,710,412,3439
5972,689,1130,1607,2252,2589,,689,441,477,645,337,3383
5920,705,1126,1540,2175,2510,,705,421,414,635,335,3410
5919,704,1152,1565,2200,2533,,704,448,413,635,333,3386
5920,705,1151,1563,2201,2534,,705,446,412,638,333,3386
5930,703,1123,1537,2174,2506,,703,420,414,637,332,3424
6136,707,1152,1588,2290,2707,,707,445,436,702,417,3429
6161,716,1215,1670,2322,2718,,716,499,455,652,396,3443
6276,716,1204,1691,2404,2815,,716,488,487,713,411,3461
6277,716,1204,1691,2403,2815,,716,488,487,712,412,3462
6226,679,1156,1643,2355,2766,,679,477,487,712,411,3460
6277,677,1179,1668,2380,2791,,677,502,489,712,411,3486
6277,716,1205,1692,2405,2815,,716,489,487,713,410,3462
6301,715,1204,1693,2405,2816,,715,489,489,712,411,3485
6275,720,1206,1693,2404,2816,,720,486,487,711,412,3459
6301,704,1205,1692,2404,2819,,704,501,487,712,415,3482
6175,716,1181,1603,2305,2715,,716,465,422,702,410,3460
6186,728,1227,1681,2351,2752,,728,499,454,670,401,3434
6078,705,1193,1667,2368,2718,,705,488,474,701,350,3360
6024,695,1167,1638,2302,2657,,695,472,471,664,355,3367
6199,665,1143,1624,2331,2740,,665,478,481,707,409,3459
6176,704,1204,1621,2330,2741,,704,500,417,709,411,3435
6301,716,1205,1692,2407,2815,,716,489,487,715,408,3486
6304,717,1205,1693,2404,2815,,717,488,488,711,411,3489
6302,716,1205,1694,2406,2817,,716,489,489,712,411,3485
6271,717,1202,1691,2382,2789,,717,485,489,691,407,3482
6202,714,1167,1585,2306,2741,,714,453,418,721,435,3461
6088,716,1204,1613,2304,2655,,716,488,409,691,351,3433
5947,704,1192,1663,2285,2605,,704,488,471,622,320,3342
6197,716,1145,1639,2352,2762,,716,429,494,713,410,3435
6275,717,1194,1677,2379,2789,,717,477,483,702,410,3486
6276,717,1204,1693,2405,2815,,717,487,489,712,410,3461
6277,716,1205,1694,2406,2816,,716,489,489,712,410,3461
6301,716,1208,1696,2407,2815,,716,492,488,711,408,3486
6301,716,1204,1692,2404,2817,,716,488,488,712,413,3484
6300,715,1208,1694,2405,2816,,715,493,486,711,411,3484
6084,745,1191,1629,2307,2688,,745,446,438,678,381,3396
6165,633,1120,1591,2296,2713,,633,487,471,705,417,3452
6247,704,1192,1690,2392,2812,,704,488,498,702,420,3435
6048,704,1191,1663,2328,2661,,704,487,472,665,333,3387
6299,705,1147,1640,2352,2789,,705,442,493,712,437,3510
6279,709,1205,1694,2412,2850,,709,496,489,718,438,3429
6302,717,1205,1694,2407,2816,,717,488,489,713,409,3486
6302,717,1204,1693,2405,2840,,717,487,489,712,435,3462
6276,718,1204,1692,2405,2840,,718,486,488,713,435,3436
6299,716,1204,1692,2404,2814,,716,488,488,712,410,3485
6135,745,1191,1631,2331,2739,,745,446,440,700,408,3396
6138,667,1155,1642,2334,2701,,667,488,487,692,367,3437
5948,705,1192,1662,2287,2605,,705,487,470,625,318,3343
6051,705,1194,1668,2327,2683,,705,489,474,659,356,3368
6154,702,1151,1601,2305,2714,,702,449,450,704,409,3440
6277,716,1207,1694,2381,2792,,716,491,487,687,411,3485
6301,716,1206,1693,2405,2817,,716,490,487,712,412,3484
6277,717,1205,1695,2405,2816,,717,488,490,710,411,3461
6275,716,1204,1692,2404,2814,,716,488,488,712,410,3461
6303,717,1205,1697,2405,2815,,717,488,492,708,410,3488
6226,743,1191,1630,2329,2767,,743,448,439,699,438,3459
6152,676,1138,1619,2309,2691,,676,462,481,690,382,3461
6286,718,1204,1692,2405,2815,,718,486,488,713,410,3471
6302,721,1205,1693,2406,2817,,721,484,488,713,411,3485
6226,704,1171,1632,2356,2766,,704,467,461,724,410,3460
6324,727,1227,1716,2432,2867,,727,500,489,716,435,3457
6254,717,1205,1692,2407,2816,,717,488,487,715,409,3438
6302,717,1206,1694,2406,2817,,717,489,488,712,411,3485
6276,717,1205,1693,2406,2816,,717,488,488,713,410,3460
6299,716,1204,1694,2404,2840,,716,488,490,710,436,3459
6151,716,1181,1626,2266,2698,,716,465,445,640,432,3453
6151,688,1107,1592,2306,2714,,688,419,485,714,408,3437
6327,717,1206,1695,2433,2866,,717,489,489,738,433,3461
6300,718,1203,1692,2403,2814,,718,485,489,711,411,3486
6175,705,1190,1598,2305,2716,,705,485,408,707,411,3459
6301,717,1205,1694,2406,2797,,717,488,489,712,391,3504
6276,718,1206,1692,2406,2816,,718,488,486,714,410,3460
6302,716,1207,1695,2407,2817,,716,491,488,712,410,3485
6277,718,1205,1695,2404,2815,,718,487,490,709,411,3462
6275,717,1206,1694,2385,2791,,717,489,488,691,406,3484
6177,743,1192,1630,2291,2732,,743,449,438,661,441,3445
6100,716,1204,1691,2327,2655,,716,488,487,636,328,3445
6319,721,1232,1744,2456,2892,,721,511,512,712,436,3427
6298,728,1229,1719,2429,2843,,728,501,490,710,414,3455
6151,677,1179,1588,2304,2715,,677,502,409,716,411,3436
6278,716,1206,1694,2406,2812,,716,490,488,712,406,3466
6236,716,1207,1695,2396,2803,,716,491,488,701,407,3433
6180,670,1156,1644,2357,2767,,670,486,488,713,410,3413
6279,717,1206,1694,2407,2816,,717,489,488,713,409,3463
6200,717,1207,1696,2385,2768,,717,490,489,689,383,3432
6128,716,1181,1626,2288,2666,,716,465,445,662,378,3462
6177,717,1205,1638,2355,2713,,717,488,433,717,358,3464
6298,718,1203,1691,2405,2839,,718,485,488,714,434,3459
6274,716,1206,1695,2405,2819,,716,490,489,710,414,3455
6127,679,1083,1551,2256,2666,,679,404,468,705,410,3461
6255,717,1206,1694,2407,2817,,717,489,488,713,410,3438
6275,715,1205,1693,2404,2792,,715,490,488,711,388,3483
6299,716,1202,1692,2403,2814,,716,486,490,711,411,3485
6279,717,1205,1693,2406,2817,,717,488,488,713,411,3462
6249,717,1207,1693,2386,2794,,717,490,486,693,408,3455
6101,716,1182,1628,2306,2652,,716,466,446,678,346,3449
6301,717,1206,1725,2409,2790,,717,489,519,684,381,3511
6299,717,1204,1693,2405,2815,,717,487,489,712,410,3484
6301,717,1206,1695,2407,2842,,717,489,489,712,435,3459
6202,717,1127,1619,2331,2742,,717,410,492,712,411,3460
6301,717,1205,1694,2406,2816,,717,488,489,712,410,3485
6277,717,1205,1694,2406,2819,,717,488,489,712,413,3458
6301,716,1206,1693,2405,2815,,716,490,487,712,410,3486
6253,717,1205,1694,2405,2816,,717,488,489,711,411,3437
6151,663,1158,1645,2336,2742,,663,495,487,691,406,3409
6102,715,1181,1625,2287,2655,,715,466,444,662,368,3447
6227,716,1205,1693,2384,2766,,716,489,488,691,382,3461
6266,716,1206,1692,2406,2814,,716,490,486,714,408,3452
6300,716,1206,1693,2406,2815,,716,490,487,713,409,3485
6301,721,1233,1718,2420,2826,,721,512,485,702,406,3475
6277,717,1206,1693,2406,2816,,717,489,487,713,410,3461
6299,715,1203,1690,2404,2814,,715,488,487,714,410,3485
6303,716,1206,1698,2406,2842,,716,490,492,708,436,3461
6253,716,1205,1693,2407,2815,,716,489,488,714,408,3438
6188,716,1206,1694,2385,2767,,716,490,488,691,382,3421
6183,715,1233,1683,2340,2704,,715,518,450,657,364,3479
6178,717,1206,1642,2310,2717,,717,489,436,668,407,3461
6301,719,1207,1695,2407,2817,,719,488,488,712,410,3484
6253,717,1208,1695,2408,2818,,717,491,487,713,410,3435
6176,714,1184,1642,2318,2719,,714,470,458,676,401,3457
6303,716,1206,1695,2408,2819,,716,490,489,713,411,3484
6278,717,1206,1693,2406,2817,,717,489,487,713,411,3461
6121,706,1198,1676,2329,2709,,706,492,478,653,380,3412
6301,715,1205,1693,2405,2815,,715,490,488,712,410,3486
6200,703,1165,1652,2353,2762,,703,462,487,701,409,3438
6125,716,1206,1670,2340,2703,,716,490,464,670,363,3422
6304,714,1206,1695,2412,2796,,714,492,489,717,384,3508
6300,716,1205,1694,2406,2841,,716,489,489,712,435,3459
6299,721,1204,1698,2406,2817,,721,483,494,708,411,3482
6251,717,1205,1663,2369,2788,,717,488,458,706,419,3463
6052,704,1192,1664,2325,2683,,704,488,472,661,358,3369
6150,701,1166,1637,2293,2702,,701,465,471,656,409,3448
6302,717,1204,1693,2404,2816,,717,487,489,711,412,3486
6277,716,1204,1692,2404,2816,,716,488,488,712,412,3461
5981,672,1113,1555,2212,2574,,672,441,442,657,362,3407
6000,666,1116,1519,2175,2541,,666,450,403,656,366,3459
6305,718,1208,1695,2408,2787,,718,490,487,713,379,3518
6287,716,1208,1694,2409,2817,,716,492,486,715,408,3470
6273,715,1205,1692,2405,2815,,715,490,487,713,410,3458
6278,742,1231,1698,2406,2796,,742,489,467,708,390,3482
6277,717,1205,1694,2406,2817,,717,488,489,712,411,3460
6301,720,1232,1718,2430,2840,,720,512,486,712,410,3461
6277,716,1206,1694,2405,2815,,716,490,488,711,410,3462
6302,717,1205,1694,2405,2816,,717,488,489,711,411,3486
6294,717,1204,1663,2380,2790,,717,487,459,717,410,3504
6249,715,1205,1718,2392,2778,,715,490,513,674,386,3471
6278,717,1207,1697,2407,2817,,717,490,490,710,410,3461
6306,725,1226,1713,2425,2837,,725,501,487,712,412,3469
6300,717,1205,1694,2406,2816,,717,488,489,712,410,3484
6187,715,1205,1672,2380,2737,,715,490,467,708,357,3450
6154,705,1194,1692,2394,2768,,705,489,498,702,374,3386
6048,706,1194,1665,2328,2666,,706,488,471,663,338,3382
6049,705,1194,1690,2355,2689,,705,489,496,665,334,3360
6069,705,1192,1689,2350,2688,,705,487,497,661,338,3381
5953,701,1153,1589,2235,2561,,701,452,436,646,326,3392
5947,704,1194,1599,2226,2549,,704,490,405,627,323,3398
6150,705,1182,1653,2314,2713,,705,477,471,661,399,3437
5944,706,1191,1665,2287,2606,,706,485,474,622,319,3338
6231,705,1147,1639,2356,2792,,705,442,492,717,436,3439
6165,716,1205,1696,2374,2733,,716,489,491,678,359,3432
6102,703,1197,1667,2369,2759,,703,494,470,702,390,3343
6049,704,1197,1669,2328,2687,,704,493,472,659,359,3362
6024,704,1153,1632,2281,2637,,704,449,479,649,356,3387
5914,704,1168,1589,2224,2542,,704,464,421,635,318,3372
6023,699,1128,1565,2237,2606,,699,429,437,672,369,3417
6152,715,1206,1669,2338,2700,,715,491,463,669,362,3452
6298,716,1204,1692,2405,2815,,716,488,488,713,410,3483
6276,716,1205,1692,2405,2816,,716,489,487,713,411,3460
6301,716,1206,1694,2406,2816,,716,490,488,712,410,3485
6027,715,1205,1617,2249,2569,,715,490,412,632,320,3458
6277,718,1207,1695,2408,2818,,718,489,488,713,410,3459
6278,717,1209,1694,2407,2817,,717,492,485,713,410,3461
6304,716,1206,1695,2407,2817,,716,490,489,712,410,3487
6300,719,1204,1692,2404,2815,,719,485,488,712,411,3485
6272,715,1205,1694,2407,2822,,715,490,489,713,415,3450
6152,702,1180,1644,2312,2701,,702,478,464,668,389,3451
6300,718,1205,1695,2405,2817,,718,487,490,710,412,3483
6302,717,1207,1696,2407,2843,,717,490,489,711,436,3459
6278,717,1207,1696,2407,2822,,717,490,489,711,415,3456
6127,717,1186,1650,2358,2688,,717,469,464,708,330,3439
6303,717,1207,1696,2407,2819,,717,490,489,711,412,3484
6127,717,1206,1618,2247,2676,,717,489,412,629,429,3451
6305,715,1208,1695,2406,2817,,715,493,487,711,411,3488
6182,716,1206,1694,2405,2817,,716,490,488,711,412,3365
6148,717,1209,1674,2358,2739,,717,492,465,684,381,3409
6177,703,1205,1669,2337,2724,,703,502,464,668,387,3453
6301,716,1207,1694,2408,2844,,716,491,487,714,436,3457
6302,717,1205,1694,2408,2820,,717,488,489,714,412,3482
6299,717,1203,1690,2404,2839,,717,486,487,714,435,3460
6302,719,1206,1694,2387,2792,,719,487,488,693,405,3510
6280,717,1207,1694,2408,2819,,717,490,487,714,411,3461
6301,717,1206,1694,2407,2817,,717,489,488,713,410,3484
6278,717,1206,1696,2407,2816,,717,489,490,711,409,3462
6278,716,1206,1693,2407,2816,,716,490,487,714,409,3462
6235,715,1207,1693,2386,2792,,715,492,486,693,406,3443
6278,702,1206,1694,2432,2804,,702,504,488,738,372,3474
6115,649,1121,1593,2295,2691,,649,472,472,702,396,3424
6170,684,1169,1641,2344,2763,,684,485,472,703,419,3407
6072,705,1192,1664,2327,2684,,705,487,472,663,357,3388
6002,676,1169,1639,2304,2639,,676,493,470,665,335,3363
6027,704,1194,1665,2327,2660,,704,490,471,662,333,3367
6023,704,1197,1670,2330,2665,,704,493,473,660,335,3358
6048,704,1195,1695,2354,2688,,704,491,500,659,334,3360
5944,700,1170,1602,2229,2561,,700,470,432,627,332,3383
5937,710,1143,1541,2171,2514,,710,433,398,630,343,3423
5973,704,1129,1563,2205,2539,,704,425,434,642,334,3434
6240,717,1206,1723,2430,2839,,717,489,517,707,409,3401
6304,708,1207,1694,2406,2817,,708,499,487,712,411,3487
6333,716,1206,1694,2408,2842,,716,490,488,714,434,3491
6214,703,1207,1694,2408,2783,,703,504,487,714,375,3431
6103,706,1195,1667,2370,2718,,706,489,472,703,348,3385
6046,705,1195,1667,2329,2664,,705,490,472,662,335,3382
6091,704,1197,1669,2329,2671,,704,493,472,660,342,3420
6302,716,1206,1693,2406,2815,,716,490,487,713,409,3487
6265,717,1204,1692,2405,2814,,717,487,488,713,409,3451
6278,716,1205,1694,2432,2803,,716,489,489,738,371,3475
6276,716,1206,1694,2406,2818,,716,490,488,712,412,3458
6300,727,1227,1720,2429,2837,,727,500,493,709,408,3463
6304,717,1207,1695,2408,2817,,717,490,488,713,409,3487
6225,716,1181,1669,2381,2771,,716,465,488,712,390,3454
6300,730,1229,1717,2429,2838,,730,499,488,712,409,3462
6302,717,1206,1695,2407,2840,,717,489,489,712,433,3462
6301,717,1206,1693,2406,2817,,717,489,487,713,411,3484
6284,716,1205,1692,2404,2813,,716,489,487,712,409,3471
6220,716,1210,1697,2406,2816,,716,494,487,709,410,3404
6015,703,1195,1622,2255,2587,,703,492,427,633,332,3428
6058,704,1137,1611,2319,2671,,704,433,474,708,352,3387
6165,707,1157,1632,2346,2738,,707,450,475,714,392,3427
6034,706,1165,1597,2296,2647,,706,459,432,699,351,3387
6304,706,1151,1644,2358,2793,,706,445,493,714,435,3511
6275,716,1205,1693,2405,2818,,716,489,488,712,413,3457
6302,718,1206,1694,2407,2818,,718,488,488,713,411,3484
6302,716,1206,1694,2407,2818,,716,490,488,713,411,3484
6276,716,1205,1694,2406,2816,,716,489,489,712,410,3460
6262,715,1207,1694,2408,2818,,715,492,487,714,410,3444
6200,716,1204,1692,2380,2749,,716,488,488,688,369,3451
6175,705,1106,1594,2306,2717,,705,401,488,712,411,3458
6279,715,1207,1694,2406,2817,,715,492,487,712,411,3462
6278,716,1207,1694,2407,2817,,716,491,487,713,410,3461
6277,716,1207,1665,2382,2792,,716,491,458,717,410,3485
6301,716,1207,1694,2407,2818,,716,491,487,713,411,3483
6304,716,1207,1694,2406,2816,,716,491,487,712,410,3488
6301,716,1207,1692,2406,2817,,716,491,485,714,411,3484
6254,716,1205,1694,2407,2818,,716,489,489,713,411,3436
6278,717,1207,1698,2406,2817,,717,490,491,708,411,3461
6229,678,1158,1645,2383,2779,,678,480,487,738,396,3450
6299,703,1191,1688,2405,2815,,703,488,497,717,410,3484
6251,717,1205,1693,2406,2796,,717,488,488,713,390,3455
6303,718,1207,1694,2408,2845,,718,489,487,714,437,3458
6280,716,1207,1724,2432,2843,,716,491,517,708,411,3437
6302,716,1207,1694,2408,2841,,716,491,487,714,433,3461
6306,717,1206,1693,2407,2841,,717,489,487,714,434,3465
6323,727,1227,1714,2429,2864,,727,500,487,715,435,3459
6280,717,1206,1694,2407,2818,,717,489,488,713,411,3462
6302,715,1205,1694,2406,2841,,715,490,489,712,435,3461
6303,715,1206,1723,2432,2817,,715,491,517,709,385,3486
6186,704,1205,1640,2345,2741,,704,501,435,705,396,3445
6304,706,1171,1690,2411,2843,,706,465,519,721,432,3461
6277,716,1206,1695,2406,2816,,716,490,489,711,410,3461
6276,717,1206,1694,2406,2816,,717,489,488,712,410,3460
6341,720,1219,1708,2419,2855,,720,499,489,711,436,3486
6302,717,1205,1693,2405,2816,,717,488,488,712,411,3486
6277,716,1206,1696,2407,2816,,716,490,490,711,409,3461
6282,717,1202,1692,2403,2814,,717,485,490,711,411,3468
6267,717,1204,1692,2379,2788,,717,487,488,687,409,3479
6276,716,1205,1692,2434,2818,,716,489,487,742,384,3458
6201,704,1205,1615,2330,2740,,704,501,410,715,410,3461
6259,717,1206,1695,2405,2800,,717,489,489,710,395,3459
6303,717,1207,1694,2406,2842,,717,490,487,712,436,3461
6303,717,1206,1696,2387,2819,,717,489,490,691,432,3484
6280,718,1206,1693,2406,2815,,718,488,487,713,409,3465
6302,717,1234,1719,2430,2840,,717,517,485,711,410,3462
6302,717,1207,1694,2406,2817,,717,490,487,712,411,3485
6288,746,1240,1728,2438,2849,,746,494,488,710,411,3439
6251,717,1207,1695,2407,2819,,717,490,488,712,412,3432
6303,716,1206,1695,2407,2846,,716,490,489,712,439,3457
6205,715,1128,1618,2331,2741,,715,413,490,713,410,3464
6301,717,1191,1676,2382,2820,,717,474,485,706,438,3481
6031,722,1149,1569,2207,2599,,722,427,420,638,392,3432
6025,705,1196,1626,2289,2683,,705,491,430,663,394,3342
6051,706,1196,1668,2328,2685,,706,490,472,660,357,3366
6046,705,1195,1668,2329,2664,,705,490,473,661,335,3382
6047,705,1196,1668,2330,2665,,705,491,472,662,335,3382
5947,699,1170,1601,2229,2562,,699,471,431,628,333,3385
5875,649,1118,1548,2178,2511,,649,469,430,630,333,3364
6033,715,1190,1618,2274,2606,,715,475,428,656,332,3427
6047,712,1152,1591,2293,2668,,712,440,439,702,375,3379
6076,705,1154,1589,2298,2718,,705,449,435,709,420,3358
6097,705,1196,1668,2368,2715,,705,491,472,700,347,3382
5954,649,1120,1592,2253,2591,,649,471,472,661,338,3363
5871,648,1119,1549,2179,2513,,648,471,430,630,334,3358
6063,703,1194,1665,2302,2636,,703,491,471,637,334,3427
6148,706,1196,1668,2371,2763,,706,490,472,703,392,3385
6047,705,1194,1666,2328,2665,,705,489,472,662,337,3382
6229,696,1181,1670,2382,2792,,696,485,489,712,410,3437
6305,717,1206,1695,2406,2793,,717,489,489,711,387,3512
6227,718,1184,1644,2337,2743,,718,466,460,693,406,3484
6302,718,1207,1693,2406,2817,,718,489,486,713,411,3485
6278,718,1206,1694,2407,2817,,718,488,488,713,410,3461
6275,724,1232,1719,2431,2841,,724,508,487,712,410,3434
6301,716,1206,1693,2405,2816,,716,490,487,712,411,3485
6300,742,1231,1718,2429,2841,,742,489,487,711,412,3459
6300,716,1204,1693,2405,2814,,716,488,489,712,409,3486
6286,716,1215,1704,2415,2827,,716,499,489,711,412,3459
6276,717,1206,1693,2406,2817,,717,489,487,713,411,3459
6300,717,1205,1694,2407,2817,,717,488,489,713,410,3483
6152,717,1206,1616,2306,2692,,717,489,410,690,386,3460
6119,706,1192,1660,2327,2707,,706,486,468,667,380,3412
6261,689,1191,1677,2390,2800,,689,502,486,713,410,3461
6276,717,1206,1693,2406,2817,,717,489,487,713,411,3459
6305,717,1205,1694,2406,2816,,717,488,489,712,410,3489
6302,717,1207,1694,2405,2816,,717,490,487,711,411,3486
6278,717,1206,1695,2406,2817,,717,489,489,711,411,3461
6285,718,1216,1703,2416,2832,,718,498,487,713,416,3453
6225,717,1155,1643,2355,2766,,717,438,488,712,411,3459
6329,716,1204,1692,2404,2839,,716,488,488,712,435,3490
6173,727,1206,1664,2352,2747,,727,479,458,688,395,3426
6278,716,1205,1693,2386,2794,,716,489,488,693,408,3484
6303,716,1207,1694,2406,2818,,716,491,487,712,412,3485
6480,743,1232,1744,2483,3005,,743,489,512,739,522,3475
6302,716,1206,1696,2406,2842,,716,490,490,710,436,3460
6326,716,1205,1693,2406,2871,,716,489,488,713,465,3455
6301,717,1206,1694,2408,2841,,717,489,488,714,433,3460
6301,718,1206,1693,2406,2841,,718,488,487,713,435,3460
6285,716,1203,1691,2405,2814,,716,487,488,714,409,3471
6274,716,1205,1694,2406,2817,,716,489,489,712,411,3457
6121,717,1206,1673,2356,2702,,717,489,467,683,346,3419
6176,714,1207,1675,2357,2743,,714,493,468,682,386,3433
6216,719,1164,1657,2369,2778,,719,445,493,712,409,3438
6300,717,1205,1699,2404,2814,,717,488,494,705,410,3486
6300,704,1205,1693,2404,2814,,704,501,488,711,410,3486
6302,719,1206,1694,2406,2843,,719,487,488,712,437,3459
6303,718,1205,1693,2406,2817,,718,487,488,713,411,3486
6275,718,1204,1692,2405,2815,,718,486,488,713,410,3460
6295,742,1230,1666,2381,2792,,742,488,436,715,411,3503
6276,717,1205,1694,2406,2816,,717,488,489,712,410,3460
6172,718,1207,1673,2358,2744,,718,489,466,685,386,3428
6087,718,1207,1674,2358,2671,,718,489,467,684,313,3416
6229,706,1153,1644,2357,2771,,706,447,491,713,414,3458
6276,718,1206,1694,2406,2816,,718,488,488,712,410,3460
6358,742,1230,1719,2431,2867,,742,488,489,712,436,3491
6302,718,1206,1694,2407,2841,,718,488,488,713,434,3461
6305,716,1207,1694,2407,2842,,716,491,487,713,435,3463
6300,716,1205,1693,2406,2815,,716,489,488,713,409,3485
6275,716,1204,1694,2407,2816,,716,488,490,713,409,3459
6229,716,1207,1695,2406,2817,,716,491,488,711,411,3412
6175,718,1207,1676,2358,2743,,718,489,469,682,385,3432
6302,703,1206,1694,2406,2840,,703,503,488,712,434,3462
6300,728,1208,1690,2403,2812,,728,480,482,713,409,3488
6298,717,1206,1693,2406,2815,,717,489,487,713,409,3483
6302,716,1206,1693,2406,2817,,716,490,487,713,411,3485
6300,717,1204,1691,2404,2814,,717,487,487,713,410,3486
6302,718,1206,1696,2406,2842,,718,488,490,710,436,3460
6277,716,1207,1694,2407,2816,,716,491,487,713,409,3461
6287,716,1205,1693,2406,2816,,716,489,488,713,410,3471
6279,717,1206,1719,2431,2867,,717,489,513,712,436,3412
6150,716,1207,1695,2329,2719,,716,491,488,634,390,3431
6301,705,1206,1694,2406,2816,,705,501,488,712,410,3485
6203,705,1205,1590,2306,2746,,705,500,385,716,440,3457
6268,717,1206,1719,2378,2792,,717,489,513,659,414,3476
6334,717,1208,1698,2407,2819,,717,491,490,709,412,3515
6280,718,1209,1696,2408,2820,,718,491,487,712,412,3460
6279,717,1207,1695,2408,2817,,717,490,488,713,409,3462
6277,725,1208,1696,2388,2794,,725,483,488,692,406,3483
6301,716,1208,1695,2408,2845,,716,492,487,713,437,3456
6274,716,1207,1695,2387,2793,,716,491,488,692,406,3481
6304,716,1208,1696,2408,2819,,716,492,488,712,411,3485
6330,716,1208,1697,2408,2820,,716,492,489,711,412,3510
6085,646,1064,1533,2237,2648,,646,418,469,704,411,3437
6301,714,1206,1694,2406,2792,,714,492,488,712,386,3509
6229,717,1151,1644,2357,2768,,717,434,493,713,411,3461
6300,716,1205,1692,2404,2814,,716,489,487,712,410,3486
6301,716,1207,1692,2406,2841,,716,491,485,714,435,3460
6151,675,1158,1645,2337,2718,,675,483,487,692,381,3433
6274,717,1207,1697,2408,2839,,717,490,490,711,431,3435
6204,716,1209,1697,2388,2769,,716,493,488,691,381,3435
6304,719,1207,1695,2408,2799,,719,488,488,713,391,3505
6279,719,1212,1696,2408,2819,,719,493,484,712,411,3460
6152,719,1128,1594,2306,2698,,719,409,466,712,392,3454
6278,718,1206,1694,2376,2791,,718,488,488,682,415,3487
6273,728,1230,1716,2429,2839,,728,502,486,713,410,3434
6303,718,1207,1696,2408,2844,,718,489,489,712,436,3459
6279,719,1206,1695,2406,2817,,719,487,489,711,411,3462
6201,717,1208,1696,2387,2770,,717,491,488,691,383,3431
6279,694,1185,1670,2383,2793,,694,491,485,713,410,3486
6199,717,1207,1692,2384,2765,,717,490,485,692,381,3434
6279,716,1209,1697,2411,2824,,716,493,488,714,413,3455
6303,716,1207,1695,2408,2816,,716,491,488,713,408,3487
6202,717,1128,1619,2306,2742,,717,411,491,687,436,3460
6275,719,1206,1695,2407,2816,,719,487,489,712,409,3459
6280,743,1231,1720,2431,2842,,743,488,489,711,411,3438
6275,718,1206,1695,2405,2817,,718,488,489,710,412,3458
6254,716,1206,1695,2407,2817,,716,490,489,712,410,3437
6175,718,1207,1695,2387,2768,,718,489,488,692,381,3407
6302,718,1207,1696,2408,2818,,718,489,489,712,410,3484
6177,717,1208,1696,2387,2769,,717,491,488,691,382,3408
6302,716,1206,1695,2406,2798,,716,490,489,711,392,3504
6300,713,1204,1692,2404,2815,,713,491,488,712,411,3485
6053,647,1051,1467,2163,2594,,647,404,416,696,431,3459
6278,717,1206,1696,2406,2818,,717,489,490,710,412,3460
6303,716,1207,1695,2408,2818,,716,491,488,713,410,3485
6277,717,1207,1694,2407,2817,,717,490,487,713,410,3460
6255,718,1206,1696,2407,2818,,718,488,490,711,411,3437
6277,717,1207,1697,2386,2794,,717,490,490,689,408,3483
6225,716,1154,1643,2357,2767,,716,438,489,714,410,3458
6201,716,1208,1696,2386,2768,,716,492,488,690,382,3433
6306,717,1206,1694,2407,2818,,717,489,488,713,411,3488
6310,717,1214,1702,2413,2825,,717,497,488,711,412,3485
6278,717,1207,1694,2409,2818,,717,490,487,715,409,3460
6301,717,1211,1697,2407,2842,,717,494,486,710,435,3459
6303,717,1206,1668,2382,2818,,717,489,462,714,436,3485
6303,717,1209,1696,2408,2818,,717,492,487,712,410,3485
6250,728,1229,1715,2428,2837,,728,501,486,713,409,3413
6202,717,1200,1695,2386,2768,,717,483,495,691,382,3434
6303,716,1207,1696,2408,2819,,716,491,489,712,411,3484
6231,716,1213,1700,2392,2799,,716,497,487,692,407,3432
6301,715,1208,1698,2408,2818,,715,493,490,710,410,3483
6336,716,1215,1704,2415,2826,,716,499,489,711,411,3510
6302,717,1208,1662,2383,2789,,717,491,454,721,406,3513
6247,718,1209,1700,2432,2844,,718,491,491,732,412,3403
6278,717,1207,1677,2383,2792,,717,490,470,706,409,3486
6279,717,1208,1696,2408,2819,,717,491,488,712,411,3460
6254,717,1207,1695,2407,2817,,717,490,488,712,410,3437
6276,716,1206,1694,2387,2792,,716,490,488,693,405,3484
6228,717,1207,1656,2358,2768,,717,490,449,702,410,3460
6231,716,1214,1702,2413,2803,,716,498,488,711,390,3428
6308,718,1208,1697,2410,2821,,718,490,489,713,411,3487
6264,717,1218,1706,2417,2829,,717,501,488,711,412,3435
6278,717,1209,1649,2360,2795,,717,492,440,711,435,3483
6305,722,1207,1696,2408,2843,,722,485,489,712,435,3462
6279,717,1208,1698,2407,2818,,717,491,490,709,411,3461
6301,717,1206,1696,2406,2818,,717,489,490,710,412,3483
6306,717,1207,1695,2437,2871,,717,490,488,742,434,3435
6277,717,1207,1696,2386,2792,,717,490,489,690,406,3485
6276,716,1208,1695,2406,2817,,716,492,487,711,411,3459
6260,718,1218,1705,2418,2832,,718,500,487,713,414,3428
6303,717,1207,1696,2407,2843,,717,490,489,711,436,3460
6301,717,1205,1692,2404,2815,,717,488,487,712,411,3486
6309,717,1209,1698,2408,2820,,717,492,489,710,412,3489
6275,717,1206,1694,2405,2817,,717,489,488,711,412,3458
6304,718,1209,1694,2409,2818,,718,491,485,715,409,3486
6278,717,1207,1697,2407,2818,,717,490,490,710,411,3460
6256,717,1208,1697,2406,2818,,717,491,489,709,412,3438
6201,717,1208,1696,2386,2767,,717,491,488,690,381,3434
6302,715,1207,1694,2406,2818,,715,492,487,712,412,3484
6020,705,1193,1667,2326,2662,,705,488,474,659,336,3358
6190,700,1171,1643,2348,2765,,700,471,472,705,417,3425
5874,710,1184,1572,2172,2490,,710,474,388,600,318,3384
6131,706,1131,1610,2301,2717,,706,425,479,691,416,3414
6243,717,1216,1703,2376,2785,,717,499,487,673,409,3458
6304,717,1208,1695,2408,2847,,717,491,487,713,439,3457
6303,717,1208,1695,2407,2847,,717,491,487,712,440,3456
6302,716,1206,1694,2437,2844,,716,490,488,743,407,3458
6304,716,1208,1695,2408,2818,,716,492,487,713,410,3486
6300,716,1207,1696,2411,2845,,716,491,489,715,434,3455
6279,714,1209,1696,2408,2818,,714,495,487,712,410,3461
6265,716,1206,1695,2407,2816,,716,490,489,712,409,3449
6252,715,1208,1695,2386,2795,,715,493,487,691,409,3457
6276,716,1206,1694,2410,2817,,716,490,488,716,407,3459
6262,716,1212,1700,2412,2805,,716,496,488,712,393,3457
6278,716,1208,1695,2406,2817,,716,492,487,711,411,3461
6334,718,1209,1696,2409,2819,,718,491,487,713,410,3515
6277,717,1208,1695,2408,2818,,717,491,487,713,410,3459
6303,716,1239,1690,2408,2818,,716,523,451,718,410,3485
6279,717,1208,1696,2408,2792,,717,491,488,712,384,3487
6302,718,1206,1695,2407,2819,,718,488,489,712,412,3483
6279,717,1207,1694,2407,2842,,717,490,487,713,435,3437
6278,708,1208,1695,2387,2795,,708,500,487,692,408,3483
6303,717,1207,1696,2409,2794,,717,490,489,713,385,3509
6362,714,1212,1700,2413,2830,,714,498,488,713,417,3532
6255,717,1206,1685,2371,2792,,717,489,479,686,421,3463
6322,725,1224,1712,2427,2864,,725,499,488,715,437,3458
6303,716,1206,1696,2407,2817,,716,490,490,711,410,3486
6279,717,1206,1696,2407,2816,,717,489,490,711,409,3463
6277,717,1205,1694,2435,2843,,717,488,489,741,408,3434
6302,715,1205,1694,2407,2816,,715,490,489,713,409,3486
6273,728,1227,1716,2428,2838,,728,499,489,712,410,3435
6177,671,1157,1645,2337,2744,,671,486,488,692,407,3433
6305,717,1208,1697,2408,2821,,717,491,489,711,413,3484
6261,716,1215,1704,2414,2801,,716,499,489,710,387,3460
6304,716,1207,1697,2377,2792,,716,491,490,680,415,3512
6277,716,1206,1694,2407,2818,,716,490,488,713,411,3459
6304,716,1206,1694,2407,2843,,716,490,488,713,436,3461
6279,717,1209,1696,2408,2818,,717,492,487,712,410,3461
6301,717,1207,1694,2406,2816,,717,490,487,712,410,3485
6049,672,1144,1616,2320,2673,,672,472,472,704,353,3376
6138,700,1131,1611,2322,2716,,700,431,480,711,394,3422
5925,663,1159,1589,2229,2562,,663,496,430,640,333,3363
5990,705,1128,1539,2178,2534,,705,423,411,639,356,3456
6187,710,1185,1656,2360,2780,,710,475,471,704,420,3407
5973,704,1196,1624,2254,2595,,704,492,428,630,341,3378
6064,704,1194,1665,2305,2636,,704,490,471,640,331,3428
6228,704,1196,1669,2371,2787,,704,492,473,702,416,3441
6049,705,1154,1590,2295,2673,,705,449,436,705,378,3376
6055,704,1160,1634,2321,2674,,704,456,474,687,353,3381
5948,703,1171,1603,2231,2562,,703,468,432,628,331,3386
6138,701,1131,1610,2296,2713,,701,430,479,686,417,3425
5865,646,1118,1535,2175,2493,,646,472,417,640,318,3372
5991,703,1130,1541,2179,2535,,703,427,411,638,356,3456
6195,715,1159,1642,2351,2761,,715,444,483,709,410,3434
6302,716,1208,1694,2409,2817,,716,492,486,715,408,3485
6302,708,1206,1694,2406,2841,,708,498,488,712,435,3461
6305,716,1207,1693,2407,2816,,716,491,486,714,409,3489
6303,717,1207,1694,2408,2816,,717,490,487,714,408,3487
6300,715,1207,1691,2405,2815,,715,492,484,714,410,3485
6254,717,1206,1694,2406,2817,,717,489,488,712,411,3437
6329,705,1167,1651,2358,2794,,705,462,484,707,436,3535
6228,742,1158,1645,2357,2771,,742,416,487,712,414,3457
6247,727,1228,1740,2415,2780,,727,501,512,675,365,3467
6288,717,1207,1693,2407,2818,,717,490,486,714,411,3470
6279,717,1207,1695,2407,2817,,717,490,488,712,410,3462
6279,718,1200,1640,2357,2798,,718,482,440,717,441,3481
6284,717,1207,1697,2407,2817,,717,490,490,710,410,3467
6278,743,1232,1721,2432,2843,,743,489,489,711,411,3435
6333,716,1207,1695,2408,2817,,716,491,488,713,409,3516
6202,717,1194,1676,2363,2769,,717,477,482,687,406,3433
6228,704,1193,1660,2357,2768,,704,489,467,697,411,3460
6162,743,1172,1629,2362,2750,,743,429,457,733,388,3412
6228,717,1207,1695,2383,2778,,717,490,488,688,395,3450
6326,744,1259,1731,2455,2893,,744,515,472,724,438,3433
6300,716,1204,1694,2405,2807,,716,488,490,711,402,3493
6300,716,1204,1693,2405,2815,,716,488,489,712,410,3485
6278,717,1208,1695,2406,2818,,717,491,487,711,412,3460
6303,717,1207,1696,2408,2817,,717,490,489,712,409,3486
6327,717,1205,1702,2432,2869,,717,488,497,730,437,3458
6100,647,1117,1624,2311,2693,,647,470,507,687,382,3407
6301,703,1193,1661,2381,2817,,703,490,468,720,436,3484
6153,741,1194,1629,2333,2743,,741,453,435,704,410,3410
6203,716,1207,1695,2381,2751,,716,491,488,686,370,3452
6302,717,1208,1694,2407,2817,,717,491,486,713,410,3485
6303,717,1208,1696,2408,2805,,717,491,488,712,397,3498
6228,716,1172,1657,2356,2769,,716,456,485,699,413,3459
6278,747,1232,1720,2432,2843,,747,485,488,712,411,3435
6333,745,1231,1720,2399,2818,,745,486,489,679,419,3515
6276,716,1205,1693,2406,2815,,716,489,488,713,409,3461
6202,717,1207,1695,2386,2768,,717,490,488,691,382,3434
6278,703,1169,1638,2387,2794,,703,466,469,749,407,3484
6137,741,1206,1643,2331,2719,,741,465,437,688,388,3418
6304,716,1209,1696,2434,2806,,716,493,487,738,372,3498
6302,716,1209,1696,2408,2818,,716,493,487,712,410,3484
6304,717,1208,1696,2408,2847,,717,491,488,712,439,3457
6304,717,1212,1700,2409,2819,,717,495,488,709,410,3485
6304,716,1208,1696,2410,2819,,716,492,488,714,409,3485
6304,716,1208,1696,2411,2844,,716,492,488,715,433,3460
6275,718,1205,1694,2405,2814,,718,487,489,711,409,3461
6230,716,1209,1644,2360,2769,,716,493,435,716,409,3461
6278,716,1208,1696,2408,2818,,716,492,488,712,410,3460
6177,742,1194,1613,2309,2717,,742,452,419,696,408,3460
6303,717,1207,1695,2433,2803,,717,490,488,738,370,3500
6274,717,1208,1696,2402,2819,,717,491,488,706,417,3455
6279,719,1208,1697,2409,2818,,719,489,489,712,409,3461
6279,717,1209,1696,2410,2842,,717,492,487,714,432,3437
6306,721,1239,1724,2435,2824,,721,518,485,711,389,3482
6305,716,1207,1725,2434,2844,,716,491,518,709,410,3461
6308,714,1208,1695,2408,2819,,714,494,487,713,411,3489
6304,716,1208,1695,2408,2842,,716,492,487,713,434,3462
6278,718,1208,1697,2409,2819,,718,490,489,712,410,3459
6130,742,1172,1610,2310,2718,,742,430,438,700,408,3412
6305,716,1209,1697,2408,2795,,716,493,488,711,387,3510
6279,703,1207,1695,2407,2796,,703,504,488,712,389,3483
6304,717,1208,1697,2408,2819,,717,491,489,711,411,3485
6229,717,1207,1643,2359,2769,,717,490,436,716,410,3460
6280,718,1208,1696,2409,2819,,718,490,488,713,410,3461
6302,717,1207,1696,2408,2844,,717,490,489,712,436,3458
6277,716,1206,1695,2407,2806,,716,490,489,712,399,3471
6277,716,1207,1695,2408,2817,,716,491,488,713,409,3460
6322,724,1225,1712,2425,2834,,724,501,487,713,409,3488
6052,717,1129,1591,2283,2616,,717,412,462,692,333,3436
6142,718,1209,1675,2360,2729,,718,491,466,685,369,3413
6102,682,1174,1647,2266,2654,,682,492,473,619,388,3448
6320,724,1225,1712,2424,2835,,724,501,487,712,411,3485
6304,716,1209,1697,2409,2843,,716,493,488,712,434,3461
6279,716,1207,1725,2432,2842,,716,491,518,707,410,3437
6306,748,1234,1725,2434,2838,,748,486,491,709,404,3468
6304,716,1207,1695,2407,2843,,716,491,488,712,436,3461
6253,715,1236,1720,2432,2822,,715,521,484,712,390,3431
6159,711,1182,1641,2315,2710,,711,471,459,674,395,3449
6004,704,1106,1518,2155,2553,,704,402,412,637,398,3451
6302,715,1207,1695,2408,2794,,715,492,488,713,386,3508
6305,721,1209,1698,2411,2805,,721,488,489,713,394,3500
6327,727,1227,1715,2430,2838,,727,500,488,715,408,3489
6303,716,1208,1696,2408,2848,,716,492,488,712,440,3455
6303,716,1207,1695,2408,2817,,716,491,488,713,409,3486
6280,716,1208,1695,2409,2821,,716,492,487,714,412,3459
6301,716,1206,1694,2407,2817,,716,490,488,713,410,3484
6202,717,1207,1694,2378,2769,,717,490,487,684,391,3433
6166,704,1169,1638,2324,2724,,704,465,469,686,400,3442
5989,705,1128,1538,2150,2500,,705,423,410,612,350,3489
5981,704,1192,1621,2250,2584,,704,488,429,629,334,3397
6289,719,1209,1696,2409,2848,,719,490,487,713,439,3441
6306,716,1210,1697,2409,2820,,716,494,487,712,411,3486
6304,717,1209,1698,2409,2819,,717,492,489,711,410,3485
6303,717,1206,1697,2407,2817,,717,489,491,710,410,3486
6178,717,1207,1695,2390,2732,,717,490,488,695,342,3446
6246,717,1191,1700,2370,2775,,717,474,509,670,405,3471
6278,717,1209,1696,2409,2798,,717,492,487,713,389,3480
6118,716,1188,1647,2319,2681,,716,472,459,672,362,3437
5940,704,1130,1543,2179,2534,,704,426,413,636,355,3406
6165,716,1186,1670,2383,2768,,716,470,484,713,385,3397
6205,717,1160,1646,2357,2768,,717,443,486,711,411,3437
6305,716,1209,1696,2408,2819,,716,493,487,712,411,3486
6230,717,1208,1696,2357,2768,,717,491,488,661,411,3462
6256,717,1210,1696,2409,2818,,717,493,486,713,409,3438
6162,717,1209,1675,2358,2744,,717,492,466,683,386,3418
6131,645,1074,1557,2261,2673,,645,429,483,704,412,3458
6305,717,1207,1696,2408,2799,,717,490,489,712,391,3506
6333,732,1233,1722,2434,2843,,732,501,489,712,409,3490
6104,715,1208,1675,2342,2669,,715,493,467,667,327,3435
6245,702,1195,1678,2407,2843,,702,493,483,729,436,3402
6280,716,1198,1681,2409,2819,,716,482,483,728,410,3461
6304,708,1207,1695,2408,2818,,708,499,488,713,410,3486
6303,716,1207,1695,2409,2842,,716,491,488,714,433,3461
6305,716,1208,1697,2409,2843,,716,492,489,712,434,3462
6276,717,1209,1697,2392,2799,,717,492,488,695,407,3477
6328,716,1209,1705,2432,2868,,716,493,496,727,436,3460
6303,717,1237,1720,2432,2811,,717,520,483,712,379,3492
6306,715,1207,1697,2407,2819,,715,492,490,710,412,3487
6179,741,1233,1698,2380,2731,,741,492,465,682,351,3448
6223,716,1208,1696,2408,2820,,716,492,488,712,412,3403
6128,705,1119,1554,2259,2668,,705,414,435,705,409,3460
6280,719,1210,1697,2408,2820,,719,491,487,711,412,3460
6279,719,1208,1697,2409,2805,,719,489,489,712,396,3474
6280,716,1210,1698,2411,2819,,716,494,488,713,408,3461
6304,716,1209,1697,2409,2845,,716,493,488,712,436,3459
6304,717,1208,1699,2410,2844,,717,491,491,711,434,3460
6278,717,1208,1696,2409,2799,,717,491,488,713,390,3479
6110,717,1187,1647,2334,2702,,717,470,460,687,368,3408
6114,705,1199,1670,2374,2764,,705,494,471,704,390,3350
6090,704,1172,1646,2296,2673,,704,468,474,650,377,3417
6262,745,1244,1673,2393,2803,,745,499,429,720,410,3459
6307,716,1206,1725,2432,2843,,716,490,519,707,411,3464
6230,716,1208,1696,2409,2773,,716,492,488,713,364,3457
6303,716,1208,1695,2407,2845,,716,492,487,712,438,3458
6278,716,1208,1697,2408,2819,,716,492,489,711,411,3459
6276,724,1224,1712,2424,2834,,724,500,488,712,410,3442
5995,671,1115,1554,2214,2601,,671,444,439,660,387,3394
6009,671,1117,1556,2218,2605,,671,446,439,662,387,3404
5999,671,1120,1559,2219,2606,,671,449,439,660,387,3393
6305,717,1212,1697,2409,2820,,717,495,485,712,411,3485
6251,716,1209,1677,2385,2795,,716,493,468,708,410,3456
6155,706,1201,1675,2373,2769,,706,495,474,698,396,3386
6142,706,1197,1670,2332,2708,,706,491,473,662,376,3434
6333,717,1208,1697,2438,2870,,717,491,489,741,432,3463
6280,716,1208,1696,2409,2819,,716,492,488,713,410,3461
6313,716,1210,1697,2409,2819,,716,494,487,712,410,3494
6305,716,1208,1696,2410,2820,,716,492,488,714,410,3485
6277,715,1201,1685,2409,2802,,715,486,484,724,393,3475
6282,717,1210,1698,2410,2822,,717,493,488,712,412,3460
6277,718,1208,1695,2408,2819,,718,490,487,713,411,3458
6204,718,1209,1676,2329,2744,,718,491,467,653,415,3460
6280,716,1209,1696,2409,2843,,716,493,487,713,434,3437
6304,717,1209,1697,2409,2818,,717,492,488,712,409,3486
6278,716,1207,1696,2407,2817,,716,491,489,711,410,3461
6303,715,1208,1726,2433,2843,,715,493,518,707,410,3460
6305,717,1208,1696,2408,2819,,717,491,488,712,411,3486
6253,716,1208,1697,2408,2823,,716,492,489,711,415,3430
6112,715,1190,1648,2334,2704,,715,475,458,686,370,3408
6114,704,1173,1647,2348,2723,,704,469,474,701,375,3391
6046,707,1196,1669,2332,2665,,707,489,473,663,333,3381
6027,705,1197,1642,2306,2670,,705,492,445,664,364,3357
6230,705,1154,1647,2360,2772,,705,449,493,713,412,3458
6278,715,1209,1698,2409,2844,,715,494,489,711,435,3434
6306,715,1207,1725,2432,2843,,715,492,518,707,411,3463
6279,715,1208,1695,2408,2843,,715,493,487,713,435,3436
6257,717,1208,1696,2409,2801,,717,491,488,713,392,3456
6180,717,1209,1698,2389,2771,,717,492,489,691,382,3409
6305,716,1209,1696,2412,2820,,716,493,487,716,408,3485
6206,717,1208,1697,2408,2740,,717,491,489,711,332,3466
6276,716,1207,1694,2407,2797,,716,491,487,713,390,3479
6305,715,1209,1667,2385,2786,,715,494,458,718,401,3519
6303,718,1207,1696,2408,2843,,718,489,489,712,435,3460
6279,716,1207,1695,2409,2818,,716,491,488,714,409,3461
6305,717,1208,1697,2408,2818,,717,491,489,711,410,3487
6304,716,1208,1696,2408,2818,,716,492,488,712,410,3486
6302,716,1205,1693,2406,2817,,716,489,488,713,411,3485
6187,716,1207,1670,2362,2770,,716,491,463,692,408,3417
6156,703,1132,1570,2285,2695,,703,429,438,715,410,3461
6279,716,1208,1695,2391,2772,,716,492,487,696,381,3507
6275,719,1211,1698,2411,2844,,719,492,487,713,433,3431
6316,721,1221,1709,2420,2833,,721,500,488,711,413,3483
6279,718,1207,1686,2437,2843,,718,489,479,751,406,3436
6280,717,1208,1696,2408,2818,,717,491,488,712,410,3462
6306,717,1208,1697,2408,2843,,717,491,489,711,435,3463
6279,716,1208,1694,2408,2819,,716,492,486,714,411,3460
6282,717,1182,1669,2383,2793,,717,465,487,714,410,3489
6253,716,1208,1696,2410,2799,,716,492,488,714,389,3454
6137,716,1208,1675,2359,2746,,716,492,467,684,387,3391
6121,708,1180,1653,2355,2730,,708,472,473,702,375,3391
5950,706,1197,1626,2256,2589,,706,491,429,630,333,3361
6160,700,1155,1614,2310,2720,,700,455,459,696,410,3440
6457,743,1262,1769,2511,2979,,743,519,507,742,468,3478
6277,717,1207,1695,2407,2817,,717,490,488,712,410,3460
6304,716,1207,1695,2407,2818,,716,491,488,712,411,3486
6301,716,1205,1694,2407,2817,,716,489,489,713,410,3484
6309,715,1207,1695,2407,2843,,715,492,488,712,436,3466
6236,715,1207,1695,2408,2842,,715,492,488,713,434,3394
6139,716,1209,1677,2361,2746,,716,493,468,684,385,3393
6120,706,1181,1653,2356,2733,,706,475,472,703,377,3387
5998,707,1171,1642,2305,2641,,707,464,471,663,336,3357
6204,704,1131,1591,2308,2743,,704,427,460,717,435,3461
6303,717,1208,1695,2407,2817,,717,491,487,712,410,3486
6304,717,1209,1697,2409,2818,,717,492,488,712,409,3486
6280,716,1210,1697,2408,2819,,716,494,487,711,411,3461
6306,718,1208,1696,2408,2819,,718,490,488,712,411,3487
6305,716,1208,1688,2409,2820,,716,492,480,721,411,3485
6282,717,1209,1727,2434,2845,,717,492,518,707,411,3437
6171,717,1209,1682,2370,2763,,717,492,473,688,393,3408
6098,708,1182,1655,2358,2708,,708,474,473,703,350,3390
6050,705,1198,1671,2332,2665,,705,493,473,661,333,3385
6155,704,1173,1600,2310,2719,,704,469,427,710,409,3436
6303,717,1209,1695,2408,2816,,717,492,486,713,408,3487
6304,717,1208,1697,2408,2817,,717,491,489,711,409,3487
6303,716,1207,1694,2407,2818,,716,491,487,713,411,3485
6279,716,1208,1697,2408,2818,,716,492,489,711,410,3461
6281,717,1209,1697,2410,2819,,717,492,488,713,409,3462
6204,718,1209,1697,2389,2771,,718,491,488,692,382,3433
6158,716,1143,1626,2310,2720,,716,427,483,684,410,3438
6295,727,1229,1714,2426,2837,,727,502,485,712,411,3458
6261,715,1207,1694,2407,2818,,715,492,487,713,411,3443
6427,744,1260,1773,2585,2981,,744,516,513,812,396,3446
6230,716,1207,1696,2351,2767,,716,491,489,655,416,3463
6303,716,1208,1696,2408,2818,,716,492,488,712,410,3485
6303,719,1207,1697,2408,2818,,719,488,490,711,410,3485
6302,717,1206,1694,2406,2816,,717,489,488,712,410,3486
6304,717,1210,1695,2408,2818,,717,493,485,713,410,3486
6292,717,1209,1696,2410,2819,,717,492,487,714,409,3473
6137,717,1209,1677,2326,2732,,717,492,468,649,406,3405
6136,704,1196,1668,2371,2749,,704,492,472,703,378,3387
6278,717,1209,1696,2409,2806,,717,492,487,713,397,3472
6303,717,1207,1695,2411,2817,,717,490,488,716,406,3486
6305,717,1208,1696,2409,2820,,717,491,488,713,411,3485
6280,717,1210,1698,2409,2819,,717,493,488,711,410,3461
6304,716,1207,1695,2407,2818,,716,491,488,712,411,3486
6305,717,1209,1697,2410,2844,,717,492,488,713,434,3461
6306,718,1208,1696,2368,2803,,718,490,488,672,435,3503
6268,716,1207,1695,2408,2820,,716,491,488,713,412,3448
6216,717,1208,1676,2358,2745,,717,491,468,682,387,3471
6300,717,1207,1695,2407,2819,,717,490,488,712,412,3481
6302,718,1206,1694,2406,2816,,718,488,488,712,410,3486
6156,716,1209,1697,2310,2703,,716,493,488,613,393,3453
6303,716,1208,1696,2409,2810,,716,492,488,713,401,3493
6280,716,1209,1697,2409,2820,,716,493,488,712,411,3460
6305,718,1207,1696,2409,2820,,718,489,489,713,411,3485
6303,716,1209,1697,2408,2818,,716,493,488,711,410,3485
6308,716,1207,1695,2408,2819,,716,491,488,713,411,3489
6257,716,1208,1728,2433,2843,,716,492,520,705,410,3414
6163,717,1210,1676,2360,2746,,717,493,466,684,386,3417
6081,666,1147,1618,2323,2700,,666,481,471,705,377,3381
5983,705,1178,1649,2289,2622,,705,473,471,640,333,3361
6118,705,1197,1669,2332,2681,,705,492,472,663,349,3437
6304,717,1208,1695,2408,2821,,717,491,487,713,413,3483
6280,716,1208,1697,2410,2821,,716,492,489,713,411,3459
6279,716,1208,1696,2408,2847,,716,492,488,712,439,3432
6228,716,1208,1696,2389,2770,,716,492,488,693,381,3458
6216,715,1208,1696,2409,2766,,715,493,488,713,357,3450
6083,705,1173,1643,2349,2699,,705,468,470,706,350,3384
6179,704,1170,1641,2346,2723,,704,466,471,705,377,3456
6238,737,1223,1694,2397,2777,,737,486,471,703,380,3461
6004,705,1180,1650,2316,2647,,705,475,470,666,331,3357
6024,704,1171,1643,2304,2642,,704,467,472,661,338,3382
6193,707,1199,1672,2353,2756,,707,492,473,681,403,3437
6304,716,1208,1697,2408,2819,,716,492,489,711,411,3485
6306,716,1210,1696,2409,2845,,716,494,486,713,436,3461
6282,717,1209,1697,2410,2819,,717,492,488,713,409,3463
6291,716,1210,1696,2408,2788,,716,494,486,712,380,3503
6029,706,1197,1669,2331,2667,,706,491,472,662,336,3362
6104,701,1131,1610,2274,2665,,701,430,479,664,391,3439
6308,715,1214,1701,2415,2824,,715,499,487,714,409,3484
6330,718,1210,1699,2409,2872,,718,492,489,710,463,3458
6224,717,1216,1684,2392,2794,,717,499,468,708,402,3430
6131,706,1197,1694,2398,2748,,706,491,497,704,350,3383
6030,704,1198,1671,2332,2665,,704,494,473,661,333,3365
6049,706,1197,1669,2333,2666,,706,491,472,664,333,3383
6078,706,1197,1694,2359,2690,,706,491,497,665,331,3388
6028,704,1198,1670,2331,2666,,704,494,472,661,335,3362
5956,699,1176,1606,2232,2565,,699,477,430,626,333,3391
6151,701,1152,1633,2298,2704,,701,451,481,665,406,3447
6284,741,1212,1696,2409,2843,,741,471,484,713,434,3441
6092,673,1150,1580,2251,2643,,673,477,430,671,392,3449
6202,719,1218,1708,2419,2776,,719,499,490,711,357,3426
6225,704,1197,1671,2371,2787,,704,493,474,700,416,3438
6057,704,1196,1667,2330,2687,,704,492,471,663,357,3370
6025,705,1173,1646,2307,2640,,705,468,473,661,333,3385
6005,706,1173,1644,2307,2641,,706,467,471,663,334,3364
5998,704,1175,1650,2307,2640,,704,471,475,657,333,3358
5954,699,1175,1605,2234,2566,,699,476,430,629,332,3388
6090,700,1130,1609,2258,2656,,700,430,479,649,398,3434
5992,645,1056,1535,2247,2550,,645,411,479,712,303,3442
6123,707,1192,1664,2368,2744,,707,485,472,704,376,3379
5940,702,1173,1596,2225,2544,,702,471,423,629,319,3396
5953,698,1173,1600,2233,2564,,698,475,427,633,331,3389
6041,704,1170,1640,2281,2613,,704,466,470,641,332,3428
5922,704,1195,1665,2264,2583,,704,491,470,599,319,3339
6027,705,1173,1645,2306,2641,,705,468,472,661,335,3386
6021,701,1195,1676,2329,2663,,701,494,481,653,334,3358
5953,699,1174,1603,2233,2567,,699,475,429,630,334,3386
6027,701,1150,1555,2202,2583,,701,449,405,647,381,3444
6337,742,1175,1657,2389,2822,,742,433,482,732,433,3515
6304,716,1209,1697,2410,2820,,716,493,488,713,410,3484
6095,706,1199,1619,2286,2647,,706,493,420,667,361,3448
6165,703,1197,1670,2330,2712,,703,494,473,660,382,3453
6331,716,1208,1696,2409,2842,,716,492,488,713,433,3489
6303,715,1207,1695,2408,2818,,715,492,488,713,410,3485
6276,715,1208,1696,2408,2843,,715,493,488,712,435,3433
6186,716,1204,1640,2342,2738,,716,488,436,702,396,3448
6055,705,1199,1672,2331,2665,,705,494,473,659,334,3390
6107,701,1128,1542,2247,2618,,701,427,414,705,371,3489
6307,742,1195,1655,2388,2820,,742,453,460,733,432,3487
6305,718,1208,1699,2409,2848,,718,490,491,710,439,3457
6025,675,1125,1542,2231,2596,,675,450,417,689,365,3429
6163,706,1172,1645,2347,2724,,706,466,473,702,377,3439
6289,717,1210,1696,2408,2819,,717,493,486,712,411,3470
6306,716,1238,1722,2434,2845,,716,522,484,712,411,3461
6316,722,1221,1707,2421,2860,,722,499,486,714,439,3456
6311,717,1211,1677,2386,2796,,717,494,466,709,410,3515
6309,716,1239,1723,2437,2846,,716,523,484,714,409,3463
6310,717,1209,1698,2409,2821,,717,492,489,711,412,3489
6177,693,1163,1621,2334,2744,,693,470,458,713,410,3433
6306,716,1211,1698,2412,2822,,716,495,487,714,410,3484
6109,704,1112,1603,2314,2647,,704,408,491,711,333,3462
6255,717,1210,1699,2410,2821,,717,493,489,711,411,3434
6284,717,1210,1699,2411,2820,,717,493,489,712,409,3464
6279,715,1208,1697,2409,2819,,715,493,489,712,410,3460
6328,716,1208,1697,2439,2872,,716,492,489,742,433,3456
6206,717,1131,1621,2314,2746,,717,414,490,693,432,3460
6288,717,1210,1697,2409,2820,,717,493,487,712,411,3468
6284,717,1210,1701,2410,2821,,717,493,491,709,411,3463
6206,717,1211,1620,2336,2745,,717,494,409,716,409,3461
6096,687,1173,1643,2350,2702,,687,486,470,707,352,3394
5919,678,1128,1560,2199,2534,,678,450,432,639,335,3385
6306,731,1223,1696,2399,2790,,731,492,473,703,391,3516
6306,715,1212,1698,2409,2848,,715,497,486,711,439,3458
6355,712,1212,1697,2438,2900,,712,500,485,741,462,3455
6328,747,1235,1724,2435,2874,,747,488,489,711,439,3454
6143,716,1211,1666,2320,2712,,716,495,455,654,392,3431
6080,705,1174,1648,2350,2701,,705,469,474,702,351,3379
6055,704,1198,1670,2330,2687,,704,494,472,660,357,3368
6000,704,1173,1645,2311,2642,,704,469,472,666,331,3358
6026,700,1173,1645,2308,2644,,700,473,472,663,336,3382
5956,713,1190,1613,2241,2552,,713,477,423,628,311,3404
5931,708,1175,1604,2233,2566,,708,467,429,629,333,3365
6103,699,1174,1646,2349,2724,,699,475,472,703,375,3379
6168,703,1173,1645,2348,2739,,703,470,472,703,391,3429
5912,704,1175,1646,2269,2586,,704,471,471,623,317,3326
6071,704,1175,1648,2350,2702,,704,471,473,702,352,3369
6052,705,1175,1647,2308,2665,,705,470,472,661,357,3387
6005,705,1174,1645,2306,2642,,705,469,471,661,336,3363
5994,704,1169,1641,2308,2638,,704,465,472,667,330,3356
6008,704,1179,1651,2315,2649,,704,475,472,664,334,3359
6026,705,1199,1647,2308,2642,,705,494,448,661,334,3384
5981,701,1175,1606,2259,2592,,701,474,431,653,333,3389
6023,701,1199,1671,2331,2666,,701,498,472,660,335,3357
6152,705,1199,1672,2374,2765,,705,494,473,702,391,3387
5940,705,1174,1646,2268,2560,,705,469,472,622,292,3380
6219,716,1210,1700,2411,2767,,716,494,490,711,356,3452
6127,704,1196,1692,2396,2750,,704,492,496,704,354,3377
6055,704,1197,1669,2330,2685,,704,493,472,661,355,3370
5995,706,1175,1647,2310,2642,,706,469,472,663,332,3353
6003,705,1143,1615,2283,2642,,705,438,472,668,359,3361
5985,668,1149,1621,2274,2616,,668,481,472,653,342,3369
5954,700,1175,1603,2234,2566,,700,475,428,631,332,3388
6028,700,1173,1645,2306,2643,,700,473,472,661,337,3385
6291,703,1196,1669,2371,2786,,703,493,473,702,415,3505
6304,650,1133,1622,2362,2795,,650,483,489,740,433,3509
6307,717,1210,1700,2440,2825,,717,493,490,740,385,3482
6330,744,1233,1751,2458,2869,,744,489,518,707,411,3461
6331,715,1207,1695,2407,2847,,715,492,488,712,440,3484
6211,702,1185,1653,2336,2746,,702,483,468,683,410,3465
6143,703,1132,1611,2298,2694,,703,429,479,687,396,3449
5988,704,1149,1567,2219,2565,,704,445,418,652,346,3423
5957,700,1175,1606,2232,2566,,700,475,431,626,334,3391
5999,700,1175,1647,2306,2644,,700,475,472,659,338,3355
6194,708,1196,1669,2373,2764,,708,488,473,704,391,3430
5899,705,1173,1647,2267,2559,,705,468,474,620,292,3340
6109,705,1174,1646,2349,2726,,705,469,472,703,377,3383
6053,705,1198,1671,2330,2688,,705,493,473,659,358,3365
6030,705,1197,1670,2333,2665,,705,492,473,663,332,3365
6028,704,1200,1672,2334,2674,,704,496,472,662,340,3354
6139,706,1161,1642,2356,2753,,706,455,481,714,397,3386
6006,709,1152,1624,2293,2646,,709,443,472,669,353,3360
5958,704,1178,1607,2237,2569,,704,474,429,630,332,3389
5953,699,1173,1603,2233,2565,,699,474,430,630,332,3388
6192,705,1198,1670,2374,2766,,705,493,472,704,392,3426
5900,703,1172,1645,2268,2560,,703,469,473,623,292,3340
6055,704,1174,1645,2308,2663,,704,470,471,663,355,3392
6029,704,1174,1646,2306,2663,,704,470,472,660,357,3366
6030,704,1174,1645,2306,2640,,704,470,471,661,334,3390
6027,707,1196,1667,2329,2664,,707,489,471,662,335,3363
6039,710,1185,1643,2294,2652,,710,475,458,651,358,3387
6055,704,1175,1673,2339,2668,,704,471,498,666,329,3387
5956,701,1176,1605,2234,2566,,701,475,429,629,332,3390
6024,704,1196,1666,2304,2638,,704,492,470,638,334,3386
6293,730,1224,1695,2397,2788,,730,494,471,702,391,3505
5975,704,1198,1693,2318,2636,,704,494,495,625,318,3339
5969,705,1173,1625,2271,2610,,705,468,452,646,339,3359
6029,705,1174,1645,2308,2662,,705,469,471,663,354,3367
6006,704,1177,1649,2307,2643,,704,473,472,658,336,3363
6028,706,1173,1645,2307,2641,,706,467,472,662,334,3387
6245,753,1281,1697,2398,2810,,753,528,416,701,412,3435
6154,716,1189,1600,2309,2709,,716,473,411,709,400,3445
6460,747,1265,1802,2554,2982,,747,518,537,752,428,3478
6332,716,1209,1726,2435,2845,,716,493,517,709,410,3487
6331,746,1264,1748,2459,2871,,746,518,484,711,412,3460
6314,716,1209,1697,2438,2845,,716,493,488,741,407,3469
6306,720,1209,1698,2410,2849,,720,489,489,712,439,3457
6361,716,1239,1722,2436,2871,,716,523,483,714,435,3490
6283,716,1209,1698,2410,2846,,716,493,489,712,436,3437
6335,716,1238,1722,2416,2850,,716,522,484,694,434,3485
6332,717,1211,1698,2440,2874,,717,494,487,742,434,3458
6106,667,1159,1600,2309,2650,,667,492,441,709,341,3456
6279,717,1209,1698,2409,2820,,717,492,489,711,411,3459
6329,717,1208,1697,2409,2818,,717,491,489,712,409,3511
6306,717,1209,1699,2410,2845,,717,492,490,711,435,3461
6284,718,1214,1700,2411,2822,,718,496,486,711,411,3462
6306,716,1210,1698,2410,2821,,716,494,488,712,411,3485
6305,716,1209,1697,2410,2821,,716,493,488,713,411,3484
6280,717,1211,1699,2412,2822,,717,494,488,713,410,3458
6255,716,1211,1699,2389,2796,,716,495,488,690,407,3459
6311,717,1240,1725,2436,2846,,717,523,485,711,410,3465
6277,745,1260,1746,2486,2815,,745,515,486,740,329,3462
6279,717,1211,1698,2410,2820,,717,494,487,712,410,3459
6332,717,1210,1697,2410,2820,,717,493,487,713,410,3512
6282,717,1211,1698,2411,2822,,717,494,487,713,411,3460
6306,716,1210,1697,2410,2822,,716,494,487,713,412,3484
6232,716,1211,1699,2360,2770,,716,495,488,661,410,3462
6305,716,1209,1698,2411,2849,,716,493,489,713,438,3456
6304,716,1210,1698,2439,2846,,716,494,488,741,407,3458
6232,716,1210,1699,2390,2773,,716,494,489,691,383,3459
6210,669,1160,1648,2338,2724,,669,491,488,690,386,3486
6179,661,1159,1646,2320,2735,,661,498,487,674,415,3444
6303,716,1209,1697,2409,2849,,716,493,488,712,440,3454
6330,716,1210,1698,2410,2845,,716,494,488,712,435,3485
6280,716,1210,1697,2410,2819,,716,494,487,713,409,3461
6304,716,1210,1697,2411,2821,,716,494,487,714,410,3483
6307,717,1211,1698,2412,2822,,717,494,487,714,410,3485
6279,715,1207,1695,2408,2817,,715,492,488,713,409,3462
6303,718,1209,1696,2409,2819,,718,491,487,713,410,3484
6181,716,1209,1699,2410,2742,,716,493,490,711,332,3439
6335,716,1226,1735,2430,2844,,716,510,509,695,414,3491
6181,717,1210,1697,2392,2731,,717,493,487,695,339,3450
6280,716,1210,1698,2409,2821,,716,494,488,711,412,3459
6307,715,1210,1698,2410,2821,,715,495,488,712,411,3486
6307,716,1211,1699,2412,2846,,716,495,488,713,434,3461
6310,715,1211,1698,2410,2820,,715,496,487,712,410,3490
6306,742,1234,1723,2435,2802,,742,492,489,712,367,3504
6305,717,1209,1697,2410,2819,,717,492,488,713,409,3486
6304,716,1209,1698,2410,2820,,716,493,489,712,410,3484
6206,717,1209,1698,2394,2752,,717,492,489,696,358,3454
6281,717,1187,1673,2386,2796,,717,470,486,713,410,3485
6306,716,1210,1698,2416,2798,,716,494,488,718,382,3508
6307,716,1210,1698,2440,2847,,716,494,488,742,407,3460
6278,715,1209,1696,2407,2818,,715,494,487,711,411,3460
6305,716,1209,1697,2410,2822,,716,493,488,713,412,3483
6331,717,1209,1698,2412,2820,,717,492,489,714,408,3511
6280,717,1210,1698,2410,2821,,717,493,488,712,411,3459
6281,718,1210,1699,2410,2821,,718,492,489,711,411,3460
6304,717,1210,1698,2410,2821,,717,493,488,712,411,3483
6207,715,1210,1697,2410,2743,,715,495,487,713,333,3464
6307,716,1209,1683,2410,2818,,716,493,474,727,408,3489
6106,646,1057,1547,2260,2649,,646,411,490,713,389,3457
6294,716,1210,1699,2409,2820,,716,494,489,710,411,3474
6305,716,1209,1699,2410,2821,,716,493,490,711,411,3484
6305,717,1210,1697,2411,2821,,717,493,487,714,410,3484
6332,720,1212,1697,2409,2821,,720,492,485,712,412,3511
6331,717,1238,1723,2434,2870,,717,521,485,711,436,3461
6306,718,1211,1698,2411,2821,,718,493,487,713,410,3485
6282,716,1239,1723,2435,2845,,716,523,484,712,410,3437
6181,717,1212,1699,2411,2743,,717,495,487,712,332,3438
6141,721,1212,1654,2337,2722,,721,491,442,683,385,3419
6121,707,1200,1671,2333,2692,,707,493,471,662,359,3429
6331,745,1235,1722,2436,2877,,745,490,487,714,441,3454
6362,717,1216,1733,2472,2904,,717,499,517,739,432,3458
6510,716,1237,1751,2488,3013,,716,521,514,737,525,3497
6309,746,1236,1722,2434,2845,,746,490,486,712,411,3464
6335,717,1210,1698,2438,2871,,717,493,488,740,433,3464
6308,716,1239,1722,2433,2874,,716,523,483,711,441,3434
6139,716,1208,1676,2360,2745,,716,492,468,684,385,3394
6154,704,1197,1672,2373,2764,,704,493,475,701,391,3390
6162,703,1132,1574,2266,2705,,703,429,442,692,439,3457
6306,715,1209,1698,2409,2846,,715,494,489,711,437,3460
6334,715,1209,1697,2410,2844,,715,494,488,713,434,3490
6306,716,1210,1698,2411,2819,,716,494,488,713,408,3487
6329,716,1209,1726,2463,2871,,716,493,517,737,408,3458
6277,716,1208,1695,2408,2817,,716,492,487,713,409,3460
6305,716,1209,1696,2409,2820,,716,493,487,713,411,3485
6308,715,1238,1726,2435,2874,,715,523,488,709,439,3434
6166,716,1210,1678,2361,2747,,716,494,468,683,386,3419
6157,706,1175,1647,2351,2767,,706,469,472,704,416,3390
6178,711,1184,1656,2363,2733,,711,473,472,707,370,3445
6312,715,1208,1681,2385,2793,,715,493,473,704,408,3519
6304,716,1207,1696,2407,2818,,716,491,489,711,411,3486
6333,717,1208,1726,2435,2844,,717,491,518,709,409,3489
6279,716,1209,1700,2410,2819,,716,493,491,710,409,3460
6308,744,1233,1722,2435,2844,,744,489,489,713,409,3464
6333,716,1207,1669,2383,2794,,716,491,462,714,411,3539
6359,716,1208,1696,2437,2868,,716,492,488,741,431,3491
6162,745,1232,1700,2383,2767,,745,487,468,683,384,3395
6154,705,1200,1673,2377,2767,,705,495,473,704,390,3387
6174,707,1196,1692,2341,2751,,707,489,496,649,410,3423
6280,716,1209,1721,2434,2844,,716,493,512,713,410,3436
6303,717,1208,1696,2408,2847,,717,491,488,712,439,3456
6359,716,1209,1697,2439,2870,,716,493,488,742,431,3489
6305,717,1238,1747,2459,2867,,717,521,509,712,408,3438
6334,716,1210,1697,2409,2820,,716,494,487,712,411,3514
6359,745,1235,1750,2459,2872,,745,490,515,709,413,3487
6282,717,1207,1728,2432,2844,,717,490,521,704,412,3438
6166,716,1239,1702,2385,2772,,716,523,463,683,387,3394
6132,705,1174,1646,2351,2742,,705,469,472,705,391,3390
6039,706,1175,1647,2310,2665,,706,469,472,663,355,3374
6260,704,1199,1647,2361,2770,,704,495,448,714,409,3490
6304,716,1209,1696,2409,2821,,716,493,487,713,412,3483
6333,715,1237,1721,2433,2844,,715,522,484,712,411,3489
6306,716,1208,1697,2408,2819,,716,492,489,711,411,3487
6330,716,1208,1696,2413,2847,,716,492,488,717,434,3483
6281,716,1210,1698,2409,2821,,716,494,488,711,412,3460
6303,716,1236,1719,2435,2844,,716,520,483,716,409,3459
6163,716,1209,1675,2360,2747,,716,493,466,685,387,3416
6131,705,1199,1672,2335,2737,,705,494,473,663,402,3394
6084,680,1148,1621,2280,2641,,680,468,473,659,361,3443
6302,716,1208,1724,2403,2818,,716,492,516,679,415,3484
6304,715,1206,1694,2408,2843,,715,491,488,714,435,3461
6384,746,1263,1778,2485,2895,,746,517,515,707,410,3489
6279,715,1209,1695,2410,2820,,715,494,486,715,410,3459
6330,739,1233,1722,2433,2845,,739,494,489,711,412,3485
6330,744,1234,1722,2437,2872,,744,490,488,715,435,3458
6264,716,1209,1725,2434,2844,,716,493,516,709,410,3420
6264,746,1264,1729,2410,2796,,746,518,465,681,386,3468
6155,705,1175,1648,2349,2766,,705,470,473,701,417,3389
6148,715,1200,1672,2332,2712,,715,485,472,660,380,3436
6356,744,1264,1777,2485,2895,,744,520,513,708,410,3461
6305,716,1237,1722,2433,2844,,716,521,485,711,411,3461
6334,740,1263,1747,2460,2871,,740,523,484,713,411,3463
6305,719,1210,1696,2409,2848,,719,491,486,713,439,3457
6330,715,1208,1696,2409,2820,,715,493,488,713,411,3510
6307,716,1238,1723,2464,2850,,716,522,485,741,386,3457
6455,745,1262,1747,2491,3011,,745,517,485,744,520,3444
6197,717,1244,1708,2392,2777,,717,527,464,684,385,3420
6255,706,1200,1673,2376,2791,,706,494,473,703,415,3464
6064,704,1198,1670,2334,2666,,704,494,472,664,332,3398
6094,705,1175,1647,2309,2667,,705,470,472,662,358,3427
6305,715,1210,1698,2409,2849,,715,495,488,711,440,3456
6329,717,1209,1697,2438,2874,,717,492,488,741,436,3455
6330,718,1209,1697,2409,2820,,718,491,488,712,411,3510
6331,716,1209,1698,2410,2822,,716,493,489,712,412,3509
6305,716,1209,1698,2409,2820,,716,493,489,711,411,3485
6355,745,1235,1723,2435,2898,,745,490,488,712,463,3457
6164,715,1210,1676,2360,2745,,715,495,466,684,385,3419
6152,704,1170,1643,2345,2767,,704,466,473,702,422,3385
5987,707,1148,1623,2281,2618,,707,441,475,658,337,3369
6144,708,1199,1670,2335,2713,,708,491,471,665,378,3431
6305,716,1237,1722,2434,2844,,716,521,485,712,410,3461
6280,716,1209,1697,2438,2845,,716,493,488,741,407,3435
6281,717,1209,1726,2434,2845,,717,492,517,708,411,3436
6304,719,1208,1697,2408,2822,,719,489,489,711,414,3482
6330,716,1208,1697,2438,2871,,716,492,489,741,433,3459
6304,715,1237,1723,2435,2874,,715,522,486,712,439,3430
6165,715,1209,1676,2360,2744,,715,494,467,684,384,3421
6118,705,1176,1647,2350,2742,,705,471,471,703,392,3376
5925,704,1170,1594,2247,2568,,704,466,424,653,321,3357
6085,730,1199,1671,2332,2696,,730,469,472,661,364,3389
5975,705,1199,1629,2257,2591,,705,494,430,628,334,3384
6193,700,1175,1647,2352,2768,,700,475,472,705,416,3425
6026,699,1173,1645,2308,2664,,699,474,472,663,356,3362
6227,698,1195,1667,2371,2742,,698,497,472,704,371,3485
6335,718,1210,1697,2409,2820,,718,492,487,712,411,3515
6310,716,1210,1697,2411,2821,,716,494,487,714,410,3489
6193,682,1185,1674,2385,2759,,682,503,489,711,374,3434
6081,704,1174,1647,2308,2684,,704,470,473,661,376,3397
6114,703,1201,1651,2351,2728,,703,498,450,700,377,3386
6134,703,1176,1646,2308,2687,,703,473,470,662,379,3447
6331,716,1211,1728,2435,2876,,716,495,517,707,441,3455
6360,745,1235,1754,2460,2871,,745,490,519,706,411,3489
6308,691,1184,1671,2383,2793,,691,493,487,712,410,3515
6331,716,1210,1698,2409,2846,,716,494,488,711,437,3485
6365,719,1218,1707,2448,2910,,719,499,489,741,462,3455
6355,715,1238,1722,2463,2898,,715,523,484,741,435,3457
6280,721,1211,1727,2414,2821,,721,490,516,687,407,3459
6264,716,1210,1698,2410,2847,,716,494,488,712,437,3417
6183,704,1133,1545,2289,2697,,704,429,412,744,408,3486
6304,716,1210,1696,2410,2819,,716,494,486,714,409,3485
6307,746,1236,1722,2435,2848,,746,490,486,713,413,3459
6333,717,1239,1728,2435,2845,,717,522,489,707,410,3488
6329,782,1283,1772,2484,2894,,782,501,489,712,410,3435
6385,716,1238,1747,2459,2894,,716,522,509,712,435,3491
6332,717,1210,1675,2384,2820,,717,493,465,709,436,3512
6307,718,1209,1696,2410,2845,,718,491,487,714,435,3462
6204,716,1210,1697,2389,2770,,716,494,487,692,381,3434
6332,715,1239,1724,2436,2871,,715,524,485,712,435,3461
6210,715,1136,1599,2310,2725,,715,421,463,711,415,3485
6303,715,1209,1698,2408,2820,,715,494,489,710,412,3483
6305,744,1236,1722,2434,2845,,744,492,486,712,411,3460
6358,715,1240,1724,2435,2875,,715,525,484,711,440,3483
6303,715,1208,1695,2408,2818,,715,493,487,713,410,3485
6311,715,1210,1697,2409,2821,,715,495,487,712,412,3490
6380,717,1209,1727,2465,2926,,717,492,518,738,461,3454
6334,743,1237,1755,2463,2874,,743,494,518,708,411,3460
6288,719,1180,1672,2385,2795,,719,461,492,713,410,3493
6169,718,1189,1649,2321,2740,,718,471,460,672,419,3429
6126,705,1175,1647,2346,2718,,705,470,472,699,372,3408
6085,704,1173,1646,2350,2701,,704,469,473,704,351,3384
6000,705,1174,1647,2284,2616,,705,469,473,637,332,3384
6193,700,1175,1646,2350,2766,,700,475,471,704,416,3427
6002,702,1147,1619,2284,2619,,702,445,472,665,335,3383
5925,700,1175,1647,2269,2561,,700,475,472,622,292,3364
6223,705,1176,1648,2352,2771,,705,471,472,704,419,3452
5926,706,1174,1648,2270,2589,,706,468,474,622,319,3337
6181,664,1106,1598,2311,2721,,664,442,492,713,410,3460
6305,717,1210,1697,2410,2819,,717,493,487,713,409,3486
6108,715,1190,1648,2258,2670,,715,475,458,610,412,3438
6172,714,1210,1697,2366,2754,,714,496,487,669,388,3418
6106,705,1176,1675,2376,2724,,705,471,499,701,348,3382
6194,702,1177,1648,2351,2768,,702,475,471,703,417,3426
5954,646,1056,1526,2223,2575,,646,410,470,697,352,3379
5930,704,1199,1670,2295,2587,,704,495,471,625,292,3343
6207,705,1174,1622,2338,2747,,705,469,448,716,409,3460
6282,715,1211,1699,2410,2821,,715,496,488,711,411,3461
6218,715,1209,1698,2409,2787,,715,494,489,711,378,3431
6197,705,1176,1647,2351,2748,,705,471,471,704,397,3449
6098,717,1211,1661,2296,2713,,717,494,450,635,417,3385
6063,703,1174,1604,2256,2602,,703,471,430,652,346,3461
6306,716,1210,1701,2410,2846,,716,494,491,709,436,3460
6335,716,1209,1725,2435,2845,,716,493,516,710,410,3490
6230,742,1176,1659,2360,2771,,742,434,483,701,411,3459
6303,715,1208,1698,2408,2820,,715,493,490,710,412,3483
6310,717,1209,1698,2410,2821,,717,492,489,712,411,3489
6332,745,1236,1723,2465,2873,,745,491,487,742,408,3459
6289,716,1211,1670,2384,2798,,716,495,459,714,414,3491
6143,715,1190,1650,2335,2706,,715,475,460,685,371,3437
6136,709,1201,1674,2376,2758,,709,492,473,702,382,3378
6186,706,1156,1648,2360,2743,,706,450,492,712,383,3443
6308,715,1212,1701,2412,2821,,715,497,489,711,409,3487
6307,745,1235,1722,2435,2845,,745,490,487,713,410,3462
6306,716,1189,1674,2385,2795,,716,473,485,711,410,3511
6308,716,1208,1697,2408,2820,,716,492,489,711,412,3488
6309,716,1210,1699,2409,2823,,716,494,489,710,414,3486
6306,716,1210,1698,2410,2820,,716,494,488,712,410,3486
6111,689,1147,1586,2249,2680,,689,458,439,663,431,3431
6169,746,1214,1675,2360,2732,,746,468,461,685,372,3437
5977,706,1163,1636,2283,2618,,706,457,473,647,335,3359
6060,700,1134,1589,2277,2619,,700,434,455,688,342,3441
6307,716,1211,1700,2411,2822,,716,495,489,711,411,3485
6367,745,1241,1729,2441,2878,,745,496,488,712,437,3489
6310,715,1236,1693,2411,2821,,715,521,457,718,410,3489
6331,716,1186,1669,2413,2845,,716,470,483,744,432,3486
6357,745,1214,1699,2440,2902,,745,469,485,741,462,3455
6385,744,1238,1756,2462,2900,,744,494,518,706,438,3485
6063,715,1211,1698,2341,2683,,715,496,487,643,342,3380
6104,704,1176,1649,2351,2729,,704,472,473,702,378,3375
6030,706,1200,1671,2333,2669,,706,494,471,662,336,3361
6060,705,1200,1673,2335,2667,,705,495,473,662,332,3393
5977,705,1199,1630,2258,2590,,705,494,431,628,332,3387
6075,707,1182,1613,2241,2639,,707,475,431,628,398,3436
5954,662,1124,1528,2225,2576,,662,462,404,697,351,3378
5901,705,1175,1647,2270,2563,,705,470,472,623,293,3338
6294,730,1225,1698,2401,2818,,730,495,473,703,417,3476
5926,706,1175,1647,2269,2588,,706,469,472,622,319,3338
6132,705,1176,1647,2351,2747,,705,471,471,704,396,3385
6029,704,1172,1644,2306,2662,,704,468,472,662,356,3367
6031,705,1176,1671,2334,2669,,705,471,495,663,335,3362
6091,707,1202,1674,2334,2691,,707,495,472,660,357,3400
6029,706,1176,1648,2308,2643,,706,470,472,660,335,3386
6104,709,1186,1614,2274,2668,,709,477,428,660,394,3436
5929,645,1058,1469,2172,2521,,645,413,411,703,349,3408
5930,700,1173,1644,2268,2584,,700,473,471,624,316,3346
6212,705,1175,1647,2352,2724,,705,470,472,705,372,3488
6331,744,1236,1722,2435,2870,,744,492,486,713,435,3461
6356,716,1238,1723,2472,2908,,716,522,485,749,436,3448
6284,716,1240,1724,2436,2846,,716,524,484,712,410,3438
6267,716,1212,1700,2412,2822,,716,496,488,712,410,3445
6355,715,1240,1752,2459,2894,,715,525,512,707,435,3461
6304,715,1208,1724,2434,2871,,715,493,516,710,437,3433
6368,718,1217,1705,2417,2826,,718,499,488,712,409,3542
6205,742,1196,1635,2334,2745,,742,454,439,699,411,3460
6336,716,1210,1699,2409,2821,,716,494,489,710,412,3515
6309,716,1210,1697,2410,2846,,716,494,487,713,436,3463
6328,717,1206,1695,2407,2872,,717,489,489,712,465,3456
6285,746,1235,1724,2438,2848,,746,489,489,714,410,3437
6166,717,1216,1681,2362,2748,,717,499,465,681,386,3418
6074,706,1157,1639,2325,2719,,706,451,482,686,394,3355
6012,705,1135,1576,2277,2628,,705,430,441,701,351,3384
6008,708,1184,1656,2315,2653,,708,476,472,659,338,3355
6362,713,1212,1699,2397,2834,,713,499,487,698,437,3528
6231,716,1185,1632,2330,2772,,716,469,447,698,442,3459
6307,716,1213,1699,2411,2822,,716,497,486,712,411,3485
6335,716,1210,1702,2412,2823,,716,494,492,710,411,3512
6331,715,1240,1752,2460,2872,,715,525,512,708,412,3459
6206,717,1211,1698,2391,2772,,717,494,487,693,381,3434
6158,746,1236,1723,2388,2719,,746,490,487,665,331,3439
6171,717,1210,1698,2410,2742,,717,493,488,712,332,3429
6052,704,1175,1606,2301,2678,,704,471,431,695,377,3374
5926,704,1175,1606,2236,2568,,704,471,431,630,332,3358
6111,704,1192,1662,2325,2663,,704,488,470,663,338,3448
5995,662,1085,1494,2131,2546,,662,423,409,637,415,3449
6078,705,1176,1647,2349,2726,,705,471,471,702,377,3352
6148,704,1160,1595,2300,2696,,704,456,435,705,396,3452
5903,703,1177,1649,2270,2562,,703,474,472,621,292,3341
6308,704,1200,1671,2375,2809,,704,496,471,704,434,3499
6323,727,1226,1716,2427,2838,,727,499,490,711,411,3485
6210,715,1207,1695,2407,2740,,715,492,488,712,333,3470
6307,715,1209,1698,2410,2845,,715,494,489,712,435,3462
6307,718,1211,1698,2411,2822,,718,493,487,713,411,3485
6304,717,1208,1695,2408,2820,,717,491,487,713,412,3484
6108,716,1187,1631,2272,2652,,716,471,444,641,380,3456
6305,717,1209,1698,2410,2822,,717,492,489,712,412,3483
6339,717,1212,1701,2387,2797,,717,495,489,686,410,3542
6307,716,1211,1698,2410,2823,,716,495,487,712,413,3484
6206,718,1212,1699,2391,2773,,718,494,487,692,382,3433
6311,717,1213,1701,2414,2823,,717,496,488,713,409,3488
6182,715,1210,1697,2411,2743,,715,495,487,714,332,3439
6282,716,1211,1698,2392,2787,,716,495,487,694,395,3495
6282,716,1210,1698,2410,2821,,716,494,488,712,411,3461
6333,715,1212,1699,2440,2872,,715,497,487,741,432,3461
6180,715,1208,1675,2343,2721,,715,493,467,668,378,3459
6304,716,1209,1697,2411,2820,,716,493,488,714,409,3484
6280,717,1211,1699,2410,2821,,717,494,488,711,411,3459
6305,716,1210,1699,2410,2821,,716,494,489,711,411,3484
6271,716,1211,1701,2410,2799,,716,495,490,709,389,3472
6158,705,1174,1646,2350,2767,,705,469,472,704,417,3391
6006,704,1176,1648,2308,2643,,704,472,472,660,335,3363
6135,705,1200,1627,2283,2704,,705,495,427,656,421,3431
6283,717,1212,1700,2412,2824,,717,495,488,712,412,3459
6306,719,1211,1698,2410,2821,,719,492,487,712,411,3485
6207,715,1238,1698,2383,2760,,715,523,460,685,377,3447
6282,716,1212,1700,2411,2823,,716,496,488,711,412,3459
6308,716,1212,1700,2412,2810,,716,496,488,712,398,3498
6337,716,1212,1700,2411,2849,,716,496,488,711,438,3488
6284,718,1211,1699,2411,2848,,718,493,488,712,437,3436
6192,716,1214,1680,2365,2772,,716,498,466,685,407,3420
6157,705,1185,1666,2353,2748,,705,480,481,687,395,3409
6183,704,1175,1606,2313,2722,,704,471,431,707,409,3461
6307,716,1211,1699,2412,2848,,716,495,488,713,436,3459
6180,627,1137,1623,2336,2747,,627,510,486,713,411,3433
6170,716,1210,1698,2379,2731,,716,494,488,681,352,3439
6194,705,1176,1647,2351,2742,,705,471,471,704,391,3452
6145,705,1177,1648,2350,2700,,705,472,471,702,350,3445
5903,704,1176,1647,2270,2563,,704,472,471,623,293,3340
6155,704,1201,1673,2377,2754,,704,497,472,704,377,3401
6054,705,1176,1647,2308,2665,,705,471,471,661,357,3389
6004,706,1176,1648,2308,2644,,706,470,472,660,336,3360
6064,706,1202,1674,2336,2671,,706,496,472,662,335,3393
6012,710,1186,1657,2320,2653,,710,476,471,663,333,3359
6028,708,1201,1672,2336,2670,,708,493,471,664,334,3358
5930,705,1174,1604,2234,2567,,705,469,430,630,333,3363
5926,700,1176,1648,2271,2588,,700,476,472,623,317,3338
6147,703,1176,1646,2310,2710,,703,473,470,664,400,3437
5928,704,1199,1670,2293,2585,,704,495,471,623,292,3343
6183,704,1177,1647,2351,2724,,704,473,470,704,373,3459
6308,673,1161,1649,2391,2799,,673,488,488,742,408,3509
6313,720,1222,1707,2420,2830,,720,502,485,713,410,3483
6338,715,1212,1700,2412,2847,,715,497,488,712,435,3491
6309,716,1212,1701,2413,2824,,716,496,489,712,411,3485
6283,717,1213,1701,2413,2823,,717,496,488,712,410,3460
6337,716,1211,1699,2394,2824,,716,495,488,695,430,3513
6307,716,1212,1699,2412,2822,,716,496,487,713,410,3485
6325,716,1204,1691,2404,2818,,716,488,487,713,414,3507
6307,716,1210,1699,2411,2821,,716,494,489,712,410,3486
6166,716,1212,1700,2390,2771,,716,496,488,690,381,3395
6197,704,1202,1674,2376,2771,,704,498,472,702,395,3426
6059,705,1176,1647,2308,2667,,705,471,471,661,359,3392
6124,703,1176,1647,2308,2688,,703,473,471,661,380,3436
6307,713,1211,1701,2412,2822,,713,498,490,711,410,3485
6290,718,1214,1700,2412,2823,,718,496,486,712,411,3467
6308,715,1212,1700,2411,2822,,715,497,488,711,411,3486
6304,716,1210,1699,2411,2821,,716,494,489,712,410,3483
6343,723,1198,1686,2397,2833,,723,475,488,711,436,3510
6308,717,1212,1701,2411,2821,,717,495,489,710,410,3487
6307,716,1191,1703,2411,2852,,716,475,512,708,441,3455
6306,715,1240,1725,2437,2849,,715,525,485,712,412,3457
6289,721,1221,1708,2421,2831,,721,500,487,713,410,3458
6308,749,1237,1724,2437,2849,,749,488,487,713,412,3459
6283,716,1191,1675,2389,2799,,716,475,484,714,410,3484
6166,687,1128,1609,2323,2743,,687,441,481,714,420,3423
6006,705,1177,1649,2311,2645,,705,472,472,662,334,3361
6196,701,1178,1650,2353,2744,,701,477,472,703,391,3452
6169,700,1175,1646,2350,2742,,700,475,471,704,392,3427
5902,704,1175,1647,2271,2564,,704,471,472,624,293,3338
6059,705,1177,1649,2351,2700,,705,472,472,702,349,3359
6103,704,1134,1613,2302,2722,,704,430,479,689,420,3381
6013,703,1177,1612,2326,2627,,703,474,435,714,301,3386
6020,663,1083,1497,2198,2572,,663,420,414,701,374,3448
6026,705,1176,1647,2307,2641,,705,471,471,660,334,3385
6125,709,1184,1657,2360,2710,,709,475,473,703,350,3415
6132,705,1176,1648,2350,2767,,705,471,472,702,417,3365
5928,705,1175,1605,2235,2567,,705,470,430,630,332,3361
6128,700,1159,1594,2300,2720,,700,459,435,706,420,3408
6127,704,1175,1646,2352,2728,,704,471,471,706,376,3399
6104,704,1176,1647,2350,2703,,704,472,471,703,353,3401
6002,704,1177,1649,2309,2646,,704,473,472,660,337,3356
5954,710,1202,1632,2260,2592,,710,492,430,628,332,3362
6048,702,1133,1573,2278,2671,,702,431,440,705,393,3377
6171,687,1176,1647,2352,2746,,687,489,471,705,394,3425
6127,665,1151,1622,2328,2724,,665,486,471,706,396,3403
6006,704,1176,1648,2309,2643,,704,472,472,661,334,3363
5952,704,1177,1606,2235,2566,,704,473,429,629,331,3386
5982,700,1136,1573,2240,2637,,700,436,437,667,397,3345
6079,705,1202,1674,2338,2693,,705,497,472,664,355,3386
6111,705,1176,1649,2351,2727,,705,471,473,702,376,3384
6001,705,1175,1648,2310,2644,,705,470,473,662,334,3357
5933,704,1177,1607,2235,2568,,704,473,430,628,333,3365
6007,701,1176,1648,2275,2667,,701,475,472,627,392,3340
6294,705,1200,1671,2374,2794,,705,495,471,703,420,3500
6106,664,1151,1628,2325,2744,,664,487,477,697,419,3362
6008,705,1177,1650,2311,2644,,705,472,473,661,333,3364
5952,706,1176,1604,2236,2570,,706,470,428,632,334,3382
6188,702,1177,1624,2281,2700,,702,475,447,657,419,3488
6309,717,1213,1701,2413,2823,,717,496,488,712,410,3486
6308,717,1214,1700,2413,2849,,717,497,486,713,436,3459
6159,717,1192,1572,2287,2701,,717,475,380,715,414,3458
6126,631,1112,1600,2312,2723,,631,481,488,712,411,3403
6006,707,1176,1606,2259,2662,,707,469,430,653,403,3344
6107,676,1119,1600,2289,2684,,676,443,481,689,395,3423
6077,704,1114,1588,2277,2673,,704,410,474,689,396,3404
6082,705,1202,1699,2359,2694,,705,497,497,660,335,3388
5982,704,1201,1630,2261,2592,,704,497,429,631,331,3390
6258,689,1188,1675,2388,2798,,689,499,487,713,410,3460
6306,718,1211,1699,2412,2852,,718,493,488,713,440,3454
6285,716,1215,1701,2416,2823,,716,499,486,715,407,3462
6193,716,1212,1648,2351,2771,,716,496,436,703,420,3422
6002,705,1201,1672,2313,2643,,705,496,471,641,330,3359
6055,702,1174,1602,2255,2620,,702,472,428,653,365,3435
6170,717,1159,1639,2326,2721,,717,442,480,687,395,3449
6184,688,1121,1590,2287,2723,,688,433,469,697,436,3461
6310,715,1213,1699,2412,2822,,715,498,486,713,410,3488
6305,717,1208,1696,2407,2818,,717,491,488,711,411,3487
6185,707,1175,1647,2350,2712,,707,468,472,703,362,3473
6309,745,1241,1727,2439,2849,,745,496,486,712,410,3460
6284,717,1212,1700,2413,2824,,717,495,488,713,411,3460
6220,715,1212,1644,2352,2774,,715,497,432,708,422,3446
6042,704,1179,1650,2284,2619,,704,475,471,634,335,3423
6044,702,1110,1520,2223,2612,,702,408,410,703,389,3432
6128,710,1199,1671,2373,2725,,710,489,472,702,352,3403
6076,705,1175,1647,2352,2703,,705,470,472,705,351,3373
6176,709,1181,1652,2357,2750,,709,472,471,705,393,3426
6105,705,1176,1648,2350,2725,,705,471,472,702,375,3380
5930,706,1134,1570,2209,2542,,706,428,436,639,333,3388
5925,704,1131,1546,2184,2516,,704,427,415,638,332,3409
5859,665,1108,1523,2159,2492,,665,443,415,636,333,3367
5929,664,1108,1524,2161,2493,,664,444,416,637,332,3436
5927,706,1147,1578,2208,2544,,706,441,431,630,336,3383
5947,705,1152,1564,2201,2535,,705,447,412,637,334,3412
5877,659,1108,1544,2187,2519,,659,449,436,643,332,3358
5929,706,1133,1549,2184,2518,,706,427,416,635,334,3411
5929,665,1106,1520,2157,2491,,665,441,414,637,334,3438
5927,706,1159,1570,2208,2542,,706,453,411,638,334,3385
5845,704,1127,1526,2155,2474,,704,423,399,629,319,3371
5929,666,1110,1524,2160,2494,,666,444,414,636,334,3435
5931,706,1160,1573,2209,2543,,706,454,413,636,334,3388
5927,707,1133,1547,2185,2518,,707,426,414,638,333,3409
5926,690,1133,1553,2184,2518,,690,443,420,631,334,3408
5883,701,1134,1547,2184,2518,,701,433,413,637,334,3365
5867,705,1150,1549,2176,2495,,705,445,399,627,319,3372
5771,662,1079,1487,2105,2420,,662,417,408,618,315,3351
5933,707,1161,1574,2210,2545,,707,454,413,636,335,3388
5928,707,1159,1571,2209,2542,,707,452,412,638,333,3386
5929,705,1159,1571,2209,2541,,705,454,412,638,332,3388
5927,705,1159,1573,2209,2541,,705,454,414,636,332,3386
5931,705,1131,1546,2182,2504,,705,426,415,636,322,3427
5927,665,1108,1528,2159,2496,,665,443,420,631,337,3431
5928,706,1134,1552,2185,2520,,706,428,418,633,335,3408
5949,706,1157,1570,2207,2539,,706,451,413,637,332,3410
5950,704,1157,1570,2210,2539,,704,453,413,640,329,3411
5929,705,1132,1547,2184,2516,,705,427,415,637,332,3413
5928,704,1133,1546,2184,2517,,704,429,413,638,333,3411
5924,665,1106,1522,2158,2492,,665,441,416,636,334,3432
5932,703,1146,1552,2185,2522,,703,443,406,633,337,3410
5927,704,1132,1546,2184,2516,,704,428,414,638,332,3411
5858,665,1108,1523,2159,2493,,665,443,415,636,334,3365
5861,703,1133,1539,2159,2478,,703,430,406,620,319,3383
5953,705,1176,1608,2263,2596,,705,471,432,655,333,3357
5964,691,1160,1590,2222,2554,,691,469,430,632,332,3410
5888,711,1143,1559,2195,2529,,711,432,416,636,334,3359
5994,706,1135,1548,2185,2519,,706,429,413,637,334,3475
5828,666,1085,1495,2133,2467,,666,419,410,638,334,3361
5931,705,1136,1549,2186,2520,,705,431,413,637,334,3411
5929,705,1136,1548,2184,2518,,705,431,412,636,334,3411
5856,666,1108,1522,2161,2493,,666,442,414,639,332,3363
5861,666,1107,1523,2162,2492,,666,441,416,639,330,3369
5931,704,1133,1549,2183,2519,,704,429,416,634,336,3412
5920,705,1132,1547,2184,2512,,705,427,415,637,328,3408
6114,708,1179,1636,2325,2715,,708,471,457,689,390,3399
6215,716,1190,1648,2340,2763,,716,474,458,692,423,3452
6128,716,1188,1612,2299,2721,,716,472,424,687,422,3407
6046,703,1192,1662,2324,2680,,703,489,470,662,356,3366
6055,706,1201,1672,2334,2691,,706,495,471,662,357,3364
6053,704,1174,1646,2327,2678,,704,470,472,681,351,3375
6052,703,1199,1670,2333,2667,,703,496,471,663,334,3385
6003,702,1171,1642,2305,2641,,702,469,471,663,336,3362
6309,715,1212,1699,2393,2799,,715,497,487,694,406,3510
6195,716,1211,1669,2375,2770,,716,495,458,706,395,3425
6160,706,1147,1591,2284,2720,,706,441,444,693,436,3440
6046,716,1194,1573,2264,2616,,716,478,379,691,352,3430
6020,705,1176,1604,2262,2593,,705,471,428,658,331,3427
6181,651,1138,1629,2337,2747,,651,487,491,708,410,3434
6308,718,1214,1700,2413,2822,,718,496,486,713,409,3486
6121,716,1160,1640,2284,2688,,716,444,480,644,404,3433
6002,705,1199,1630,2283,2623,,705,494,431,653,340,3379
5930,702,1134,1550,2182,2530,,702,432,416,632,348,3400
5928,705,1132,1547,2183,2517,,705,427,415,636,334,3411
5920,704,1135,1547,2183,2515,,704,431,412,636,332,3405
6062,705,1130,1587,2285,2657,,705,425,457,698,372,3405
5963,715,1191,1612,2247,2587,,715,476,421,635,340,3376
5931,706,1178,1607,2239,2569,,706,472,429,632,330,3362
5931,704,1160,1577,2210,2543,,704,456,417,633,333,3388
5926,705,1133,1548,2184,2518,,705,428,415,636,334,3408
5934,704,1157,1575,2208,2548,,704,453,418,633,340,3386
5929,705,1135,1548,2184,2518,,705,430,413,636,334,3411
5928,706,1134,1549,2185,2518,,706,428,415,636,333,3410
5929,705,1158,1573,2209,2543,,705,453,415,636,334,3386
5928,704,1161,1572,2209,2547,,704,457,411,637,338,3381
5879,709,1143,1564,2188,2507,,709,434,421,624,319,3372
5928,704,1134,1546,2185,2517,,704,430,412,639,332,3411
5930,706,1160,1575,2211,2544,,706,454,415,636,333,3386
5953,704,1158,1573,2209,2543,,704,454,415,636,334,3410
5828,666,1085,1496,2134,2468,,666,419,411,638,334,3360
5931,705,1134,1548,2185,2519,,705,429,414,637,334,3412
5927,706,1135,1547,2184,2517,,706,429,412,637,333,3410
5927,710,1159,1573,2208,2542,,710,449,414,635,334,3385
5929,704,1159,1573,2208,2541,,704,455,414,635,333,3388
5928,704,1132,1547,2187,2522,,704,428,415,640,335,3406
5888,708,1138,1553,2195,2524,,708,430,415,642,329,3364
5952,705,1130,1547,2192,2540,,705,425,417,645,348,3412
6067,689,1124,1542,2245,2654,,689,435,418,703,409,3413
6318,717,1214,1702,2414,2849,,717,497,488,712,435,3469
6311,717,1214,1703,2415,2850,,717,497,489,712,435,3461
6059,718,1135,1542,2264,2596,,718,417,407,722,332,3463
6312,718,1215,1702,2415,2851,,718,497,487,713,436,3461
6309,716,1213,1701,2414,2824,,716,497,488,713,410,3485
6258,717,1213,1701,2393,2799,,717,496,488,692,406,3459
6050,717,1214,1682,2364,2696,,717,497,468,682,332,3354
5993,713,1187,1618,2251,2581,,713,474,431,633,330,3412
5950,705,1155,1569,2206,2543,,705,450,414,637,337,3407
5929,705,1159,1573,2213,2546,,705,454,414,640,333,3383
5926,706,1134,1546,2181,2516,,706,428,412,635,335,3410
5929,705,1135,1548,2190,2518,,705,430,413,642,328,3411
5857,704,1134,1549,2162,2493,,704,430,415,613,331,3364
5927,705,1134,1549,2184,2517,,705,429,415,635,333,3410
5851,665,1108,1523,2159,2494,,665,443,415,636,335,3357
5855,707,1134,1548,2159,2492,,707,427,414,611,333,3363
5832,664,1107,1513,2133,2457,,664,443,406,620,324,3375
6302,716,1204,1692,2384,2815,,716,488,488,692,431,3487
6206,715,1212,1696,2388,2770,,715,497,484,692,382,3436
6221,715,1212,1669,2366,2786,,715,497,457,697,420,3435
5928,705,1177,1649,2272,2590,,705,472,472,623,318,3338
6131,707,1178,1650,2354,2747,,707,471,472,704,393,3384
6132,706,1176,1646,2352,2730,,706,470,470,706,378,3402
6130,703,1176,1647,2352,2743,,703,473,471,705,391,3387
6130,704,1201,1674,2375,2751,,704,497,473,701,376,3379
6108,703,1177,1649,2352,2728,,703,474,472,703,376,3380
6085,663,1152,1623,2326,2702,,663,489,471,703,376,3383
6159,705,1178,1650,2357,2764,,705,473,472,707,407,3395
6154,711,1209,1680,2384,2772,,711,498,471,704,388,3382
6182,706,1179,1651,2352,2768,,706,473,472,701,416,3414
6152,706,1199,1672,2374,2766,,706,493,473,702,392,3386
6208,703,1176,1648,2297,2756,,703,473,472,649,459,3452
6260,714,1213,1681,2388,2799,,714,499,468,707,411,3461
6331,716,1209,1697,2408,2819,,716,493,488,711,411,3512
6308,716,1212,1701,2413,2824,,716,496,489,712,411,3484
6220,716,1212,1700,2412,2789,,716,496,488,712,377,3431
6111,705,1199,1670,2375,2767,,705,494,471,705,392,3344
6092,705,1177,1649,2351,2712,,705,472,472,702,361,3380
6139,710,1184,1657,2361,2736,,710,474,473,704,375,3403
6131,705,1179,1650,2355,2732,,705,474,471,705,377,3399
6081,704,1177,1648,2353,2705,,704,473,471,705,352,3376
6103,704,1177,1649,2352,2702,,704,473,472,703,350,3401
6082,704,1175,1648,2350,2700,,704,471,473,702,350,3382
6082,703,1176,1648,2353,2703,,703,473,472,705,350,3379
6106,705,1176,1647,2351,2725,,705,471,471,704,374,3381
6105,706,1176,1649,2350,2726,,706,470,473,701,376,3379
6136,705,1202,1674,2378,2754,,705,497,472,704,376,3382
6141,704,1178,1651,2353,2727,,704,474,473,702,374,3414
6020,711,1186,1658,2319,2653,,711,475,472,661,334,3367
6033,705,1176,1647,2310,2665,,705,471,471,663,355,3368
6078,706,1180,1652,2352,2704,,706,474,472,700,352,3374
6105,705,1201,1673,2376,2725,,705,496,472,703,349,3380
6060,705,1177,1675,2336,2691,,705,472,498,661,355,3369
6119,717,1188,1660,2365,2740,,717,471,472,705,375,3379
6108,704,1176,1648,2352,2726,,704,472,472,704,374,3382
6031,704,1175,1647,2309,2665,,704,471,472,662,356,3366
6031,665,1152,1651,2313,2666,,665,487,499,662,353,3365
6085,657,1126,1556,2252,2672,,657,469,430,696,420,3413
6011,678,1153,1625,2287,2644,,678,475,472,662,357,3367
6057,706,1202,1674,2336,2690,,706,496,472,662,354,3367
6153,705,1177,1648,2350,2768,,705,472,471,702,418,3385
6108,705,1177,1648,2352,2726,,705,472,471,704,374,3382
6017,703,1177,1650,2288,2640,,703,474,473,638,352,3377
6032,704,1175,1648,2311,2666,,704,471,473,663,355,3366
6031,703,1176,1648,2311,2667,,703,473,472,663,356,3364
6030,704,1177,1648,2310,2645,,704,473,471,662,335,3385
5983,665,1152,1624,2286,2619,,665,487,472,662,333,3364
5983,663,1151,1623,2283,2622,,663,488,472,660,339,3361
5966,701,1188,1618,2248,2579,,701,487,430,630,331,3387
6044,703,1177,1648,2288,2620,,703,474,471,640,332,3424
5928,707,1176,1646,2271,2587,,707,469,470,625,316,3341
6055,704,1177,1648,2311,2669,,704,473,471,663,358,3386
6068,705,1177,1647,2334,2688,,705,472,470,687,354,3380
6105,704,1177,1650,2352,2727,,704,473,473,702,375,3378
6053,705,1173,1646,2349,2698,,705,468,473,703,349,3355
6081,704,1176,1647,2350,2698,,704,472,471,703,348,3383
6033,705,1177,1649,2311,2666,,705,472,472,662,355,3367
6026,705,1177,1648,2313,2668,,705,472,471,665,355,3358
6035,704,1179,1653,2312,2670,,704,475,474,659,358,3365
6135,706,1203,1676,2375,2751,,706,497,473,699,376,3384
6108,705,1177,1649,2352,2730,,705,472,472,703,378,3378
6031,704,1177,1648,2313,2666,,704,473,471,665,353,3365
6122,703,1179,1650,2353,2736,,703,476,471,703,383,3386
6106,704,1176,1647,2350,2727,,704,472,471,703,377,3379
6082,704,1176,1646,2327,2704,,704,472,470,681,377,3378
6081,707,1203,1674,2337,2692,,707,496,471,663,355,3389
6061,704,1202,1674,2337,2693,,704,498,472,663,356,3368
6035,706,1176,1648,2309,2665,,706,470,472,661,356,3370
6204,710,1185,1657,2360,2776,,710,475,472,703,416,3428
6180,705,1177,1649,2352,2771,,705,472,472,703,419,3409
6108,706,1202,1675,2378,2727,,706,496,473,703,349,3381
6031,705,1177,1650,2312,2646,,705,472,473,662,334,3385
6032,703,1176,1648,2309,2647,,703,473,472,661,338,3385
6039,711,1185,1657,2319,2655,,711,474,472,662,336,3384
6054,705,1200,1673,2336,2671,,705,495,473,663,335,3383
6030,705,1177,1648,2312,2648,,705,472,471,664,336,3382
5959,703,1179,1610,2237,2570,,703,476,431,627,333,3389
5992,671,1108,1588,2210,2544,,671,437,480,622,334,3448
6153,684,1160,1633,2334,2725,,684,476,473,701,391,3428
5904,704,1177,1647,2271,2565,,704,473,470,624,294,3339
6082,704,1177,1649,2351,2742,,704,473,472,702,391,3340
6008,705,1179,1653,2311,2666,,705,474,474,658,355,3342
6298,706,1203,1675,2376,2793,,706,497,472,701,417,3505
6286,719,1215,1702,2414,2825,,719,496,487,712,411,3461
6359,741,1266,1751,2462,2898,,741,525,485,711,436,3461
6284,716,1212,1700,2412,2823,,716,496,488,712,411,3461
6300,715,1213,1699,2412,2849,,715,498,486,713,437,3451
6110,745,1186,1664,2287,2653,,745,441,478,623,366,3457
6208,626,1117,1601,2314,2749,,626,491,484,713,435,3459
6257,716,1213,1701,2393,2774,,716,497,488,692,381,3483
6284,717,1213,1701,2412,2824,,717,496,488,711,412,3460
6310,716,1214,1702,2414,2850,,716,498,488,712,436,3460
6283,717,1213,1701,2414,2824,,717,496,488,713,410,3459
6285,716,1214,1695,2413,2829,,716,498,481,718,416,3456
6308,716,1212,1703,2412,2823,,716,496,491,709,411,3485
6311,716,1214,1702,2414,2849,,716,498,488,712,435,3462
6310,715,1213,1702,2413,2825,,715,498,489,711,412,3485
6094,653,1104,1538,2251,2646,,653,451,434,713,395,3448
6171,707,1179,1651,2353,2744,,707,472,472,702,391,3427
6108,705,1177,1648,2353,2744,,705,472,471,705,391,3364
6053,706,1201,1674,2337,2670,,706,495,473,663,333,3383
5931,705,1177,1607,2238,2569,,705,472,430,631,331,3362
6170,704,1178,1648,2354,2745,,704,474,470,706,391,3425
6174,704,1178,1651,2354,2745,,704,474,473,703,391,3429
6110,705,1177,1650,2351,2726,,705,472,473,701,375,3384
6008,705,1177,1649,2311,2646,,705,472,472,662,335,3362
5932,704,1175,1605,2237,2568,,704,471,430,632,331,3364
6121,703,1158,1588,2277,2671,,703,455,430,689,394,3450
6269,706,1203,1674,2378,2795,,706,497,471,704,417,3474
6083,706,1176,1647,2352,2703,,706,470,471,705,351,3380
6004,705,1177,1648,2310,2646,,705,472,471,662,336,3358
5977,705,1202,1631,2260,2595,,705,497,429,629,335,3382
5929,703,1176,1648,2273,2565,,703,473,472,625,292,3364
6198,706,1178,1650,2352,2768,,706,472,472,702,416,3430
6031,703,1178,1649,2311,2665,,703,475,471,662,354,3366
6004,705,1177,1649,2312,2645,,705,472,472,663,333,3359
5958,705,1177,1609,2235,2570,,705,472,432,626,335,3388
6097,703,1138,1566,2277,2672,,703,435,428,711,395,3425
6171,705,1177,1651,2353,2745,,705,472,474,702,392,3426
6108,704,1201,1674,2378,2728,,704,497,473,704,350,3380
6056,703,1177,1673,2337,2673,,703,474,496,664,336,3383
5980,706,1202,1631,2261,2596,,706,496,429,630,335,3384
5930,704,1178,1650,2273,2592,,704,474,472,623,319,3338
6199,706,1179,1651,2354,2769,,706,473,472,703,415,3430
6082,705,1177,1650,2352,2704,,705,472,473,702,352,3378
6004,705,1177,1649,2311,2645,,705,472,472,662,334,3359
5932,705,1180,1612,2237,2568,,705,475,432,625,331,3364
6081,703,1176,1629,2327,2721,,703,473,453,698,394,3360
6197,705,1159,1640,2330,2750,,705,454,481,690,420,3447
6108,706,1177,1648,2351,2729,,706,471,471,703,378,3379
6004,705,1178,1650,2311,2645,,705,473,472,661,334,3359
5930,703,1178,1608,2235,2570,,703,475,430,627,335,3360
5929,703,1178,1650,2271,2564,,703,475,472,621,293,3365
5983,704,1180,1653,2355,2654,,704,476,473,702,299,3329
6090,704,1149,1633,2320,2698,,704,445,484,687,378,3392
6300,721,1221,1711,2422,2832,,721,500,490,711,410,3468
6306,723,1223,1692,2399,2861,,723,500,469,707,462,3445
6121,714,1181,1634,2327,2682,,714,467,453,693,355,3439
6034,645,1128,1601,2302,2651,,645,483,473,701,349,3383
6162,704,1178,1649,2353,2769,,704,474,471,704,416,3393
6198,704,1178,1650,2352,2770,,704,474,472,702,418,3428
6027,703,1175,1646,2308,2646,,703,472,471,662,338,3381
5929,704,1178,1650,2273,2566,,704,474,472,623,293,3363
6197,704,1204,1678,2378,2768,,704,500,474,700,390,3429
6081,704,1177,1648,2351,2703,,704,473,471,703,352,3378
6030,705,1177,1651,2312,2646,,705,472,474,661,334,3384
5930,706,1181,1610,2235,2569,,706,475,429,625,334,3361
5994,702,1178,1613,2206,2574,,702,476,435,593,368,3420
6129,716,1162,1639,2328,2748,,716,446,477,689,420,3381
6069,703,1175,1647,2286,2618,,703,472,472,639,332,3451
5905,705,1178,1651,2272,2565,,705,473,473,621,293,3340
6006,706,1179,1649,2314,2648,,706,473,470,665,334,3358
5927,701,1175,1647,2272,2589,,701,474,472,625,317,3338
6299,705,1178,1676,2377,2792,,705,473,498,701,415,3507
6083,704,1177,1649,2352,2703,,704,473,472,703,351,3380
5931,705,1177,1607,2238,2571,,705,472,430,631,333,3360
5930,705,1177,1606,2236,2570,,705,472,429,630,334,3360
5995,702,1178,1609,2224,2592,,702,476,431,615,368,3403
6134,716,1165,1642,2328,2722,,716,449,477,686,394,3412
6285,717,1215,1702,2414,2826,,717,498,487,712,412,3459
6307,716,1212,1701,2411,2847,,716,496,489,710,436,3460
6340,721,1220,1709,2421,2830,,721,499,489,712,409,3510
6172,718,1216,1704,2383,2724,,718,498,488,679,341,3448
6172,704,1177,1648,2352,2745,,704,473,471,704,393,3427
6105,705,1178,1651,2354,2730,,705,473,473,703,376,3375
6043,716,1192,1664,2324,2659,,716,476,472,660,335,3384
5955,703,1202,1632,2261,2594,,703,499,430,629,333,3361
6012,704,1179,1612,2268,2643,,704,475,433,656,375,3369
6198,706,1179,1652,2354,2746,,706,473,473,702,392,3452
6058,706,1202,1677,2337,2690,,706,496,475,660,353,3368
6004,706,1177,1649,2313,2648,,706,471,472,664,335,3356
5946,706,1195,1625,2256,2585,,706,489,430,631,329,3361
6181,700,1187,1659,2363,2754,,700,487,472,704,391,3427
6222,702,1178,1677,2380,2786,,702,476,499,703,406,3436
6109,704,1177,1648,2354,2728,,704,473,471,706,374,3381
6029,708,1178,1650,2311,2649,,708,470,472,661,338,3380
5965,701,1190,1619,2249,2580,,701,489,429,630,331,3385
6022,703,1178,1649,2238,2610,,703,475,471,589,372,3412
6081,709,1207,1656,2357,2709,,709,498,449,701,352,3372
6172,704,1176,1649,2353,2746,,704,472,473,704,393,3426
6033,705,1179,1650,2313,2667,,705,474,471,663,354,3366
5974,707,1196,1625,2254,2589,,707,489,429,629,335,3385
6196,705,1180,1652,2353,2771,,705,475,472,701,418,3425
5956,703,1179,1650,2270,2602,,703,476,471,620,332,3354
5984,704,1177,1607,2261,2616,,704,473,430,654,355,3368
5928,706,1177,1606,2235,2566,,706,471,429,629,331,3362
6010,706,1179,1652,2310,2647,,706,473,473,658,337,3363
6009,703,1175,1607,2234,2566,,703,472,432,627,332,3443
6212,741,1161,1569,2290,2725,,741,420,408,721,435,3487
6284,717,1214,1702,2413,2824,,717,497,488,711,411,3460
6310,718,1213,1704,2414,2824,,718,495,491,710,410,3486
6309,718,1215,1702,2414,2824,,718,497,487,712,410,3485
6310,717,1215,1704,2393,2801,,717,498,489,689,408,3509
6286,718,1214,1701,2414,2824,,718,496,487,713,410,3462
6312,717,1213,1701,2414,2848,,717,496,488,713,434,3464
5896,676,1121,1560,2206,2518,,676,445,439,646,312,3378
5991,676,1125,1564,2191,2553,,676,449,439,627,362,3438
5951,689,1124,1562,2223,2589,,689,435,438,661,366,3362
5741,637,1033,1429,2061,2379,,637,396,396,632,318,3362
6158,705,1180,1652,2355,2772,,705,475,472,703,417,3386
6032,704,1177,1650,2312,2647,,704,473,473,662,335,3385
5930,704,1177,1606,2238,2570,,704,473,429,632,332,3360
6172,702,1178,1650,2354,2745,,702,476,472,704,391,3427
6171,706,1176,1649,2353,2745,,706,470,473,704,392,3426
6107,705,1179,1652,2354,2728,,705,474,473,702,374,3379
6006,699,1179,1651,2313,2648,,699,480,472,662,335,3358
5928,704,1177,1606,2236,2568,,704,473,429,630,332,3360
6150,704,1177,1650,2330,2711,,704,473,473,680,381,3439
6184,704,1176,1624,2338,2748,,704,472,448,714,410,3436
6287,717,1215,1704,2416,2826,,717,498,489,712,410,3461
6310,716,1213,1701,2413,2825,,716,497,488,712,412,3485
6285,690,1190,1676,2389,2800,,690,500,486,713,411,3485
6312,716,1213,1701,2413,2804,,716,497,488,712,391,3508
6308,719,1214,1700,2413,2824,,719,495,486,713,411,3484
6310,719,1215,1702,2415,2824,,719,496,487,713,409,3486
6311,717,1245,1732,2440,2852,,717,528,487,708,412,3459
6268,716,1213,1701,2409,2810,,716,497,488,708,401,3458
6146,715,1213,1680,2364,2716,,715,498,467,684,352,3430
5996,704,1192,1623,2317,2643,,704,488,431,694,326,3353
6181,697,1161,1634,2337,2730,,697,464,473,703,393,3451
6131,705,1201,1673,2377,2753,,705,496,472,704,376,3378
5953,715,1202,1634,2266,2593,,715,487,432,632,327,3360
6094,650,1126,1599,2301,2654,,650,476,473,702,353,3440
6294,711,1202,1674,2376,2792,,711,491,472,702,416,3502
6082,705,1178,1650,2352,2702,,705,473,472,702,350,3380
5980,706,1151,1625,2287,2620,,706,445,474,662,333,3360
5952,704,1177,1611,2235,2566,,704,473,434,624,331,3386
6146,705,1179,1652,2312,2712,,705,474,473,660,400,3434
6055,700,1133,1615,2325,2678,,700,433,482,710,353,3377
6031,705,1177,1652,2353,2678,,705,472,475,701,325,3353
6034,703,1178,1651,2312,2669,,703,475,473,661,357,3365
5979,729,1203,1635,2262,2595,,729,474,432,627,333,3384
6197,703,1180,1651,2329,2749,,703,477,471,678,420,3448
6032,706,1180,1652,2353,2677,,706,474,472,701,324,3355
6004,705,1180,1652,2312,2646,,705,475,472,660,334,3358
5947,705,1188,1614,2232,2576,,705,483,426,618,344,3371
6047,705,1179,1652,2315,2649,,705,474,473,663,334,3398
6021,703,1160,1573,2211,2565,,703,457,413,638,354,3456
6045,645,1060,1541,2227,2618,,645,415,481,686,391,3427
5982,667,1153,1624,2330,2654,,667,486,471,706,324,3328
6152,704,1176,1646,2353,2746,,704,472,470,707,393,3406
5923,706,1163,1589,2224,2570,,706,457,426,635,346,3353
6086,704,1182,1653,2356,2733,,704,478,471,703,377,3353
6198,705,1179,1654,2354,2772,,705,474,475,700,418,3426
6083,705,1178,1651,2353,2706,,705,473,473,702,353,3377
6031,705,1179,1651,2311,2648,,705,474,472,660,337,3383
5956,704,1178,1609,2237,2571,,704,474,431,628,334,3385
6086,705,1179,1650,2273,2638,,705,474,471,623,365,3448
6335,716,1215,1702,2417,2825,,716,499,487,715,408,3510
6310,745,1240,1727,2439,2849,,745,495,487,712,410,3461
6310,717,1214,1703,2415,2824,,717,497,489,712,409,3486
6197,716,1162,1642,2353,2748,,716,446,480,711,395,3449
6222,705,1179,1651,2355,2771,,705,474,472,704,416,3451
6174,705,1180,1651,2354,2746,,705,475,471,703,392,3428
6083,705,1180,1651,2354,2706,,705,475,471,703,352,3377
6079,706,1176,1630,2329,2704,,706,470,454,699,375,3375
5955,706,1177,1606,2237,2571,,706,471,429,631,334,3384
5955,700,1176,1654,2268,2596,,700,476,478,614,328,3359
6210,705,1179,1632,2300,2732,,705,474,453,668,432,3478
6360,744,1238,1756,2463,2904,,744,494,518,707,441,3456
6283,716,1213,1701,2413,2824,,716,497,488,712,411,3459
6309,716,1192,1677,2389,2824,,716,476,485,712,435,3485
6288,717,1215,1705,2417,2830,,717,498,490,712,413,3458
6326,717,1205,1692,2405,2868,,717,488,487,713,463,3458
6310,716,1214,1702,2415,2824,,716,498,488,713,409,3486
6197,716,1214,1649,2354,2749,,716,498,435,705,395,3448
6005,703,1178,1650,2311,2644,,703,475,472,661,333,3361
6187,704,1178,1650,2354,2726,,704,474,472,704,372,3461
6341,725,1221,1709,2421,2832,,725,496,488,712,411,3509
6308,716,1214,1702,2414,2850,,716,498,488,712,436,3458
6310,717,1215,1701,2416,2826,,717,498,486,715,410,3484
6283,715,1193,1651,2363,2798,,715,478,458,712,435,3485
6146,650,1127,1598,2302,2723,,650,477,471,704,421,3423
6199,707,1180,1653,2355,2771,,707,473,473,702,416,3428
6082,703,1177,1649,2352,2703,,703,474,472,703,351,3379
6003,705,1179,1650,2315,2646,,705,474,471,665,331,3357
5954,713,1204,1634,2263,2594,,713,491,430,629,331,3360
6070,702,1177,1647,2311,2646,,702,475,470,664,335,3424
6059,704,1178,1608,2303,2699,,704,474,430,695,396,3360
5929,705,1179,1650,2272,2604,,705,474,471,622,332,3325
6033,706,1180,1650,2313,2670,,706,474,470,663,357,3363
5955,704,1178,1612,2238,2569,,704,474,434,626,331,3386
6197,704,1177,1648,2353,2769,,704,473,471,705,416,3428
6008,707,1178,1653,2355,2678,,707,471,475,702,323,3330
6033,704,1179,1651,2313,2669,,704,475,472,662,356,3364
5930,705,1178,1608,2240,2570,,705,473,430,632,330,3360
6039,706,1204,1677,2335,2676,,706,498,473,658,341,3363
5997,704,1176,1582,2212,2568,,704,472,406,630,356,3429
6061,644,1062,1503,2204,2600,,644,418,441,701,396,3461
6332,718,1214,1702,2415,2824,,718,496,488,713,409,3508
6307,716,1211,1700,2412,2822,,716,495,489,712,410,3485
6172,715,1192,1616,2327,2747,,715,477,424,711,420,3425
6196,704,1178,1649,2353,2769,,704,474,471,704,416,3427
6224,704,1178,1650,2354,2772,,704,474,472,704,418,3452
6083,704,1178,1650,2352,2703,,704,474,472,702,351,3380
6006,706,1178,1650,2313,2648,,706,472,472,663,335,3358
5955,704,1178,1608,2237,2571,,704,474,430,629,334,3384
5933,704,1180,1653,2276,2593,,704,476,473,623,317,3340
5943,704,1179,1603,2217,2535,,704,475,424,614,318,3408
6032,704,1179,1650,2354,2679,,704,475,471,704,325,3353
6033,705,1179,1652,2314,2669,,705,474,473,662,355,3364
5930,703,1177,1608,2241,2571,,703,474,431,633,330,3359
6170,702,1178,1649,2352,2744,,702,476,471,703,392,3426
6190,704,1170,1642,2346,2761,,704,466,472,704,415,3429
6130,706,1203,1674,2376,2753,,706,497,471,702,377,3377
6006,705,1177,1648,2313,2649,,705,472,471,665,336,3357
5954,704,1178,1608,2238,2570,,704,474,430,630,332,3384
5934,705,1180,1653,2274,2591,,705,475,473,621,317,3343
6140,704,1178,1608,2280,2656,,704,474,430,672,376,3484
6330,711,1211,1699,2411,2821,,711,500,488,712,410,3509
6312,717,1215,1702,2415,2824,,717,498,487,713,409,3488
6337,716,1215,1703,2445,2877,,716,499,488,742,432,3460
6308,715,1214,1700,2412,2823,,715,499,486,712,411,3485
6309,716,1214,1703,2413,2824,,716,498,489,710,411,3485
6284,716,1213,1702,2414,2825,,716,497,489,712,411,3459
6235,716,1215,1682,2366,2775,,716,499,467,684,409,3460
6285,717,1216,1701,2416,2824,,717,499,485,715,408,3461
6286,717,1214,1702,2414,2825,,717,497,488,712,411,3461
6316,715,1225,1709,2421,2833,,715,510,484,712,412,3483
6333,715,1214,1702,2414,2824,,715,499,488,712,410,3509
6310,716,1214,1700,2413,2822,,716,498,486,713,409,3488
6312,719,1216,1703,2390,2801,,719,497,487,687,411,3511
6170,703,1161,1640,2329,2724,,703,458,479,689,395,3446
6172,704,1179,1651,2353,2745,,704,475,472,702,392,3427
6083,704,1179,1650,2354,2705,,704,475,471,704,351,3378
6032,705,1178,1650,2312,2647,,705,473,472,662,335,3385
5980,703,1177,1650,2288,2621,,703,474,473,638,333,3359
6084,705,1179,1652,2357,2747,,705,474,473,705,390,3337
6112,707,1180,1609,2281,2650,,707,473,429,672,369,3462
6330,717,1211,1700,2413,2822,,717,494,489,713,409,3508
6342,724,1222,1711,2422,2833,,724,498,489,711,411,3509
6235,715,1214,1682,2369,2777,,715,499,468,687,408,3458
6285,716,1214,1703,2413,2826,,716,498,489,710,413,3459
6310,718,1215,1703,2415,2825,,718,497,488,712,410,3485
6284,717,1213,1701,2412,2822,,717,496,488,711,410,3462
6235,715,1214,1703,2414,2782,,715,499,489,711,368,3453
6213,716,1213,1668,2336,2737,,716,497,455,668,401,3476
6019,704,1176,1603,2235,2569,,704,472,427,632,334,3450
5997,646,1087,1504,2165,2518,,646,441,417,661,353,3479
5933,673,1158,1637,2237,2564,,673,485,479,600,327,3369
5984,704,1178,1651,2353,2652,,704,474,473,702,299,3332
6034,704,1179,1651,2312,2675,,704,475,472,661,363,3359
5931,703,1178,1649,2274,2592,,703,475,471,625,318,3339
6224,705,1180,1651,2354,2774,,705,475,471,703,420,3450
6081,703,1177,1648,2352,2705,,703,474,471,704,353,3376
6121,705,1177,1648,2311,2690,,705,472,471,663,379,3431
6311,716,1215,1703,2415,2826,,716,499,488,712,411,3485
6222,716,1214,1703,2415,2771,,716,498,489,712,356,3451
6222,714,1190,1660,2365,2761,,714,476,470,705,396,3461
6228,667,1162,1649,2362,2775,,667,495,487,713,413,3453
6312,717,1216,1707,2417,2828,,717,499,491,710,411,3484
6211,717,1215,1702,2416,2771,,717,498,487,714,355,3440
6110,717,1215,1703,2337,2667,,717,498,488,634,330,3443
6312,720,1217,1703,2417,2826,,720,497,486,714,409,3486
6285,716,1215,1702,2414,2826,,716,499,487,712,412,3459
6263,716,1216,1703,2416,2827,,716,500,487,713,411,3436
6146,716,1216,1683,2366,2751,,716,500,467,683,385,3395
6172,704,1178,1649,2351,2742,,704,474,471,702,391,3430
5963,704,1180,1650,2311,2617,,704,476,470,661,306,3346
6049,642,1059,1529,2234,2625,,642,417,470,705,391,3424
6099,704,1194,1667,2370,2724,,704,490,473,703,354,3375
5986,705,1178,1608,2259,2597,,705,473,430,651,338,3389
5930,703,1179,1651,2273,2591,,703,476,472,622,318,3339
6201,705,1182,1653,2356,2749,,705,477,471,703,393,3452
6081,705,1178,1651,2352,2703,,705,473,473,701,351,3378
6038,705,1180,1678,2336,2672,,705,475,498,658,336,3366
5965,713,1188,1618,2249,2580,,713,475,430,631,331,3385
5941,700,1164,1635,2261,2552,,700,464,471,626,291,3389
5939,655,1130,1603,2265,2571,,655,475,473,662,306,3368
6221,695,1140,1624,2351,2761,,695,445,484,727,410,3460
6338,717,1211,1701,2413,2823,,717,494,490,712,410,3515
6311,716,1214,1702,2415,2850,,716,498,488,713,435,3461
6201,716,1196,1619,2329,2748,,716,480,423,710,419,3453
6300,746,1230,1703,2403,2822,,746,484,473,700,419,3478
6157,705,1206,1678,2380,2772,,705,501,472,702,392,3385
6037,704,1178,1651,2312,2646,,704,474,473,661,334,3391
5964,713,1189,1619,2251,2579,,713,476,430,632,328,3385
6206,699,1187,1657,2362,2777,,699,488,470,705,415,3429
6097,639,1102,1599,2260,2665,,639,463,497,661,405,3432
6049,638,1033,1501,2202,2618,,638,395,468,701,416,3431
5982,673,1154,1626,2328,2629,,673,481,472,702,301,3353
6060,705,1181,1653,2313,2670,,705,476,472,660,357,3390
6037,704,1182,1655,2312,2668,,704,478,473,657,356,3369
6005,704,1180,1651,2312,2648,,704,476,471,661,336,3357
6005,704,1180,1653,2312,2648,,704,476,473,659,336,3357
6014,707,1178,1651,2312,2646,,707,471,473,661,334,3368
6015,713,1187,1659,2321,2655,,713,474,472,662,334,3360
5969,710,1186,1616,2244,2576,,710,476,430,628,332,3393
6164,702,1178,1650,2314,2689,,702,476,472,664,375,3475
6211,701,1171,1655,2365,2776,,701,470,484,710,411,3435
6335,746,1269,1754,2464,2875,,746,523,485,710,411,3460
6310,718,1215,1703,2414,2825,,718,497,488,711,411,3485
6309,716,1214,1703,2415,2826,,716,498,489,712,411,3483
6311,715,1215,1702,2415,2825,,715,500,487,713,410,3486
6312,717,1215,1703,2415,2854,,717,498,488,712,439,3458
6286,718,1215,1704,2415,2824,,718,497,489,711,409,3462
6208,715,1214,1701,2394,2775,,715,499,487,693,381,3433
6327,715,1207,1697,2407,2818,,715,492,490,710,411,3509
6148,741,1165,1641,2330,2725,,741,424,476,689,395,3423
6047,645,1083,1498,2199,2615,,645,438,415,701,416,3432
6194,704,1177,1648,2352,2769,,704,473,471,704,417,3425
6207,705,1176,1648,2351,2749,,705,471,472,703,398,3458
6309,716,1190,1678,2390,2801,,716,474,488,712,411,3508
6310,716,1214,1703,2415,2825,,716,498,489,712,410,3485
6312,717,1215,1701,2415,2825,,717,498,486,714,410,3487
6286,717,1216,1703,2415,2825,,717,499,487,712,410,3461
6320,718,1214,1700,2413,2824,,718,496,486,713,411,3496
6259,717,1214,1702,2413,2825,,717,497,488,711,412,3434
6189,652,1127,1611,2315,2751,,652,475,484,704,436,3438
6100,764,1203,1621,2317,2668,,764,439,418,696,351,3432
6312,681,1194,1678,2391,2827,,681,513,484,713,436,3485
6311,716,1215,1703,2414,2850,,716,499,488,711,436,3461
6297,716,1216,1703,2416,2825,,716,500,487,713,409,3472
6312,692,1190,1678,2390,2832,,692,498,488,712,442,3480
6310,716,1215,1703,2414,2824,,716,499,488,711,410,3486
6287,717,1215,1703,2415,2827,,717,498,488,712,412,3460
6269,716,1215,1704,2397,2803,,716,499,489,693,406,3466
5992,708,1180,1652,2313,2648,,708,472,472,661,335,3344
6136,716,1206,1623,2323,2704,,716,490,417,700,381,3432
6311,716,1177,1642,2365,2803,,716,461,465,723,438,3508
6309,715,1213,1700,2414,2824,,715,498,487,714,410,3485
6311,716,1216,1703,2395,2799,,716,500,487,692,404,3512
6212,716,1217,1683,2325,2759,,716,501,466,642,434,3453
6286,703,1189,1677,2390,2801,,703,486,488,713,411,3485
6312,716,1217,1704,2417,2827,,716,501,487,713,410,3485
6311,716,1216,1703,2415,2825,,716,500,487,712,410,3486
6187,718,1216,1684,2367,2776,,718,498,468,683,409,3411
6125,716,1196,1655,2327,2722,,716,480,459,672,395,3403
6235,716,1193,1654,2364,2776,,716,477,461,710,412,3459
6287,742,1205,1645,2366,2800,,742,463,440,721,434,3487
6312,718,1214,1706,2415,2825,,718,496,492,709,410,3487
6272,717,1217,1702,2415,2826,,717,500,485,713,411,3446
6286,717,1212,1702,2412,2824,,717,495,490,710,412,3462
6311,747,1215,1703,2415,2851,,747,468,488,712,436,3460
6285,717,1214,1704,2414,2826,,717,497,490,710,412,3459
6312,717,1215,1703,2416,2825,,717,498,488,713,409,3487
6258,716,1212,1678,2388,2806,,716,496,466,710,418,3452
6051,656,1127,1588,2276,2645,,656,471,461,688,369,3406
6063,596,1080,1567,2205,2603,,596,484,487,638,398,3460
5999,646,1064,1476,2112,2511,,646,418,412,636,399,3488
6211,703,1181,1663,2364,2775,,703,478,482,701,411,3436
6235,715,1190,1678,2390,2779,,715,475,488,712,389,3456
6173,715,1215,1703,2395,2741,,715,500,488,692,346,3432
6180,703,1178,1650,2354,2773,,703,475,472,704,419,3407
6031,705,1176,1648,2312,2667,,705,471,472,664,355,3364
6037,705,1178,1649,2310,2648,,705,473,471,661,338,3389
5954,629,1105,1577,2237,2574,,629,476,472,660,337,3380
5933,667,1154,1584,2213,2546,,667,487,430,629,333,3387
6100,706,1183,1612,2310,2667,,706,477,429,698,357,3433
5997,645,1063,1476,2111,2502,,645,418,413,635,391,3495
6149,666,1111,1591,2304,2698,,666,445,480,713,394,3451
6188,705,1181,1652,2354,2769,,705,476,471,702,415,3419
6037,704,1179,1650,2313,2668,,704,475,471,663,355,3369
6058,716,1205,1677,2337,2693,,716,489,472,660,356,3365
6033,703,1179,1650,2313,2669,,703,476,471,663,356,3364
6010,703,1178,1648,2311,2645,,703,475,470,663,334,3365
6082,708,1206,1677,2338,2694,,708,498,471,661,356,3388
5984,705,1180,1611,2264,2595,,705,475,431,653,331,3389
6098,703,1179,1610,2304,2663,,703,476,431,694,359,3435
5847,644,1060,1477,2110,2413,,644,416,417,633,303,3434
6173,665,1152,1623,2329,2747,,665,487,471,706,418,3426
6088,704,1178,1649,2353,2745,,704,474,471,704,392,3343
6020,714,1189,1661,2321,2658,,714,475,472,660,337,3362
6058,705,1179,1651,2312,2668,,705,474,472,661,356,3390
6055,706,1177,1648,2310,2668,,706,471,471,662,358,3387
6039,704,1178,1650,2310,2646,,704,474,472,660,336,3393
6004,704,1179,1652,2311,2648,,704,475,473,659,337,3356
5959,705,1139,1617,2263,2599,,705,434,478,646,336,3360
6187,705,1182,1631,2304,2737,,705,477,449,673,433,3450
6191,742,1201,1641,2326,2704,,742,459,440,685,378,3487
6312,717,1217,1700,2416,2826,,717,500,483,716,410,3486
6313,717,1216,1704,2416,2827,,717,499,488,712,411,3486
6225,718,1216,1703,2415,2773,,718,498,487,712,358,3452
6133,706,1140,1618,2306,2727,,706,434,478,688,421,3406
6030,704,1179,1652,2315,2647,,704,475,473,663,332,3383
6011,703,1179,1653,2314,2648,,703,476,474,661,334,3363
6009,705,1163,1642,2312,2649,,705,458,479,670,337,3360
6070,703,1178,1647,2312,2648,,703,475,469,665,336,3422
6124,706,1184,1607,2306,2698,,706,478,423,699,392,3426
5874,646,1061,1472,2111,2445,,646,415,411,639,334,3429
6187,705,1179,1607,2316,2752,,705,474,428,709,436,3435
6311,719,1215,1703,2415,2851,,719,496,488,712,436,3460
6286,716,1214,1703,2414,2805,,716,498,489,711,391,3481
6200,716,1165,1643,2355,2776,,716,449,478,712,421,3424
6111,705,1178,1649,2355,2730,,705,473,471,706,375,3381
6009,704,1178,1649,2312,2649,,704,474,471,663,337,3360
6006,704,1178,1651,2312,2644,,704,474,473,661,332,3362
5989,717,1193,1632,2274,2618,,717,476,439,642,344,3371
6144,708,1139,1576,2220,2655,,708,431,437,644,435,3489
6088,742,1201,1620,2299,2639,,742,459,419,679,340,3449
6311,716,1215,1704,2416,2826,,716,499,489,712,410,3485
6285,715,1216,1705,2416,2826,,715,501,489,711,410,3459
6311,715,1214,1703,2414,2849,,715,499,489,711,435,3462
6287,716,1216,1704,2415,2826,,716,500,488,711,411,3461
6312,716,1216,1703,2415,2826,,716,500,487,712,411,3486
6309,716,1214,1682,2390,2799,,716,498,468,708,409,3510
5966,717,1158,1587,2223,2587,,717,441,429,636,364,3379
6000,705,1181,1655,2305,2625,,705,476,474,650,320,3375
6113,637,1118,1588,2256,2660,,637,481,470,668,404,3453
6112,741,1203,1641,2299,2661,,741,462,438,658,362,3451
6313,716,1214,1703,2415,2825,,716,498,489,712,410,3488
6296,716,1216,1703,2417,2826,,716,500,487,714,409,3470
6311,716,1214,1701,2417,2826,,716,498,487,716,409,3485
6311,717,1215,1703,2415,2825,,717,498,488,712,410,3486
6313,716,1192,1678,2391,2802,,716,476,486,713,411,3511
6284,716,1216,1683,2393,2801,,716,500,467,710,408,3483
5969,715,1182,1601,2251,2592,,715,467,419,650,341,3377
6010,705,1179,1651,2316,2648,,705,474,472,665,332,3362
6075,705,1180,1608,2242,2641,,705,475,428,634,399,3434
5875,663,1088,1499,2118,2446,,663,425,411,619,328,3429
6199,705,1183,1656,2366,2766,,705,478,473,710,400,3433
6132,705,1178,1649,2355,2746,,705,473,471,706,391,3386
6036,705,1180,1653,2314,2668,,705,475,473,661,354,3368
6108,707,1179,1652,2355,2733,,707,472,473,703,378,3375
6009,705,1181,1653,2314,2650,,705,476,472,661,336,3359
6040,705,1180,1653,2314,2650,,705,475,473,661,336,3390
5974,704,1179,1656,2303,2624,,704,475,477,647,321,3350
5984,704,1179,1608,2264,2598,,704,475,429,656,334,3386
6037,706,1149,1578,2216,2589,,706,443,429,638,373,3448
6137,741,1201,1641,2280,2669,,741,460,440,639,389,3468
6311,716,1215,1703,2383,2802,,716,499,488,680,419,3509
6285,718,1216,1703,2416,2829,,718,498,487,713,413,3456
6287,716,1216,1704,2416,2806,,716,500,488,712,390,3481
6237,716,1174,1660,2361,2778,,716,458,486,701,417,3459
6287,718,1216,1703,2417,2826,,718,498,487,714,409,3461
6312,716,1215,1703,2394,2802,,716,499,488,691,408,3510
6200,716,1216,1653,2356,2750,,716,500,437,703,394,3450
6034,704,1180,1651,2320,2675,,704,476,471,669,355,3359
6262,705,1135,1628,2371,2804,,705,430,493,743,433,3458
6086,715,1191,1640,2276,2638,,715,476,449,636,362,3448
6287,716,1216,1704,2416,2827,,716,500,488,712,411,3460
6298,719,1217,1705,2417,2827,,719,498,488,712,410,3471
6313,715,1216,1702,2416,2825,,715,501,486,714,409,3488
6286,716,1215,1703,2416,2826,,716,499,488,713,410,3460
6311,716,1216,1703,2416,2854,,716,500,487,713,438,3457
6289,718,1217,1706,2417,2828,,718,499,489,711,411,3461
6107,649,1132,1599,2284,2662,,649,483,467,685,378,3445
6039,703,1179,1650,2312,2675,,703,476,471,662,363,3364
6020,704,1179,1607,2239,2577,,704,475,428,632,338,3443
5923,704,1114,1525,2160,2483,,704,410,411,635,323,3440
6135,706,1177,1649,2352,2691,,706,471,472,703,339,3444
6231,716,1216,1704,2416,2827,,716,500,488,712,411,3404
6226,716,1217,1706,2416,2794,,716,501,489,710,378,3432
6083,668,1155,1627,2331,2707,,668,487,472,704,376,3376
5930,706,1180,1609,2240,2571,,706,474,429,631,331,3359
5980,708,1179,1650,2287,2622,,708,471,471,637,335,3358
6036,705,1181,1653,2314,2649,,705,476,472,661,335,3387
5938,705,1180,1611,2238,2576,,705,475,431,627,338,3362
6339,681,1191,1679,2391,2809,,681,510,488,712,418,3530
6111,717,1216,1679,2349,2661,,717,499,463,670,312,3450
6309,717,1213,1701,2413,2849,,717,496,488,712,436,3460
6312,718,1214,1701,2415,2824,,718,496,487,714,409,3488
6312,715,1215,1703,2415,2825,,715,500,488,712,410,3487
6285,715,1215,1703,2415,2826,,715,500,488,712,411,3459
6311,716,1216,1703,2415,2825,,716,500,487,712,410,3486
6311,716,1189,1677,2369,2799,,716,473,488,692,430,3512
6187,716,1213,1683,2365,2750,,716,497,470,682,385,3437
6188,715,1217,1704,2395,2724,,715,502,487,691,329,3464
6282,717,1216,1703,2416,2805,,717,499,487,713,389,3477
6214,715,1215,1728,2402,2767,,715,500,513,674,365,3447
6310,716,1213,1701,2413,2849,,716,497,488,712,436,3461
6184,716,1215,1703,2394,2776,,716,499,488,691,382,3408
6341,716,1216,1703,2416,2804,,716,500,487,713,388,3537
6312,716,1212,1704,2415,2825,,716,496,492,711,410,3487
6314,715,1214,1702,2415,2856,,715,499,488,713,441,3458
6311,716,1215,1703,2415,2825,,716,499,488,712,410,3486
6199,714,1214,1670,2364,2761,,714,500,456,694,397,3438
6038,705,1181,1652,2315,2670,,705,476,471,663,355,3368
6096,707,1139,1632,2322,2700,,707,432,493,690,378,3396
6212,715,1216,1703,2391,2759,,715,501,487,688,368,3453
6312,716,1216,1704,2417,2827,,716,500,488,713,410,3485
6287,716,1215,1702,2416,2825,,716,499,487,714,409,3462
6287,715,1215,1703,2416,2826,,715,500,488,713,410,3461
6313,716,1217,1704,2417,2827,,716,501,487,713,410,3486
6287,717,1215,1705,2415,2851,,717,498,490,710,436,3436
6313,716,1215,1703,2416,2826,,716,499,488,713,410,3487
6235,715,1212,1679,2363,2773,,715,497,467,684,410,3462
6159,661,1140,1629,2320,2726,,661,479,489,691,406,3433
6307,715,1213,1701,2412,2847,,715,498,488,711,435,3460
6286,716,1217,1704,2441,2811,,716,501,487,737,370,3475
6312,718,1216,1704,2417,2827,,718,498,488,713,410,3485
6258,716,1214,1702,2414,2828,,716,498,488,712,414,3430
6288,716,1216,1733,2441,2850,,716,500,517,708,409,3438
6286,716,1215,1707,2415,2826,,716,499,492,708,411,3460
6311,717,1216,1704,2416,2826,,717,499,488,712,410,3485
6313,716,1215,1703,2416,2824,,716,499,488,713,408,3489
6286,716,1215,1683,2391,2815,,716,499,468,708,424,3471
6237,715,1215,1702,2395,2778,,715,500,487,693,383,3459
6285,717,1215,1704,2418,2826,,717,498,489,714,408,3459
6286,715,1215,1703,2417,2801,,715,500,488,714,384,3485
6310,716,1215,1703,2415,2850,,716,499,488,712,435,3460
6270,717,1214,1703,2415,2825,,717,497,489,712,410,3445
6283,716,1212,1701,2412,2823,,716,496,489,711,411,3460
6285,718,1214,1704,2443,2850,,718,496,490,739,407,3435
6312,716,1215,1702,2415,2825,,716,499,487,713,410,3487
6286,716,1215,1703,2415,2826,,716,499,488,712,411,3460
6314,715,1215,1703,2416,2807,,715,500,488,713,391,3507
6311,716,1215,1703,2394,2825,,716,499,488,691,431,3486
6320,716,1212,1699,2412,2823,,716,496,487,713,411,3497
6313,745,1241,1734,2467,2839,,745,496,493,733,372,3474
6334,717,1214,1702,2414,2850,,717,497,488,712,436,3484
6288,716,1214,1701,2414,2825,,716,498,487,713,411,3463
6312,716,1216,1704,2416,2827,,716,500,488,712,411,3485
6288,716,1216,1703,2415,2827,,716,500,487,712,412,3461
6312,718,1215,1702,2415,2826,,718,497,487,713,411,3486
6311,717,1215,1659,2366,2800,,717,498,444,707,434,3511
6224,716,1215,1705,2415,2774,,716,499,490,710,359,3450
6036,706,1181,1653,2315,2648,,706,475,472,662,333,3388
6033,664,1073,1556,2266,2656,,664,409,483,710,390,3377
6312,719,1244,1729,2471,2857,,719,525,485,742,386,3455
6312,716,1216,1704,2418,2827,,716,500,488,714,409,3485
6287,716,1216,1704,2416,2850,,716,500,488,712,434,3437
6288,717,1193,1682,2393,2806,,717,476,489,711,413,3482
6173,702,1138,1617,2329,2724,,702,436,479,712,395,3449
6110,705,1180,1653,2355,2733,,705,475,473,702,378,3377
6008,706,1181,1653,2313,2648,,706,475,472,660,335,3360
6010,705,1181,1652,2314,2649,,705,476,471,662,335,3361
6013,704,1177,1650,2309,2646,,704,473,473,659,337,3367
5829,654,1077,1493,2134,2477,,654,423,416,641,343,3352
6033,705,1181,1652,2313,2649,,705,476,471,661,336,3384
6202,705,1181,1653,2358,2773,,705,476,472,705,415,3429
5906,706,1180,1652,2275,2569,,706,474,472,623,294,3337
6069,707,1184,1656,2356,2704,,707,477,472,700,348,3365
6286,704,1156,1670,2390,2825,,704,452,514,720,435,3461
6285,717,1217,1701,2413,2822,,717,500,484,712,409,3463
6312,716,1216,1703,2416,2826,,716,500,487,713,410,3486
6223,716,1216,1705,2397,2788,,716,500,489,692,391,3435
6095,705,1179,1651,2314,2668,,705,474,472,663,354,3427
6106,648,1117,1625,2307,2710,,648,469,508,682,403,3396
6312,716,1216,1704,2416,2802,,716,500,488,712,386,3510
6346,724,1223,1712,2424,2834,,724,499,489,712,410,3512
6312,716,1191,1678,2391,2826,,716,475,487,713,435,3486
6284,716,1216,1704,2415,2826,,716,500,488,711,411,3458
6313,717,1217,1697,2417,2828,,717,500,480,720,411,3485
6312,717,1216,1705,2416,2826,,717,499,489,711,410,3486
6313,716,1215,1704,2416,2827,,716,499,489,712,411,3486
6156,711,1198,1686,2363,2730,,711,487,488,677,367,3426
6094,706,1180,1654,2355,2704,,706,474,474,701,349,3390
5990,712,1187,1616,2245,2621,,712,475,429,629,376,3369
6073,704,1191,1669,2312,2649,,704,487,478,643,337,3424
6198,705,1178,1651,2353,2768,,705,473,473,702,415,3430
6160,710,1181,1655,2356,2749,,710,471,474,701,393,3411
6042,705,1181,1654,2314,2669,,705,476,473,660,355,3373
6087,707,1182,1653,2356,2709,,707,475,471,703,353,3378
6060,705,1180,1655,2314,2672,,705,475,475,659,358,3388
6032,705,1180,1652,2313,2654,,705,475,472,661,341,3378
6061,706,1186,1667,2339,2674,,706,480,481,672,335,3387
5963,705,1180,1609,2239,2572,,705,475,429,630,333,3391
5921,700,1122,1591,2228,2561,,700,422,469,637,333,3360
6082,704,1180,1650,2311,2674,,704,476,470,661,363,3408
6226,707,1181,1651,2358,2775,,707,474,470,707,417,3451
6132,704,1181,1654,2355,2746,,704,477,473,701,391,3386
6035,704,1178,1649,2313,2667,,704,474,471,664,354,3368
6016,712,1127,1599,2288,2640,,712,415,472,689,352,3376
6035,704,1178,1650,2314,2669,,704,474,472,664,355,3366
6008,707,1181,1654,2314,2648,,707,474,473,660,334,3360
6007,705,1177,1647,2310,2646,,705,472,470,663,336,3361
6038,704,1181,1652,2312,2651,,704,477,471,660,339,3387
6202,675,1113,1596,2302,2712,,675,438,483,706,410,3490
6309,716,1215,1703,2444,2853,,716,499,488,741,409,3456
6318,721,1222,1709,2422,2832,,721,501,487,713,410,3486
6288,717,1218,1705,2418,2829,,717,501,487,713,411,3459
6225,716,1218,1704,2417,2794,,716,502,486,713,377,3431
6213,704,1137,1630,2342,2753,,704,433,493,712,411,3460
6287,717,1217,1705,2417,2827,,717,500,488,712,410,3460
6287,717,1217,1705,2417,2827,,717,500,488,712,410,3460
6250,746,1242,1730,2441,2820,,746,496,488,711,379,3430
6011,705,1181,1652,2316,2647,,705,476,471,664,331,3364
6203,679,1139,1621,2332,2742,,679,460,482,711,410,3461
6312,718,1218,1705,2418,2828,,718,500,487,713,410,3484
6376,727,1259,1743,2452,2886,,727,532,484,709,434,3490
6289,717,1218,1703,2418,2828,,717,501,485,715,410,3461
6312,718,1247,1732,2444,2833,,718,529,485,712,389,3479
6317,722,1217,1706,2417,2828,,722,495,489,711,411,3489
6287,717,1217,1705,2417,2826,,717,500,488,712,409,3461
6313,719,1217,1705,2419,2852,,719,498,488,714,433,3461
6224,717,1218,1706,2419,2791,,717,501,488,713,372,3433
6173,703,1178,1648,2355,2729,,703,475,470,707,374,3444
6186,693,1151,1573,2319,2727,,693,458,422,746,408,3459
6266,745,1241,1729,2441,2828,,745,496,488,712,387,3438
6298,728,1227,1715,2427,2837,,728,499,488,712,410,3461
6260,717,1216,1704,2445,2830,,717,499,488,741,385,3430
6289,718,1217,1706,2417,2807,,718,499,489,711,390,3482
6287,717,1216,1704,2416,2827,,717,499,488,712,411,3460
6311,716,1244,1730,2442,2852,,716,528,486,712,410,3459
6313,718,1217,1704,2417,2829,,718,499,487,713,412,3484
6276,712,1202,1689,2403,2817,,712,490,487,714,414,3459
6313,718,1246,1731,2442,2831,,718,528,485,711,389,3482
6308,711,1213,1701,2413,2826,,711,502,488,712,413,3482
6298,718,1217,1707,2417,2827,,718,499,490,710,410,3471
6349,746,1254,1770,2478,2890,,746,508,516,708,412,3459
6269,717,1216,1704,2415,2827,,717,499,488,711,412,3442
6287,717,1217,1704,2417,2826,,717,500,487,713,409,3461
6315,718,1165,1654,2368,2804,,718,447,489,714,436,3511
6312,746,1242,1758,2467,2878,,746,496,516,709,411,3434
6311,716,1216,1703,2416,2827,,716,500,487,713,411,3484
6146,717,1217,1705,2396,2762,,717,500,488,691,366,3384
5757,642,1068,1464,2092,2412,,642,426,396,628,320,3345
5741,626,1048,1448,2069,2413,,626,422,400,621,344,3328
6027,707,1182,1656,2359,2658,,707,475,474,703,299,3369
6036,707,1181,1652,2358,2681,,707,474,471,706,323,3355
6086,706,1182,1654,2356,2705,,706,476,472,702,349,3381
6044,712,1189,1661,2321,2676,,712,477,472,660,355,3368
6235,689,1176,1658,2365,2775,,689,487,482,707,410,3460
6313,716,1217,1706,2417,2852,,716,501,489,711,435,3461
6317,721,1217,1706,2418,2827,,721,496,489,712,409,3490
6313,717,1217,1705,2417,2805,,717,500,488,712,388,3508
6285,716,1216,1703,2416,2827,,716,500,487,713,411,3458
6139,668,1131,1592,2294,2703,,668,463,461,702,409,3436
6274,718,1218,1706,2418,2829,,718,500,488,712,411,3445
6337,748,1242,1732,2443,2878,,748,494,490,711,435,3459
6286,717,1217,1706,2397,2803,,717,500,489,691,406,3483
6289,718,1218,1706,2418,2828,,718,500,488,712,410,3461
6313,718,1216,1677,2392,2803,,718,498,461,715,411,3510
6338,717,1247,1732,2443,2882,,717,530,485,711,439,3456
6343,718,1245,1730,2443,2854,,718,527,485,713,411,3489
6262,715,1215,1703,2416,2803,,715,500,488,713,387,3459
6343,717,1217,1706,2418,2855,,717,500,489,712,437,3488
6060,633,1054,1482,2191,2601,,633,421,428,709,410,3459
6292,716,1217,1704,2415,2850,,716,501,487,711,435,3442
6282,716,1212,1701,2413,2848,,716,496,489,712,435,3434
6260,716,1216,1705,2395,2803,,716,500,489,690,408,3457
6312,719,1218,1706,2417,2829,,719,499,488,711,412,3483
6338,717,1217,1704,2446,2877,,717,500,487,742,431,3461
6315,716,1215,1704,2415,2826,,716,499,489,711,411,3489
6315,718,1218,1707,2418,2853,,718,500,489,711,435,3462
6167,725,1224,1711,2425,2814,,725,499,487,714,389,3353
6312,718,1216,1706,2416,2853,,718,498,490,710,437,3459
6167,709,1154,1608,2270,2683,,709,445,454,662,413,3484
6268,716,1215,1703,2415,2826,,716,499,488,712,411,3442
6310,716,1217,1704,2415,2826,,716,501,487,711,411,3484
6184,717,1217,1705,2395,2775,,717,500,488,690,380,3409
6312,718,1217,1705,2418,2827,,718,499,488,713,409,3485
6287,717,1216,1704,2416,2827,,717,499,488,712,411,3460
6314,717,1217,1706,2416,2829,,717,500,489,710,413,3485
6287,716,1216,1734,2440,2851,,716,500,518,706,411,3436
6345,725,1224,1713,2424,2835,,725,499,489,711,411,3510
6341,715,1218,1704,2417,2852,,715,503,486,713,435,3489
6267,717,1158,1643,2368,2777,,717,441,485,725,409,3490
6302,717,1217,1705,2417,2828,,717,500,488,712,411,3474
6311,721,1215,1703,2446,2855,,721,494,488,743,409,3456
6289,718,1193,1681,2393,2804,,718,475,488,712,411,3485
6343,716,1217,1705,2417,2828,,716,501,488,712,411,3515
6314,718,1221,1707,2446,2853,,718,503,486,739,407,3461
6287,718,1218,1705,2417,2808,,718,500,487,712,391,3479
6314,717,1219,1705,2419,2829,,717,502,486,714,410,3485
6373,726,1226,1715,2429,2862,,726,500,489,714,433,3511
6337,717,1242,1727,2439,2850,,717,525,485,712,411,3487
6340,744,1206,1694,2419,2855,,744,462,488,725,436,3485
6298,714,1206,1724,2460,2892,,714,492,518,736,432,3406
6363,715,1246,1758,2466,2907,,715,531,512,708,441,3456
6391,744,1269,1753,2494,2902,,744,525,484,741,408,3489
6327,745,1233,1721,2431,2842,,745,488,488,710,411,3485
6324,715,1202,1691,2402,2814,,715,487,489,711,412,3510
6287,746,1243,1759,2467,2858,,746,497,516,708,391,3429
6338,718,1247,1731,2443,2882,,718,529,484,712,439,3456
6342,715,1242,1728,2439,2849,,715,527,486,711,410,3493
6316,716,1217,1705,2417,2857,,716,501,488,712,440,3459
6344,745,1243,1679,2421,2830,,745,498,436,742,409,3514
6339,717,1216,1705,2418,2827,,717,499,489,713,409,3512
6341,740,1242,1728,2440,2852,,740,502,486,712,412,3489
6289,717,1217,1705,2418,2827,,717,500,488,713,409,3462
6313,745,1269,1754,2467,2876,,745,524,485,713,409,3437
6313,716,1191,1684,2422,2857,,716,475,493,738,435,3456
6290,717,1217,1734,2442,2852,,717,500,517,708,410,3438
6172,717,1217,1684,2367,2755,,717,500,467,683,388,3417
6010,707,1186,1658,2317,2650,,707,479,472,659,333,3360
6073,706,1180,1609,2242,2641,,706,474,429,633,399,3432
5922,663,1110,1521,2156,2503,,663,447,411,635,347,3419
6308,715,1213,1700,2412,2823,,715,498,487,712,411,3485
6336,746,1241,1729,2441,2879,,746,495,488,712,438,3457
6337,716,1217,1705,2417,2882,,716,501,488,712,465,3455
6370,717,1246,1730,2472,2904,,717,529,484,742,432,3466
6363,717,1218,1704,2445,2908,,717,501,486,741,463,3455
6395,716,1217,1705,2445,2907,,716,501,488,740,462,3488
6197,718,1217,1705,2397,2778,,718,499,488,692,381,3419
6035,706,1182,1654,2316,2674,,706,476,472,662,358,3361
6076,705,1179,1606,2241,2638,,705,474,427,635,397,3438
5969,663,1066,1482,2175,2567,,663,403,416,693,392,3402
6338,721,1216,1704,2446,2852,,721,495,488,742,406,3486
6491,745,1241,1760,2521,3018,,745,496,519,761,497,3473
6311,717,1216,1703,2416,2826,,717,499,487,713,410,3485
6313,716,1217,1705,2419,2853,,716,501,488,714,434,3460
6313,716,1215,1704,2417,2826,,716,499,489,713,409,3487
6289,717,1192,1681,2393,2803,,717,475,489,712,410,3486
6173,718,1217,1684,2369,2752,,718,499,467,685,383,3421
6010,707,1180,1652,2314,2648,,707,473,472,662,334,3362
6026,654,1131,1560,2192,2593,,654,477,429,632,401,3433
5924,702,1112,1549,2194,2516,,702,410,437,645,322,3408
6086,706,1184,1656,2358,2706,,706,478,472,702,348,3380
6150,706,1137,1617,2307,2727,,706,431,480,690,420,3423
5934,707,1182,1653,2278,2596,,707,475,471,625,318,3338
6071,660,1134,1606,2308,2684,,660,474,472,702,376,3387
6034,706,1181,1653,2315,2651,,706,475,472,662,336,3383
6008,709,1182,1654,2317,2649,,709,473,472,663,332,3359
6033,708,1183,1659,2315,2649,,708,475,476,656,334,3384
6361,725,1218,1735,2442,2907,,725,493,517,707,465,3454
6314,748,1244,1731,2444,2854,,748,496,487,713,410,3460
6165,701,1157,1607,2268,2678,,701,456,450,661,410,3487
6240,635,1119,1607,2318,2760,,635,484,488,711,442,3480
6290,718,1202,1686,2393,2803,,718,484,484,707,410,3487
6314,722,1246,1730,2443,2878,,722,524,484,713,435,3436
6313,724,1217,1705,2418,2854,,724,493,488,713,436,3459
6238,706,1177,1664,2368,2779,,706,471,487,704,411,3459
6369,717,1218,1706,2418,2881,,717,501,488,712,463,3488
6313,718,1217,1705,2418,2853,,718,499,488,713,435,3460
6287,718,1218,1706,2420,2829,,718,500,488,714,409,3458
6183,717,1215,1705,2395,2778,,717,498,490,690,383,3405
6076,706,1178,1612,2280,2638,,706,472,434,668,358,3438
6173,707,1181,1654,2356,2748,,707,474,473,702,392,3425
6148,706,1135,1608,2304,2724,,706,429,473,696,420,3424
6202,708,1182,1655,2357,2773,,708,474,473,702,416,3429
6111,666,1131,1602,2306,2726,,666,465,471,704,420,3385
6061,674,1157,1631,2332,2686,,674,483,474,701,354,3375
6035,706,1180,1651,2316,2671,,706,474,471,665,355,3364
6034,707,1182,1652,2315,2652,,707,475,470,663,337,3382
6083,707,1148,1646,2356,2708,,707,441,498,710,352,3375
6011,706,1181,1653,2314,2650,,706,475,472,661,336,3361
6045,708,1181,1629,2307,2663,,708,473,448,678,356,3382
6151,706,1150,1622,2309,2725,,706,444,472,687,416,3426
6317,666,1111,1633,2370,2806,,666,445,522,737,436,3511
6338,717,1217,1706,2417,2882,,717,500,489,711,465,3456
6310,717,1212,1704,2446,2855,,717,495,492,742,409,3455
6213,715,1177,1644,2368,2778,,715,462,467,724,410,3435
6362,717,1217,1734,2471,2906,,717,500,517,737,435,3456
6317,718,1218,1734,2442,2884,,718,500,516,708,442,3433
6298,746,1188,1679,2393,2831,,746,442,491,714,438,3467
6146,707,1181,1655,2357,2706,,707,474,474,702,349,3440
6006,707,1183,1614,2260,2587,,707,476,431,646,327,3419
6267,717,1139,1659,2368,2777,,717,422,520,709,409,3490
6335,717,1245,1730,2472,2908,,717,528,485,742,436,3427
6340,746,1242,1730,2472,2908,,746,496,488,742,436,3432
6186,747,1198,1656,2343,2752,,747,451,458,687,409,3434
6315,722,1219,1734,2443,2854,,722,497,515,709,411,3461
6363,746,1243,1759,2469,2906,,746,497,516,710,437,3457
6286,746,1272,1756,2447,2853,,746,526,484,691,406,3433
6287,718,1177,1670,2381,2815,,718,459,493,711,434,3472
6337,745,1272,1755,2468,2878,,745,527,483,713,410,3459
6143,717,1219,1685,2333,2665,,717,502,466,648,332,3478
6319,719,1205,1695,2419,2829,,719,486,490,724,410,3490
6394,750,1243,1732,2472,2905,,750,493,489,740,433,3489
6364,717,1248,1732,2472,2904,,717,531,484,740,432,3460
6393,748,1277,1759,2496,2903,,748,529,482,737,407,3490
6178,706,1162,1634,2332,2751,,706,456,472,698,419,3427
6086,707,1182,1655,2356,2708,,707,475,473,701,352,3378
6008,707,1182,1653,2315,2650,,707,475,471,662,335,3358
6342,706,1158,1659,2392,2803,,706,452,501,733,411,3539
6368,718,1218,1734,2443,2878,,718,500,516,709,435,3490
6138,717,1196,1680,2339,2695,,717,479,484,659,356,3443
6198,717,1245,1653,2357,2778,,717,528,408,704,421,3420
6193,708,1140,1578,2292,2703,,708,432,438,714,411,3490
6391,769,1252,1735,2471,2902,,769,483,483,736,431,3489
6368,747,1271,1783,2492,2903,,747,524,512,709,411,3465
6172,745,1206,1630,2331,2725,,745,461,424,701,394,3447
6112,707,1182,1656,2358,2734,,707,475,474,702,376,3378
6008,706,1182,1654,2314,2649,,706,476,472,660,335,3359
6192,705,1139,1578,2292,2703,,705,434,439,714,411,3489
6337,718,1218,1735,2442,2881,,718,500,517,707,439,3456
6101,745,1220,1630,2316,2668,,745,475,410,686,352,3433
6175,705,1183,1655,2356,2747,,705,478,472,701,391,3428
6188,706,1139,1576,2292,2732,,706,433,437,716,440,3456
6368,748,1272,1756,2469,2879,,748,524,484,713,410,3489
6367,716,1217,1710,2445,2877,,716,501,493,735,432,3490
6213,718,1184,1621,2342,2754,,718,466,437,721,412,3459
6392,717,1216,1733,2470,2903,,717,499,517,737,433,3489
6366,720,1216,1733,2472,2932,,720,496,517,739,460,3434
6288,747,1244,1737,2422,2805,,747,497,493,685,383,3483
6368,717,1218,1734,2442,2882,,717,501,516,708,440,3486
6238,716,1216,1705,2446,2775,,716,500,489,741,329,3463
6341,744,1220,1680,2420,2827,,744,476,460,740,407,3514
6288,717,1216,1705,2418,2827,,717,499,489,713,409,3461
6311,716,1217,1736,2443,2853,,716,501,519,707,410,3458
6288,716,1217,1704,2417,2828,,716,501,487,713,411,3460
6316,716,1218,1689,2421,2828,,716,502,471,732,407,3488
6290,715,1216,1704,2445,2852,,715,501,488,741,407,3438
6288,720,1218,1735,2422,2804,,720,498,517,687,382,3484
6294,717,1217,1705,2417,2827,,717,500,488,712,410,3467
6484,768,1292,1804,2592,3039,,768,524,512,788,447,3445
6176,717,1217,1704,2396,2742,,717,500,487,692,346,3434
6148,705,1180,1651,2318,2715,,705,475,471,667,397,3433
6117,705,1173,1603,2298,2694,,705,468,430,695,396,3423
5933,706,1182,1653,2276,2594,,706,476,471,623,318,3339
6113,708,1165,1600,2306,2701,,708,457,435,706,395,3412
6140,667,1114,1593,2257,2694,,667,447,479,664,437,3446
6337,717,1218,1734,2471,2878,,717,501,516,737,407,3459
6312,717,1217,1704,2417,2853,,717,500,487,713,436,3459
6290,717,1217,1704,2417,2854,,717,500,487,713,437,3436
6343,718,1168,1656,2398,2830,,718,450,488,742,432,3513
6226,717,1217,1733,2421,2788,,717,500,516,688,367,3438
6060,706,1181,1653,2356,2717,,706,475,472,703,361,3343
6161,698,1124,1604,2318,2734,,698,426,480,714,416,3427
5931,705,1180,1652,2275,2568,,705,475,472,623,293,3363
6123,708,1198,1658,2349,2727,,708,490,460,691,378,3396
6313,717,1217,1686,2392,2856,,717,500,469,706,464,3457
6288,717,1217,1707,2417,2826,,717,500,490,710,409,3462
6313,717,1215,1703,2416,2827,,717,498,488,713,411,3486
6259,716,1215,1702,2399,2806,,716,499,487,697,407,3453
6311,750,1242,1731,2442,2853,,750,492,489,711,411,3458
6238,719,1219,1664,2394,2782,,719,500,445,730,388,3456
6287,717,1217,1707,2417,2824,,717,500,490,710,407,3463
6364,716,1214,1731,2439,2849,,716,498,517,708,410,3515
6313,717,1216,1705,2417,2857,,717,499,489,712,440,3456
6313,746,1241,1731,2419,2829,,746,495,490,688,410,3484
6313,717,1217,1667,2393,2803,,717,500,450,726,410,3510
6340,716,1190,1682,2392,2829,,716,474,492,710,437,3511
6272,716,1217,1707,2416,2828,,716,501,490,709,412,3444
6186,717,1216,1705,2393,2777,,717,499,489,688,384,3409
6312,718,1217,1704,2417,2828,,718,499,487,713,411,3484
6312,718,1216,1704,2417,2807,,718,498,488,713,390,3505
6236,740,1240,1708,2391,2778,,740,500,468,683,387,3458
6311,716,1214,1731,2441,2876,,716,498,517,710,435,3435
6313,717,1217,1704,2417,2827,,717,500,487,713,410,3486
6312,720,1218,1706,2419,2805,,720,498,488,713,386,3507
6312,745,1242,1694,2445,2854,,745,497,452,751,409,3458
6312,717,1245,1729,2441,2852,,717,528,484,712,411,3460
6315,715,1216,1732,2441,2876,,715,501,516,709,435,3439
6187,718,1217,1705,2398,2778,,718,499,488,693,380,3409
6315,718,1218,1705,2418,2829,,718,500,487,713,411,3486
6312,716,1216,1733,2440,2851,,716,500,517,707,411,3461
6217,718,1218,1706,2340,2753,,718,500,488,634,413,3464
6235,704,1186,1673,2343,2750,,704,482,487,670,407,3485
6286,716,1216,1703,2417,2826,,716,500,487,714,409,3460
6299,716,1217,1705,2417,2797,,716,501,488,712,380,3502
6338,717,1246,1732,2460,2892,,717,529,486,728,432,3446
6291,717,1217,1706,2417,2858,,717,500,489,711,441,3433
6187,719,1218,1707,2398,2778,,719,499,489,691,380,3409
6312,717,1217,1736,2443,2824,,717,500,519,707,381,3488
6291,718,1193,1680,2393,2802,,718,475,487,713,409,3489
6324,716,1244,1728,2438,2820,,716,528,484,710,382,3504
6224,710,1182,1654,2358,2775,,710,472,472,704,417,3449
6131,668,1161,1615,2308,2700,,668,493,454,693,392,3431
6198,704,1178,1649,2355,2771,,704,474,471,706,416,3427
6164,709,1183,1654,2336,2727,,709,474,471,682,391,3437
6312,716,1216,1703,2417,2826,,716,500,487,714,409,3486
6337,747,1271,1755,2468,2878,,747,524,484,713,410,3459
6366,716,1216,1704,2418,2880,,716,500,488,714,462,3486
6235,701,1163,1655,2365,2775,,701,462,492,710,410,3460
6335,717,1224,1709,2447,2879,,717,507,485,738,432,3456
6249,716,1246,1729,2441,2815,,716,530,483,712,374,3434
6159,703,1177,1592,2318,2704,,703,474,415,726,386,3455
6282,688,1141,1623,2331,2802,,688,453,482,708,471,3480
6186,716,1217,1705,2398,2779,,716,501,488,693,381,3407
6287,717,1217,1706,2417,2832,,717,500,489,711,415,3455
6289,717,1246,1731,2442,2853,,717,529,485,711,411,3436
6309,716,1212,1700,2411,2823,,716,496,488,711,412,3486
6338,717,1246,1731,2471,2907,,717,529,485,740,436,3431
6172,718,1218,1684,2368,2753,,718,500,466,684,385,3419
6039,707,1183,1654,2315,2671,,707,476,471,661,356,3368
5993,706,1181,1609,2266,2603,,706,475,428,657,337,3390
6109,716,1189,1660,2323,2661,,716,473,471,663,338,3448
6063,649,1063,1503,2203,2622,,649,414,440,700,419,3441
6363,744,1270,1755,2466,2904,,744,526,485,711,438,3459
6342,746,1242,1730,2441,2853,,746,496,488,711,412,3489
6393,717,1219,1705,2446,2908,,717,502,486,741,462,3485
6288,747,1242,1730,2442,2852,,747,495,488,712,410,3436
6319,718,1218,1735,2444,2853,,718,500,517,709,409,3466
6171,717,1216,1683,2367,2752,,717,499,467,684,385,3419
6140,708,1183,1679,2383,2758,,708,475,496,704,375,3382
6012,707,1184,1637,2294,2626,,707,477,453,657,332,3386
6186,698,1169,1643,2342,2760,,698,471,474,699,418,3426
5939,640,1034,1450,2128,2495,,640,394,416,678,367,3444
6310,718,1214,1702,2414,2826,,718,496,488,712,412,3484
6339,717,1246,1756,2468,2877,,717,529,510,712,409,3462
6313,717,1217,1704,2397,2803,,717,500,487,693,406,3510
6336,744,1239,1756,2464,2875,,744,495,517,708,411,3461
6315,717,1247,1731,2443,2876,,717,530,484,712,433,3439
6263,717,1216,1705,2397,2804,,717,499,489,692,407,3459
6314,717,1217,1706,2417,2852,,717,500,489,711,435,3462
6372,727,1226,1743,2453,2914,,727,499,517,710,461,3458
6316,718,1217,1706,2419,2828,,718,499,489,713,409,3488
6189,702,1174,1642,2342,2755,,702,472,468,700,413,3434
6207,724,1225,1712,2403,2786,,724,501,487,691,383,3421
6039,708,1182,1678,2383,2681,,708,474,496,705,298,3358
6019,705,1180,1634,2300,2647,,705,475,454,666,347,3372
5988,712,1186,1616,2246,2578,,712,474,430,630,332,3410
6009,708,1183,1655,2315,2651,,708,475,472,660,336,3358
6100,707,1181,1652,2294,2669,,707,474,471,642,375,3431
6313,718,1218,1735,2442,2854,,718,500,517,707,412,3459
6310,716,1215,1704,2415,2808,,716,499,489,711,393,3502
6314,746,1243,1731,2444,2834,,746,497,488,713,390,3480
6188,721,1178,1594,2292,2731,,721,457,416,698,439,3457
6316,746,1242,1759,2468,2878,,746,496,517,709,410,3438
6315,718,1219,1707,2419,2830,,718,501,488,712,411,3485
6138,717,1191,1680,2324,2678,,717,474,489,644,354,3460
6314,718,1248,1761,2468,2879,,718,530,513,707,411,3435
6313,717,1218,1705,2417,2828,,717,501,487,712,411,3485
6212,719,1218,1706,2399,2779,,719,499,488,693,380,3433
6290,719,1219,1707,2418,2830,,719,500,488,711,412,3460
6311,716,1217,1704,2416,2826,,716,501,487,712,410,3485
6381,746,1231,1748,2456,2846,,746,485,517,708,390,3535
6317,716,1183,1621,2367,2803,,716,467,438,746,436,3514
6288,747,1243,1731,2423,2828,,747,496,488,692,405,3460
6314,719,1220,1736,2444,2856,,719,501,516,708,412,3458
6301,747,1270,1754,2450,2847,,747,523,484,696,397,3454
6176,708,1182,1653,2357,2732,,708,474,471,704,375,3444
6010,707,1182,1653,2316,2652,,707,475,471,663,336,3358
6040,708,1182,1654,2316,2652,,708,474,472,662,336,3388
6013,707,1184,1656,2318,2653,,707,477,472,662,335,3360
5961,709,1140,1577,2242,2577,,709,431,437,665,335,3384
6176,654,1132,1604,2307,2727,,654,478,472,703,420,3449
6002,651,1070,1478,2138,2540,,651,419,408,660,402,3462
6203,710,1184,1657,2359,2751,,710,474,473,702,392,3452
6041,706,1182,1652,2332,2680,,706,476,470,680,348,3361
6000,707,1141,1620,2228,2611,,707,434,479,608,383,3389
6036,708,1182,1655,2316,2671,,708,474,473,661,355,3365
6035,708,1182,1653,2316,2650,,708,474,471,663,334,3385
6016,709,1183,1654,2315,2651,,709,474,471,661,336,3365
6020,704,1191,1662,2324,2658,,704,487,471,662,334,3362
6114,641,1091,1545,2252,2682,,641,450,454,707,430,3432
6342,719,1220,1708,2447,2856,,719,501,488,739,409,3486
6240,743,1211,1652,2342,2778,,743,468,441,690,436,3462
6290,721,1218,1706,2419,2828,,721,497,488,713,409,3462
6315,747,1243,1759,2467,2877,,747,496,516,708,410,3438
6317,718,1219,1684,2398,2837,,718,501,465,714,439,3480
6364,746,1275,1761,2497,2903,,746,529,486,736,406,3461
6344,725,1251,1736,2448,2859,,725,526,485,712,411,3485
6287,717,1217,1706,2418,2808,,717,500,489,712,390,3479
6345,720,1219,1707,2421,2860,,720,499,488,714,439,3485
6306,721,1218,1735,2443,2855,,721,497,517,708,412,3451
6367,720,1219,1707,2448,2882,,720,499,488,741,434,3485
6192,743,1182,1623,2279,2709,,743,439,441,656,430,3483
6287,748,1243,1732,2422,2805,,748,495,489,690,383,3482
6367,717,1246,1732,2443,2877,,717,529,486,711,434,3490
6288,717,1216,1690,2421,2833,,717,499,474,731,412,3455
6289,717,1216,1704,2445,2852,,717,499,488,741,407,3437
6288,722,1218,1735,2442,2852,,722,496,517,707,410,3436
6311,717,1214,1703,2414,2826,,717,497,489,711,412,3485
6383,723,1252,1737,2479,2911,,723,529,485,742,432,3472
6337,746,1242,1732,2442,2799,,746,496,490,710,357,3538
6287,719,1218,1707,2418,2829,,719,499,489,711,411,3458
6115,745,1183,1623,2257,2664,,745,438,440,634,407,3451
6289,719,1193,1681,2394,2805,,719,474,488,713,411,3484
6294,719,1219,1707,2419,2831,,719,500,488,712,412,3463
6190,720,1199,1658,2345,2733,,720,479,459,687,388,3457
6314,718,1217,1706,2418,2830,,718,499,489,712,412,3484
6315,720,1220,1707,2419,2829,,720,500,487,712,410,3486
6080,651,1121,1608,2305,2639,,651,470,487,697,334,3441
6061,706,1193,1620,2292,2651,,706,487,427,672,359,3410
5967,656,1083,1540,2219,2607,,656,427,457,679,388,3360
6200,751,1245,1678,2385,2781,,751,494,433,707,396,3419
6003,683,1142,1587,2227,2570,,683,459,445,640,343,3433
6291,719,1221,1707,2419,2829,,719,502,486,712,410,3462
6188,718,1219,1705,2419,2751,,718,501,486,714,332,3437
6039,718,1218,1627,2259,2602,,718,500,409,632,343,3437
6289,718,1218,1705,2418,2828,,718,500,487,713,410,3461
6290,718,1219,1706,2447,2854,,718,501,487,741,407,3436
6338,718,1218,1706,2448,2880,,718,500,488,742,432,3458
6289,719,1219,1706,2398,2804,,719,500,487,692,406,3485
6171,717,1221,1687,2366,2753,,717,504,466,679,387,3418
6034,707,1184,1654,2317,2650,,707,477,470,663,333,3384
6028,705,1181,1652,2307,2670,,705,476,471,655,363,3358
6012,668,1092,1571,2260,2613,,668,424,479,689,353,3399
6139,707,1184,1655,2357,2735,,707,477,471,702,378,3404
6102,708,1142,1598,2278,2658,,708,434,456,680,380,3444
6087,708,1186,1658,2358,2708,,708,478,472,700,350,3379
6086,707,1183,1655,2356,2708,,707,476,472,701,352,3378
5941,707,1182,1614,2243,2573,,707,475,432,629,330,3368
6051,704,1193,1664,2328,2684,,704,489,471,664,356,3367
6009,667,1090,1569,2218,2616,,667,423,479,649,398,3393
6089,684,1159,1632,2335,2710,,684,475,473,703,375,3379
6091,710,1183,1656,2358,2709,,710,473,473,702,351,3382
6216,669,1133,1600,2320,2754,,669,464,467,720,434,3462
6425,749,1274,1788,2569,3017,,749,525,514,781,448,3408
6179,719,1246,1694,2371,2738,,719,527,448,677,367,3441
6160,710,1184,1658,2363,2766,,710,474,474,705,403,3394
6090,707,1182,1653,2358,2709,,707,475,471,705,351,3381
6045,709,1185,1656,2317,2673,,709,476,471,661,356,3372
6361,717,1239,1753,2461,2849,,717,522,514,708,388,3512
6223,719,1219,1694,2394,2795,,719,500,475,700,401,3428
6208,719,1214,1686,2387,2779,,719,495,472,701,392,3429
6112,708,1183,1657,2327,2703,,708,475,474,670,376,3409
6140,707,1183,1597,2279,2693,,707,476,414,682,414,3447
6316,719,1220,1707,2419,2829,,719,501,487,712,410,3487
6210,716,1208,1696,2376,2732,,716,492,488,680,356,3478
6290,719,1219,1707,2419,2829,,719,500,488,712,410,3461
6344,720,1219,1735,2444,2856,,720,499,516,709,412,3488
6344,720,1220,1706,2419,2857,,720,500,486,713,438,3487
6411,743,1268,1782,2518,2965,,743,525,514,736,447,3446
6108,719,1219,1684,2359,2726,,719,500,465,675,367,3382
6177,708,1181,1652,2332,2750,,708,473,471,680,418,3427
5937,708,1183,1655,2277,2593,,708,475,472,622,316,3344
6203,709,1185,1656,2358,2775,,709,476,471,702,417,3428
6201,706,1184,1655,2359,2753,,706,478,471,704,394,3448
6202,709,1182,1653,2358,2750,,709,473,471,705,392,3452
6201,706,1182,1653,2357,2751,,706,476,471,704,394,3450
6065,710,1184,1656,2359,2706,,710,474,472,703,347,3359
6201,708,1187,1658,2360,2776,,708,479,471,702,416,3425
6112,706,1180,1652,2291,2687,,706,474,472,639,396,3425
6202,708,1160,1607,2320,2731,,708,452,447,713,411,3471
6317,723,1220,1706,2421,2830,,723,497,486,715,409,3487
6278,718,1219,1691,2420,2819,,718,501,472,729,399,3459
5906,706,1181,1652,2273,2565,,706,475,471,621,292,3341
6112,706,1181,1653,2354,2705,,706,475,472,701,351,3407
6097,706,1183,1653,2362,2716,,706,477,470,709,354,3381
6158,709,1207,1678,2382,2757,,709,498,471,704,375,3401
6135,708,1183,1656,2358,2733,,708,475,473,702,375,3402
6141,708,1183,1657,2357,2748,,708,475,474,700,391,3393
6061,709,1183,1656,2318,2674,,709,474,473,662,356,3387
6061,708,1140,1578,2283,2654,,708,432,438,705,371,3407
6085,708,1184,1656,2317,2676,,708,476,472,661,359,3409
6114,709,1183,1655,2358,2711,,709,474,472,703,353,3403
6132,707,1183,1679,2382,2735,,707,476,496,703,353,3397
6088,709,1181,1653,2358,2706,,709,472,472,705,348,3382
6126,708,1182,1653,2357,2741,,708,474,471,704,384,3385
6111,708,1182,1653,2357,2733,,708,474,471,704,376,3378
6063,710,1182,1654,2316,2674,,710,472,472,662,358,3389
6091,707,1183,1655,2331,2707,,707,476,472,676,376,3384
6111,696,1184,1656,2316,2719,,696,488,472,660,403,3392
6050,707,1183,1613,2248,2606,,707,476,430,635,358,3444
6060,707,1165,1648,2316,2676,,707,458,483,668,360,3384
6162,708,1182,1655,2358,2774,,708,474,473,703,416,3388
6110,707,1182,1654,2328,2721,,707,475,472,674,393,3389
6166,708,1183,1655,2357,2772,,708,475,472,702,415,3394
6179,706,1183,1654,2355,2772,,706,477,471,701,417,3407
6136,708,1184,1655,2359,2750,,708,476,471,704,391,3386
6136,708,1182,1653,2358,2733,,708,474,471,705,375,3403
6111,707,1184,1656,2359,2710,,707,477,472,703,351,3401
6151,708,1182,1654,2317,2717,,708,474,472,663,400,3434
6139,708,1186,1635,2287,2694,,708,478,449,652,407,3445
6032,703,1134,1605,2267,2626,,703,431,471,662,359,3406
6277,748,1246,1733,2445,2822,,748,498,487,712,377,3455
5935,711,1182,1655,2278,2596,,711,471,473,623,318,3339
6136,709,1182,1654,2357,2708,,709,473,472,703,351,3428
6152,649,1143,1630,2343,2722,,649,494,487,713,379,3430
6137,709,1184,1656,2359,2750,,709,475,472,703,391,3387
6088,709,1183,1654,2358,2710,,709,474,471,704,352,3378
6092,709,1184,1657,2360,2709,,709,475,473,703,349,3383
6325,753,1245,1732,2444,2855,,753,492,487,712,411,3470
6227,719,1248,1733,2414,2794,,719,529,485,681,380,3433
5910,708,1183,1656,2276,2568,,708,475,473,620,292,3342
6120,709,1184,1656,2360,2736,,709,475,472,704,376,3384
6110,707,1182,1656,2356,2732,,707,475,474,700,376,3378
6111,708,1185,1656,2358,2732,,708,477,471,702,374,3379
6115,707,1184,1656,2359,2735,,707,477,472,703,376,3380
6114,709,1185,1654,2358,2733,,709,476,469,704,375,3381
6112,707,1184,1657,2360,2732,,707,477,473,703,372,3380
6063,707,1181,1642,2331,2686,,707,474,461,689,355,3377
6028,703,1162,1599,2280,2651,,703,459,437,681,371,3377
6165,706,1183,1655,2359,2701,,706,477,472,704,342,3464
6203,719,1167,1646,2332,2751,,719,448,479,686,419,3452
6178,707,1182,1653,2358,2749,,707,475,471,705,391,3429
5911,708,1183,1655,2277,2568,,708,475,472,622,291,3343
6089,711,1183,1657,2358,2708,,711,472,474,701,350,3381
6063,708,1186,1655,2317,2682,,708,478,469,662,365,3381
6038,708,1185,1658,2317,2674,,708,477,473,659,357,3364
6011,708,1183,1656,2317,2651,,708,475,473,661,334,3360
6009,707,1182,1654,2316,2651,,707,475,472,662,335,3358
6090,668,1117,1555,2234,2630,,668,449,438,679,396,3460
6268,719,1218,1707,2418,2775,,719,499,489,711,357,3493
6111,698,1170,1633,2319,2691,,698,472,463,686,372,3420
6344,720,1220,1710,2450,2859,,720,500,490,740,409,3485
6202,718,1218,1735,2410,2776,,718,500,517,675,366,3426
6177,707,1182,1652,2358,2750,,707,475,470,706,392,3427
6344,712,1181,1652,2357,2787,,712,469,471,705,430,3557
6365,719,1247,1731,2475,2914,,719,528,484,744,439,3451
6393,747,1272,1781,2493,2904,,747,525,509,712,411,3489
6393,747,1272,1785,2495,2903,,747,525,513,710,408,3490
6300,747,1191,1670,2383,2801,,747,444,479,713,418,3499
6171,708,1182,1654,2317,2674,,708,474,472,663,357,3497
6314,719,1197,1697,2418,2829,,719,478,500,721,411,3485
6314,718,1247,1732,2443,2854,,718,529,485,711,411,3460
6278,719,1249,1734,2424,2815,,719,530,485,690,391,3463
5910,707,1183,1657,2278,2570,,707,476,474,621,292,3340
6220,707,1184,1657,2357,2734,,707,477,473,700,377,3486
6339,721,1248,1732,2472,2880,,721,527,484,740,408,3459
6315,718,1218,1708,2419,2854,,718,500,490,711,435,3461
6290,720,1248,1732,2444,2855,,720,528,484,712,411,3435
6315,720,1198,1710,2419,2858,,720,478,512,709,439,3457
6289,717,1218,1735,2443,2830,,717,501,517,708,387,3459
6190,712,1173,1631,2345,2754,,712,461,458,714,409,3436
6288,719,1219,1708,2420,2832,,719,500,489,712,412,3456
6278,719,1247,1731,2428,2802,,719,528,484,697,374,3476
5910,708,1184,1655,2279,2573,,708,476,471,624,294,3337
6218,707,1140,1631,2345,2755,,707,433,491,714,410,3463
6366,720,1222,1735,2445,2909,,720,502,513,710,464,3457
6339,718,1218,1735,2473,2880,,718,500,517,738,407,3459
6291,720,1221,1708,2420,2831,,720,501,487,712,411,3460
6239,720,1196,1653,2369,2780,,720,476,457,716,411,3459
6314,718,1218,1734,2443,2853,,718,500,516,709,410,3461
6188,717,1197,1606,2317,2727,,717,480,409,711,410,3461
6268,724,1223,1712,2423,2813,,724,499,489,711,390,3455
6288,719,1220,1706,2398,2803,,719,501,486,692,405,3485
6313,719,1220,1710,2420,2829,,719,501,490,710,409,3484
6216,720,1220,1709,2422,2753,,720,500,489,713,331,3463
6317,720,1195,1685,2395,2806,,720,475,490,710,411,3511
6291,723,1220,1709,2419,2830,,723,497,489,710,411,3461
6290,721,1220,1739,2425,2830,,721,499,519,686,405,3460
6139,720,1221,1630,2318,2730,,720,501,409,688,412,3409
6042,708,1186,1682,2384,2682,,708,478,496,702,298,3360
6197,715,1150,1584,2303,2739,,715,435,434,719,436,3458
6289,713,1224,1708,2448,2856,,713,511,484,740,408,3433
6369,718,1247,1732,2444,2879,,718,529,485,712,435,3490
6288,720,1221,1708,2420,2831,,720,501,487,712,411,3457
6345,748,1244,1732,2471,2858,,748,496,488,739,387,3487
6340,719,1218,1707,2448,2884,,719,499,489,741,436,3456
6339,746,1243,1730,2472,2904,,746,497,487,742,432,3435
6319,748,1244,1732,2446,2854,,748,496,488,714,408,3465
6150,719,1220,1623,2333,2729,,719,501,403,710,396,3421
6142,708,1183,1679,2342,2698,,708,475,496,663,356,3444
6166,711,1205,1694,2405,2757,,711,494,489,711,352,3409
6199,706,1196,1669,2372,2788,,706,490,473,703,416,3411
6086,709,1184,1656,2317,2675,,709,475,472,661,358,3411
6163,708,1183,1654,2357,2748,,708,475,471,703,391,3415
6134,708,1184,1656,2358,2750,,708,476,472,702,392,3384
6088,709,1184,1654,2359,2709,,709,475,470,705,350,3379
6086,707,1182,1654,2357,2709,,707,475,472,703,352,3377
6086,707,1184,1655,2358,2709,,707,477,471,703,351,3377
6039,708,1184,1658,2317,2673,,708,476,474,659,356,3366
6165,714,1210,1684,2385,2777,,714,496,474,701,392,3388
6198,704,1150,1607,2328,2738,,704,446,457,721,410,3460
6368,750,1244,1763,2469,2880,,750,494,519,706,411,3488
6316,748,1245,1760,2470,2860,,748,497,515,710,390,3456
6289,748,1273,1757,2468,2881,,748,525,484,711,413,3408
6203,709,1182,1654,2359,2775,,709,473,472,705,416,3428
6186,708,1187,1657,2358,2774,,708,479,470,701,416,3412
6160,708,1183,1653,2359,2775,,708,475,470,706,416,3385
6111,707,1183,1655,2358,2710,,707,476,472,703,352,3401
6041,712,1184,1656,2318,2672,,712,472,472,662,354,3369
6114,707,1183,1654,2357,2707,,707,476,471,703,350,3407
6177,704,1126,1581,2308,2716,,704,422,455,727,408,3461
6292,720,1220,1707,2420,2854,,720,500,487,713,434,3438
6293,720,1221,1708,2420,2830,,720,501,487,712,410,3463
6314,718,1246,1730,2442,2852,,718,528,484,712,410,3462
6316,719,1220,1730,2422,2830,,719,501,510,692,408,3486
6291,720,1195,1682,2395,2804,,720,475,487,713,409,3487
6290,719,1197,1712,2421,2830,,719,478,515,709,409,3460
6315,718,1219,1707,2418,2829,,718,501,488,711,411,3486
6283,719,1248,1732,2434,2840,,719,529,484,702,406,3443
6304,720,1220,1709,2420,2801,,720,500,489,711,381,3503
6410,767,1261,1747,2488,2895,,767,494,486,741,407,3515
6062,655,1132,1602,2308,2703,,655,477,470,706,395,3359
6115,709,1183,1656,2358,2733,,709,474,473,702,375,3382
6114,709,1183,1655,2361,2734,,709,474,472,706,373,3380
6092,709,1183,1655,2358,2707,,709,474,472,703,349,3385
6091,710,1184,1656,2359,2707,,710,474,472,703,348,3384
6086,709,1184,1657,2359,2709,,709,475,473,702,350,3377
6163,704,1182,1658,2359,2778,,704,478,476,701,419,3385
6105,710,1184,1655,2367,2720,,710,474,471,712,353,3385
6372,709,1197,1684,2425,2858,,709,488,487,741,433,3514
6317,719,1220,1708,2420,2830,,719,501,488,712,410,3487
6285,712,1195,1683,2393,2806,,712,483,488,710,413,3479
6317,748,1244,1733,2444,2855,,748,496,489,711,411,3462
6314,720,1220,1708,2421,2858,,720,500,488,713,437,3456
6243,719,1219,1687,2368,2754,,719,500,468,681,386,3489
6314,719,1218,1706,2448,2855,,719,499,488,742,407,3459
6316,720,1220,1708,2420,2830,,720,500,488,712,410,3486
6314,720,1221,1709,2448,2880,,720,501,488,739,432,3434
6345,719,1219,1686,2422,2831,,719,500,467,736,409,3514
6174,720,1219,1688,2370,2779,,720,499,469,682,409,3395
6338,717,1247,1761,2440,2825,,717,530,514,679,385,3513
6299,720,1211,1695,2395,2806,,720,491,484,700,411,3493
6012,707,1183,1654,2358,2680,,707,476,471,704,322,3332
6139,711,1184,1655,2358,2734,,711,473,471,703,376,3405
6117,708,1184,1654,2358,2736,,708,476,470,704,378,3381
6087,707,1182,1654,2359,2709,,707,475,472,705,350,3378
6138,708,1182,1677,2383,2757,,708,474,495,706,374,3381
6037,706,1182,1653,2316,2673,,706,476,471,663,357,3364
6048,707,1184,1655,2317,2668,,707,477,471,662,351,3380
6092,708,1182,1653,2359,2709,,708,474,471,706,350,3383
6002,668,1156,1585,2282,2628,,668,488,429,697,346,3374
6181,670,1116,1608,2322,2732,,670,446,492,714,410,3449
6318,721,1221,1709,2422,2862,,721,500,488,713,440,3456
6317,721,1221,1709,2450,2858,,721,500,488,741,408,3459
6265,718,1218,1706,2399,2805,,718,500,488,693,406,3460
6322,721,1222,1709,2422,2831,,721,501,487,713,409,3491
6370,720,1196,1713,2453,2889,,720,476,517,740,436,3481
6343,721,1221,1709,2450,2882,,721,500,488,741,432,3461
6300,717,1217,1733,2442,2837,,717,500,516,709,395,3463
6178,708,1184,1655,2359,2749,,708,476,471,704,390,3429
6218,678,1138,1588,2325,2757,,678,460,450,737,432,3461
6287,721,1220,1714,2421,2832,,721,499,494,707,411,3455
6293,721,1220,1708,2421,2835,,721,499,488,713,414,3458
6214,722,1222,1709,2400,2783,,722,500,487,691,383,3431
6305,722,1221,1709,2411,2818,,722,499,488,702,407,3487
6040,710,1185,1655,2317,2673,,710,475,470,662,356,3367
6035,709,1183,1655,2318,2652,,709,474,472,663,334,3383
5957,706,1182,1612,2241,2572,,706,476,430,629,331,3385
6114,707,1181,1650,2314,2674,,707,474,469,664,360,3440
6343,745,1273,1758,2448,2829,,745,528,485,690,381,3514
6378,715,1202,1671,2406,2870,,715,487,469,735,464,3508
6339,720,1218,1698,2449,2883,,720,498,480,751,434,3456
6369,724,1221,1708,2450,2882,,724,497,487,742,432,3487
6291,720,1219,1707,2449,2856,,720,499,488,742,407,3435
6245,720,1219,1708,2402,2782,,720,499,489,694,380,3463
6317,722,1221,1708,2450,2882,,722,499,487,742,432,3435
6315,748,1244,1732,2443,2854,,748,496,488,711,411,3461
6314,719,1219,1736,2444,2855,,719,500,517,708,411,3459
6106,723,1198,1608,2300,2672,,723,475,410,692,372,3434
6179,708,1184,1656,2360,2753,,708,476,472,704,393,3426
6120,666,1106,1620,2319,2630,,666,440,514,699,311,3490
6315,720,1218,1707,2419,2830,,720,498,489,712,411,3485
6289,718,1218,1706,2418,2856,,718,500,488,712,438,3433
6314,720,1220,1707,2420,2831,,720,500,487,713,411,3483
6251,726,1256,1741,2379,2769,,726,530,485,638,390,3482
6316,720,1249,1734,2474,2881,,720,529,485,740,407,3435
6314,718,1220,1736,2443,2854,,718,502,516,707,411,3460
6339,719,1218,1735,2444,2882,,719,499,517,709,438,3457
6319,719,1195,1712,2399,2806,,719,476,517,687,407,3513
6269,720,1249,1713,2396,2781,,720,529,464,683,385,3488
6175,741,1168,1626,2357,2719,,741,427,458,731,362,3456
6291,722,1220,1708,2422,2831,,722,498,488,714,409,3460
6317,721,1222,1709,2422,2832,,721,501,487,713,410,3485
6198,719,1220,1707,2399,2782,,719,501,487,692,383,3416
6192,710,1184,1655,2361,2778,,710,474,471,706,417,3414
6038,708,1183,1654,2318,2673,,708,475,471,664,355,3365
6012,710,1186,1659,2318,2651,,710,476,473,659,333,3361
6012,707,1184,1656,2317,2654,,707,477,472,661,337,3358
5941,708,1182,1612,2244,2575,,708,474,430,632,331,3366
6150,707,1183,1614,2308,2724,,707,476,431,694,416,3426
6042,649,1069,1514,2167,2546,,649,420,445,653,379,3496
6320,718,1218,1708,2421,2828,,718,500,490,713,407,3492
6315,721,1221,1709,2421,2832,,721,500,488,712,411,3483
6264,719,1219,1706,2419,2854,,719,500,487,713,435,3410
6346,727,1226,1716,2428,2863,,727,499,490,712,435,3483
6317,720,1220,1709,2420,2855,,720,500,489,711,435,3462
6316,720,1248,1733,2446,2855,,720,528,485,713,409,3461
6316,721,1221,1737,2445,2856,,721,500,516,708,411,3460
6235,716,1204,1690,2403,2805,,716,488,486,713,402,3430
6091,710,1185,1613,2309,2700,,710,475,428,696,391,3391
6042,651,1068,1560,2219,2596,,651,417,492,659,377,3446
6292,719,1219,1707,2420,2823,,719,500,488,713,403,3469
6343,721,1249,1732,2474,2881,,721,528,483,742,407,3462
6173,721,1220,1668,2372,2781,,721,499,448,704,409,3392
6200,745,1230,1718,2430,2763,,745,485,488,712,333,3437
6318,720,1220,1738,2447,2857,,720,500,518,709,410,3461
6316,720,1220,1709,2420,2860,,720,500,489,711,440,3456
6291,720,1221,1708,2421,2831,,720,501,487,713,410,3460
6209,718,1204,1692,2402,2777,,718,486,488,710,375,3432
6194,709,1183,1656,2361,2778,,709,474,473,705,417,3416
6045,651,1069,1479,2183,2579,,651,418,410,704,396,3466
6316,720,1221,1709,2421,2832,,720,501,488,712,411,3484
6341,749,1273,1759,2471,2882,,749,524,486,712,411,3459
6314,720,1219,1707,2420,2829,,720,499,488,713,409,3485
6237,719,1217,1705,2446,2777,,719,498,488,741,331,3460
6317,720,1219,1707,2419,2831,,720,499,488,712,412,3486
6345,720,1219,1736,2445,2855,,720,499,517,709,410,3490
6345,818,1318,1746,2495,2835,,818,500,428,749,340,3510
6078,660,1157,1643,2277,2621,,660,497,486,634,344,3457
6325,722,1249,1764,2471,2881,,722,527,515,707,410,3444
6192,746,1208,1626,2314,2747,,746,462,418,688,433,3445
6316,721,1199,1712,2420,2830,,721,478,513,708,410,3486
6342,720,1220,1709,2420,2831,,720,500,489,711,411,3511
6422,749,1272,1786,2594,2978,,749,523,514,808,384,3444
6239,749,1245,1713,2396,2780,,749,496,468,683,384,3459
6317,746,1220,1708,2420,2856,,746,474,488,712,436,3461
6316,725,1221,1708,2421,2832,,725,496,487,713,411,3484
6317,720,1221,1709,2422,2860,,720,501,488,713,438,3457
6089,705,1169,1640,2300,2638,,705,464,471,660,338,3451
6153,708,1184,1654,2316,2715,,708,476,470,662,399,3438
6089,667,1094,1505,2192,2635,,667,427,411,687,443,3454
6390,749,1273,1757,2500,2938,,749,524,484,743,438,3452
6314,720,1249,1733,2446,2856,,720,529,484,713,410,3458
6314,746,1272,1758,2497,2879,,746,526,486,739,382,3435
6313,720,1222,1708,2399,2806,,720,502,486,691,407,3507
6337,718,1218,1705,2447,2881,,718,500,487,742,434,3456
6314,718,1218,1736,2444,2854,,718,500,518,708,410,3460
6370,751,1274,1759,2471,2881,,751,523,485,712,410,3489
6317,748,1245,1733,2474,2859,,748,497,488,741,385,3458
6343,750,1274,1782,2473,2856,,750,524,508,691,383,3487
6067,675,1135,1575,2219,2604,,675,460,440,644,385,3463
6316,720,1221,1707,2421,2830,,720,501,486,714,409,3486
6328,721,1220,1709,2421,2831,,721,499,489,712,410,3497
6181,749,1247,1712,2396,2766,,749,498,465,684,370,3415
6130,640,1119,1598,2287,2703,,640,479,479,689,416,3427
6114,710,1185,1657,2359,2734,,710,475,472,702,375,3380
6062,711,1211,1682,2342,2679,,711,500,471,660,337,3383
5961,710,1185,1615,2243,2576,,710,475,430,628,333,3385
6039,706,1182,1654,2292,2625,,706,476,472,638,333,3414
6077,710,1183,1612,2242,2639,,710,473,429,630,397,3438
5930,668,1071,1483,2117,2491,,668,403,412,634,374,3439
6051,711,1185,1656,2318,2677,,711,474,471,662,359,3374
5936,710,1185,1616,2243,2576,,710,475,431,627,333,3360
6030,709,1184,1612,2243,2578,,709,475,428,631,335,3452
6195,670,1159,1630,2333,2730,,670,489,471,703,397,3465
6346,751,1245,1734,2474,2881,,751,494,489,740,407,3465
6344,720,1219,1708,2419,2829,,720,499,489,711,410,3515
6320,720,1219,1736,2444,2855,,720,499,517,708,411,3465
6314,723,1248,1761,2468,2860,,723,525,513,707,392,3454
6344,719,1219,1708,2419,2829,,719,500,489,711,410,3515
6290,748,1269,1718,2380,2813,,748,521,449,662,433,3477
6317,719,1220,1708,2420,2856,,719,501,488,712,436,3461
6280,712,1207,1693,2406,2816,,712,495,486,713,410,3464
6345,720,1220,1735,2445,2855,,720,500,515,710,410,3490
6249,748,1246,1734,2446,2836,,748,498,488,712,390,3413
6315,719,1219,1737,2445,2856,,719,500,518,708,411,3459
6299,721,1221,1709,2420,2832,,721,500,488,711,412,3467
6290,707,1194,1682,2423,2830,,707,487,488,741,407,3460
6154,725,1223,1689,2358,2721,,725,498,466,669,363,3433
6078,711,1185,1658,2318,2654,,711,474,473,660,336,3424
6066,711,1142,1558,2238,2598,,711,431,416,680,360,3468
6189,706,1119,1607,2320,2731,,706,413,488,713,411,3458
6274,716,1204,1692,2404,2815,,716,488,488,712,411,3459
6341,720,1250,1733,2447,2882,,720,530,483,714,435,3459
6241,719,1194,1711,2399,2781,,719,475,517,688,382,3460
6315,719,1218,1707,2449,2857,,719,499,489,742,408,3458
6289,718,1193,1681,2393,2802,,718,475,488,712,409,3487
6305,718,1198,1680,2393,2802,,718,480,482,713,409,3503
6312,718,1218,1707,2418,2829,,718,500,489,711,411,3483
6320,721,1221,1736,2424,2831,,721,500,515,688,407,3489
6115,709,1175,1648,2309,2657,,709,466,473,661,348,3458
6315,719,1195,1682,2395,2804,,719,476,487,713,409,3511
6320,741,1234,1721,2434,2843,,741,493,487,713,409,3477
6288,719,1219,1736,2444,2854,,719,500,517,708,410,3434
6270,720,1221,1707,2419,2777,,720,501,486,712,358,3493
6345,719,1219,1708,2420,2856,,719,500,489,712,436,3489
6314,719,1219,1707,2418,2859,,719,500,488,711,441,3455
6305,720,1202,1685,2395,2806,,720,482,483,710,411,3499
6318,720,1193,1711,2449,2881,,720,473,518,738,432,3437
6243,720,1248,1710,2419,2751,,720,528,462,709,332,3492
6163,722,1197,1705,2381,2747,,722,475,508,676,366,3416
6391,750,1246,1762,2472,2934,,750,496,516,710,462,3457
6315,719,1219,1707,2421,2831,,719,500,488,714,410,3484
6315,719,1218,1707,2420,2829,,719,499,489,713,409,3486
6117,721,1220,1708,2347,2677,,721,499,488,639,330,3440
6345,720,1220,1709,2420,2830,,720,500,489,711,410,3515
6313,718,1217,1706,2417,2829,,718,499,489,711,412,3484
6314,747,1243,1732,2444,2855,,747,496,489,712,411,3459
6275,706,1197,1671,2383,2805,,706,491,474,712,422,3470
6015,711,1184,1656,2319,2653,,711,473,472,663,334,3362
6002,706,1140,1553,2193,2527,,706,434,413,640,334,3475
6204,710,1184,1655,2358,2774,,710,474,471,703,416,3430
5944,706,1192,1664,2288,2580,,706,486,472,624,292,3364
6090,710,1187,1658,2360,2710,,710,477,471,702,350,3380
6192,709,1184,1599,2320,2733,,709,475,415,721,413,3459
6314,720,1220,1709,2420,2830,,720,500,489,711,410,3484
6341,752,1246,1762,2470,2881,,752,494,516,708,411,3460
6318,721,1220,1708,2421,2832,,721,499,488,713,411,3486
6203,721,1166,1648,2334,2754,,721,445,482,686,420,3449
5944,711,1186,1614,2244,2577,,711,475,428,630,333,3367
6004,709,1142,1556,2194,2527,,709,433,414,638,333,3477
6203,710,1184,1657,2359,2776,,710,474,473,702,417,3427
6186,663,1144,1615,2318,2736,,663,481,471,703,418,3450
6040,710,1184,1657,2318,2673,,710,474,473,661,355,3367
6192,710,1186,1614,2323,2731,,710,476,428,709,408,3461
6341,720,1220,1708,2449,2885,,720,500,488,741,436,3456
6345,721,1249,1734,2475,2883,,721,528,485,741,408,3462
6217,720,1201,1659,2371,2782,,720,481,458,712,411,3435
6194,715,1187,1659,2356,2742,,715,472,472,697,386,3452
6299,721,1220,1710,2420,2831,,721,499,490,710,411,3468
6080,719,1197,1621,2280,2646,,719,478,424,659,366,3434
6152,707,1183,1616,2309,2704,,707,476,433,693,395,3448
5936,713,1209,1680,2304,2596,,713,496,471,624,292,3340
6118,712,1185,1656,2360,2737,,712,473,471,704,377,3381
6196,710,1141,1599,2296,2705,,710,431,458,697,409,3491
6316,721,1219,1707,2419,2858,,721,498,488,712,439,3458
6395,750,1274,1759,2470,2905,,750,524,485,711,435,3490
6315,751,1245,1733,2446,2856,,751,494,488,713,410,3459
6315,751,1224,1677,2396,2804,,751,473,453,719,408,3511
6292,721,1249,1733,2424,2854,,721,528,484,691,430,3438
6302,748,1273,1726,2432,2786,,748,525,453,706,354,3516
6227,709,1184,1655,2362,2778,,709,475,471,707,416,3449
5903,709,1176,1647,2269,2563,,709,467,471,622,294,3340
6117,708,1185,1657,2361,2736,,708,477,472,704,375,3381
6042,711,1142,1579,2285,2663,,711,431,437,706,378,3379
6067,711,1185,1655,2322,2675,,711,474,470,667,353,3392
6012,710,1184,1655,2318,2653,,710,474,471,663,335,3359
6034,710,1184,1657,2319,2653,,710,474,473,662,334,3381
6002,710,1185,1656,2312,2658,,710,475,471,656,346,3344
5968,699,1187,1617,2247,2580,,699,488,430,630,333,3388
6025,704,1181,1609,2241,2573,,704,477,428,632,332,3452
6169,710,1185,1656,2359,2776,,710,475,471,703,417,3393
6206,751,1189,1662,2360,2756,,751,438,473,698,396,3450
6094,711,1186,1659,2361,2712,,711,475,473,702,351,3382
6093,708,1143,1579,2229,2662,,708,435,436,650,433,3431
6292,721,1221,1710,2422,2832,,721,500,489,712,410,3460
6289,720,1221,1709,2420,2832,,720,501,488,711,412,3457
6316,721,1221,1710,2420,2831,,721,500,489,710,411,3485
6202,720,1221,1650,2358,2755,,720,501,429,708,397,3447
5941,713,1187,1618,2244,2578,,713,474,431,626,334,3363
6030,711,1185,1612,2245,2577,,711,474,427,633,332,3453
6179,710,1189,1661,2361,2755,,710,479,472,700,394,3424
6041,711,1185,1614,2310,2705,,711,474,429,696,395,3336
6039,711,1185,1658,2321,2674,,711,474,473,663,353,3365
6166,711,1184,1632,2290,2706,,711,473,448,658,416,3460
6346,721,1249,1733,2445,2856,,721,528,484,712,411,3490
6318,721,1221,1708,2420,2861,,721,500,487,712,441,3457
6344,721,1221,1709,2421,2856,,721,500,488,712,435,3488
6303,748,1272,1728,2434,2825,,748,524,456,706,391,3478
6041,711,1186,1657,2318,2676,,711,475,471,661,358,3365
6038,703,1190,1618,2250,2587,,703,487,428,632,337,3451
6205,711,1185,1656,2361,2753,,711,474,471,705,392,3452
5959,718,1207,1680,2301,2617,,718,489,473,621,316,3342
6092,712,1187,1660,2363,2711,,712,475,473,703,348,3381
6030,707,1182,1655,2315,2675,,707,475,473,660,360,3355
6035,708,1182,1656,2317,2651,,708,474,474,661,334,3384
6037,710,1186,1660,2319,2652,,710,476,474,659,333,3385
5936,708,1183,1615,2241,2577,,708,475,432,626,336,3359
6057,708,1181,1668,2338,2674,,708,473,487,670,336,3383
5962,711,1187,1642,2270,2603,,711,476,455,628,333,3359
6028,707,1182,1610,2242,2579,,707,475,428,632,337,3449
6205,710,1186,1659,2361,2753,,710,476,473,702,392,3452
6137,710,1185,1656,2360,2752,,710,475,471,704,392,3385
6037,709,1185,1657,2317,2673,,709,476,472,660,356,3364
6046,710,1185,1659,2320,2675,,710,475,474,661,355,3371
6065,710,1184,1657,2318,2676,,710,474,473,661,358,3389
6011,709,1183,1655,2321,2653,,709,474,472,666,332,3358
6039,713,1186,1659,2321,2656,,713,473,473,662,335,3383
5998,712,1185,1659,2318,2652,,712,473,474,659,334,3346
5968,697,1188,1617,2246,2579,,697,491,429,629,333,3389
6036,705,1190,1618,2250,2584,,705,485,428,632,334,3452
6204,709,1185,1658,2359,2755,,709,476,473,701,396,3449
6153,713,1181,1653,2325,2722,,713,468,472,672,397,3431
6092,711,1188,1662,2360,2709,,711,477,474,698,349,3383
6043,711,1184,1657,2318,2674,,711,473,473,661,356,3369
6039,712,1185,1656,2318,2653,,712,473,471,662,335,3386
5988,713,1184,1656,2293,2629,,713,471,472,637,336,3359
6067,711,1188,1659,2319,2654,,711,477,471,660,335,3413
5967,712,1187,1617,2272,2607,,712,475,430,655,335,3360
5966,713,1189,1620,2247,2581,,713,476,431,627,334,3385
6037,704,1193,1620,2250,2583,,704,489,427,630,333,3454
6180,709,1187,1659,2361,2753,,709,478,472,702,392,3427
6163,712,1186,1659,2362,2756,,712,474,473,703,394,3407
6089,710,1185,1659,2362,2713,,710,475,474,703,351,3376
6020,710,1185,1657,2319,2654,,710,475,472,662,335,3366
6038,711,1185,1658,2320,2655,,711,474,473,662,335,3383
6035,707,1183,1657,2319,2649,,707,476,474,662,330,3386
6014,710,1184,1658,2320,2653,,710,474,474,662,333,3361
6043,711,1186,1658,2320,2660,,711,475,472,662,340,3383
5966,711,1186,1616,2245,2579,,711,475,430,629,334,3387
6038,704,1168,1596,2227,2560,,704,464,428,631,333,3478
6181,710,1186,1658,2360,2751,,710,476,472,702,391,3430
6152,710,1186,1666,2362,2768,,710,476,480,696,406,3384
5992,711,1186,1615,2268,2626,,711,475,429,653,358,3366
6051,711,1187,1658,2320,2675,,711,476,471,662,355,3376
6013,711,1186,1658,2321,2655,,711,475,472,663,334,3358
6013,711,1186,1658,2321,2654,,711,475,472,663,333,3359
6012,709,1184,1657,2318,2655,,709,475,473,661,337,3357
5967,710,1184,1615,2244,2577,,710,474,431,629,333,3390
5967,698,1188,1619,2246,2579,,698,490,431,627,333,3388
6064,702,1194,1665,2303,2637,,702,492,471,638,334,3427
6206,712,1187,1658,2362,2777,,712,475,471,704,415,3429
6046,712,1186,1658,2362,2710,,712,474,472,704,348,3336
6091,712,1187,1658,2362,2713,,712,475,471,704,351,3378
6018,712,1186,1657,2321,2656,,712,474,471,664,335,3362
6013,711,1188,1660,2319,2654,,711,477,472,659,335,3359
5961,711,1143,1624,2271,2604,,711,432,481,647,333,3357
6217,711,1164,1675,2373,2781,,711,453,511,698,408,3436
6167,725,1143,1622,2321,2710,,725,418,479,699,389,3457
6343,721,1222,1710,2450,2882,,721,501,488,740,432,3461
6253,717,1208,1698,2411,2803,,717,491,490,713,392,3450
6220,721,1196,1606,2321,2731,,721,475,410,715,410,3489
6316,749,1244,1761,2448,2854,,749,495,517,687,406,3462
6350,715,1203,1691,2432,2864,,715,488,488,741,432,3486
6231,722,1221,1709,2402,2794,,722,499,488,693,392,3437
6068,710,1186,1657,2359,2710,,710,476,471,702,351,3358
6040,710,1185,1659,2318,2677,,710,475,474,659,359,3363
6014,711,1185,1658,2319,2654,,711,474,473,661,335,3360
6062,708,1181,1654,2314,2650,,708,473,473,660,336,3412
6166,722,1227,1712,2423,2755,,722,505,485,711,332,3411
6341,722,1225,1740,2476,2885,,722,503,515,736,409,3456
6292,721,1222,1710,2421,2832,,721,501,488,711,411,3460
6251,716,1233,1717,2408,2814,,716,517,484,691,406,3437
6249,716,1205,1693,2405,2815,,716,489,488,712,410,3434
6291,721,1220,1737,2425,2831,,721,499,517,688,406,3460
6366,749,1275,1787,2495,2906,,749,526,512,708,411,3460
6293,723,1221,1710,2421,2832,,723,498,489,711,411,3461
6291,722,1220,1708,2421,2836,,722,498,488,713,415,3455
6348,750,1246,1733,2448,2858,,750,496,487,715,410,3490
6347,750,1245,1761,2471,2802,,750,495,516,710,331,3545
6291,751,1247,1739,2446,2840,,751,496,492,707,394,3451
6341,720,1249,1734,2445,2882,,720,529,485,711,437,3459
6229,721,1221,1677,2387,2794,,721,500,456,710,407,3435
5940,709,1186,1658,2280,2598,,709,477,472,622,318,3342
6095,711,1187,1661,2362,2713,,711,476,474,701,351,3382
6038,709,1184,1655,2319,2654,,709,475,471,664,335,3384
6013,711,1188,1662,2320,2655,,711,477,474,658,335,3358
6039,711,1191,1663,2319,2656,,711,480,472,656,337,3383
6020,712,1186,1658,2318,2653,,712,474,472,660,335,3367
5945,712,1186,1615,2246,2579,,712,474,429,631,333,3366
6104,728,1211,1684,2345,2679,,728,483,473,661,334,3425
6180,710,1186,1658,2362,2754,,710,476,472,704,392,3426
6064,711,1184,1656,2319,2666,,711,473,472,663,347,3398
6085,706,1177,1649,2353,2702,,706,471,472,704,349,3383
6056,710,1186,1659,2319,2677,,710,476,473,660,358,3379
6292,722,1221,1709,2423,2832,,722,499,488,714,409,3460
6341,750,1246,1762,2470,2880,,750,496,516,708,410,3461
6292,720,1219,1708,2422,2854,,720,499,489,714,432,3438
6290,721,1223,1709,2421,2831,,721,502,486,712,410,3459
6279,722,1221,1709,2421,2830,,722,499,488,712,409,3449
6307,719,1217,1705,2418,2807,,719,498,488,713,389,3500
6315,749,1245,1732,2445,2855,,749,496,487,713,410,3460
6153,721,1224,1688,2358,2725,,721,503,464,670,367,3428
5901,712,1185,1657,2281,2572,,712,473,472,624,291,3329
6097,711,1187,1659,2360,2712,,711,476,472,701,352,3385
6040,711,1186,1659,2320,2676,,711,475,473,661,356,3364
6039,711,1187,1659,2319,2655,,711,476,472,660,336,3384
6014,711,1185,1657,2320,2656,,711,474,472,663,336,3358
6023,711,1186,1620,2297,2653,,711,475,434,677,356,3370
5948,711,1184,1615,2244,2577,,711,473,431,629,333,3371
6114,700,1188,1661,2364,2739,,700,488,473,703,375,3375
6205,711,1186,1659,2361,2777,,711,475,473,702,416,3428
5935,709,1184,1656,2277,2595,,709,475,472,621,318,3340
6096,711,1185,1657,2361,2737,,711,474,472,704,376,3359
6045,712,1185,1657,2319,2674,,712,473,472,662,355,3371
6014,711,1185,1660,2318,2653,,711,474,475,658,335,3361
6037,710,1186,1659,2318,2654,,710,476,473,659,336,3383
5962,710,1185,1615,2270,2605,,710,475,430,655,335,3357
6049,712,1186,1659,2319,2654,,712,474,473,660,335,3395
5943,712,1191,1621,2246,2579,,712,479,430,625,333,3364
6038,714,1130,1599,2311,2667,,714,416,469,712,356,3371
6181,686,1160,1632,2335,2752,,686,474,472,703,417,3429
5945,703,1194,1667,2290,2583,,703,491,473,623,293,3362
6116,728,1212,1683,2387,2737,,728,484,471,704,350,3379
6044,710,1185,1657,2319,2675,,710,475,472,662,356,3369
6013,713,1185,1657,2321,2653,,713,472,472,664,332,3360
6011,709,1185,1658,2318,2655,,709,476,473,660,337,3356
6014,710,1187,1659,2320,2654,,710,477,472,661,334,3360
6042,712,1187,1660,2320,2656,,712,475,473,660,336,3386
5805,648,1083,1499,2141,2460,,648,435,416,642,319,3345
6200,697,1121,1641,2350,2759,,697,424,520,709,409,3441
6317,752,1247,1735,2448,2858,,752,495,488,713,410,3459
6280,715,1233,1718,2409,2815,,715,518,485,691,406,3465
6217,660,1146,1634,2346,2756,,660,486,488,712,410,3461
6320,724,1224,1710,2423,2812,,724,500,486,713,389,3508
6316,721,1220,1708,2420,2831,,721,499,488,712,411,3485
6318,723,1222,1711,2423,2833,,723,499,489,712,410,3485
6318,724,1222,1710,2423,2834,,724,498,488,713,411,3484
6193,724,1224,1712,2403,2783,,724,500,488,691,380,3410
6320,725,1224,1712,2426,2834,,725,499,488,714,408,3486
6317,724,1222,1710,2423,2836,,724,498,488,713,413,3481
6292,721,1223,1709,2421,2831,,721,502,486,712,410,3461
6285,720,1209,1696,2387,2794,,720,489,487,691,407,3491
6176,722,1222,1687,2371,2756,,722,500,465,684,385,3420
6143,712,1188,1660,2363,2755,,712,476,472,703,392,3388
6041,712,1185,1657,2322,2674,,712,473,472,665,352,3367
6038,712,1185,1655,2319,2654,,712,473,470,664,335,3384
6037,710,1186,1659,2321,2653,,710,476,473,662,332,3384
6075,712,1186,1659,2320,2656,,712,474,473,661,336,3419
5966,700,1187,1616,2246,2578,,700,487,429,630,332,3388
6152,686,1119,1545,2272,2711,,686,433,426,727,439,3441
6368,751,1246,1735,2478,2910,,751,495,489,743,432,3458
6231,723,1223,1710,2423,2796,,723,500,487,713,373,3435
6206,710,1186,1659,2361,2755,,710,476,473,702,394,3451
6119,715,1210,1681,2385,2734,,715,495,471,704,349,3385
6047,711,1187,1659,2319,2677,,711,476,472,660,358,3370
6039,711,1185,1657,2321,2653,,711,474,472,664,332,3386
6051,710,1128,1592,2248,2629,,710,418,464,656,381,3422
6095,697,1187,1659,2363,2715,,697,490,472,704,352,3380
5938,713,1187,1617,2246,2578,,713,474,430,629,332,3360
6064,712,1187,1615,2287,2652,,712,475,428,672,365,3412
6293,722,1222,1710,2403,2834,,722,500,488,693,431,3459
6234,718,1224,1713,2425,2803,,718,506,489,712,378,3431
6168,671,1076,1589,2297,2706,,671,405,513,708,409,3462
6312,718,1218,1706,2418,2830,,718,500,488,712,412,3482
6370,720,1249,1733,2445,2856,,720,529,484,712,411,3514
6292,721,1249,1734,2446,2858,,721,528,485,712,412,3434
6319,721,1221,1737,2448,2882,,721,500,516,711,434,3437
6347,699,1197,1685,2398,2834,,699,498,488,713,436,3513
6340,720,1248,1732,2445,2856,,720,528,484,713,411,3484
6172,750,1225,1683,2395,2786,,750,475,458,712,391,3386
6319,722,1222,1710,2423,2834,,722,500,488,713,411,3485
6217,653,1146,1634,2347,2760,,653,493,488,713,413,3457
6091,709,1123,1610,2302,2685,,709,414,487,692,383,3406
6319,724,1225,1712,2425,2834,,724,501,487,713,409,3485
6294,722,1223,1711,2423,2833,,722,501,488,712,410,3461
6318,722,1223,1710,2423,2859,,722,501,487,713,436,3459
6293,721,1220,1709,2421,2830,,721,499,489,712,409,3463
6178,722,1223,1690,2373,2758,,722,501,467,683,385,3420
6017,711,1186,1659,2319,2654,,711,475,473,660,335,3363
5935,710,1187,1659,2266,2582,,710,477,472,607,316,3353
6181,711,1186,1658,2361,2755,,711,475,472,703,394,3426
6292,694,1199,1688,2397,2807,,694,505,489,709,410,3485
6206,725,1191,1661,2363,2757,,725,466,470,702,394,3449
6095,713,1189,1661,2362,2714,,713,476,472,701,352,3381
6041,713,1186,1660,2320,2674,,713,473,474,660,354,3367
6014,714,1186,1658,2319,2656,,714,472,472,661,337,3358
6012,713,1186,1659,2322,2655,,713,473,473,663,333,3357
6020,713,1185,1656,2321,2655,,713,472,471,665,334,3365
5941,712,1186,1615,2246,2577,,712,474,429,631,331,3364
5936,711,1186,1658,2266,2582,,711,475,472,608,316,3354
6324,711,1186,1609,2355,2792,,711,475,423,746,437,3532
6322,720,1142,1635,2348,2812,,720,422,493,713,464,3510
6217,725,1203,1664,2373,2784,,725,478,461,709,411,3433
6345,722,1250,1735,2448,2858,,722,528,485,713,410,3487
6278,716,1205,1693,2408,2815,,716,489,488,715,407,3463
6339,717,1217,1735,2443,2879,,717,500,518,708,436,3460
6346,722,1221,1710,2423,2856,,722,499,489,713,433,3490
6465,748,1273,1785,2522,3021,,748,525,512,737,499,3444
6389,722,1249,1733,2474,2935,,722,527,484,741,461,3454
6129,722,1222,1675,2308,2701,,722,500,453,633,393,3428
6179,713,1187,1659,2360,2752,,713,474,472,701,392,3427
6318,697,1183,1666,2373,2810,,697,486,483,707,437,3508
6206,723,1222,1645,2361,2756,,723,499,423,716,395,3450
6088,686,1160,1632,2335,2711,,686,474,472,703,376,3377
6082,705,1178,1650,2354,2702,,705,473,472,704,348,3380
6014,711,1184,1655,2318,2654,,711,473,471,663,336,3360
6014,713,1187,1661,2321,2656,,713,474,474,660,335,3358
6006,725,1190,1607,2260,2625,,725,465,417,653,365,3381
6311,744,1231,1719,2432,2842,,744,487,488,713,410,3469
6278,723,1251,1715,2398,2811,,723,528,464,683,413,3467
6236,711,1186,1658,2364,2785,,711,475,472,706,421,3451
6172,669,1157,1572,2299,2706,,669,488,415,727,407,3466
6173,723,1224,1659,2362,2757,,723,501,435,703,395,3416
6309,723,1222,1711,2453,2838,,723,499,489,742,385,3471
6334,721,1219,1703,2414,2826,,721,498,484,711,412,3508
6295,723,1222,1711,2423,2834,,723,499,489,712,411,3461
6319,723,1223,1711,2423,2834,,723,500,488,712,411,3485
6267,727,1224,1712,2424,2813,,727,497,488,712,389,3454
6001,669,1106,1546,2205,2567,,669,437,440,659,362,3434
5947,666,1104,1543,2204,2545,,666,438,439,661,341,3402
6346,709,1200,1687,2400,2839,,709,491,487,713,439,3507
6217,722,1223,1633,2348,2759,,722,501,410,715,411,3458
6027,724,1145,1553,2224,2609,,724,421,408,671,385,3418
6118,711,1186,1658,2361,2757,,711,475,472,703,396,3361
6014,711,1186,1660,2321,2656,,711,475,474,661,335,3358
6039,713,1188,1661,2323,2657,,713,475,473,662,334,3382
6014,712,1186,1657,2320,2655,,712,474,471,663,335,3359
6040,709,1186,1659,2319,2655,,709,477,473,660,336,3385
5992,700,1187,1640,2271,2604,,700,487,453,631,333,3388
6022,701,1191,1664,2368,2666,,701,490,473,704,298,3356
5913,712,1186,1657,2281,2577,,712,474,471,624,296,3336
5985,670,1143,1625,2280,2620,,670,473,482,655,340,3365
6039,713,1188,1660,2322,2657,,713,475,472,662,335,3382
6018,687,1161,1632,2296,2630,,687,474,471,664,334,3388
6039,712,1186,1659,2323,2655,,712,474,473,664,332,3384
6038,710,1184,1656,2321,2655,,710,474,472,665,334,3383
5963,712,1187,1619,2269,2606,,712,475,432,650,337,3357
6033,714,1186,1659,2319,2653,,714,472,473,660,334,3380
5968,712,1213,1644,2271,2604,,712,501,431,627,333,3364
6019,701,1190,1662,2364,2664,,701,489,472,702,300,3355
5915,712,1186,1659,2280,2572,,712,474,473,621,292,3343
6132,689,1174,1661,2294,2697,,689,485,487,633,403,3435
6066,711,1188,1660,2335,2686,,711,477,472,675,351,3380
6017,713,1186,1658,2322,2654,,713,473,472,664,332,3363
6014,711,1185,1657,2322,2654,,711,474,472,665,332,3360
6014,712,1187,1660,2322,2656,,712,475,473,662,334,3358
6014,711,1190,1663,2322,2654,,711,479,473,659,332,3360
6013,715,1187,1661,2319,2656,,715,472,474,658,337,3357
5971,700,1167,1597,2225,2558,,700,467,430,628,333,3413
6020,701,1191,1664,2365,2687,,701,490,473,701,322,3333
5938,712,1187,1658,2281,2601,,712,475,471,623,320,3337
6056,673,1162,1633,2337,2709,,673,489,471,704,372,3347
6063,712,1211,1683,2347,2707,,712,499,472,664,360,3356
6017,713,1188,1660,2323,2658,,713,475,472,663,335,3359
6011,711,1185,1657,2319,2653,,711,474,472,662,334,3358
5940,711,1147,1583,2244,2580,,711,436,436,661,336,3360
6173,687,1118,1593,2298,2708,,687,431,475,705,410,3465
6320,722,1222,1690,2399,2832,,722,500,468,709,433,3488
6294,722,1222,1710,2421,2832,,722,500,488,711,411,3462
6323,723,1223,1711,2422,2834,,723,500,488,711,412,3489
6220,722,1223,1634,2348,2767,,722,501,411,714,419,3453
6164,720,1220,1707,2420,2736,,720,500,487,713,316,3428
6219,723,1224,1633,2348,2758,,723,501,409,715,410,3461
6317,722,1221,1710,2422,2832,,722,499,489,712,410,3485
6319,697,1199,1686,2398,2809,,697,502,487,712,411,3510
6320,726,1223,1711,2423,2834,,726,497,488,712,411,3486
6318,722,1222,1710,2422,2832,,722,500,488,712,410,3486
6216,723,1223,1711,2401,2784,,723,500,488,690,383,3432
6295,725,1224,1715,2424,2834,,725,499,491,709,410,3461
6322,752,1249,1765,2452,2831,,752,497,516,687,379,3491
6320,724,1225,1711,2425,2835,,724,501,486,714,410,3485
6248,752,1249,1715,2397,2782,,752,497,466,682,385,3466
6213,715,1221,1709,2401,2781,,715,506,488,692,380,3432
6319,752,1248,1735,2449,2859,,752,496,487,714,410,3460
6142,712,1186,1658,2362,2782,,712,474,472,704,420,3360
6042,712,1189,1660,2321,2678,,712,477,471,661,357,3364
6015,713,1187,1659,2323,2657,,713,474,472,664,334,3358
6019,712,1185,1656,2321,2655,,712,473,471,665,334,3364
5994,648,1138,1610,2270,2606,,648,490,472,660,336,3388
6230,701,1188,1662,2364,2780,,701,487,474,702,416,3450
5939,713,1186,1656,2280,2599,,713,473,470,624,319,3340
6147,716,1217,1688,2390,2768,,716,501,471,702,378,3379
6022,713,1187,1660,2320,2655,,713,474,473,660,335,3367
6043,711,1186,1660,2319,2654,,711,475,474,659,335,3389
6013,711,1187,1659,2320,2654,,711,476,472,661,334,3359
6039,714,1187,1660,2324,2658,,714,473,473,664,334,3381
5992,712,1186,1617,2271,2605,,712,474,431,654,334,3387
6042,712,1187,1660,2320,2656,,712,475,473,660,336,3386
5966,650,1139,1611,2268,2607,,650,489,472,657,339,3359
5989,712,1187,1659,2362,2660,,712,475,472,703,298,3329
5914,715,1188,1660,2281,2576,,715,473,472,621,295,3338
6250,671,1163,1647,2348,2760,,671,492,484,701,412,3490
6280,752,1248,1737,2476,2832,,752,496,489,739,356,3448
6092,711,1186,1658,2360,2712,,711,475,472,702,352,3380
6015,712,1185,1656,2319,2654,,712,473,471,663,335,3361
6013,713,1186,1657,2322,2655,,713,473,471,665,333,3358
6013,710,1186,1656,2322,2655,,710,476,470,666,333,3358
6023,712,1187,1656,2319,2654,,712,475,469,663,335,3369
6309,685,1173,1661,2403,2839,,685,488,488,742,436,3470
6324,723,1224,1710,2451,2858,,723,501,486,741,407,3466
6350,753,1276,1760,2473,2885,,753,523,484,713,412,3465
6318,751,1248,1734,2447,2858,,751,497,486,713,411,3460
6203,725,1223,1711,2402,2793,,725,498,488,691,391,3410
6192,711,1187,1660,2363,2779,,711,476,473,703,416,3413
6039,712,1187,1661,2322,2653,,712,475,474,661,331,3386
6039,711,1187,1659,2321,2656,,711,476,472,662,335,3383
6016,713,1187,1660,2323,2656,,713,474,473,663,333,3360
5932,711,1152,1603,2233,2572,,711,441,451,630,339,3360
6193,648,1099,1586,2299,2739,,648,451,487,713,440,3454
6346,721,1222,1738,2446,2856,,721,501,516,708,410,3490
6133,723,1224,1634,2348,2681,,723,501,410,714,333,3452
6323,713,1168,1690,2428,2814,,713,455,522,738,386,3509
6298,723,1224,1711,2424,2837,,723,501,487,713,413,3461
6247,726,1223,1710,2418,2782,,726,497,487,708,364,3465
6319,723,1201,1714,2424,2857,,723,478,513,710,433,3462
6394,752,1249,1765,2501,2937,,752,497,516,736,436,3457
6350,724,1223,1741,2448,2861,,724,499,518,707,413,3489
6318,723,1221,1710,2451,2859,,723,498,489,741,408,3459
6268,723,1223,1696,2383,2799,,723,500,473,687,416,3469
6180,712,1187,1659,2361,2751,,712,475,472,702,390,3429
6168,702,1174,1646,2349,2742,,702,472,472,703,393,3426
6324,713,1144,1666,2402,2834,,713,431,522,736,432,3490
6347,722,1223,1710,2453,2864,,722,501,487,743,411,3483
6295,724,1224,1712,2424,2814,,724,500,488,712,390,3481
6181,710,1147,1625,2312,2734,,710,437,478,687,422,3447
6040,711,1184,1656,2320,2674,,711,473,472,664,354,3366
6037,709,1185,1658,2320,2654,,709,476,473,662,334,3383
6008,712,1186,1652,2309,2656,,712,474,466,657,347,3352
5970,697,1107,1578,2246,2582,,697,410,471,668,336,3388
5988,710,1186,1659,2360,2657,,710,476,473,701,297,3331
6029,702,1176,1648,2351,2675,,702,474,472,703,324,3354
6246,713,1165,1658,2374,2785,,713,452,493,716,411,3461
6323,724,1225,1711,2424,2834,,724,501,486,713,410,3489
6346,724,1223,1741,2450,2860,,724,499,518,709,410,3486
6206,723,1170,1648,2361,2756,,723,447,478,713,395,3450
6041,713,1185,1659,2319,2676,,713,472,474,660,357,3365
6014,711,1188,1660,2322,2655,,711,477,472,662,333,3359
6039,711,1186,1658,2321,2657,,711,475,472,663,336,3382
6147,647,1088,1571,2275,2686,,647,441,483,704,411,3461
6346,723,1223,1711,2423,2835,,723,500,488,712,412,3511
6338,745,1241,1758,2467,2877,,745,496,517,709,410,3461
6348,723,1222,1704,2423,2866,,723,499,482,719,443,3482
6304,723,1252,1736,2449,2827,,723,529,484,713,378,3477
6119,712,1188,1659,2362,2740,,712,476,471,703,378,3379
6015,687,1162,1633,2297,2630,,687,475,471,664,333,3385
6014,717,1187,1659,2322,2655,,717,470,472,663,333,3359
5988,687,1162,1639,2296,2630,,687,475,477,657,334,3358
6079,713,1187,1659,2319,2658,,713,474,472,660,339,3421
6245,699,1145,1639,2350,2786,,699,446,494,711,436,3459
6396,750,1246,1736,2474,2907,,750,496,490,738,433,3489
6318,723,1252,1736,2475,2883,,723,529,484,739,408,3435
6318,722,1222,1711,2451,2858,,722,500,489,740,407,3460
6267,723,1221,1709,2421,2811,,723,498,488,712,390,3456
6317,722,1224,1711,2423,2861,,722,502,487,712,438,3456
6307,717,1186,1664,2390,2830,,717,469,478,726,440,3477
6439,748,1244,1760,2497,2990,,748,496,516,737,493,3449
6348,723,1224,1701,2406,2823,,723,501,477,705,417,3525
6091,649,1067,1476,2224,2646,,649,418,409,748,422,3445
6294,721,1222,1710,2401,2807,,721,501,488,691,406,3487
6346,725,1254,1740,2449,2861,,725,529,486,709,412,3485
6397,722,1251,1764,2502,2913,,722,529,513,738,411,3484
6321,724,1224,1711,2426,2833,,724,500,487,715,407,3488
6324,717,1205,1692,2405,2842,,717,488,487,713,437,3482
6319,723,1222,1739,2447,2858,,723,499,517,708,411,3461
6352,710,1183,1665,2373,2809,,710,473,482,708,436,3543
6372,722,1250,1734,2448,2882,,722,528,484,714,434,3490
6322,722,1222,1710,2423,2833,,722,500,488,713,410,3489
6368,723,1223,1712,2453,2915,,723,500,489,741,462,3453
6202,723,1221,1702,2400,2783,,723,498,481,698,383,3419
6279,713,1211,1682,2387,2804,,713,498,471,705,417,3475
6245,645,1177,1662,2374,2784,,645,532,485,712,410,3461
6324,698,1198,1688,2399,2810,,698,500,490,711,411,3514
6350,716,1205,1693,2406,2841,,716,489,488,713,435,3509
6372,752,1276,1788,2497,2907,,752,524,512,709,410,3465
6294,722,1252,1715,2423,2858,,722,530,463,708,435,3436
6394,722,1223,1739,2476,2937,,722,501,516,737,461,3457
6344,723,1222,1739,2447,2888,,723,499,517,708,441,3456
6341,756,1249,1736,2447,2886,,756,493,487,711,439,3455
6284,720,1220,1714,2406,2796,,720,500,494,692,390,3488
6179,714,1186,1657,2362,2753,,714,472,471,705,391,3426
5933,646,1113,1584,2206,2503,,646,467,471,622,297,3430
6093,713,1186,1617,2311,2707,,713,473,431,694,396,3386
6050,716,1190,1662,2325,2684,,716,474,472,663,359,3366
6046,713,1188,1660,2320,2656,,713,475,472,660,336,3390
6007,713,1188,1669,2311,2657,,713,475,481,642,346,3350
6016,711,1187,1659,2321,2655,,711,476,472,662,334,3361
6039,712,1188,1661,2322,2655,,712,476,473,661,333,3384
6001,713,1187,1661,2321,2654,,713,474,474,660,333,3347
6245,724,1172,1627,2350,2813,,724,448,455,723,463,3432
6292,724,1225,1712,2425,2834,,724,501,487,713,409,3458
6394,747,1248,1766,2473,2939,,747,501,518,707,466,3455
6371,722,1253,1737,2476,2908,,722,531,484,739,432,3463
6329,720,1221,1708,2421,2856,,720,501,487,713,435,3473
6342,751,1247,1764,2472,2882,,751,496,517,708,410,3460
6214,716,1234,1664,2370,2765,,716,518,430,706,395,3449
5936,711,1185,1620,2246,2578,,711,474,435,626,332,3358
5964,714,1188,1619,2246,2578,,714,474,431,627,332,3386
6054,709,1186,1655,2295,2629,,709,477,469,640,334,3425
6024,712,1187,1617,2311,2669,,712,475,430,694,358,3355
6141,699,1146,1624,2313,2729,,699,447,478,689,416,3412
6158,653,1103,1576,2287,2708,,653,450,473,711,421,3450
6079,687,1163,1633,2302,2697,,687,476,470,669,395,3382
6039,710,1185,1657,2319,2652,,710,475,472,662,333,3387
6044,713,1187,1659,2321,2655,,713,474,472,662,334,3389
6039,713,1187,1659,2321,2655,,713,474,472,662,334,3384
6013,712,1186,1657,2321,2654,,712,474,471,664,333,3359
6014,712,1190,1661,2322,2656,,712,478,471,661,334,3358
6017,711,1187,1657,2322,2659,,711,476,470,665,337,3358
6089,710,1185,1656,2359,2713,,710,475,471,703,354,3376
6063,716,1211,1684,2346,2679,,716,495,473,662,333,3384
6248,710,1143,1634,2347,2760,,710,433,491,713,413,3488
6288,752,1247,1764,2474,2907,,752,495,517,710,433,3381
6352,701,1235,1719,2459,2895,,701,534,484,740,436,3457
6420,722,1250,1763,2501,2937,,722,528,513,738,436,3483
6124,706,1171,1667,2369,2745,,706,465,496,702,376,3379
6012,712,1186,1656,2320,2656,,712,474,470,664,336,3356
6015,709,1183,1573,2284,2676,,709,474,390,711,392,3339
5939,713,1187,1616,2248,2579,,713,474,429,632,331,3360
5939,710,1144,1556,2192,2524,,710,434,412,636,332,3415
5933,706,1140,1552,2189,2522,,706,434,412,637,333,3411
5879,711,1143,1558,2192,2511,,711,432,415,634,319,3368
5940,714,1145,1560,2194,2537,,714,431,415,634,343,3403
5939,712,1144,1559,2193,2526,,712,432,415,634,333,3413
5938,711,1145,1558,2194,2527,,711,434,413,636,333,3411
5938,712,1145,1558,2197,2528,,712,433,413,639,331,3410
5937,709,1144,1557,2193,2527,,709,435,413,636,334,3410
5938,711,1170,1583,2219,2579,,711,459,413,636,360,3359
5939,713,1144,1559,2194,2528,,713,431,415,635,334,3411
5963,710,1166,1581,2217,2552,,710,456,415,636,335,3411
5938,712,1147,1556,2194,2529,,712,435,409,638,335,3409
5881,709,1142,1556,2199,2525,,709,433,414,643,326,3356
5939,713,1145,1557,2200,2531,,713,432,412,643,331,3408
5882,704,1138,1551,2188,2520,,704,434,413,637,332,3362
5940,712,1146,1558,2194,2529,,712,434,412,636,335,3411
5937,709,1144,1554,2189,2539,,709,435,410,635,350,3398
5938,710,1146,1556,2194,2528,,710,436,410,638,334,3410
5938,711,1137,1541,2168,2517,,711,426,404,627,349,3421
5864,670,1115,1532,2167,2502,,670,445,417,635,335,3362
5876,705,1127,1540,2177,2511,,705,422,413,637,334,3365
6183,711,1189,1662,2362,2754,,711,478,473,700,392,3429
6140,705,1156,1590,2295,2688,,705,451,434,705,393,3452
6131,718,1189,1621,2315,2685,,718,471,432,694,370,3446
6207,712,1195,1676,2388,2781,,712,483,481,712,393,3426
6177,712,1190,1660,2362,2777,,712,478,470,702,415,3400
6154,708,1186,1659,2325,2721,,708,478,473,666,396,3433
6209,714,1187,1659,2363,2783,,714,473,472,704,420,3426
6140,712,1186,1658,2362,2737,,712,474,472,704,375,3403
6206,712,1188,1658,2363,2780,,712,476,470,705,417,3426
6174,704,1193,1665,2370,2769,,704,489,472,705,399,3405
6208,715,1189,1660,2365,2779,,715,474,471,705,414,3429
6165,704,1155,1590,2295,2715,,704,451,435,705,420,3450
6105,712,1185,1615,2311,2664,,712,473,430,696,353,3441
6206,712,1185,1657,2362,2779,,712,473,472,705,417,3427
6207,712,1188,1660,2362,2778,,712,476,472,702,416,3429
6079,702,1184,1655,2359,2730,,702,482,471,704,371,3349
5935,711,1144,1580,2221,2553,,711,433,436,641,332,3382
6078,712,1146,1564,2235,2622,,712,434,418,671,387,3456
5956,723,1201,1608,2258,2606,,723,478,407,650,348,3350
5900,705,1156,1573,2205,2540,,705,451,417,632,335,3360
5948,714,1145,1581,2222,2554,,714,431,436,641,332,3394
5932,712,1144,1560,2209,2555,,712,432,416,649,346,3377
5947,714,1145,1562,2195,2517,,714,431,417,633,322,3430
5833,674,1111,1510,2140,2460,,674,437,399,630,320,3373
5941,712,1145,1559,2200,2529,,712,433,414,641,329,3412
5857,711,1139,1538,2165,2491,,711,428,399,627,326,3366
5865,715,1147,1558,2170,2507,,715,432,411,612,337,3358
5938,713,1145,1559,2195,2528,,713,432,414,636,333,3410
5944,712,1145,1561,2195,2529,,712,433,416,634,334,3415
6151,725,1226,1693,2378,2747,,725,501,467,685,369,3404
6320,724,1225,1714,2453,2885,,724,501,489,739,432,3435
6145,723,1224,1633,2301,2709,,723,501,409,668,408,3436
6294,725,1224,1712,2424,2828,,725,499,488,712,404,3466
6303,715,1197,1686,2398,2807,,715,482,489,712,409,3496
6303,728,1224,1710,2425,2834,,728,496,486,715,409,3469
6227,724,1224,1690,2399,2800,,724,500,466,709,401,3427
6311,723,1199,1687,2402,2809,,723,476,488,715,407,3502
6372,723,1222,1710,2452,2883,,723,499,488,742,431,3489
6044,675,1163,1635,2296,2653,,675,488,472,661,357,3391
5939,711,1143,1559,2193,2541,,711,432,416,634,348,3398
5935,708,1139,1557,2192,2527,,708,431,418,635,335,3408
6131,705,1152,1610,2313,2721,,705,447,458,703,408,3410
6319,725,1225,1712,2424,2861,,725,500,487,712,437,3458
6287,725,1216,1696,2400,2809,,725,491,480,704,409,3478
6292,721,1222,1711,2422,2832,,721,501,489,711,410,3460
6041,697,1135,1607,2313,2670,,697,438,472,706,357,3371
5939,712,1172,1605,2249,2578,,712,460,433,644,329,3361
5938,713,1147,1560,2194,2529,,713,434,413,634,335,3409
5893,671,1117,1534,2171,2504,,671,446,417,637,333,3389
6291,724,1224,1711,2403,2810,,724,500,487,692,407,3481
6280,726,1226,1713,2424,2837,,726,500,487,711,413,3443
6138,733,1263,1727,2408,2722,,733,530,464,681,314,3416
6298,724,1224,1712,2424,2834,,724,500,488,712,410,3464
6245,726,1228,1714,2370,2784,,726,502,486,656,414,3461
6315,700,1200,1688,2400,2836,,700,500,488,712,436,3479
6108,661,1117,1589,2289,2708,,661,456,472,700,419,3400
5939,713,1188,1616,2248,2579,,713,475,428,632,331,3360
5940,713,1146,1559,2195,2528,,713,433,413,636,333,3412
5965,712,1145,1560,2196,2528,,712,433,415,636,332,3437
5837,669,1092,1502,2141,2474,,669,423,410,639,333,3363
5938,711,1144,1559,2193,2527,,711,433,415,634,334,3411
5902,715,1145,1561,2196,2530,,715,430,416,635,334,3372
5943,712,1145,1557,2194,2516,,712,433,412,637,322,3427
5844,672,1094,1520,2144,2485,,672,422,426,624,341,3359
6183,713,1188,1660,2364,2754,,713,475,472,704,390,3429
6208,714,1189,1660,2363,2780,,714,475,471,703,417,3428
5915,716,1189,1660,2281,2573,,716,473,471,621,292,3342
6308,715,1214,1686,2388,2803,,715,499,472,702,415,3505
6206,713,1186,1657,2337,2753,,713,473,471,680,416,3453
6071,697,1188,1658,2363,2713,,697,491,470,705,350,3358
6233,717,1189,1662,2362,2780,,717,472,473,700,418,3453
6143,704,1196,1668,2349,2705,,704,492,472,681,356,3438
6321,724,1199,1716,2424,2835,,724,475,517,708,411,3486
6082,723,1224,1667,2310,2648,,723,501,443,643,338,3434
6142,712,1187,1659,2363,2754,,712,475,472,704,391,3388
6141,713,1189,1660,2364,2739,,713,476,471,704,375,3402
6139,711,1186,1657,2362,2738,,711,475,471,705,376,3401
6164,712,1186,1656,2363,2757,,712,474,470,707,394,3407
6165,711,1189,1661,2363,2780,,711,478,472,702,417,3385
6219,661,1149,1637,2350,2760,,661,488,488,713,410,3459
6320,724,1224,1710,2424,2834,,724,500,486,714,410,3486
6294,723,1226,1711,2403,2809,,723,503,485,692,406,3485
6318,723,1223,1711,2423,2833,,723,500,488,712,410,3485
6041,720,1222,1631,2262,2582,,720,502,409,631,320,3459
6294,723,1224,1712,2423,2835,,723,501,488,711,412,3459
6075,725,1225,1634,2267,2612,,725,500,409,633,345,3463
6319,724,1223,1711,2425,2858,,724,499,488,714,433,3461
6296,724,1225,1712,2425,2834,,724,501,487,713,409,3462
6280,725,1200,1688,2400,2810,,725,475,488,712,410,3470
6289,724,1224,1712,2402,2809,,724,500,488,690,407,3480
6350,712,1203,1688,2402,2811,,712,491,485,714,409,3539
6069,676,1155,1628,2330,2722,,676,479,473,702,392,3347
6210,714,1188,1660,2365,2782,,714,474,472,705,417,3428
6067,714,1190,1661,2333,2681,,714,476,471,672,348,3386
6161,713,1187,1658,2364,2755,,713,474,471,706,391,3406
6166,713,1190,1662,2363,2755,,713,477,472,701,392,3411
6142,713,1189,1660,2365,2756,,713,476,471,705,391,3386
6115,713,1187,1659,2364,2715,,713,474,472,705,351,3400
6042,719,1147,1627,2314,2666,,719,428,480,687,352,3376
6159,715,1141,1612,2314,2710,,715,426,471,702,396,3449
6115,714,1188,1661,2362,2712,,714,474,473,701,350,3403
6145,712,1187,1660,2320,2699,,712,475,473,660,379,3446
6350,699,1199,1688,2428,2835,,699,500,489,740,407,3515
6331,751,1247,1734,2415,2834,,751,496,487,681,419,3497
6191,714,1187,1659,2363,2778,,714,473,472,704,415,3413
6071,712,1189,1660,2332,2709,,712,477,471,672,377,3362
6095,714,1189,1661,2363,2714,,714,475,472,702,351,3381
6095,714,1190,1662,2366,2715,,714,476,472,704,349,3380
6080,674,1098,1583,2291,2641,,674,424,485,708,350,3439
6197,699,1134,1672,2355,2761,,699,435,538,683,406,3436
6294,723,1198,1687,2398,2809,,723,475,489,711,411,3485
6202,716,1205,1724,2430,2763,,716,489,519,706,333,3439
6319,723,1252,1737,2448,2859,,723,529,485,711,411,3460
6214,716,1235,1684,2369,2778,,716,519,449,685,409,3436
6166,713,1189,1661,2363,2780,,713,476,472,702,417,3386
6083,713,1187,1657,2374,2722,,713,474,470,717,348,3361
6093,713,1187,1658,2364,2713,,713,474,471,706,349,3380
6009,712,1187,1660,2315,2655,,712,475,473,655,340,3354
6123,714,1187,1658,2339,2720,,714,473,471,681,381,3403
6044,712,1187,1660,2321,2676,,712,475,473,661,355,3368
5967,712,1146,1581,2244,2581,,712,434,435,663,337,3386
6098,714,1162,1632,2337,2713,,714,448,470,705,376,3385
6205,714,1188,1659,2363,2762,,714,474,471,704,399,3443
6303,714,1232,1717,2430,2820,,714,518,485,713,390,3483
6319,724,1224,1711,2425,2835,,724,500,487,714,410,3484
6321,752,1249,1716,2424,2864,,752,497,467,708,440,3457
6350,723,1225,1711,2422,2834,,723,502,486,711,412,3516
6373,722,1223,1713,2452,2884,,722,501,490,739,432,3489
6347,752,1248,1736,2450,2859,,752,496,488,714,409,3488
6273,725,1205,1663,2376,2786,,725,480,458,713,410,3487
6399,729,1225,1741,2450,2915,,729,496,516,709,465,3484
6196,630,1043,1523,2248,2712,,630,413,480,725,464,3484
6344,755,1249,1738,2450,2888,,755,494,489,712,438,3456
5993,703,1176,1647,2328,2652,,703,473,471,681,324,3341
6168,714,1189,1661,2365,2782,,714,475,472,704,417,3386
6072,712,1189,1659,2361,2703,,712,477,470,702,342,3369
6116,713,1187,1657,2363,2738,,713,474,470,706,375,3378
6092,713,1187,1657,2361,2712,,713,474,470,704,351,3380
6044,713,1188,1660,2323,2676,,713,475,472,663,353,3368
6033,711,1186,1666,2312,2676,,711,475,480,646,364,3357
6041,713,1188,1619,2272,2632,,713,475,431,653,360,3409
6231,717,1127,1618,2331,2766,,717,410,491,713,435,3465
6297,725,1224,1712,2425,2834,,725,499,488,713,409,3463
6193,752,1247,1735,2416,2784,,752,495,488,681,368,3409
6121,716,1189,1662,2367,2761,,716,473,473,705,394,3360
6090,715,1191,1663,2364,2715,,715,476,472,701,351,3375
6044,714,1188,1659,2322,2678,,714,474,471,663,356,3366
6069,713,1188,1659,2322,2679,,713,475,471,663,357,3390
6069,714,1188,1660,2323,2679,,714,474,472,663,356,3390
6122,673,1122,1558,2242,2678,,673,449,436,684,436,3444
6267,724,1224,1743,2429,2811,,724,500,519,686,382,3456
6382,702,1184,1683,2383,2846,,702,482,499,700,463,3536
6320,723,1224,1713,2423,2835,,723,501,489,710,412,3485
6374,753,1279,1792,2559,2942,,753,526,513,767,383,3432
6120,715,1190,1664,2365,2743,,715,475,474,701,378,3377
6019,713,1189,1660,2326,2657,,713,476,471,666,331,3362
6017,714,1189,1660,2323,2658,,714,475,471,663,335,3359
5964,699,1187,1618,2248,2580,,699,488,431,630,332,3384
6017,711,1187,1617,2270,2608,,711,476,430,653,338,3409
6318,724,1197,1660,2403,2836,,724,473,463,743,433,3482
6323,752,1248,1736,2449,2858,,752,496,488,713,409,3465
6158,675,1159,1579,2282,2693,,675,484,420,703,411,3465
6320,728,1224,1712,2454,2888,,728,496,488,742,434,3432
6244,675,1202,1686,2378,2783,,675,527,484,692,405,3461
6296,725,1224,1712,2425,2836,,725,499,488,713,411,3460
6232,724,1225,1742,2429,2798,,724,501,517,687,369,3434
5916,713,1189,1660,2283,2575,,713,476,471,623,292,3341
6181,711,1187,1660,2361,2752,,711,476,473,701,391,3429
6176,713,1189,1659,2360,2757,,713,476,470,701,397,3419
6091,712,1188,1659,2363,2754,,712,476,471,704,391,3337
6203,670,1159,1631,2335,2752,,670,489,472,704,417,3451
6145,655,1126,1598,2300,2694,,655,471,472,702,394,3451
6168,713,1189,1684,2387,2762,,713,476,495,703,375,3406
6144,674,1165,1637,2341,2735,,674,491,472,704,394,3409
6142,713,1187,1660,2364,2739,,713,474,473,704,375,3403
6144,715,1189,1661,2364,2740,,715,474,472,703,376,3404
6141,714,1189,1660,2364,2740,,714,475,471,704,376,3401
6141,713,1190,1662,2364,2757,,713,477,472,702,393,3384
6141,713,1188,1660,2364,2755,,713,475,472,704,391,3386
6108,716,1214,1687,2360,2728,,716,498,473,673,368,3380
6091,675,1123,1603,2315,2692,,675,448,480,712,377,3399
6159,669,1139,1610,2314,2734,,669,470,471,704,420,3425
6168,714,1190,1685,2389,2768,,714,476,495,704,379,3400
6118,713,1142,1613,2313,2708,,713,429,471,700,395,3410
6116,714,1188,1660,2366,2756,,714,474,472,706,390,3360
6098,688,1163,1636,2338,2715,,688,475,473,702,377,3383
6094,715,1191,1663,2365,2715,,715,476,472,702,350,3379
6091,713,1189,1661,2364,2713,,713,476,472,703,349,3378
6094,713,1189,1659,2364,2714,,713,476,470,705,350,3380
6076,715,1190,1662,2364,2710,,715,475,472,702,346,3366
6117,676,1123,1603,2317,2711,,676,447,480,714,394,3406
6134,676,1163,1634,2338,2758,,676,487,471,704,420,3376
6141,712,1188,1659,2364,2755,,712,476,471,705,391,3386
6246,697,1135,1646,2350,2791,,697,438,511,704,441,3455
6295,728,1226,1713,2425,2836,,728,498,487,712,411,3459
6320,752,1248,1737,2478,2863,,752,496,489,741,385,3457
6348,724,1224,1740,2448,2860,,724,500,516,708,412,3488
6373,724,1252,1767,2473,2886,,724,528,515,706,413,3487
6297,727,1224,1713,2425,2835,,727,497,489,712,410,3462
6294,724,1225,1712,2423,2812,,724,501,487,711,389,3482
6320,711,1200,1688,2400,2839,,711,489,488,712,439,3481
6106,715,1190,1638,2282,2675,,715,475,448,644,393,3431
6143,715,1189,1660,2364,2739,,715,474,471,704,375,3404
6069,713,1187,1643,2338,2689,,713,474,456,695,351,3380
6091,712,1189,1660,2363,2713,,712,477,471,703,350,3378
6084,713,1188,1660,2364,2735,,713,475,472,704,371,3349
6094,715,1191,1663,2365,2716,,715,476,472,702,351,3378
6093,712,1188,1660,2362,2712,,712,476,472,702,350,3381
6119,714,1189,1661,2366,2740,,714,475,472,705,374,3379
6055,713,1186,1665,2335,2699,,713,473,479,670,364,3356
5992,673,1123,1602,2272,2628,,673,450,479,670,356,3364
6067,671,1128,1602,2314,2693,,671,457,474,712,379,3374
6045,713,1188,1659,2322,2680,,713,475,471,663,358,3365
6189,712,1212,1688,2388,2784,,712,500,476,700,396,3405
6093,713,1188,1660,2364,2713,,713,475,472,704,349,3380
6096,713,1190,1663,2364,2713,,713,477,473,701,349,3383
6118,714,1190,1664,2367,2743,,714,476,474,703,376,3375
6097,713,1189,1661,2363,2713,,713,476,472,702,350,3384
6032,714,1190,1660,2319,2672,,714,476,470,659,353,3360
6049,713,1189,1662,2322,2678,,713,476,473,660,356,3371
5948,648,1071,1551,2197,2552,,648,423,480,646,355,3396
6263,697,1159,1642,2352,2761,,697,462,483,710,409,3502
6321,726,1225,1713,2426,2836,,726,499,488,713,410,3485
6307,726,1254,1709,2413,2833,,726,528,455,704,420,3474
6103,714,1188,1660,2365,2714,,714,474,472,705,349,3389
6045,714,1188,1660,2321,2679,,714,474,472,661,358,3366
6041,719,1214,1685,2347,2682,,719,495,471,662,335,3359
6016,714,1188,1658,2325,2657,,714,474,470,667,332,3359
6017,714,1189,1660,2322,2658,,714,475,471,662,336,3359
5971,700,1188,1617,2249,2582,,700,488,429,632,333,3389
6006,672,1120,1559,2198,2532,,672,448,439,639,334,3474
6170,673,1121,1611,2322,2721,,673,448,490,711,399,3449
6296,724,1224,1713,2424,2835,,724,500,489,711,411,3461
6319,724,1224,1740,2449,2858,,724,500,516,709,409,3461
6294,724,1223,1712,2423,2835,,724,499,489,711,412,3459
6324,726,1226,1714,2426,2837,,726,500,488,712,411,3487
6320,724,1224,1741,2448,2858,,724,500,517,707,410,3462
6320,726,1225,1712,2425,2836,,726,499,487,713,411,3484
6267,726,1225,1713,2405,2811,,726,499,488,692,406,3456
6320,727,1226,1713,2426,2861,,727,499,487,713,435,3459
6294,726,1224,1713,2424,2835,,726,498,489,711,411,3459
6209,700,1189,1661,2364,2763,,700,489,472,703,399,3446
6214,698,1171,1642,2345,2762,,698,473,471,703,417,3452
6154,716,1190,1662,2349,2750,,716,474,472,687,401,3404
5941,714,1189,1620,2249,2580,,714,475,431,629,331,3361
5944,715,1146,1561,2197,2529,,715,431,415,636,332,3415
5939,713,1148,1560,2197,2529,,713,435,412,637,332,3410
5940,712,1146,1559,2196,2529,,712,434,413,637,333,3411
5866,688,1123,1534,2171,2505,,688,435,411,637,334,3361
5943,712,1146,1560,2195,2530,,712,434,414,635,335,3413
5940,714,1148,1560,2196,2531,,714,434,412,636,335,3409
5933,714,1148,1567,2191,2534,,714,434,419,624,343,3399
5946,715,1150,1563,2196,2529,,715,435,413,633,333,3417
5936,713,1144,1560,2195,2540,,713,431,416,635,345,3396
5944,715,1148,1562,2198,2531,,715,433,414,636,333,3413
5946,713,1148,1561,2197,2529,,713,435,413,636,332,3417
5940,713,1146,1562,2197,2529,,713,433,416,635,332,3411
5939,711,1147,1560,2198,2528,,711,436,413,638,330,3411
5842,674,1120,1524,2147,2480,,674,446,404,623,333,3362
5943,714,1148,1562,2199,2537,,714,434,414,637,338,3406
5944,714,1147,1561,2198,2530,,714,433,414,637,332,3414
5932,713,1147,1559,2191,2536,,713,434,412,632,345,3396
5944,715,1149,1561,2198,2529,,715,434,412,637,331,3415
5944,714,1146,1565,2200,2531,,714,432,419,635,331,3413
5840,673,1096,1511,2147,2480,,673,423,415,636,333,3360
5948,714,1147,1560,2197,2530,,714,433,413,637,333,3418
5941,713,1146,1560,2198,2529,,713,433,414,638,331,3412
5941,714,1149,1560,2198,2532,,714,435,411,638,334,3409
5930,712,1146,1560,2195,2537,,712,434,414,635,342,3393
5961,705,1164,1577,2212,2560,,705,459,413,635,348,3401
5940,714,1146,1560,2197,2532,,714,432,414,637,335,3408
5944,713,1147,1559,2204,2558,,713,434,412,645,354,3386
5941,712,1146,1563,2197,2530,,712,434,417,634,333,3411
5945,716,1147,1562,2196,2531,,716,431,415,634,335,3414
5940,713,1147,1559,2196,2530,,713,434,412,637,334,3410
5948,714,1145,1561,2195,2519,,714,431,416,634,324,3429
5939,712,1145,1560,2195,2530,,712,433,415,635,335,3409
5938,713,1145,1560,2194,2528,,713,432,415,634,334,3410
5940,713,1146,1560,2196,2530,,713,433,414,636,334,3410
5944,713,1148,1562,2196,2531,,713,435,414,634,335,3413
6014,713,1186,1658,2320,2657,,713,473,472,662,337,3357
5788,633,1046,1442,2070,2413,,633,413,396,628,343,3375
5743,629,1027,1422,2051,2396,,629,398,395,629,345,3347
6184,706,1191,1664,2366,2758,,706,485,473,702,392,3426
6105,707,1177,1650,2352,2702,,707,470,473,702,350,3403
6182,714,1189,1661,2364,2756,,714,475,472,703,392,3426
6167,715,1190,1661,2364,2756,,715,475,471,703,392,3411
6192,714,1193,1664,2364,2782,,714,479,471,700,418,3410
6141,714,1189,1661,2364,2742,,714,475,472,703,378,3399
6170,714,1190,1686,2391,2785,,714,476,496,705,394,3385
6167,719,1190,1662,2365,2783,,719,471,472,703,418,3384
6117,715,1189,1662,2364,2717,,715,474,473,702,353,3400
6144,716,1191,1663,2364,2740,,716,475,472,701,376,3404
6098,714,1191,1663,2364,2716,,714,477,472,701,352,3382
6140,715,1190,1663,2365,2739,,715,475,473,702,374,3401
6141,712,1187,1659,2363,2740,,712,475,472,704,377,3401
6095,714,1189,1662,2366,2717,,714,475,473,704,351,3378
6147,714,1189,1661,2366,2742,,714,475,472,705,376,3405
6118,715,1215,1687,2391,2741,,715,500,472,704,350,3377
6120,714,1189,1661,2365,2740,,714,475,472,704,375,3380
6045,713,1189,1661,2320,2681,,713,476,472,659,361,3364
6195,711,1148,1602,2304,2738,,711,437,454,702,434,3457
6318,724,1224,1711,2424,2834,,724,500,487,713,410,3484
6297,725,1226,1743,2450,2840,,725,501,517,707,390,3457
6321,725,1219,1712,2426,2860,,725,494,493,714,434,3461
6232,728,1226,1714,2425,2799,,728,498,488,711,374,3433
6143,713,1189,1661,2363,2756,,713,476,472,702,393,3387
6070,715,1191,1661,2323,2681,,715,476,470,662,358,3389
6156,713,1190,1660,2365,2715,,713,477,470,705,350,3441
6048,714,1189,1660,2323,2679,,714,475,471,663,356,3369
6093,713,1188,1661,2364,2713,,713,475,473,703,349,3380
6085,714,1189,1662,2377,2722,,714,475,473,715,345,3363
6095,715,1189,1661,2366,2717,,715,474,472,705,351,3378
6049,715,1190,1662,2329,2680,,715,475,472,667,351,3369
6044,714,1189,1661,2324,2677,,714,475,472,663,353,3367
6047,714,1189,1662,2324,2678,,714,475,473,662,354,3369
6016,700,1188,1660,2321,2658,,700,488,472,661,337,3358
6094,713,1214,1687,2351,2703,,713,501,473,664,352,3391
6038,714,1189,1660,2323,2677,,714,475,471,663,354,3361
6035,705,1183,1655,2314,2670,,705,478,472,659,356,3365
6019,712,1188,1662,2322,2656,,712,476,474,660,334,3363
6045,715,1188,1659,2323,2662,,715,473,471,664,339,3383
6017,716,1188,1661,2323,2658,,716,472,473,662,335,3359
6021,715,1189,1660,2323,2658,,715,474,471,663,335,3363
5970,656,1140,1613,2249,2583,,656,484,473,636,334,3387
6019,713,1189,1615,2249,2580,,713,476,426,634,331,3439
5943,715,1190,1660,2284,2604,,715,475,470,624,320,3339
6015,713,1188,1659,2320,2657,,713,475,471,661,337,3358
5946,715,1189,1622,2249,2581,,715,474,433,627,332,3365
6082,713,1213,1682,2323,2655,,713,500,469,641,332,3427
6033,715,1189,1617,2249,2583,,715,474,428,632,334,3450
5915,714,1190,1661,2269,2559,,714,476,471,608,290,3356
6088,715,1188,1658,2365,2717,,715,473,470,707,352,3371
6088,688,1163,1634,2339,2691,,688,475,471,705,352,3397
6094,715,1190,1660,2365,2714,,715,475,470,705,349,3380
6072,713,1188,1659,2339,2689,,713,475,471,680,350,3383
6095,713,1187,1657,2363,2712,,713,474,470,706,349,3383
6117,713,1189,1660,2365,2738,,713,476,471,705,373,3379
6098,714,1191,1688,2349,2706,,714,477,497,661,357,3392
6045,713,1188,1658,2323,2678,,713,475,470,665,355,3367
6094,714,1188,1658,2363,2713,,714,474,470,705,350,3381
6079,713,1189,1660,2350,2699,,713,476,471,690,349,3380
6099,715,1187,1660,2364,2713,,715,472,473,704,349,3386
6098,713,1188,1660,2362,2736,,713,475,472,702,374,3362
6090,710,1187,1658,2361,2711,,710,477,471,703,350,3379
6118,713,1188,1660,2365,2741,,713,475,472,705,376,3377
6346,756,1250,1737,2451,2887,,756,494,487,714,436,3459
6319,725,1224,1711,2423,2834,,725,499,487,712,411,3485
6321,725,1225,1714,2425,2859,,725,500,489,711,434,3462
6320,726,1226,1714,2425,2836,,726,500,488,711,411,3484
6320,724,1225,1712,2426,2835,,724,501,487,714,409,3485
6209,725,1256,1739,2382,2759,,725,531,483,643,377,3450
6168,714,1190,1661,2365,2781,,714,476,471,704,416,3387
6050,717,1191,1663,2324,2680,,717,474,472,661,356,3370
6117,718,1192,1675,2389,2740,,718,474,483,714,351,3377
6022,715,1188,1659,2323,2658,,715,473,471,664,335,3364
6017,714,1189,1661,2323,2657,,714,475,472,662,334,3360
5972,700,1190,1642,2277,2607,,700,490,452,635,330,3365
6106,713,1186,1656,2320,2658,,713,473,470,664,338,3448
6229,713,1187,1658,2361,2778,,713,474,471,703,417,3451
6208,714,1189,1661,2364,2757,,714,475,472,703,393,3451
6207,712,1190,1660,2362,2778,,712,478,470,702,416,3429
6140,713,1187,1658,2366,2757,,713,474,471,708,391,3383
6181,713,1187,1658,2363,2755,,713,474,471,705,392,3426
6183,713,1189,1661,2364,2755,,713,476,472,703,391,3428
6153,713,1189,1659,2364,2757,,713,476,470,705,393,3396
6232,714,1189,1661,2363,2779,,714,475,472,702,416,3453
6183,714,1189,1661,2363,2754,,714,475,472,702,391,3429
6191,715,1190,1662,2365,2784,,715,475,472,703,419,3407
6207,715,1190,1661,2363,2757,,715,475,471,702,394,3450
6183,714,1190,1662,2364,2756,,714,476,472,702,392,3427
6148,717,1189,1660,2364,2756,,717,472,471,704,392,3392
6208,715,1188,1659,2365,2783,,715,473,471,706,418,3425
6233,715,1188,1658,2365,2781,,715,473,470,707,416,3452
6185,700,1189,1659,2366,2760,,700,489,470,707,394,3425
6121,714,1188,1660,2362,2754,,714,474,472,702,392,3367
6207,713,1188,1658,2365,2784,,713,475,470,707,419,3423
6209,713,1188,1658,2364,2757,,713,475,470,706,393,3452
6209,714,1189,1659,2364,2757,,714,475,470,705,393,3452
6181,713,1188,1659,2364,2756,,713,475,471,705,392,3425
6208,714,1188,1658,2363,2779,,714,474,470,705,416,3429
6155,713,1187,1658,2363,2763,,713,474,471,705,400,3392
6184,713,1189,1659,2365,2756,,713,476,470,706,391,3428
6182,715,1191,1663,2366,2756,,715,476,472,703,390,3426
6192,703,1173,1651,2349,2769,,703,470,478,698,420,3423
6200,715,1191,1664,2366,2757,,715,476,473,702,391,3443
6231,726,1223,1711,2398,2795,,726,497,488,687,397,3436
6208,714,1189,1659,2364,2782,,714,475,470,705,418,3426
6209,713,1190,1660,2364,2757,,713,477,470,704,393,3452
6184,713,1189,1663,2364,2755,,713,476,474,701,391,3429
6206,712,1188,1658,2361,2778,,712,476,470,703,417,3428
6145,714,1186,1658,2361,2753,,714,472,472,703,392,3392
6186,715,1190,1660,2364,2754,,715,475,470,704,390,3432
6174,715,1190,1660,2367,2758,,715,475,470,707,391,3416
6161,690,1164,1634,2340,2730,,690,474,470,706,390,3431
6215,713,1190,1661,2365,2780,,713,477,471,704,415,3435
6234,715,1189,1661,2365,2782,,715,474,472,704,417,3452
6183,715,1188,1659,2365,2756,,715,473,471,706,391,3427
6210,715,1189,1661,2364,2781,,715,474,472,703,417,3429
6197,714,1188,1659,2365,2781,,714,474,471,706,416,3416
6207,713,1189,1659,2363,2778,,713,476,470,704,415,3429
6170,714,1190,1661,2364,2781,,714,476,471,703,417,3389
6209,715,1190,1662,2365,2781,,715,475,472,703,416,3428
6201,714,1189,1659,2364,2755,,714,475,470,705,391,3446
6185,714,1189,1659,2365,2756,,714,475,470,706,391,3429
6233,715,1188,1659,2364,2783,,715,473,471,705,419,3450
6233,713,1188,1662,2363,2778,,713,475,474,701,415,3455
6184,714,1189,1661,2364,2756,,714,475,472,703,392,3428
6209,715,1189,1662,2366,2781,,715,474,473,704,415,3428
6233,713,1189,1662,2363,2780,,713,476,473,701,417,3453
6209,713,1188,1659,2363,2779,,713,475,471,704,416,3430
6195,714,1189,1659,2364,2781,,714,475,470,705,417,3414
6170,705,1175,1647,2350,2740,,705,470,472,703,390,3430
6185,714,1189,1661,2364,2758,,714,475,472,703,394,3427
6210,698,1164,1660,2365,2785,,698,466,496,705,420,3425
6209,715,1192,1663,2366,2757,,715,477,471,703,391,3452
6209,717,1190,1659,2365,2759,,717,473,469,706,394,3450
6157,714,1190,1660,2328,2725,,714,476,470,668,397,3432
6217,702,1197,1667,2373,2766,,702,495,470,706,393,3451
6322,726,1227,1715,2427,2836,,726,501,488,712,409,3486
6322,726,1226,1714,2426,2836,,726,500,488,712,410,3486
6320,725,1254,1739,2450,2866,,725,529,485,711,416,3454
6322,726,1202,1690,2402,2864,,726,476,488,712,462,3458
6325,723,1224,1740,2448,2885,,723,501,516,708,437,3440
6320,725,1225,1712,2412,2844,,725,500,487,700,432,3476
6322,725,1225,1714,2425,2836,,725,500,489,711,411,3486
6320,724,1224,1712,2424,2835,,724,500,488,712,411,3485
6321,755,1250,1738,2450,2859,,755,495,488,712,409,3462
6241,725,1201,1688,2400,2809,,725,476,487,712,409,3432
6330,725,1225,1713,2455,2886,,725,500,488,742,431,3444
6153,725,1225,1692,2376,2761,,725,500,467,684,385,3392
6208,714,1191,1665,2365,2782,,714,477,474,700,417,3426
6235,703,1191,1664,2367,2785,,703,488,473,703,418,3450
6211,716,1191,1663,2363,2779,,716,475,472,700,416,3432
6200,706,1183,1654,2356,2749,,706,477,471,702,393,3451
6093,714,1188,1660,2363,2712,,714,474,472,703,349,3381
6042,716,1213,1685,2347,2684,,716,497,472,662,337,3358
5966,716,1217,1647,2274,2608,,716,501,430,627,334,3358
6017,701,1189,1661,2322,2658,,701,488,472,661,336,3359
6184,716,1189,1663,2365,2757,,716,473,474,702,392,3427
6125,704,1194,1666,2370,2746,,704,490,472,704,376,3379
6017,717,1192,1665,2323,2659,,717,475,473,658,336,3358
5938,688,1163,1593,2225,2556,,688,475,430,632,331,3382
6042,700,1192,1663,2325,2661,,700,492,471,662,336,3381
6185,716,1189,1662,2369,2740,,716,473,473,707,371,3445
6093,716,1190,1662,2366,2717,,716,474,472,704,351,3376
6041,714,1188,1660,2323,2658,,714,474,472,663,335,3383
5967,715,1192,1622,2247,2582,,715,477,430,625,335,3385
6041,715,1190,1662,2321,2661,,715,475,472,659,340,3380
6019,714,1189,1661,2366,2665,,714,475,472,705,299,3354
6053,705,1173,1646,2307,2664,,705,468,473,661,357,3389
6023,715,1189,1662,2323,2658,,715,474,473,661,335,3365
5968,701,1190,1618,2249,2584,,701,489,428,631,335,3384
6002,700,1174,1648,2309,2644,,700,474,474,661,335,3358
6207,713,1189,1662,2363,2784,,713,476,473,701,421,3423
6093,712,1186,1658,2361,2710,,712,474,472,703,349,3383
5966,704,1189,1621,2248,2581,,704,485,432,627,333,3385
5965,701,1188,1618,2247,2580,,701,487,430,629,333,3385
6029,696,1169,1639,2301,2663,,696,473,470,662,362,3366
6183,715,1188,1658,2340,2757,,715,473,470,682,417,3426
6130,704,1175,1671,2375,2751,,704,471,496,704,376,3379
6020,701,1187,1659,2320,2658,,701,486,472,661,338,3362
5967,702,1164,1591,2223,2555,,702,462,427,632,332,3412
6026,699,1174,1648,2307,2642,,699,475,474,659,335,3384
6185,718,1191,1663,2367,2759,,718,473,472,704,392,3426
6117,713,1189,1661,2363,2737,,713,476,472,702,374,3380
5966,701,1189,1619,2248,2582,,701,488,430,629,334,3384
5964,712,1187,1615,2246,2579,,712,475,428,631,333,3385
6127,698,1170,1609,2316,2691,,698,472,439,707,375,3436
6298,704,1201,1689,2402,2837,,704,497,488,713,435,3461
6323,728,1227,1715,2429,2863,,728,499,488,714,434,3460
6329,726,1227,1714,2427,2837,,726,501,487,713,410,3492
6070,713,1156,1630,2341,2694,,713,443,474,711,353,3376
6039,702,1189,1661,2320,2657,,702,487,472,659,337,3382
6153,670,1160,1633,2335,2727,,670,490,473,702,392,3426
6143,714,1189,1686,2388,2762,,714,475,497,702,374,3381
5965,699,1189,1620,2248,2580,,699,490,431,628,332,3385
5964,713,1187,1617,2246,2579,,713,474,430,629,333,3385
5968,699,1194,1622,2255,2585,,699,495,428,633,330,3383
6234,715,1193,1664,2365,2780,,715,478,471,701,415,3454
6093,715,1190,1663,2365,2717,,715,475,473,702,352,3376
5967,702,1187,1616,2248,2579,,702,485,429,632,331,3388
5967,701,1190,1624,2250,2581,,701,489,434,626,331,3386
6077,700,1177,1648,2351,2700,,700,477,471,703,349,3377
6176,706,1172,1645,2356,2747,,706,466,473,711,391,3429
6093,715,1188,1658,2364,2712,,715,473,470,706,348,3381
5966,700,1191,1620,2250,2581,,700,491,429,630,331,3385
5964,700,1186,1614,2246,2580,,700,486,428,632,334,3384
6024,697,1170,1640,2303,2660,,697,473,470,663,357,3364
6210,716,1190,1660,2366,2783,,716,474,470,706,417,3427
6118,715,1191,1663,2366,2741,,715,476,472,703,375,3377
5967,700,1189,1618,2248,2579,,700,489,429,630,331,3388
6086,701,1188,1593,2281,2652,,701,487,405,688,371,3434
6323,727,1226,1717,2427,2836,,727,499,491,710,409,3487
6185,715,1148,1628,2341,2762,,715,433,480,713,421,3423
6268,716,1215,1688,2390,2813,,716,499,473,702,423,3455
6013,711,1186,1659,2318,2654,,711,475,473,659,336,3359
5964,701,1187,1615,2248,2580,,701,486,428,633,332,3384
5947,700,1169,1638,2238,2559,,700,469,469,600,321,3388
6185,715,1192,1665,2366,2756,,715,477,473,701,390,3429
6043,689,1163,1635,2339,2687,,689,474,472,704,348,3356
5967,688,1161,1592,2223,2554,,688,473,431,631,331,3413
5959,701,1149,1584,2244,2591,,701,448,435,660,347,3368
5953,704,1178,1648,2271,2590,,704,474,470,623,319,3363
6186,717,1192,1671,2366,2761,,717,475,479,695,395,3425
6095,716,1189,1660,2365,2714,,716,473,471,705,349,3381
6017,713,1188,1659,2322,2657,,713,475,471,663,335,3360
5965,702,1189,1617,2248,2581,,702,487,428,631,333,3384
5960,698,1169,1639,2262,2556,,698,471,470,623,294,3404
6246,716,1147,1639,2352,2788,,716,431,492,713,436,3458
6323,699,1176,1664,2377,2812,,699,477,488,713,435,3511
6325,715,1205,1690,2403,2812,,715,490,485,713,409,3513
6306,728,1226,1692,2401,2811,,728,498,466,709,410,3495
6321,727,1228,1714,2426,2837,,727,501,486,712,411,3484
6310,721,1217,1689,2391,2810,,721,496,472,702,419,3500
6068,713,1188,1661,2323,2679,,713,475,473,662,356,3389
6056,713,1187,1592,2220,2620,,713,474,405,628,400,3436
5906,671,1097,1507,2144,2475,,671,426,410,637,331,3431
6023,715,1190,1661,2365,2689,,715,475,471,704,324,3334
5894,641,1118,1547,2177,2512,,641,477,429,630,335,3382
6009,675,1164,1591,2223,2557,,675,489,427,632,334,3452
6143,715,1190,1662,2364,2781,,715,475,472,702,417,3362
5985,705,1190,1618,2270,2617,,705,485,428,652,347,3368
6049,715,1192,1664,2322,2660,,715,477,472,658,338,3389
6108,691,1164,1555,2266,2657,,691,473,391,711,391,3451
6041,715,1189,1660,2323,2657,,715,474,471,663,334,3384
5978,702,1176,1606,2236,2567,,702,474,430,630,331,3411
5966,700,1188,1616,2250,2580,,700,488,428,634,330,3386
6016,715,1189,1660,2322,2657,,715,474,471,662,335,3359
5993,715,1188,1618,2250,2581,,715,473,430,632,331,3412
6034,714,1189,1618,2249,2583,,714,475,429,631,334,3451
6046,717,1190,1661,2325,2682,,717,473,471,664,357,3364
5960,701,1166,1593,2224,2562,,701,465,427,631,338,3398
6004,704,1179,1652,2310,2649,,704,475,473,658,339,3355
5982,605,990,1464,2173,2589,,605,385,474,709,416,3393
6109,704,1179,1652,2355,2731,,704,475,473,703,376,3378
5972,701,1171,1601,2234,2563,,701,470,430,633,329,3409
5965,701,1187,1616,2246,2579,,701,486,429,630,333,3386
5996,698,1169,1641,2301,2638,,698,471,472,660,337,3358
6235,715,1189,1662,2365,2782,,715,474,473,703,417,3453
5992,715,1158,1630,2298,2634,,715,443,472,668,336,3358
5990,702,1190,1595,2220,2556,,702,488,405,625,336,3434
5978,673,1099,1508,2146,2522,,673,426,409,638,376,3456
6187,709,1204,1692,2404,2794,,709,495,488,712,390,3393
6087,713,1148,1591,2248,2652,,713,435,443,657,404,3435
6271,718,1215,1686,2390,2807,,718,497,471,704,417,3464
5974,706,1199,1629,2259,2589,,706,493,430,630,330,3385
5964,713,1188,1618,2245,2580,,713,475,430,627,335,3384
6021,697,1170,1641,2304,2638,,697,473,471,663,334,3383
6234,716,1189,1661,2365,2783,,716,473,472,704,418,3451
6095,726,1180,1653,2341,2719,,726,454,473,688,378,3376
5995,700,1190,1619,2248,2582,,700,490,429,629,334,3413
5842,672,1097,1508,2146,2468,,672,425,411,638,322,3374
5968,698,1167,1597,2226,2560,,698,469,430,629,334,3408
6166,704,1195,1645,2347,2731,,704,491,450,702,384,3435
6091,714,1190,1662,2367,2716,,714,476,472,705,349,3375
6005,703,1179,1610,2239,2570,,703,476,431,629,331,3435
5968,701,1190,1618,2247,2580,,701,489,428,629,333,3388
5941,713,1190,1617,2248,2581,,713,477,427,631,333,3360
6005,716,1189,1662,2366,2665,,716,473,473,704,299,3340
6064,711,1212,1686,2344,2680,,711,501,474,658,336,3384
5966,702,1189,1595,2222,2556,,702,487,406,627,334,3410
5935,714,1123,1535,2172,2505,,714,409,412,637,333,3430
6041,716,1192,1663,2323,2661,,716,476,471,660,338,3380
6169,704,1176,1647,2350,2741,,704,472,471,703,391,3428
6120,716,1190,1661,2364,2739,,716,474,471,703,375,3381
5939,713,1189,1617,2246,2580,,713,476,428,629,334,3359
5965,700,1189,1616,2247,2580,,700,489,427,631,333,3385
6005,698,1166,1637,2298,2636,,698,468,471,661,338,3369
6211,710,1190,1663,2367,2787,,710,480,473,704,420,3424
6114,715,1190,1626,2315,2666,,715,475,436,689,351,3448
5976,700,1154,1569,2204,2539,,700,454,415,635,335,3437
5911,672,1097,1510,2147,2470,,672,425,413,637,323,3441
6040,715,1188,1660,2322,2657,,715,473,472,662,335,3383
6207,713,1187,1658,2363,2780,,713,474,471,705,417,3427
6119,716,1216,1687,2393,2742,,716,500,471,706,349,3377
5966,701,1165,1594,2224,2558,,701,464,429,630,334,3408
5964,700,1187,1615,2246,2579,,700,487,428,631,333,3385
6046,698,1195,1668,2328,2662,,698,497,473,660,334,3384
6234,714,1190,1686,2390,2782,,714,476,496,704,392,3452
6019,715,1189,1661,2324,2655,,715,474,472,663,331,3364
5965,701,1187,1616,2247,2578,,701,486,429,631,331,3387
5884,673,1074,1484,2123,2455,,673,401,410,639,332,3429
5940,712,1187,1616,2248,2580,,712,475,429,632,332,3360
6121,716,1190,1662,2342,2733,,716,474,472,680,391,3388
6094,716,1190,1662,2365,2720,,716,474,472,703,355,3374
5967,700,1191,1625,2252,2585,,700,491,434,627,333,3382
5965,701,1188,1617,2247,2580,,701,487,429,630,333,3385
6098,698,1197,1668,2371,2721,,698,499,471,703,350,3377
6185,716,1190,1660,2365,2756,,716,474,470,705,391,3429
6065,712,1187,1684,2347,2683,,712,475,497,663,336,3382
5867,703,1147,1559,2172,2505,,703,444,412,613,333,3362
6009,715,1147,1562,2199,2533,,715,432,415,637,334,3476
6017,715,1189,1661,2323,2660,,715,474,472,662,337,3357
6149,702,1192,1664,2367,2787,,702,490,472,703,420,3362
6169,705,1191,1663,2367,2784,,705,486,472,704,417,3385
6044,698,1166,1639,2299,2657,,698,468,473,660,358,3387
5943,706,1193,1623,2251,2585,,706,487,430,628,334,3358
6120,700,1190,1663,2367,2744,,700,490,473,704,377,3376
6185,715,1191,1662,2366,2757,,715,476,471,704,391,3428
6022,705,1170,1644,2303,2638,,705,465,474,659,335,3384
5948,705,1192,1621,2250,2583,,705,487,429,629,333,3365
6010,714,1191,1595,2223,2557,,714,477,404,628,334,3453
6051,706,1200,1672,2331,2668,,706,494,472,659,337,3383
6169,718,1216,1689,2392,2786,,718,498,473,703,394,3383
6120,705,1191,1663,2368,2745,,705,486,472,705,377,3375
6017,715,1190,1663,2324,2659,,715,475,473,661,335,3358
5971,703,1196,1636,2276,2611,,703,493,440,640,335,3360
6119,700,1191,1663,2367,2742,,700,491,472,704,375,3377
6211,707,1191,1663,2367,2782,,707,484,472,704,415,3429
6053,704,1174,1646,2321,2674,,704,470,472,675,353,3379
6009,704,1191,1625,2249,2583,,704,487,434,624,334,3426
6012,705,1149,1563,2199,2534,,705,444,414,636,335,3478
6101,704,1175,1647,2349,2726,,704,471,472,702,377,3375
6110,704,1129,1604,2292,2713,,704,425,475,688,421,3397
6072,705,1193,1663,2326,2683,,705,488,470,663,357,3389
6033,714,1190,1620,2249,2582,,714,476,430,629,333,3451
6008,714,1125,1535,2174,2516,,714,411,410,639,342,3492
6044,717,1190,1664,2369,2692,,717,473,474,705,323,3352
5970,698,1154,1566,2201,2535,,698,456,412,635,334,3435
6202,717,1206,1694,2388,2751,,717,489,488,694,363,3451
6296,727,1227,1715,2427,2838,,727,500,488,712,411,3458
6325,744,1228,1715,2454,2825,,744,484,487,739,371,3500
6274,727,1227,1715,2428,2838,,727,500,488,713,410,3436
6186,704,1149,1629,2342,2736,,704,445,480,713,394,3450
6144,706,1192,1663,2366,2758,,706,486,471,703,392,3386
6042,714,1177,1652,2322,2658,,714,463,475,670,336,3384
5968,716,1191,1623,2249,2585,,716,475,432,626,336,3383
6066,700,1167,1640,2342,2695,,700,467,473,702,353,3371
6236,716,1191,1665,2366,2784,,716,475,474,701,418,3452
6222,714,1189,1640,2350,2771,,714,475,451,710,421,3451
6273,727,1228,1715,2428,2839,,727,501,487,713,411,3434
6177,731,1228,1692,2362,2725,,731,497,464,670,363,3452
6284,727,1230,1716,2428,2838,,727,503,486,712,410,3446
6247,728,1207,1666,2377,2789,,728,479,459,711,412,3458
6299,717,1203,1691,2403,2815,,717,486,488,712,412,3484
6199,715,1128,1616,2329,2738,,715,413,488,713,409,3461
6324,729,1229,1716,2427,2839,,729,500,487,711,412,3485
6323,717,1203,1690,2404,2839,,717,486,487,714,435,3484
6300,727,1227,1717,2427,2836,,727,500,490,710,409,3464
6197,716,1203,1692,2383,2762,,716,487,489,691,379,3435
6315,717,1205,1693,2405,2815,,717,488,488,712,410,3500
6265,730,1227,1716,2453,2849,,730,497,489,737,396,3416
6323,716,1202,1691,2403,2838,,716,486,489,712,435,3485
6100,728,1205,1626,2327,2660,,728,477,421,701,333,3440
6301,717,1204,1691,2405,2817,,717,487,487,714,412,3484
6299,704,1190,1688,2404,2815,,704,486,498,716,411,3484
6320,724,1223,1712,2424,2835,,724,499,489,712,411,3485
6324,728,1228,1715,2429,2837,,728,500,487,714,408,3487
6307,717,1202,1692,2403,2814,,717,485,490,711,411,3493
6198,728,1229,1716,2407,2786,,728,501,487,691,379,3412
6312,718,1229,1718,2429,2839,,718,511,489,711,410,3473
6271,724,1226,1713,2426,2813,,724,502,487,713,387,3458
6325,717,1207,1692,2404,2815,,717,490,485,712,411,3510
6074,718,1125,1593,2303,2637,,718,407,468,710,334,3437
6300,716,1233,1718,2428,2839,,716,517,485,710,411,3461
6188,717,1203,1636,2341,2760,,717,486,433,705,419,3428
6044,703,1191,1662,2325,2681,,703,488,471,663,356,3363
6023,704,1192,1664,2326,2662,,704,488,472,662,336,3361
6016,716,1191,1662,2327,2660,,716,475,471,665,333,3356
5972,649,1116,1588,2249,2584,,649,467,472,661,335,3388
5969,702,1191,1619,2250,2583,,702,489,428,631,333,3386
6063,704,1192,1665,2301,2634,,704,488,473,636,333,3429
6029,704,1200,1670,2377,2676,,704,496,470,707,299,3353
6098,706,1193,1664,2331,2707,,706,487,471,667,376,3391
6016,705,1191,1662,2327,2660,,705,486,471,665,333,3356
6037,703,1191,1690,2342,2664,,703,488,499,652,322,3373
6044,705,1191,1664,2326,2685,,705,486,473,662,359,3359
6026,705,1193,1664,2325,2659,,705,488,471,661,334,3367
6019,705,1183,1658,2298,2635,,705,478,475,640,337,3384
5971,708,1191,1622,2250,2583,,708,483,431,628,333,3388
5972,702,1166,1595,2225,2559,,702,464,429,630,334,3413
6061,730,1215,1667,2301,2635,,730,485,452,634,334,3426
6152,704,1199,1673,2374,2767,,704,495,474,701,393,3385
6036,720,1192,1663,2339,2666,,720,472,471,676,327,3370
5995,704,1167,1639,2303,2637,,704,463,472,664,334,3358
6020,705,1190,1663,2327,2661,,705,485,473,664,334,3359
6068,729,1216,1687,2349,2686,,729,487,471,662,337,3382
6043,704,1193,1664,2326,2661,,704,489,471,662,335,3382
6020,705,1192,1664,2326,2662,,705,487,472,662,336,3358
5974,700,1191,1621,2250,2584,,700,491,430,629,334,3390
5969,700,1191,1619,2249,2583,,700,491,428,630,334,3386
6028,708,1182,1609,2241,2575,,708,474,427,632,334,3453
6128,704,1176,1647,2351,2743,,704,472,471,704,392,3385
6063,705,1193,1664,2326,2683,,705,488,471,662,357,3380
6017,704,1193,1665,2327,2660,,704,489,472,662,333,3357
6041,715,1190,1663,2326,2659,,715,475,473,663,333,3382
6016,713,1190,1663,2324,2657,,713,477,473,661,333,3359
6019,706,1192,1665,2327,2659,,706,486,473,662,332,3360
6040,714,1190,1662,2323,2659,,714,476,472,661,336,3381
5862,703,1160,1579,2194,2512,,703,457,419,615,318,3350
5996,696,1167,1597,2227,2564,,696,471,430,630,337,3432
6271,725,1224,1712,2424,2810,,725,499,488,712,386,3461
6315,720,1220,1709,2420,2831,,720,500,489,711,411,3484
6211,717,1203,1691,2403,2760,,717,486,488,712,357,3451
6074,706,1192,1664,2369,2720,,706,486,472,705,351,3354
6054,707,1176,1672,2324,2676,,707,469,496,652,352,3378
6042,705,1192,1664,2326,2661,,705,487,472,662,335,3381
6019,706,1192,1664,2328,2659,,706,486,472,664,331,3360
6043,717,1191,1664,2325,2660,,717,474,473,661,335,3383
5963,700,1194,1615,2244,2587,,700,494,421,629,343,3376
5969,697,1168,1597,2227,2561,,697,471,429,630,334,3408
6058,714,1190,1661,2301,2632,,714,476,471,640,331,3426
6171,706,1176,1646,2327,2742,,706,470,470,681,415,3429
6122,705,1191,1664,2368,2744,,705,486,473,704,376,3378
6044,704,1192,1663,2324,2658,,704,488,471,661,334,3386
6018,705,1172,1643,2307,2643,,705,467,471,664,336,3375
5995,697,1168,1640,2303,2636,,697,471,472,663,333,3359
6103,701,1188,1659,2322,2657,,701,487,471,663,335,3446
5966,700,1189,1619,2247,2581,,700,489,430,628,334,3385
5972,701,1193,1627,2251,2583,,701,492,434,624,332,3389
5966,701,1191,1619,2247,2582,,701,490,428,628,335,3384
6009,705,1190,1620,2249,2584,,705,485,430,629,335,3425
6211,715,1190,1664,2365,2782,,715,475,474,701,417,3429
6094,704,1192,1664,2366,2740,,704,488,472,702,374,3354
6047,704,1192,1664,2325,2681,,704,488,472,661,356,3366
6004,706,1174,1646,2308,2640,,706,468,472,662,332,3364
6070,715,1189,1622,2273,2654,,715,474,433,651,381,3416
6347,725,1255,1741,2450,2861,,725,530,486,709,411,3486
6186,716,1147,1629,2341,2734,,716,431,482,712,393,3452
6014,704,1191,1641,2288,2653,,704,487,450,647,365,3361
5972,697,1168,1596,2228,2561,,697,471,428,632,333,3411
5961,661,1142,1572,2201,2536,,661,481,430,629,335,3425
6121,705,1192,1689,2391,2781,,705,487,497,702,390,3340
6126,705,1191,1686,2392,2741,,705,486,495,706,349,3385
6044,704,1192,1664,2325,2661,,704,488,472,661,336,3383
6006,701,1176,1648,2310,2643,,701,475,472,662,333,3363
6040,701,1189,1662,2321,2657,,701,488,473,659,336,3383
5966,701,1189,1620,2249,2581,,701,488,431,629,332,3385
5965,701,1190,1618,2248,2581,,701,489,428,630,333,3384
6011,704,1192,1619,2254,2581,,704,488,427,635,327,3430
6043,704,1192,1664,2324,2660,,704,488,472,660,336,3383
6173,683,1177,1665,2357,2724,,683,494,488,692,367,3449
6330,717,1203,1692,2404,2815,,717,486,489,712,411,3515
6217,716,1203,1691,2378,2774,,716,487,488,687,396,3443
6298,727,1227,1717,2428,2838,,727,500,490,711,410,3460
6226,717,1217,1705,2397,2788,,717,500,488,692,391,3438
6121,705,1191,1662,2367,2741,,705,486,471,705,374,3380
6018,718,1191,1662,2325,2660,,718,473,471,663,335,3358
6042,703,1191,1664,2325,2659,,703,488,473,661,334,3383
5974,702,1190,1621,2253,2581,,702,488,431,632,328,3393
5966,701,1189,1618,2247,2580,,701,488,429,629,333,3386
6007,705,1194,1666,2324,2664,,705,489,472,658,340,3343
6326,717,1204,1691,2404,2814,,717,487,487,713,410,3512
6220,718,1203,1692,2403,2792,,718,485,489,711,389,3428
6324,716,1203,1691,2404,2814,,716,487,488,713,410,3510
6204,721,1220,1708,2400,2768,,721,499,488,692,368,3436
6096,703,1190,1661,2367,2717,,703,487,471,706,350,3379
6019,705,1192,1663,2326,2660,,705,487,471,663,334,3359
6018,705,1193,1665,2326,2659,,705,488,472,661,333,3359
6049,705,1192,1664,2328,2664,,705,487,472,664,336,3385
5971,704,1194,1624,2252,2584,,704,490,430,628,332,3387
5975,663,1094,1564,2268,2620,,663,431,470,704,352,3355
6187,680,1167,1639,2341,2756,,680,487,472,702,415,3431
6147,703,1193,1663,2367,2760,,703,490,470,704,393,3387
5944,705,1192,1624,2250,2583,,705,487,432,626,333,3361
6047,704,1192,1666,2327,2660,,704,488,474,661,333,3387
5971,702,1194,1624,2253,2585,,702,492,430,629,332,3386
6059,703,1190,1658,2301,2632,,703,487,468,643,331,3427
5918,704,1192,1665,2286,2578,,704,488,473,621,292,3340
6013,706,1194,1665,2331,2658,,706,488,471,666,327,3355
5944,706,1192,1621,2253,2584,,706,486,429,632,331,3360
6102,649,1067,1549,2279,2689,,649,418,482,730,410,3413
6176,648,1130,1618,2332,2742,,648,482,488,714,410,3434
6320,715,1232,1746,2451,2863,,715,517,514,705,412,3457
6298,745,1227,1716,2428,2863,,745,482,489,712,435,3435
6354,716,1227,1745,2452,2863,,716,511,518,707,411,3491
6324,716,1206,1691,2405,2814,,716,490,485,714,409,3510
6297,728,1227,1715,2429,2818,,728,499,488,714,389,3479
6324,717,1182,1654,2379,2813,,717,465,472,725,434,3511
6169,717,1211,1667,2321,2739,,717,494,456,654,418,3430
6021,704,1192,1665,2324,2661,,704,488,473,659,337,3360
6150,671,1090,1549,2254,2665,,671,419,459,705,411,3485
6323,707,1203,1691,2403,2817,,707,496,488,712,414,3506
6312,714,1202,1694,2404,2813,,714,488,492,710,409,3499
6324,717,1203,1690,2403,2839,,717,486,487,713,436,3485
6283,726,1225,1712,2425,2828,,726,499,487,713,403,3455
6097,704,1192,1663,2365,2716,,704,488,471,702,351,3381
6045,707,1192,1665,2325,2660,,707,485,473,660,335,3385
6018,704,1192,1664,2325,2661,,704,488,472,661,336,3357
6045,705,1191,1663,2324,2664,,705,486,472,661,340,3381
5740,701,1117,1488,2100,2396,,701,416,371,612,296,3344
5715,642,1041,1438,2067,2385,,642,399,397,629,318,3330
6048,705,1194,1665,2369,2672,,705,489,471,704,303,3376
5746,634,1032,1428,2056,2399,,634,398,396,628,343,3347
5999,705,1194,1666,2369,2669,,705,489,472,703,300,3330
6098,704,1191,1663,2368,2718,,704,487,472,705,350,3380
6073,706,1193,1664,2327,2684,,706,487,471,663,357,3389
6047,704,1191,1662,2325,2682,,704,487,471,663,357,3365
6017,704,1191,1662,2326,2659,,704,487,471,664,333,3358
6049,705,1191,1662,2328,2660,,705,486,471,666,332,3389
5945,705,1192,1622,2252,2583,,705,487,430,630,331,3362
6023,647,1117,1533,2242,2663,,647,470,416,709,421,3360
6187,705,1194,1665,2369,2759,,705,489,471,704,390,3428
5919,703,1192,1663,2287,2580,,703,489,471,624,293,3339
6099,704,1195,1667,2368,2719,,704,491,472,701,351,3380
6023,715,1191,1662,2324,2661,,715,476,471,662,337,3362
6020,705,1192,1664,2326,2662,,705,487,472,662,336,3358
6045,705,1192,1663,2326,2660,,705,487,471,663,334,3385
6020,705,1197,1667,2327,2662,,705,492,470,660,335,3358
6024,704,1192,1664,2326,2660,,704,488,472,662,334,3364
5943,716,1192,1622,2250,2583,,716,476,430,628,333,3360
6275,702,1192,1666,2379,2790,,702,490,474,713,411,3485
6250,717,1177,1665,2378,2790,,717,460,488,713,412,3460
6324,717,1204,1692,2407,2840,,717,487,488,715,433,3484
6323,717,1228,1716,2428,2839,,717,511,488,712,411,3484
6205,707,1183,1672,2384,2774,,707,476,489,712,390,3431
6300,716,1204,1691,2404,2839,,716,488,487,713,435,3461
6322,715,1203,1691,2403,2814,,715,488,488,712,411,3508
6299,717,1203,1691,2403,2817,,717,486,488,712,414,3482
6260,714,1214,1702,2395,2801,,714,500,488,693,406,3459
6324,717,1228,1716,2430,2838,,717,511,488,714,408,3486
6250,716,1203,1654,2353,2791,,716,487,451,699,438,3459
6097,645,1048,1540,2254,2668,,645,403,492,714,414,3429
6299,715,1204,1692,2404,2816,,715,489,488,712,412,3483
6347,728,1227,1714,2427,2837,,728,499,487,713,410,3510
6322,730,1227,1715,2428,2838,,730,497,488,713,410,3484
6324,717,1204,1691,2405,2807,,717,487,487,714,402,3517
6323,715,1204,1691,2404,2838,,715,489,487,713,434,3485
6312,717,1227,1718,2416,2838,,717,510,491,698,422,3474
6027,704,1193,1665,2327,2662,,704,489,472,662,335,3365
5944,707,1192,1622,2251,2584,,707,485,430,629,333,3360
6021,698,1151,1586,2295,2649,,698,453,435,709,354,3372
6188,704,1167,1641,2343,2734,,704,463,474,702,391,3454
5928,704,1190,1663,2287,2604,,704,486,473,624,317,3324
6080,704,1174,1645,2351,2701,,704,470,471,706,350,3379
6252,668,1179,1667,2380,2789,,668,511,488,713,409,3463
6324,717,1204,1692,2403,2814,,717,487,488,711,411,3510
6300,716,1202,1691,2403,2816,,716,486,489,712,413,3484
6353,728,1227,1716,2428,2838,,728,499,489,712,410,3515
6301,745,1228,1714,2428,2838,,745,483,486,714,410,3463
6324,729,1227,1718,2455,2863,,729,498,491,737,408,3461
6249,716,1182,1642,2354,2764,,716,466,460,712,410,3485
6150,717,1126,1618,2329,2720,,717,409,492,711,391,3430
6305,718,1204,1692,2404,2815,,718,486,488,712,411,3490
6186,704,1193,1664,2369,2760,,704,489,471,705,391,3426
6173,705,1192,1663,2367,2787,,705,487,471,704,420,3386
6045,706,1194,1666,2326,2662,,706,488,472,660,336,3383
6018,706,1191,1663,2324,2662,,706,485,472,661,338,3356
6045,706,1192,1663,2326,2661,,706,486,471,663,335,3384
6049,704,1193,1665,2325,2660,,704,489,472,660,335,3389
5944,704,1167,1596,2227,2559,,704,463,429,631,332,3385
6137,701,1127,1609,2296,2717,,701,426,482,687,421,3420
6237,704,1193,1666,2370,2786,,704,489,473,704,416,3451
5918,705,1192,1665,2287,2579,,705,487,473,622,292,3339
6073,698,1169,1642,2345,2694,,698,471,473,703,349,3379
6098,706,1191,1663,2367,2720,,706,485,472,704,353,3378
6019,705,1193,1665,2327,2663,,705,488,472,662,336,3356
6043,706,1190,1663,2325,2659,,706,484,473,662,334,3384
6017,705,1193,1665,2326,2662,,705,488,472,661,336,3355
6024,703,1194,1665,2327,2662,,703,491,471,662,335,3362
5944,705,1168,1598,2227,2559,,705,463,430,629,332,3385
6125,701,1168,1619,2256,2664,,701,467,451,637,408,3461
6200,718,1125,1594,2304,2738,,718,407,469,710,434,3462
6300,716,1204,1691,2405,2841,,716,488,487,714,436,3459
6277,711,1205,1691,2406,2815,,711,494,486,715,409,3462
6322,725,1227,1714,2425,2836,,725,502,487,711,411,3486
6324,715,1202,1691,2403,2845,,715,487,489,712,442,3479
6299,716,1204,1691,2404,2814,,716,488,487,713,410,3485
6299,717,1204,1692,2404,2813,,717,487,488,712,409,3486
6210,715,1204,1691,2403,2781,,715,489,487,712,378,3429
6017,716,1190,1661,2326,2658,,716,474,471,665,332,3359
6136,700,1168,1640,2348,2695,,700,468,472,708,347,3441
6159,716,1194,1635,2317,2733,,716,478,441,682,416,3426
5943,704,1191,1662,2287,2606,,704,487,471,625,319,3337
6084,705,1180,1652,2354,2730,,705,475,472,702,376,3354
6196,694,1143,1637,2349,2760,,694,449,494,712,411,3436
6324,716,1205,1691,2403,2813,,716,489,486,712,410,3511
6322,717,1204,1692,2407,2814,,717,487,488,715,407,3508
6162,715,1205,1638,2342,2737,,715,490,433,704,395,3425
5998,704,1166,1636,2276,2631,,704,462,470,640,355,3367
5970,705,1193,1624,2250,2584,,705,488,431,626,334,3386
6077,700,1193,1624,2239,2572,,700,493,431,615,333,3505
6179,717,1203,1614,2329,2738,,717,486,411,715,409,3441
6327,717,1204,1692,2404,2840,,717,487,488,712,436,3487
6326,716,1203,1693,2404,2814,,716,487,490,711,410,3512
6322,716,1208,1694,2402,2814,,716,492,486,708,412,3508
6300,715,1204,1692,2404,2815,,715,489,488,712,411,3485
6324,716,1204,1690,2404,2839,,716,488,486,714,435,3485
6326,716,1204,1694,2405,2840,,716,488,490,711,435,3486
6313,716,1203,1690,2404,2814,,716,487,487,714,410,3499
6325,716,1204,1691,2434,2866,,716,488,487,743,432,3459
6209,727,1227,1694,2377,2768,,727,500,467,683,391,3441
6211,705,1191,1663,2367,2784,,705,486,472,704,417,3427
5919,705,1192,1664,2287,2580,,705,487,472,623,293,3339
6105,707,1175,1646,2350,2726,,707,468,471,704,376,3379
5999,664,1102,1582,2267,2619,,664,438,480,685,352,3380
6047,705,1191,1665,2325,2682,,705,486,474,660,357,3365
5994,706,1168,1640,2300,2639,,706,462,472,660,339,3355
6044,704,1193,1668,2326,2661,,704,489,475,658,335,3383
6022,702,1192,1665,2326,2661,,702,490,473,661,335,3361
5970,705,1192,1621,2251,2585,,705,487,429,630,334,3385
5944,699,1168,1640,2239,2556,,699,469,472,599,317,3388
6189,705,1194,1667,2368,2761,,705,489,473,701,393,3428
5944,704,1191,1661,2287,2604,,704,487,470,626,317,3340
6109,704,1204,1677,2379,2731,,704,500,473,702,352,3378
6024,704,1125,1606,2294,2647,,704,421,481,688,353,3377
6073,704,1192,1664,2327,2684,,704,488,472,663,357,3389
6021,698,1167,1640,2301,2640,,698,469,473,661,339,3381
6019,704,1191,1664,2325,2658,,704,487,473,661,333,3361
6023,705,1191,1664,2327,2661,,705,486,473,663,334,3362
5969,705,1192,1623,2253,2583,,705,487,431,630,330,3386
5942,701,1193,1664,2288,2580,,701,492,471,624,292,3362
6211,704,1194,1665,2367,2784,,704,490,471,702,417,3427
5918,704,1191,1662,2287,2580,,704,487,471,625,293,3338
6102,706,1172,1642,2348,2724,,706,466,470,706,376,3378
6323,748,1230,1717,2428,2840,,748,482,487,711,412,3483
6325,716,1203,1692,2403,2813,,716,487,489,711,410,3512
6301,714,1204,1692,2405,2815,,714,490,488,713,410,3486
6326,716,1203,1693,2403,2814,,716,487,490,710,411,3512
6287,719,1216,1704,2416,2827,,719,497,488,712,411,3460
6300,719,1204,1692,2404,2815,,719,485,488,712,411,3485
6198,716,1204,1693,2382,2765,,716,488,489,689,383,3433
6225,716,1204,1671,2365,2772,,716,488,467,694,407,3453
6325,717,1205,1692,2404,2816,,717,488,487,712,412,3509
6277,718,1206,1695,2406,2815,,718,488,489,711,409,3462
6250,716,1204,1661,2379,2790,,716,488,457,718,411,3460
6317,716,1204,1691,2404,2817,,716,488,487,713,413,3500
6300,716,1204,1692,2405,2840,,716,488,488,713,435,3460
6356,717,1205,1676,2405,2815,,717,488,471,729,410,3541
6324,727,1227,1714,2426,2837,,727,500,487,712,411,3487
6244,717,1204,1692,2406,2814,,717,487,488,714,408,3430
6253,715,1203,1691,2383,2765,,715,488,488,692,382,3488
6326,717,1204,1691,2385,2814,,717,487,487,694,429,3512
6300,717,1203,1692,2404,2815,,717,486,489,712,411,3485
6300,716,1203,1690,2403,2815,,716,487,487,713,412,3485
6325,717,1203,1691,2403,2814,,717,486,488,712,411,3511
6303,718,1209,1721,2430,2840,,718,491,512,709,410,3463
6301,718,1204,1692,2405,2815,,718,486,488,713,410,3486
6324,716,1230,1718,2430,2840,,716,514,488,712,410,3484
6223,716,1204,1693,2405,2794,,716,488,489,712,389,3429
6325,715,1206,1694,2405,2814,,715,491,488,711,409,3511
6188,717,1206,1693,2384,2752,,717,489,487,691,368,3436
6212,706,1194,1667,2376,2775,,706,488,473,709,399,3437
5919,705,1193,1669,2288,2580,,705,488,476,619,292,3339
6097,705,1193,1665,2367,2718,,705,488,472,702,351,3379
6175,705,1192,1621,2329,2739,,705,487,429,708,410,3436
6326,716,1205,1692,2405,2816,,716,489,487,713,411,3510
6301,716,1204,1693,2404,2815,,716,488,489,711,411,3486
6326,717,1205,1693,2405,2816,,717,488,488,712,411,3510
6324,717,1204,1693,2405,2840,,717,487,489,712,435,3484
6325,717,1204,1691,2403,2841,,717,487,487,712,438,3484
6225,717,1203,1691,2383,2765,,717,486,488,692,382,3460
6200,716,1184,1642,2329,2739,,716,468,458,687,410,3461
6325,717,1204,1692,2405,2815,,717,487,488,713,410,3510
6250,680,1180,1667,2380,2790,,680,500,487,713,410,3460
6325,716,1204,1692,2404,2815,,716,488,488,712,411,3510
6326,717,1204,1693,2405,2816,,717,487,489,712,411,3510
6301,715,1204,1692,2404,2815,,715,489,488,712,411,3486
6224,717,1204,1692,2404,2794,,717,487,488,712,390,3430
6300,716,1205,1693,2405,2816,,716,489,488,712,411,3484
6323,715,1203,1691,2404,2815,,715,488,488,713,411,3508
6219,716,1212,1700,2411,2785,,716,496,488,711,374,3434
6188,705,1193,1665,2368,2759,,705,488,472,703,391,3429
6171,704,1192,1664,2367,2761,,704,488,472,703,394,3410
6004,706,1177,1649,2310,2644,,706,471,472,661,334,3360
6175,664,1099,1575,2280,2714,,664,435,476,705,434,3461
6352,727,1229,1715,2428,2838,,727,502,486,713,410,3514
6398,744,1227,1743,2481,2941,,744,483,516,738,460,3457
6299,705,1206,1719,2428,2837,,705,501,513,709,409,3462
6245,668,1177,1665,2377,2787,,668,509,488,712,410,3458
6298,716,1203,1690,2403,2814,,716,487,487,713,411,3484
6199,716,1203,1691,2404,2761,,716,487,488,713,357,3438
6137,717,1204,1615,2329,2694,,717,487,411,714,365,3443
6213,706,1192,1663,2369,2785,,706,486,471,706,416,3428
6158,705,1153,1625,2328,2748,,705,448,472,703,420,3410
6121,704,1193,1667,2368,2746,,704,489,474,701,378,3375
6045,704,1192,1666,2325,2682,,704,488,474,659,357,3363
6081,705,1192,1664,2326,2685,,705,487,472,662,359,3396
6095,705,1191,1663,2366,2743,,705,486,472,703,377,3352
6047,704,1194,1666,2328,2662,,704,490,472,662,334,3385
5968,705,1193,1622,2253,2585,,705,488,429,631,332,3383
6187,700,1171,1643,2344,2738,,700,471,472,701,394,3449
6202,708,1182,1650,2354,2745,,708,474,468,704,391,3457
5919,704,1192,1663,2263,2554,,704,488,471,600,291,3365
6070,717,1129,1604,2315,2692,,717,412,475,711,377,3378
6148,704,1193,1693,2393,2771,,704,489,500,700,378,3377
6049,705,1193,1665,2328,2683,,705,488,472,663,355,3366
6019,704,1194,1666,2326,2661,,704,490,472,660,335,3358
6043,706,1193,1665,2327,2661,,706,487,472,662,334,3382
5967,716,1191,1627,2250,2581,,716,475,436,623,331,3386
5969,701,1192,1622,2251,2584,,701,491,430,629,333,3385
5951,700,1175,1645,2269,2588,,700,475,470,624,319,3363
6171,703,1177,1648,2351,2742,,703,474,471,703,391,3429
5944,705,1191,1661,2286,2605,,705,486,470,625,319,3339
6173,664,1096,1589,2302,2713,,664,432,493,713,411,3460
6301,715,1204,1692,2404,2817,,715,489,488,712,413,3484
6300,717,1204,1693,2436,2844,,717,487,489,743,408,3456
6325,716,1205,1692,2404,2814,,716,489,487,712,410,3511
6326,716,1205,1692,2404,2816,,716,489,487,712,412,3510
6272,716,1205,1693,2404,2815,,716,489,488,711,411,3457
6020,707,1195,1667,2326,2661,,707,488,472,659,335,3359
5942,700,1165,1634,2258,2553,,700,465,469,624,295,3389
6196,703,1177,1650,2351,2767,,703,474,473,701,416,3429
5944,704,1192,1687,2310,2605,,704,488,495,623,295,3339
6173,677,1141,1629,2328,2738,,677,464,488,699,410,3435
6299,716,1204,1693,2407,2839,,716,488,489,714,432,3460
6323,715,1204,1692,2404,2817,,715,489,488,712,413,3506
6326,717,1205,1693,2404,2815,,717,488,488,711,411,3511
6323,717,1206,1691,2403,2839,,717,489,485,712,436,3484
6302,717,1235,1720,2430,2865,,717,518,485,710,435,3437
6324,716,1204,1691,2404,2815,,716,488,487,713,411,3509
6348,727,1256,1742,2454,2888,,727,529,486,712,434,3460
6175,716,1204,1694,2328,2715,,716,488,490,634,387,3460
6326,717,1204,1692,2405,2815,,717,487,488,713,410,3511
6202,703,1206,1616,2332,2742,,703,503,410,716,410,3460
6225,715,1203,1692,2349,2764,,715,488,489,657,415,3461
6326,717,1204,1693,2405,2816,,717,487,489,712,411,3510
6353,717,1205,1693,2405,2841,,717,488,488,712,436,3512
6326,716,1204,1694,2435,2865,,716,488,490,741,430,3461
6309,718,1206,1693,2406,2816,,718,488,487,713,410,3493
6158,716,1203,1671,2355,2741,,716,487,468,684,386,3417
6161,705,1167,1638,2345,2735,,705,462,471,707,390,3426
6141,640,1124,1595,2297,2714,,640,484,471,702,417,3427
5943,715,1191,1661,2283,2603,,715,476,470,622,320,3340
6122,649,1138,1569,2276,2697,,649,489,431,707,421,3425
6023,704,1168,1596,2294,2649,,704,464,428,698,355,3374
6205,705,1191,1664,2344,2741,,705,486,473,680,397,3464
6322,717,1204,1692,2403,2813,,717,487,488,711,410,3509
6326,717,1205,1693,2409,2843,,717,488,488,716,434,3483
6324,714,1203,1693,2403,2815,,714,489,490,710,412,3509
6308,716,1202,1693,2405,2815,,716,486,491,712,410,3493
6326,717,1205,1693,2404,2814,,717,488,488,711,410,3512
6201,689,1208,1693,2383,2766,,689,519,485,690,383,3435
6325,716,1204,1692,2404,2814,,716,488,488,712,410,3511
6164,680,1180,1616,2319,2714,,680,500,436,703,395,3450
6071,706,1191,1663,2326,2690,,706,485,472,663,364,3381
6046,704,1192,1662,2325,2660,,704,488,470,663,335,3386
5971,701,1191,1620,2249,2581,,701,490,429,629,332,3390
5971,700,1171,1599,2254,2587,,700,471,428,655,333,3384
6061,704,1192,1663,2300,2635,,704,488,471,637,335,3426
6024,701,1168,1640,2302,2658,,701,467,472,662,356,3366
6136,700,1126,1605,2318,2710,,700,426,479,713,392,3426
6189,698,1189,1662,2365,2757,,698,491,473,703,392,3432
5919,703,1191,1660,2261,2556,,703,488,469,601,295,3363
5997,669,1107,1582,2268,2622,,669,438,475,686,354,3375
6057,714,1188,1617,2271,2631,,714,474,429,654,360,3426
6301,743,1229,1718,2429,2840,,743,486,489,711,411,3461
6326,717,1205,1693,2405,2840,,717,488,488,712,435,3486
6325,715,1204,1692,2404,2840,,715,489,488,712,436,3485
6326,717,1205,1693,2405,2815,,717,488,488,712,410,3511
6323,718,1205,1694,2406,2815,,718,487,489,712,409,3508
6324,717,1206,1694,2405,2840,,717,489,488,711,435,3484
6099,743,1206,1693,2325,2654,,743,463,487,632,329,3445
6302,718,1205,1693,2405,2815,,718,487,488,712,410,3487
6126,707,1108,1567,2258,2665,,707,401,459,691,407,3461
6251,716,1204,1692,2404,2806,,716,488,488,712,402,3445
6326,716,1205,1691,2405,2815,,716,489,486,714,410,3511
6326,716,1205,1694,2406,2817,,716,489,489,712,411,3509
6355,717,1205,1693,2405,2815,,717,488,488,712,410,3540
6309,717,1204,1693,2408,2815,,717,487,489,715,407,3494
6134,716,1204,1670,2355,2739,,716,488,466,685,384,3395
6324,752,1255,1743,2455,2866,,752,503,488,712,411,3458
6101,646,1075,1569,2280,2641,,646,429,494,711,361,3460
6326,718,1206,1694,2405,2815,,718,488,488,711,410,3511
6064,716,1151,1580,2212,2629,,716,435,429,632,417,3435
6173,705,1190,1661,2329,2713,,705,485,471,668,384,3460
6326,717,1205,1693,2405,2815,,717,488,488,712,410,3511
6298,716,1204,1692,2404,2815,,716,488,488,712,411,3483
6326,717,1206,1694,2405,2817,,717,489,488,711,412,3509
6342,722,1221,1710,2424,2832,,722,499,489,714,408,3510
6185,717,1204,1692,2384,2765,,717,487,488,692,381,3420
6187,706,1195,1642,2344,2736,,706,489,447,702,392,3451
6062,646,1049,1491,2193,2609,,646,403,442,702,416,3453
5920,705,1168,1638,2263,2584,,705,463,470,625,321,3336
5981,718,1158,1588,2226,2583,,718,440,430,638,357,3398
6132,698,1187,1662,2321,2699,,698,489,475,659,378,3433
6326,716,1204,1694,2406,2816,,716,488,490,712,410,3510
6288,717,1204,1692,2404,2816,,717,487,488,712,412,3472
6301,716,1206,1693,2406,2815,,716,490,487,713,409,3486
6251,679,1181,1669,2381,2791,,679,502,488,712,410,3460
6223,717,1204,1691,2384,2792,,717,487,487,693,408,3431
6279,720,1209,1698,2411,2821,,720,489,489,713,410,3458
6126,674,1135,1546,2255,2671,,674,461,411,709,416,3455
6224,716,1204,1671,2380,2791,,716,488,467,709,411,3433
6000,676,1140,1576,2215,2526,,676,464,436,639,311,3474
6303,717,1206,1694,2407,2818,,717,489,488,713,411,3485
6323,728,1228,1715,2428,2838,,728,500,487,713,410,3485
6326,718,1206,1693,2406,2816,,718,488,487,713,410,3510
6325,716,1205,1691,2404,2815,,716,489,486,713,411,3510
6325,718,1205,1693,2404,2839,,718,487,488,711,435,3486
6159,716,1204,1671,2354,2739,,716,488,467,683,385,3420
6104,704,1194,1626,2320,2711,,704,490,432,694,391,3393
6227,689,1206,1627,2356,2766,,689,517,421,729,410,3461
6326,717,1205,1693,2404,2814,,717,488,488,711,410,3512
6128,716,1208,1637,2339,2682,,716,492,429,702,343,3446
6327,718,1206,1693,2407,2816,,718,488,487,714,409,3511
6300,716,1208,1693,2405,2816,,716,492,485,712,411,3484
6328,717,1205,1693,2406,2816,,717,488,488,713,410,3512
6300,717,1206,1693,2405,2815,,717,489,487,712,410,3485
6300,716,1205,1692,2405,2819,,716,489,487,713,414,3481
6304,703,1206,1693,2407,2816,,703,503,487,714,409,3488
6175,716,1204,1692,2384,2764,,716,488,488,692,380,3411
6177,716,1204,1614,2329,2719,,716,488,410,715,390,3458
6327,717,1205,1694,2405,2815,,717,488,489,711,410,3512
5950,717,1125,1532,2172,2491,,717,408,407,640,319,3459
6325,717,1204,1693,2406,2815,,717,487,489,713,409,3510
6326,717,1204,1693,2404,2814,,717,487,489,711,410,3512
6325,716,1205,1692,2405,2814,,716,489,487,713,409,3511
6325,717,1204,1693,2404,2814,,717,487,489,711,410,3511
6299,717,1205,1718,2430,2819,,717,488,513,712,389,3480
6266,708,1195,1684,2395,2807,,708,487,489,711,412,3459
6198,717,1206,1691,2384,2764,,717,489,485,693,380,3434
6198,712,1203,1612,2332,2742,,712,491,409,720,410,3456
6326,717,1205,1693,2405,2817,,717,488,488,712,412,3509
6068,721,1201,1658,2297,2625,,721,480,457,639,328,3443
6100,715,1205,1694,2330,2662,,715,490,489,636,332,3438
6326,718,1205,1693,2405,2816,,718,487,488,712,411,3510
6323,741,1230,1717,2430,2841,,741,489,487,713,411,3482
6329,718,1206,1693,2405,2814,,718,488,487,712,409,3515
6330,724,1223,1711,2425,2834,,724,499,488,714,409,3496
6250,701,1179,1665,2380,2792,,701,478,486,715,412,3458
6274,715,1205,1719,2410,2817,,715,490,514,691,407,3457
6152,708,1185,1644,2326,2716,,708,477,459,682,390,3436
6299,716,1206,1693,2405,2845,,716,490,487,712,440,3454
6026,716,1206,1615,2237,2561,,716,490,409,622,324,3465
6325,716,1205,1691,2405,2840,,716,489,486,714,435,3485
6302,717,1205,1692,2404,2815,,717,488,487,712,411,3487
6326,717,1205,1693,2435,2846,,717,488,488,742,411,3480
6173,716,1208,1672,2355,2745,,716,492,464,683,390,3428
5951,645,1122,1591,2233,2565,,645,477,469,642,332,3386
6233,693,1188,1675,2388,2798,,693,495,487,713,410,3435
6159,717,1204,1672,2356,2739,,717,487,468,684,383,3420
6185,705,1193,1664,2323,2752,,705,488,471,659,429,3433
5921,705,1170,1641,2263,2581,,705,465,471,622,318,3340
6134,703,1168,1640,2344,2745,,703,465,472,704,401,3389
6139,704,1195,1667,2328,2711,,704,491,472,661,383,3428
6042,713,1189,1660,2320,2677,,713,476,471,660,357,3365
5998,703,1168,1638,2302,2636,,703,465,470,664,334,3362
5969,700,1194,1624,2253,2586,,700,494,430,629,333,3383
6065,703,1167,1638,2277,2612,,703,464,471,639,335,3453
6044,704,1191,1663,2326,2661,,704,487,472,663,335,3383
6018,715,1195,1666,2328,2663,,715,480,471,662,335,3355
6211,704,1192,1663,2367,2784,,704,488,471,704,417,3427
5946,702,1193,1663,2290,2608,,702,491,470,627,318,3338
6015,704,1195,1623,2320,2632,,704,491,428,697,312,3383
6212,705,1196,1666,2370,2767,,705,491,470,704,397,3445
6323,729,1228,1716,2430,2839,,729,499,488,714,409,3484
6301,715,1206,1694,2405,2815,,715,491,488,711,410,3486
6326,719,1205,1694,2435,2868,,719,486,489,741,433,3458
6284,718,1213,1702,2413,2825,,718,495,489,711,412,3459
6273,726,1203,1689,2401,2811,,726,477,486,712,410,3462
6184,716,1204,1692,2384,2766,,716,488,488,692,382,3418
6251,715,1205,1693,2385,2792,,715,490,488,692,407,3459
6327,731,1230,1718,2431,2841,,731,499,488,713,410,3486
6187,717,1215,1706,2382,2723,,717,498,491,676,341,3464
6325,717,1205,1692,2404,2815,,717,488,487,712,411,3510
6327,716,1205,1692,2405,2815,,716,489,487,713,410,3512
6312,717,1206,1693,2405,2815,,717,489,487,712,410,3497
6301,716,1206,1694,2405,2815,,716,490,488,711,410,3486
6312,717,1216,1705,2415,2851,,717,499,489,710,436,3461
6326,684,1179,1667,2379,2816,,684,495,488,712,437,3510
6064,668,1140,1608,2275,2654,,668,472,468,667,379,3410
6152,705,1194,1665,2328,2688,,705,489,471,663,360,3464
6325,716,1203,1721,2430,2838,,716,487,518,709,408,3487
6225,717,1204,1691,2384,2764,,717,487,487,693,380,3461
6215,717,1206,1694,2391,2763,,717,489,488,697,372,3452
6021,704,1194,1667,2329,2664,,704,490,473,662,335,3357
6061,703,1191,1663,2300,2632,,703,488,472,637,332,3429
5922,704,1170,1642,2264,2556,,704,466,472,622,292,3366
6152,705,1170,1641,2323,2713,,705,465,471,682,390,3439
6303,716,1206,1694,2407,2817,,716,490,488,713,410,3486
6300,716,1206,1693,2405,2814,,716,490,487,712,409,3486
6188,717,1205,1693,2386,2753,,717,488,488,693,367,3435
6212,705,1194,1666,2369,2785,,705,489,472,703,416,3427
6127,703,1193,1665,2325,2723,,703,490,472,660,398,3404
6050,703,1194,1665,2328,2684,,703,491,471,663,356,3366
5971,648,1120,1591,2255,2589,,648,472,471,664,334,3382
6030,703,1195,1668,2329,2662,,703,492,473,661,333,3368
6138,705,1193,1664,2328,2703,,705,488,471,664,375,3435
6302,716,1191,1675,2382,2816,,716,475,484,707,434,3486
6303,720,1207,1694,2407,2817,,720,487,487,713,410,3486
6220,718,1207,1694,2406,2796,,718,489,487,712,390,3424
6253,717,1206,1693,2407,2797,,717,489,487,714,390,3456
6326,717,1206,1693,2406,2817,,717,489,487,713,411,3509
6327,716,1235,1719,2431,2820,,716,519,484,712,389,3507
6301,717,1204,1691,2403,2815,,717,487,487,712,412,3486
6303,723,1206,1693,2406,2816,,723,483,487,713,410,3487
6328,716,1205,1693,2405,2817,,716,489,488,712,412,3511
6326,715,1205,1693,2406,2816,,715,490,488,713,410,3510
6328,717,1206,1694,2408,2817,,717,489,488,714,409,3511
6311,716,1177,1669,2384,2817,,716,461,492,715,433,3494
6106,717,1183,1642,2334,2701,,717,466,459,692,367,3405
6163,705,1169,1643,2344,2736,,705,464,474,701,392,3427
6209,716,1191,1662,2365,2756,,716,475,471,703,391,3453
6117,704,1176,1647,2311,2688,,704,472,471,664,377,3429
6300,716,1204,1693,2404,2815,,716,488,489,711,411,3485
6327,715,1206,1693,2406,2816,,715,491,487,713,410,3511
6326,718,1206,1694,2409,2842,,718,488,488,715,433,3484
6326,717,1204,1692,2405,2818,,717,487,488,713,413,3508
6302,716,1205,1694,2407,2817,,716,489,489,713,410,3485
6324,720,1220,1708,2420,2831,,720,500,488,712,411,3493
6136,716,1185,1644,2331,2715,,716,469,459,687,384,3421
6137,704,1169,1640,2343,2695,,704,465,471,703,352,3442
5946,708,1193,1666,2288,2607,,708,485,473,622,319,3339
6162,704,1179,1649,2332,2702,,704,475,470,683,370,3460
6328,716,1206,1693,2406,2840,,716,490,487,713,434,3488
6326,745,1227,1718,2430,2840,,745,482,491,712,410,3486
6327,715,1205,1693,2405,2816,,715,490,488,712,411,3511
6325,715,1205,1692,2405,2815,,715,490,487,713,410,3510
6341,720,1220,1707,2421,2830,,720,500,487,714,409,3511
6285,717,1205,1693,2405,2815,,717,488,488,712,410,3470
6135,715,1194,1652,2332,2717,,715,479,458,680,385,3418
6188,709,1196,1667,2345,2760,,709,487,471,678,415,3428
5944,703,1192,1662,2288,2581,,703,489,470,626,293,3363
6163,704,1194,1665,2369,2719,,704,490,471,704,350,3444
6052,704,1195,1666,2328,2662,,704,491,471,662,334,3390
6179,666,1102,1595,2307,2717,,666,436,493,712,410,3462
6325,717,1206,1693,2406,2816,,717,489,487,713,410,3509
6326,715,1205,1691,2404,2840,,715,490,486,713,436,3486
6326,715,1205,1693,2406,2815,,715,490,488,713,409,3511
6230,716,1206,1667,2382,2791,,716,490,461,715,409,3439
6019,645,1054,1530,2217,2608,,645,409,476,687,391,3411
6162,703,1168,1639,2345,2735,,703,465,471,706,390,3427
6197,706,1179,1650,2357,2760,,706,473,471,707,403,3437
6116,707,1198,1669,2371,2722,,707,491,471,702,351,3394
6102,704,1169,1665,2370,2720,,704,465,496,705,350,3382
6052,665,1101,1581,2271,2649,,665,436,480,690,378,3403
5979,633,1119,1591,2253,2609,,633,486,472,662,356,3370
6029,706,1195,1667,2330,2662,,706,489,472,663,332,3367
6201,665,1101,1593,2307,2742,,665,436,492,714,435,3459
6326,715,1207,1693,2406,2819,,715,492,486,713,413,3507
6104,646,1051,1531,2255,2666,,646,405,480,724,411,3438
6326,716,1206,1694,2406,2816,,716,490,488,712,410,3510
6301,717,1205,1693,2407,2816,,717,488,488,714,409,3485
6300,715,1205,1693,2406,2816,,715,490,488,713,410,3484
6329,716,1207,1695,2407,2818,,716,491,488,712,411,3511
6325,716,1205,1688,2406,2815,,716,489,483,718,409,3510
6327,717,1206,1694,2406,2816,,717,489,488,712,410,3511
6355,716,1205,1692,2404,2840,,716,489,487,712,436,3515
6327,716,1234,1719,2432,2842,,716,518,485,713,410,3485
6229,689,1180,1669,2380,2791,,689,491,489,711,411,3438
6045,645,1052,1519,2216,2630,,645,407,467,697,414,3415
6187,703,1194,1666,2369,2762,,703,491,472,703,393,3425
6188,704,1195,1667,2369,2760,,704,491,472,702,391,3428
6085,705,1176,1647,2326,2700,,705,471,471,679,374,3385
6050,705,1195,1665,2327,2663,,705,490,470,662,336,3387
6176,704,1169,1596,2306,2719,,704,465,427,710,413,3457
6302,718,1205,1693,2405,2817,,718,487,488,712,412,3485
6328,715,1205,1692,2406,2816,,715,490,487,714,410,3512
6343,721,1221,1709,2421,2831,,721,500,488,712,410,3512
6311,719,1208,1695,2407,2817,,719,489,487,712,410,3494
6093,705,1107,1580,2266,2683,,705,402,473,686,417,3410
6188,704,1194,1665,2369,2760,,704,490,471,704,391,3428
5946,704,1194,1665,2290,2608,,704,490,471,625,318,3338
6297,726,1225,1714,2427,2836,,726,499,489,713,409,3461
6226,716,1206,1694,2352,2766,,716,490,488,658,414,3460
6327,717,1209,1694,2405,2816,,717,492,485,711,411,3511
6327,715,1207,1694,2407,2817,,715,492,487,713,410,3510
6327,717,1206,1694,2406,2817,,717,489,488,712,411,3510
6325,716,1204,1691,2404,2813,,716,488,487,713,409,3512
6202,715,1202,1691,2347,2763,,715,487,489,656,416,3439
6094,704,1131,1603,2290,2681,,704,427,472,687,391,3413
6237,704,1196,1667,2370,2786,,704,492,471,703,416,3451
5921,704,1193,1664,2291,2584,,704,489,471,627,293,3337
6106,705,1170,1642,2344,2720,,705,465,472,702,376,3386
6080,704,1195,1693,2353,2688,,704,491,498,660,335,3392
5996,706,1153,1631,2280,2635,,706,447,478,649,355,3361
6000,704,1169,1640,2304,2637,,704,465,471,664,333,3363
5997,701,1170,1641,2303,2637,,701,469,471,662,334,3360
5979,649,1117,1589,2249,2584,,649,468,472,660,335,3395
6055,649,1139,1598,2277,2662,,649,490,459,679,385,3393
6128,708,1129,1531,2257,2669,,708,421,402,726,412,3459
6328,716,1235,1745,2457,2867,,716,519,510,712,410,3461
6327,716,1205,1692,2405,2815,,716,489,487,713,410,3512
6250,701,1183,1669,2381,2791,,701,482,486,712,410,3459
6354,716,1204,1690,2405,2815,,716,488,486,715,410,3539
6302,719,1207,1693,2425,2842,,719,488,486,732,417,3460
6325,718,1207,1694,2408,2817,,718,489,487,714,409,3508
6303,716,1207,1694,2405,2816,,716,491,487,711,411,3487
6325,716,1205,1685,2405,2840,,716,489,480,720,435,3485
6303,716,1211,1697,2434,2842,,716,495,486,737,408,3461
6045,676,1107,1514,2219,2635,,676,431,407,705,416,3410
6183,716,1189,1661,2365,2758,,716,473,472,704,393,3425
5920,703,1193,1663,2287,2582,,703,490,470,624,295,3338
6038,704,1181,1652,2314,2670,,704,477,471,662,356,3368
6076,703,1194,1666,2328,2685,,703,491,472,662,357,3391
6202,705,1195,1645,2338,2744,,705,490,450,693,406,3458
6328,717,1207,1695,2407,2816,,717,490,488,712,409,3512
6326,716,1209,1695,2406,2817,,716,493,486,711,411,3509
6290,720,1218,1707,2419,2829,,720,498,489,712,410,3461
6252,717,1205,1661,2380,2791,,717,488,456,719,411,3461
6003,684,1134,1598,2261,2622,,684,450,464,663,361,3381
6279,709,1209,1696,2413,2820,,709,500,487,717,407,3459
6157,717,1206,1692,2385,2751,,717,489,486,693,366,3406
6237,708,1206,1694,2406,2817,,708,498,488,712,411,3420
6047,703,1195,1692,2396,2720,,703,492,497,704,324,3327
6001,705,1195,1625,2289,2636,,705,490,430,664,347,3365
6047,704,1195,1667,2330,2690,,704,491,472,663,360,3357
6002,705,1177,1648,2309,2644,,705,472,471,661,335,3358
6048,705,1195,1666,2329,2665,,705,490,471,663,336,3383
6113,665,1145,1565,2266,2683,,665,480,420,701,417,3430
6299,716,1204,1692,2404,2841,,716,488,488,712,437,3458
6317,716,1205,1692,2406,2840,,716,489,487,714,434,3477
6327,716,1206,1694,2406,2816,,716,490,488,712,410,3511
6243,716,1205,1693,2404,2815,,716,489,488,711,411,3428
6320,726,1226,1713,2426,2861,,726,500,487,713,435,3459
6251,716,1206,1693,2405,2783,,716,490,487,712,378,3468
6327,715,1206,1695,2406,2816,,715,491,489,711,410,3511
6301,717,1206,1694,2406,2815,,717,489,488,712,409,3486
6327,717,1206,1694,2406,2817,,717,489,488,712,411,3510
6311,716,1206,1698,2406,2817,,716,490,492,708,411,3494
6163,718,1204,1672,2357,2742,,718,486,468,685,385,3421
6209,704,1176,1647,2350,2768,,704,472,471,703,418,3441
6310,717,1207,1694,2406,2817,,717,490,487,712,411,3493
6196,692,1181,1667,2380,2791,,692,489,486,713,411,3405
6363,719,1248,1757,2469,2905,,719,529,509,712,436,3458
6300,716,1204,1693,2404,2817,,716,488,489,711,413,3483
6327,714,1206,1694,2407,2817,,714,492,488,713,410,3510
6328,717,1206,1693,2407,2818,,717,489,487,714,411,3510
6301,720,1205,1692,2408,2815,,720,485,487,716,407,3486
6301,717,1208,1695,2407,2816,,717,491,487,712,409,3485
6222,717,1204,1692,2385,2791,,717,487,488,693,406,3431
6324,724,1223,1711,2423,2832,,724,499,488,712,409,3492
6325,717,1204,1693,2434,2868,,717,487,489,741,434,3457
6301,717,1205,1694,2406,2816,,717,488,489,712,410,3485
6297,716,1203,1691,2407,2838,,716,487,488,716,431,3459
6326,717,1205,1693,2406,2819,,717,488,488,713,413,3507
6298,718,1205,1694,2405,2816,,718,487,489,711,411,3482
6306,717,1207,1696,2407,2818,,717,490,489,711,411,3488
6204,717,1206,1645,2356,2766,,717,489,439,711,410,3438
6286,717,1203,1692,2404,2815,,717,486,489,712,411,3471
6133,715,1205,1672,2354,2741,,715,490,467,682,387,3392
6263,718,1209,1697,2409,2843,,718,491,488,712,434,3420
6328,718,1206,1698,2406,2817,,718,488,492,708,411,3511
6343,719,1249,1733,2444,2855,,719,530,484,711,411,3488
6325,718,1204,1693,2405,2816,,718,486,489,712,411,3509
6326,717,1205,1693,2404,2815,,717,488,488,711,411,3511
6323,716,1205,1699,2405,2815,,716,489,494,706,410,3508
6316,716,1205,1691,2404,2817,,716,489,486,713,413,3499
6300,715,1232,1717,2428,2840,,715,517,485,711,412,3460
6356,718,1205,1694,2406,2820,,718,487,489,712,414,3536
6199,716,1205,1694,2385,2791,,716,489,489,691,406,3408
6302,715,1206,1693,2406,2818,,715,491,487,713,412,3484
6300,715,1204,1691,2403,2813,,715,489,487,712,410,3487
6324,714,1204,1691,2404,2814,,714,490,487,713,410,3510
6324,715,1205,1692,2405,2816,,715,490,487,713,411,3508
6299,716,1203,1692,2403,2812,,716,487,489,711,409,3487
6326,716,1205,1693,2406,2816,,716,489,488,713,410,3510
6300,714,1205,1693,2405,2815,,714,491,488,712,410,3485
6327,716,1207,1694,2406,2817,,716,491,487,712,411,3510
6302,715,1205,1694,2409,2844,,715,490,489,715,435,3458
6149,716,1205,1694,2329,2716,,716,489,489,635,387,3433
6353,717,1211,1695,2407,2816,,717,494,484,712,409,3537
6301,716,1205,1692,2404,2815,,716,489,487,712,411,3486
6301,716,1205,1693,2405,2839,,716,489,488,712,434,3462
6316,717,1203,1692,2402,2813,,717,486,489,710,411,3503
6300,716,1205,1693,2406,2840,,716,489,488,713,434,3460
6297,716,1206,1692,2408,2840,,716,490,486,716,432,3457
6324,716,1259,1742,2455,2863,,716,543,483,713,408,3461
6225,660,1153,1641,2353,2790,,660,493,488,712,437,3435
6252,716,1206,1694,2407,2793,,716,490,488,713,386,3459
6200,715,1206,1694,2383,2768,,715,491,488,689,385,3432
6329,721,1207,1696,2408,2817,,721,486,489,712,409,3512
6326,717,1206,1693,2405,2817,,717,489,487,712,412,3509
6326,717,1205,1696,2407,2814,,717,488,491,711,407,3512
6323,716,1206,1694,2406,2815,,716,490,488,712,409,3508
6329,716,1204,1693,2405,2814,,716,488,489,712,409,3515
6349,745,1258,1771,2483,2890,,745,513,513,712,407,3459
6299,716,1204,1693,2405,2815,,716,488,489,712,410,3484
6248,716,1204,1691,2379,2791,,716,488,487,688,412,3457
6228,715,1205,1693,2407,2786,,715,490,488,714,379,3442
6225,716,1207,1694,2386,2793,,716,491,487,692,407,3432
6211,722,1194,1663,2368,2784,,722,472,469,705,416,3427
6327,718,1206,1694,2405,2818,,718,488,488,711,413,3509
6330,716,1217,1703,2405,2818,,716,501,486,702,413,3512
6303,717,1207,1695,2406,2817,,717,490,488,711,411,3486
6327,717,1207,1694,2407,2816,,717,490,487,713,409,3511
6323,716,1205,1694,2405,2814,,716,489,489,711,409,3509
6303,716,1206,1694,2406,2817,,716,490,488,712,411,3486
6301,717,1206,1694,2406,2815,,717,489,488,712,409,3486
6327,717,1206,1693,2405,2816,,717,489,487,712,411,3511
6326,717,1205,1693,2403,2811,,717,488,488,710,408,3515
6327,702,1205,1692,2406,2817,,702,503,487,714,411,3510
6327,716,1206,1693,2406,2815,,716,490,487,713,409,3512
6300,716,1208,1693,2404,2816,,716,492,485,711,412,3484
6301,716,1205,1693,2405,2815,,716,489,488,712,410,3486
6327,717,1206,1694,2405,2841,,717,489,488,711,436,3486
6299,715,1204,1691,2404,2814,,715,489,487,713,410,3485
6301,716,1232,1718,2431,2842,,716,516,486,713,411,3459
6300,716,1207,1692,2407,2815,,716,491,485,715,408,3485
6327,716,1206,1693,2406,2819,,716,490,487,713,413,3508
6226,717,1205,1693,2405,2784,,717,488,488,712,379,3442
6326,716,1192,1675,2381,2817,,716,476,483,706,436,3509
6326,716,1204,1693,2407,2816,,716,488,489,714,409,3510
6302,709,1206,1695,2407,2818,,709,497,489,712,411,3484
6315,717,1207,1695,2407,2816,,717,490,488,712,409,3499
6302,717,1206,1696,2407,2817,,717,489,490,711,410,3485
6326,717,1207,1694,2406,2817,,717,490,487,712,411,3509
6329,718,1208,1695,2407,2817,,718,490,487,712,410,3512
6326,717,1205,1692,2406,2816,,717,488,487,714,410,3510
6301,717,1206,1693,2405,2819,,717,489,487,712,414,3482
6301,716,1206,1693,2405,2817,,716,490,487,712,412,3484
6151,646,1052,1542,2254,2666,,646,406,490,712,412,3485
6327,717,1205,1695,2406,2816,,717,488,490,711,410,3511
6329,719,1205,1695,2407,2817,,719,486,490,712,410,3512
6327,716,1205,1694,2406,2817,,716,489,489,712,411,3510
6303,717,1207,1695,2410,2818,,717,490,488,715,408,3485
6326,716,1204,1693,2407,2838,,716,488,489,714,431,3488
6302,717,1205,1695,2405,2816,,717,488,490,710,411,3486
6302,717,1206,1694,2406,2840,,717,489,488,712,434,3462
6323,715,1205,1690,2403,2814,,715,490,485,713,411,3509
6325,717,1205,1693,2405,2815,,717,488,488,712,410,3510
6154,646,1054,1529,2231,2667,,646,408,475,702,436,3487
6326,717,1206,1694,2406,2842,,717,489,488,712,436,3484
6227,716,1156,1643,2356,2768,,716,440,487,713,412,3459
6307,717,1206,1695,2406,2841,,717,489,489,711,435,3466
6162,717,1209,1675,2356,2745,,717,492,466,681,389,3417
6188,704,1197,1670,2370,2761,,704,493,473,700,391,3427
6085,704,1177,1650,2353,2704,,704,473,473,703,351,3381
6145,691,1163,1645,2354,2743,,691,472,482,709,389,3402
6327,746,1260,1744,2457,2867,,746,514,484,713,410,3460
6300,719,1206,1694,2408,2816,,719,487,488,714,408,3484
6162,703,1173,1634,2344,2741,,703,470,461,710,397,3421
5955,705,1179,1650,2273,2567,,705,474,471,623,294,3388
5974,704,1130,1610,2255,2593,,704,426,480,645,338,3381
5959,706,1181,1653,2277,2594,,706,475,472,624,317,3365
6153,704,1171,1642,2346,2717,,704,467,471,704,371,3436
6326,715,1205,1693,2405,2816,,715,490,488,712,411,3510
6188,717,1217,1704,2416,2749,,717,500,487,712,333,3439
6241,717,1209,1659,2372,2793,,717,492,450,713,421,3448
6029,704,1196,1669,2330,2664,,704,492,473,661,334,3365
5977,700,1171,1601,2231,2562,,700,471,430,630,331,3415
6232,700,1176,1647,2362,2771,,700,476,471,715,409,3461
6302,716,1205,1694,2406,2817,,716,489,489,712,411,3485
6303,716,1207,1694,2407,2819,,716,491,487,713,412,3484
6303,716,1203,1695,2403,2814,,716,487,492,708,411,3489
6328,719,1206,1695,2405,2816,,719,487,489,710,411,3512
6328,716,1206,1694,2406,2841,,716,490,488,712,435,3487
6332,717,1208,1695,2407,2841,,717,491,487,712,434,3491
6328,718,1208,1697,2407,2842,,718,490,489,710,435,3486
6326,716,1208,1693,2406,2816,,716,492,485,713,410,3510
6227,717,1208,1696,2408,2796,,717,491,488,712,388,3431
6354,716,1208,1701,2408,2817,,716,492,493,707,409,3537
6302,717,1206,1693,2407,2817,,717,489,487,714,410,3485
6328,716,1206,1695,2407,2817,,716,490,489,712,410,3511
6306,717,1206,1695,2406,2817,,717,489,489,711,411,3489
6359,718,1208,1697,2409,2819,,718,490,489,712,410,3540
6312,716,1207,1695,2407,2818,,716,491,488,712,411,3494
6304,705,1181,1670,2383,2817,,705,476,489,713,434,3487
6328,709,1206,1694,2406,2817,,709,497,488,712,411,3511
6326,717,1207,1695,2408,2818,,717,490,488,713,410,3508
6224,716,1205,1692,2404,2794,,716,489,487,712,390,3430
6328,719,1208,1697,2438,2845,,719,489,489,741,407,3483
6327,716,1207,1694,2439,2870,,716,491,487,745,431,3457
6228,680,1181,1669,2382,2793,,680,501,488,713,411,3435
6327,717,1207,1695,2407,2842,,717,490,488,712,435,3485
6327,717,1207,1695,2408,2820,,717,490,488,713,412,3507
6329,717,1209,1697,2409,2819,,717,492,488,712,410,3510
6304,717,1208,1697,2409,2820,,717,491,489,712,411,3484
6328,704,1208,1696,2407,2819,,704,504,488,711,412,3509
6320,718,1208,1697,2406,2819,,718,490,489,709,413,3501
6303,717,1208,1696,2408,2843,,717,491,488,712,435,3460
6355,718,1209,1697,2408,2820,,718,491,488,711,412,3535
6304,718,1207,1697,2408,2843,,718,489,490,711,435,3461
6329,718,1208,1696,2407,2844,,718,490,488,711,437,3485
6299,710,1203,1691,2402,2844,,710,493,488,711,442,3455
6303,717,1208,1695,2408,2819,,717,491,487,713,411,3484
6328,717,1208,1696,2408,2845,,717,491,488,712,437,3483
6304,721,1208,1695,2408,2820,,721,487,487,713,412,3484
6228,717,1152,1644,2358,2768,,717,435,492,714,410,3460
6301,716,1208,1696,2408,2842,,716,492,488,712,434,3459
6328,717,1208,1696,2409,2841,,717,491,488,713,432,3487
6229,717,1185,1646,2338,2744,,717,468,461,692,406,3485
6303,717,1207,1695,2409,2842,,717,490,488,714,433,3461
6318,717,1209,1697,2410,2820,,717,492,488,713,410,3498
6301,734,1230,1719,2431,2841,,734,496,489,712,410,3460
6328,717,1209,1696,2410,2844,,717,492,487,714,434,3484
6327,717,1207,1694,2407,2817,,717,490,487,713,410,3510
6291,720,1220,1708,2420,2830,,720,500,488,712,410,3461
6327,717,1207,1695,2407,2819,,717,490,488,712,412,3508
6326,716,1209,1695,2408,2817,,716,493,486,713,409,3509
6325,716,1208,1698,2409,2818,,716,492,490,711,409,3507
6203,718,1208,1617,2340,2750,,718,490,409,723,410,3453
6325,720,1206,1693,2405,2815,,720,486,487,712,410,3510
6304,718,1207,1697,2408,2817,,718,489,490,711,409,3487
6344,725,1225,1713,2429,2864,,725,500,488,716,435,3480
6327,718,1208,1696,2408,2821,,718,490,488,712,413,3506
6305,717,1238,1724,2433,2844,,717,521,486,709,411,3461
6304,717,1206,1694,2407,2843,,717,489,488,713,436,3461
6330,702,1208,1696,2409,2819,,702,506,488,713,410,3511
6294,717,1207,1693,2408,2817,,717,490,486,715,409,3477
6330,717,1209,1697,2409,2819,,717,492,488,712,410,3511
6255,742,1232,1701,2385,2770,,742,490,469,684,385,3485
6303,717,1208,1695,2410,2843,,717,491,487,715,433,3460
6302,717,1207,1696,2437,2846,,717,490,489,741,409,3456
6176,688,1106,1595,2307,2717,,688,418,489,712,410,3459
6301,717,1207,1695,2436,2867,,717,490,488,741,431,3434
6303,717,1206,1695,2407,2816,,717,489,489,712,409,3487
6328,716,1207,1696,2408,2819,,716,491,489,712,411,3509
6329,716,1207,1695,2407,2841,,716,491,488,712,434,3488
6227,720,1206,1696,2406,2797,,720,486,490,710,391,3430
6088,719,1190,1649,2336,2704,,719,471,459,687,368,3384
6180,699,1174,1648,2348,2714,,699,475,474,700,366,3466
6175,717,1206,1673,2357,2744,,717,489,467,684,387,3431
6202,703,1154,1643,2356,2766,,703,451,489,713,410,3436
6114,668,1099,1546,2250,2668,,668,431,447,704,418,3446
6242,706,1197,1669,2373,2789,,706,491,472,704,416,3453
6099,706,1194,1667,2369,2720,,706,488,473,702,351,3379
6019,704,1168,1641,2302,2637,,704,464,473,661,335,3382
6229,688,1127,1620,2333,2769,,688,439,493,713,436,3460
6325,716,1206,1695,2407,2819,,716,490,489,712,412,3506
6304,709,1208,1696,2407,2848,,709,499,488,711,441,3456
6288,716,1209,1694,2408,2816,,716,493,485,714,408,3472
6329,717,1207,1696,2410,2818,,717,490,489,714,408,3511
6254,703,1194,1678,2384,2795,,703,491,484,706,411,3459
6111,650,1128,1566,2268,2687,,650,478,438,702,419,3424
6096,705,1171,1643,2347,2720,,705,466,472,704,373,3376
6210,705,1195,1667,2370,2787,,705,490,472,703,417,3423
6108,706,1179,1650,2353,2727,,706,473,471,703,374,3381
6049,704,1196,1683,2356,2692,,704,492,487,673,336,3357
6041,710,1186,1658,2318,2654,,710,476,472,660,336,3387
5977,700,1169,1598,2226,2560,,700,469,429,628,334,3417
6185,705,1179,1676,2355,2745,,705,474,497,679,390,3440
6290,718,1219,1706,2419,2828,,718,501,487,713,409,3462
6100,715,1207,1619,2296,2693,,715,492,412,677,397,3407
6064,654,1071,1516,2222,2617,,654,417,445,706,395,3447
6109,705,1197,1669,2372,2719,,705,492,472,703,347,3390
6205,706,1137,1621,2332,2744,,706,431,484,711,412,3461
6304,718,1209,1695,2407,2817,,718,491,486,712,410,3487
6229,716,1208,1696,2374,2793,,716,492,488,678,419,3436
6325,717,1207,1696,2407,2842,,717,490,489,711,435,3483
6226,717,1207,1695,2408,2798,,717,490,488,713,390,3428
6284,716,1207,1695,2408,2798,,716,491,488,713,390,3486
6265,718,1219,1707,2418,2829,,718,501,488,711,411,3436
6332,686,1183,1670,2382,2818,,686,497,487,712,436,3514
6203,703,1178,1631,2334,2742,,703,475,453,703,408,3461
6355,717,1208,1695,2408,2818,,717,491,487,713,410,3537
6328,718,1206,1694,2408,2815,,718,488,488,714,407,3513
6328,716,1207,1695,2407,2843,,716,491,488,712,436,3485
6302,738,1233,1722,2465,2872,,738,495,489,743,407,3430
6226,716,1207,1693,2406,2796,,716,491,486,713,390,3430
6109,716,1186,1645,2333,2702,,716,470,459,688,369,3407
6140,706,1196,1668,2371,2696,,706,490,472,703,325,3444
6025,705,1195,1665,2346,2668,,705,490,470,681,322,3357
5999,665,1147,1618,2282,2617,,665,482,471,664,335,3382
6315,707,1161,1706,2418,2828,,707,454,545,712,410,3487
6329,716,1207,1695,2408,2841,,716,491,488,713,433,3488
6325,716,1205,1691,2403,2839,,716,489,486,712,436,3486
6303,716,1207,1695,2406,2817,,716,491,488,711,411,3486
6330,718,1207,1695,2410,2872,,718,489,488,715,462,3458
6300,721,1232,1719,2432,2824,,721,511,487,713,392,3476
6135,748,1211,1668,2358,2730,,748,463,457,690,372,3405
6090,704,1171,1642,2266,2660,,704,467,471,624,394,3430
6016,702,1186,1658,2363,2687,,702,484,472,705,324,3329
6229,665,1170,1655,2359,2769,,665,505,485,704,410,3460
6169,723,1199,1634,2285,2715,,723,476,435,651,430,3454
6352,717,1205,1696,2407,2817,,717,488,491,711,410,3535
6329,717,1207,1694,2408,2871,,717,490,487,714,463,3458
6328,717,1208,1697,2407,2819,,717,491,489,710,412,3509
6329,715,1213,1699,2407,2843,,715,498,486,708,436,3486
6215,716,1206,1695,2408,2803,,716,490,489,713,395,3412
6110,717,1187,1646,2335,2703,,717,470,459,689,368,3407
5951,704,1197,1670,2291,2609,,704,493,473,621,318,3342
5961,710,1182,1653,2273,2568,,710,472,471,620,295,3393
6227,708,1152,1645,2357,2768,,708,444,493,712,411,3459
6177,716,1208,1662,2322,2727,,716,492,454,660,405,3450
6360,716,1208,1696,2408,2816,,716,492,488,712,408,3544
6352,745,1259,1743,2484,2890,,745,514,484,741,406,3462
6305,715,1209,1697,2409,2820,,715,494,488,712,411,3485
6304,718,1208,1697,2407,2819,,718,490,489,710,412,3485
6288,716,1208,1696,2407,2818,,716,492,488,711,411,3470
6136,718,1207,1674,2358,2744,,718,489,467,684,386,3392
6190,704,1173,1644,2348,2764,,704,469,471,704,416,3426
5958,706,1182,1653,2274,2605,,706,476,471,621,331,3353
6088,705,1156,1576,2285,2673,,705,451,420,709,388,3415
6232,716,1207,1673,2343,2752,,716,491,466,670,409,3480
6352,717,1210,1694,2406,2841,,717,493,484,712,435,3511
6357,716,1208,1694,2407,2817,,716,492,486,713,410,3540
6329,717,1207,1694,2407,2842,,717,490,487,713,435,3487
6251,718,1205,1695,2405,2791,,718,487,490,710,386,3460
6300,716,1206,1693,2409,2820,,716,490,487,716,411,3480
6162,717,1208,1674,2359,2743,,717,491,466,685,384,3419
6216,705,1197,1670,2373,2764,,705,492,473,703,391,3452
6227,708,1179,1652,2357,2772,,708,471,473,705,415,3455
5972,665,1144,1614,2278,2615,,665,479,470,664,337,3357
5991,649,1120,1548,2200,2562,,649,471,428,652,362,3429
6330,717,1208,1697,2410,2818,,717,491,489,713,408,3512
6332,718,1206,1696,2407,2818,,718,488,490,711,411,3514
6328,716,1207,1696,2407,2817,,716,491,489,711,410,3511
6304,716,1208,1694,2407,2817,,716,492,486,713,410,3487
6287,717,1209,1694,2408,2818,,717,492,485,714,410,3469
6160,715,1205,1673,2355,2742,,715,490,468,682,387,3418
6190,704,1197,1667,2373,2748,,704,493,470,706,375,3442
6088,664,1158,1631,2332,2727,,664,494,473,701,395,3361
6182,665,1116,1598,2308,2743,,665,451,482,710,435,3439
6153,692,1183,1669,2329,2702,,692,491,486,660,373,3451
6329,720,1207,1695,2407,2817,,720,487,488,712,410,3512
6327,717,1207,1696,2406,2817,,717,490,489,710,411,3510
6331,717,1208,1695,2407,2817,,717,491,487,712,410,3514
6330,716,1210,1696,2408,2818,,716,494,486,712,410,3512
6285,716,1207,1695,2406,2817,,716,491,488,711,411,3468
6136,716,1206,1674,2358,2743,,716,490,468,684,385,3393
6216,705,1196,1668,2372,2764,,705,491,472,704,392,3452
6188,640,1144,1632,2344,2753,,640,504,488,712,409,3435
6301,716,1206,1694,2407,2817,,716,490,488,713,410,3484
6200,717,1206,1693,2389,2738,,717,489,487,696,349,3462
6353,716,1207,1695,2406,2817,,716,491,488,711,411,3536
6328,717,1207,1694,2408,2817,,717,490,487,714,409,3511
6301,716,1208,1692,2406,2814,,716,492,484,714,408,3487
6328,717,1207,1695,2407,2816,,717,490,488,712,409,3512
6311,717,1206,1694,2407,2816,,717,489,488,713,409,3495
6194,716,1204,1678,2363,2779,,716,488,474,685,416,3415
6290,705,1198,1694,2396,2814,,705,493,496,702,418,3476
5885,655,1136,1606,2225,2557,,655,481,470,619,332,3328
6138,705,1172,1583,2284,2694,,705,467,411,701,410,3444
6277,718,1207,1695,2412,2798,,718,489,488,717,386,3479
6328,716,1206,1696,2407,2818,,716,490,490,711,411,3510
6327,716,1237,1722,2433,2843,,716,521,485,711,410,3484
6331,717,1208,1696,2408,2818,,717,491,488,712,410,3513
6332,717,1209,1697,2408,2817,,717,492,488,711,409,3515
6280,717,1207,1695,2407,2843,,717,490,488,712,436,3437
6161,717,1207,1675,2359,2743,,717,490,468,684,384,3418
6241,706,1197,1667,2374,2791,,706,491,470,707,417,3450
6075,701,1139,1616,2329,2630,,701,438,477,713,301,3445
6037,657,1136,1584,2245,2632,,657,479,448,661,387,3405
6225,710,1205,1698,2410,2799,,710,495,493,712,389,3426
6328,716,1205,1693,2406,2818,,716,489,488,713,412,3510
6328,717,1207,1695,2408,2818,,717,490,488,713,410,3510
6304,719,1207,1694,2407,2818,,719,488,487,713,411,3486
6251,717,1208,1696,2407,2801,,717,491,488,711,394,3450
6287,716,1206,1695,2407,2817,,716,490,489,712,410,3470
6167,715,1211,1680,2363,2749,,715,496,469,683,386,3418
6240,706,1196,1669,2372,2789,,706,490,473,703,417,3451
6156,663,1097,1581,2284,2693,,663,434,484,703,409,3463
6230,716,1156,1648,2358,2768,,716,440,492,710,410,3462
6281,716,1206,1697,2407,2810,,716,490,491,710,403,3471
6286,715,1215,1705,2414,2826,,715,500,490,709,412,3460
6327,716,1206,1695,2406,2817,,716,490,489,711,411,3510
6251,717,1206,1674,2381,2793,,717,489,468,707,412,3458
6228,740,1234,1652,2358,2770,,740,494,418,706,412,3458
6330,718,1212,1698,2409,2845,,718,494,486,711,436,3485
6330,717,1209,1697,2408,2845,,717,492,488,711,437,3485
6252,717,1210,1676,2384,2796,,717,493,466,708,412,3456
6330,743,1212,1696,2410,2850,,743,469,484,714,440,3480
6228,717,1209,1643,2359,2769,,717,492,434,716,410,3459
6334,717,1208,1696,2413,2823,,717,491,488,717,410,3511
6329,714,1207,1695,2407,2820,,714,493,488,712,413,3509
6305,717,1209,1697,2411,2820,,717,492,488,714,409,3485
6314,717,1209,1696,2410,2820,,717,492,487,714,410,3494
6179,718,1210,1680,2364,2745,,718,492,470,684,381,3434
6305,716,1211,1698,2409,2820,,716,495,487,711,411,3485
6302,717,1207,1695,2407,2816,,717,490,488,712,409,3486
6253,717,1212,1678,2387,2795,,717,495,466,709,408,3458
6203,742,1161,1637,2334,2746,,742,419,476,697,412,3457
6255,716,1209,1655,2358,2794,,716,493,446,703,436,3461
6304,716,1209,1697,2409,2818,,716,493,488,712,409,3486
6328,718,1207,1697,2409,2819,,718,489,490,712,410,3509
6331,718,1209,1697,2409,2818,,718,491,488,712,409,3513
6313,716,1208,1697,2409,2819,,716,492,489,712,410,3494
6279,719,1240,1725,2413,2820,,719,521,485,688,407,3459
6331,718,1210,1698,2410,2821,,718,492,488,712,411,3510
6330,717,1209,1695,2408,2819,,717,492,486,713,411,3511
6282,716,1209,1676,2385,2795,,716,493,467,709,410,3487
6238,742,1191,1662,2369,2789,,742,449,471,707,420,3449
6002,704,1197,1630,2283,2639,,704,493,433,653,356,3363
6033,706,1198,1671,2373,2673,,706,492,473,702,300,3360
6100,704,1198,1671,2376,2725,,704,494,473,705,349,3375
6003,705,1174,1647,2348,2670,,705,469,473,701,322,3333
6124,705,1197,1669,2372,2748,,705,492,472,703,376,3376
5999,707,1198,1628,2265,2641,,707,491,430,637,376,3358
6024,705,1170,1643,2303,2640,,705,465,473,660,337,3384
5973,700,1171,1602,2230,2566,,700,471,431,628,336,3407
6115,701,1157,1570,2272,2689,,701,456,413,702,417,3426
6012,643,1050,1446,2144,2535,,643,407,396,698,391,3477
6077,704,1196,1626,2256,2645,,704,492,430,630,389,3432
6328,715,1207,1695,2407,2818,,715,492,488,712,411,3510
6329,716,1208,1696,2408,2818,,716,492,488,712,410,3511
6328,717,1209,1695,2411,2818,,717,492,486,716,407,3510
6253,689,1183,1672,2382,2794,,689,494,489,710,412,3459
6255,718,1238,1722,2427,2792,,718,520,484,705,365,3463
6303,717,1207,1694,2407,2819,,717,490,487,713,412,3484
6201,716,1208,1695,2387,2769,,716,492,487,692,382,3432
6326,715,1210,1697,2408,2820,,715,495,487,711,412,3506
6132,741,1170,1588,2283,2694,,741,429,418,695,411,3438
6228,746,1201,1695,2390,2795,,746,455,494,695,405,3433
6329,716,1209,1696,2409,2820,,716,493,487,713,411,3509
6328,716,1207,1697,2408,2819,,716,491,490,711,411,3509
6329,716,1208,1696,2409,2819,,716,492,488,713,410,3510
6330,716,1209,1699,2409,2820,,716,493,490,710,411,3510
6255,717,1211,1697,2409,2800,,717,494,486,712,391,3455
6288,717,1209,1697,2408,2820,,717,492,488,711,412,3468
6139,717,1209,1675,2359,2744,,717,492,466,684,385,3395
6113,730,1220,1647,2281,2679,,730,490,427,634,398,3434
6017,647,1054,1464,2152,2551,,647,407,410,688,399,3466
6203,703,1127,1621,2332,2747,,703,424,494,711,415,3456
6254,716,1206,1694,2407,2798,,716,490,488,713,391,3456
6327,715,1207,1694,2407,2818,,715,492,487,713,411,3509
6304,717,1208,1695,2407,2818,,717,491,487,712,411,3486
6328,715,1207,1697,2408,2819,,715,492,490,711,411,3509
6328,717,1207,1695,2408,2849,,717,490,488,713,441,3479
6305,718,1209,1697,2409,2819,,718,491,488,712,410,3486
6177,718,1208,1694,2385,2769,,718,490,486,691,384,3408
6329,715,1209,1696,2409,2819,,715,494,487,713,410,3510
6140,742,1196,1636,2281,2687,,742,454,440,645,406,3453
6130,707,1131,1555,2259,2669,,707,424,424,704,410,3461
6252,715,1208,1698,2408,2798,,715,493,490,710,390,3454
6312,716,1216,1703,2417,2850,,716,500,487,714,433,3462
6330,716,1209,1698,2410,2819,,716,493,489,712,409,3511
6330,715,1207,1696,2409,2820,,715,492,489,713,411,3510
6304,715,1206,1698,2411,2817,,715,491,492,713,406,3487
6328,715,1209,1696,2408,2821,,715,494,487,712,413,3507
6203,716,1208,1697,2409,2797,,716,492,489,712,388,3406
6289,716,1209,1697,2409,2820,,716,493,488,712,411,3469
6127,717,1182,1627,2276,2678,,717,465,445,649,402,3449
6188,716,1205,1694,2387,2792,,716,489,489,693,405,3396
6253,709,1211,1698,2410,2800,,709,502,487,712,390,3453
6302,717,1206,1695,2405,2817,,717,489,489,710,412,3485
6304,715,1209,1697,2409,2818,,715,494,488,712,409,3486
6303,715,1207,1696,2408,2818,,715,492,489,712,410,3485
6304,715,1207,1697,2408,2819,,715,492,490,711,411,3485
6305,716,1210,1697,2409,2818,,716,494,487,712,409,3487
6289,716,1209,1696,2409,2819,,716,493,487,713,410,3470
6320,719,1208,1697,2409,2819,,719,489,489,712,410,3501
6101,743,1203,1643,2277,2664,,743,460,440,634,387,3437
6077,697,1190,1647,2340,2693,,697,493,457,693,353,3384
5950,700,1170,1638,2263,2559,,700,470,468,625,296,3391
6087,704,1197,1693,2397,2696,,704,493,496,704,299,3391
6181,712,1188,1659,2366,2757,,712,476,471,707,391,3424
6227,670,1157,1645,2358,2792,,670,487,488,713,434,3435
6330,717,1208,1696,2410,2844,,717,491,488,714,434,3486
6330,717,1208,1695,2440,2871,,717,491,487,745,431,3459
6329,716,1209,1696,2409,2845,,716,493,487,713,436,3484
6326,715,1207,1693,2407,2817,,715,492,486,714,410,3509
5985,636,1106,1560,2193,2544,,636,470,454,633,351,3441
6227,716,1213,1700,2409,2799,,716,497,487,709,390,3428
6303,717,1209,1697,2408,2819,,717,492,488,711,411,3484
6306,717,1212,1696,2408,2818,,717,495,484,712,410,3488
6281,719,1211,1699,2411,2822,,719,492,488,712,411,3459
6328,716,1208,1695,2407,2818,,716,492,487,712,411,3510
6225,715,1237,1667,2412,2798,,715,522,430,745,386,3427
6307,717,1210,1698,2409,2820,,717,493,488,711,411,3487
6286,721,1215,1704,2417,2825,,721,494,489,713,408,3461
6303,717,1208,1696,2409,2822,,717,491,488,713,413,3481
6125,708,1198,1645,2338,2685,,708,490,447,693,347,3440
6230,706,1153,1613,2333,2768,,706,447,460,720,435,3462
6357,717,1208,1697,2437,2844,,717,491,489,740,407,3513
6279,717,1208,1697,2408,2820,,717,491,489,711,412,3459
6284,716,1213,1701,2413,2823,,716,497,488,712,410,3461
6305,716,1208,1697,2408,2843,,716,492,489,711,435,3462
6314,716,1210,1668,2384,2819,,716,494,458,716,435,3495
6306,717,1209,1697,2410,2819,,717,492,488,713,409,3487
6285,717,1214,1703,2415,2824,,717,497,489,712,409,3461
6304,717,1209,1697,2410,2819,,717,492,488,713,409,3485
6152,719,1219,1688,2355,2720,,719,500,469,667,365,3432
6154,705,1173,1600,2314,2721,,705,468,427,714,407,3433
6256,716,1209,1697,2410,2818,,716,493,488,713,408,3438
6324,729,1229,1716,2430,2840,,729,500,487,714,410,3484
6302,715,1206,1694,2405,2840,,715,491,488,711,435,3462
6253,716,1207,1695,2387,2793,,716,491,488,692,406,3460
6141,717,1208,1643,2301,2719,,717,491,435,658,418,3422
6080,704,1172,1643,2346,2696,,704,468,471,703,350,3384
5998,705,1171,1642,2305,2639,,705,466,471,663,334,3359
6025,702,1196,1668,2331,2665,,702,494,472,663,334,3360
5983,702,1178,1607,2236,2569,,702,476,429,629,333,3414
6162,701,1195,1667,2312,2730,,701,494,472,645,418,3432
6333,717,1209,1699,2408,2819,,717,492,490,709,411,3514
6257,702,1183,1671,2383,2793,,702,481,488,712,410,3464
6328,713,1235,1748,2450,2883,,713,522,513,702,433,3445
6329,716,1211,1696,2393,2800,,716,495,485,697,407,3529
6256,716,1188,1671,2387,2797,,716,472,483,716,410,3459
6329,716,1208,1696,2408,2843,,716,492,488,712,435,3486
6240,695,1195,1681,2395,2804,,695,500,486,714,409,3436
6331,715,1210,1697,2410,2821,,715,495,487,713,411,3510
6226,717,1216,1705,2379,2799,,717,499,489,674,420,3427
6049,704,1196,1666,2331,2676,,704,492,470,665,345,3373
6157,701,1168,1641,2344,2761,,701,467,473,703,417,3396
6216,701,1197,1670,2373,2789,,701,496,473,703,416,3427
6097,633,1102,1575,2277,2669,,633,469,473,702,392,3428
5948,704,1197,1668,2290,2610,,704,493,471,622,320,3338
6033,705,1174,1645,2307,2671,,705,469,471,662,364,3362
6047,706,1198,1670,2330,2669,,706,492,472,660,339,3378
6026,691,1169,1641,2301,2661,,691,478,472,660,360,3365
6046,726,1219,1691,2352,2687,,726,493,472,661,335,3359
5905,650,1090,1562,2206,2539,,650,440,472,644,333,3366
5967,702,1196,1635,2275,2595,,702,494,439,640,320,3372
5950,699,1176,1645,2268,2586,,699,477,469,623,318,3364
6177,696,1143,1621,2335,2751,,696,447,478,714,416,3426
6116,647,1122,1594,2297,2690,,647,475,472,703,393,3426
6075,704,1172,1642,2347,2699,,704,468,470,705,352,3376
5992,705,1172,1653,2296,2617,,705,467,481,643,321,3375
6026,704,1199,1671,2332,2668,,704,495,472,661,336,3358
6001,705,1197,1626,2285,2616,,705,492,429,659,331,3385
5752,635,1054,1450,2079,2422,,635,419,396,629,343,3330
5777,625,1037,1433,2062,2406,,625,412,396,629,344,3371
5708,626,1037,1432,2061,2375,,626,411,395,629,314,3333
5882,629,1119,1617,2238,2556,,629,490,498,621,318,3326
6043,632,1028,1497,2199,2592,,632,396,469,702,393,3451
6193,702,1192,1664,2374,2766,,702,490,472,710,392,3427
6127,705,1174,1673,2372,2751,,705,469,499,699,379,3376
6056,706,1172,1645,2311,2688,,706,466,473,666,377,3368
6023,705,1199,1672,2329,2666,,705,494,473,657,337,3357
6027,704,1174,1647,2307,2643,,704,470,473,660,336,3384
6025,704,1197,1668,2331,2667,,704,493,471,663,336,3358
5991,684,1161,1633,2291,2628,,684,477,472,658,337,3363
5956,705,1173,1603,2236,2564,,705,468,430,633,328,3392
5936,701,1174,1646,2268,2585,,701,473,472,622,317,3351
6094,654,1075,1545,2250,2643,,654,421,470,705,393,3451
6205,703,1161,1646,2360,2770,,703,458,485,714,410,3435
6330,716,1209,1698,2409,2819,,716,493,489,711,410,3511
6330,717,1210,1696,2388,2819,,717,493,486,692,431,3511
6329,716,1210,1726,2434,2845,,716,494,516,708,411,3484
6255,704,1188,1671,2384,2795,,704,484,483,713,411,3460
6306,716,1210,1699,2409,2821,,716,494,489,710,412,3485
6056,713,1145,1615,2321,2673,,713,432,470,706,352,3383
6030,704,1173,1645,2301,2658,,704,469,472,656,357,3372
5950,700,1173,1643,2267,2560,,700,473,470,624,293,3390
6051,633,1053,1469,2158,2577,,633,420,416,689,419,3474
6039,644,1056,1535,2222,2612,,644,412,479,687,390,3427
5923,706,1170,1642,2266,2561,,706,464,472,624,295,3362
5943,665,1106,1585,2231,2585,,665,441,479,646,354,3358
6101,704,1197,1669,2371,2722,,704,493,472,702,351,3379
6295,707,1178,1673,2385,2819,,707,471,495,712,434,3476
6333,716,1210,1697,2409,2819,,716,494,487,712,410,3514
6331,716,1190,1687,2410,2820,,716,474,497,723,410,3511
6170,715,1208,1676,2359,2730,,715,493,468,683,371,3440
6195,706,1171,1643,2346,2740,,706,465,472,703,394,3455
6149,644,1133,1605,2306,2701,,644,489,472,701,395,3448
6041,648,1056,1518,2222,2615,,648,408,462,704,393,3426
5922,705,1169,1641,2268,2563,,705,464,472,627,295,3359
6029,705,1173,1644,2308,2640,,705,468,471,664,332,3389
5948,705,1134,1567,2231,2591,,705,429,433,664,360,3357
6052,665,1108,1586,2297,2674,,665,443,478,711,377,3378
5999,703,1171,1645,2307,2642,,703,468,474,662,335,3357
6029,651,1070,1499,2199,2617,,651,419,429,700,418,3412
6016,730,1196,1672,2321,2643,,730,466,476,649,322,3373
5975,699,1172,1603,2233,2565,,699,473,431,630,332,3410
6064,702,1133,1546,2246,2640,,702,431,413,700,394,3424
5850,645,1056,1473,2132,2489,,645,411,417,659,357,3361
6039,702,1195,1663,2280,2612,,702,493,468,617,332,3427
5992,704,1173,1600,2235,2561,,704,469,427,635,326,3431
6307,717,1210,1698,2410,2821,,717,493,488,712,411,3486
6229,715,1181,1670,2383,2796,,715,466,489,713,413,3433
6304,716,1209,1697,2410,2819,,716,493,488,713,409,3485
6129,714,1140,1546,2258,2668,,714,426,406,712,410,3461
6181,717,1130,1597,2309,2720,,717,413,467,712,411,3461
6306,717,1210,1698,2410,2820,,717,493,488,712,410,3486
6331,705,1209,1698,2409,2821,,705,504,489,711,412,3510
6206,717,1209,1620,2334,2746,,717,492,411,714,412,3460
6332,717,1211,1699,2410,2821,,717,494,488,711,411,3511
6236,716,1132,1620,2335,2746,,716,416,488,715,411,3490
6305,716,1210,1726,2434,2845,,716,494,516,708,411,3460
6156,689,1128,1574,2285,2697,,689,439,446,711,412,3459
6312,716,1208,1698,2410,2820,,716,492,490,712,410,3492
6230,718,1210,1644,2359,2773,,718,492,434,715,414,3457
6254,717,1188,1671,2376,2794,,717,471,483,705,418,3460
6335,717,1208,1697,2409,2849,,717,491,489,712,440,3486
6330,746,1234,1723,2414,2845,,746,488,489,691,431,3485
6118,717,1178,1596,2298,2694,,717,461,418,702,396,3424
6190,704,1171,1641,2347,2740,,704,467,470,706,393,3450
6091,704,1172,1605,2254,2654,,704,468,433,649,400,3437
5975,704,1198,1693,2317,2636,,704,494,495,624,319,3339
6182,706,1174,1604,2311,2721,,706,468,430,707,410,3461
6305,716,1209,1697,2409,2819,,716,493,488,712,410,3486
6229,711,1209,1642,2359,2769,,711,498,433,717,410,3460
6107,716,1186,1597,2246,2664,,716,470,411,649,418,3443
6330,715,1208,1696,2409,2819,,715,493,488,713,410,3511
6253,716,1198,1682,2382,2792,,716,482,484,700,410,3461
6222,716,1182,1642,2353,2763,,716,466,460,711,410,3459
6229,716,1210,1697,2390,2771,,716,494,487,693,381,3458
6155,715,1184,1630,2294,2698,,715,469,446,664,404,3457
6253,715,1206,1681,2382,2792,,715,491,475,701,410,3461
6206,716,1192,1649,2360,2770,,716,476,457,711,410,3436
6228,718,1210,1697,2410,2798,,718,492,487,713,388,3430
6230,718,1209,1642,2360,2769,,718,491,433,718,409,3461
6205,744,1259,1673,2343,2744,,744,515,414,670,401,3461
6333,716,1209,1697,2411,2819,,716,493,488,714,408,3514
6305,717,1210,1698,2397,2804,,717,493,488,699,407,3501
6230,715,1188,1647,2358,2769,,715,473,459,711,411,3461
6166,710,1157,1637,2348,2725,,710,447,480,711,377,3441
5917,704,1107,1518,2155,2477,,704,403,411,637,322,3440
5924,706,1173,1647,2268,2561,,706,467,474,621,293,3363
6079,705,1175,1651,2350,2705,,705,470,476,699,355,3374
6048,707,1198,1695,2357,2691,,707,491,497,662,334,3357
6156,700,1174,1601,2309,2720,,700,474,427,708,411,3436
6131,716,1235,1659,2317,2682,,716,519,424,658,365,3449
6332,716,1210,1697,2410,2820,,716,494,487,713,410,3512
6332,716,1210,1698,2440,2847,,716,494,488,742,407,3485
6253,716,1207,1696,2387,2792,,716,491,489,691,405,3461
6333,717,1208,1695,2409,2818,,717,491,487,714,409,3515
6119,714,1177,1617,2321,2674,,714,463,440,704,353,3445
6017,706,1203,1687,2293,2586,,706,497,484,606,293,3431
6102,706,1173,1644,2349,2724,,706,467,471,705,375,3378
6052,706,1198,1671,2331,2668,,706,492,473,660,337,3384
6151,709,1163,1641,2331,2721,,709,454,478,690,390,3430
6093,714,1173,1614,2296,2650,,714,459,441,682,354,3443
6194,703,1171,1642,2347,2763,,703,468,471,705,416,3431
6256,707,1175,1687,2384,2795,,707,468,512,697,411,3461
6192,718,1208,1665,2320,2741,,718,490,457,655,421,3451
6025,706,1196,1669,2328,2667,,706,490,473,659,339,3358
6018,703,1172,1601,2236,2565,,703,469,429,635,329,3453
6091,704,1173,1603,2255,2656,,704,469,430,652,401,3435
6206,706,1173,1645,2337,2745,,706,467,472,692,408,3461
6330,717,1209,1698,2410,2825,,717,492,489,712,415,3505
6102,715,1189,1632,2324,2718,,715,474,443,692,394,3384
6017,703,1154,1567,2202,2524,,703,451,413,635,322,3493
6168,704,1173,1645,2349,2739,,704,469,472,704,390,3429
6039,709,1143,1581,2284,2661,,709,434,438,703,377,3378
6050,704,1196,1693,2356,2696,,704,492,497,663,340,3354
5978,699,1176,1603,2233,2565,,699,477,427,630,332,3413
5978,703,1129,1548,2180,2517,,703,426,419,632,337,3461
6027,705,1154,1590,2214,2583,,705,449,436,624,369,3444
6304,716,1208,1675,2373,2804,,716,492,467,698,431,3500
6329,715,1209,1695,2409,2845,,715,494,486,714,436,3484
6076,715,1202,1655,2294,2686,,715,487,453,639,392,3390
5840,705,1107,1517,2131,2462,,705,402,410,614,331,3378
6242,706,1200,1673,2373,2789,,706,494,473,700,416,3453
6240,707,1183,1645,2369,2780,,707,476,462,724,411,3460
6183,716,1211,1697,2389,2695,,716,495,486,692,306,3488
6320,717,1212,1697,2409,2819,,717,495,485,712,410,3501
6130,715,1234,1682,2307,2676,,715,519,448,625,369,3454
6306,717,1209,1697,2410,2844,,717,492,488,713,434,3462
6167,716,1210,1664,2366,2726,,716,494,454,702,360,3441
6103,705,1198,1669,2374,2724,,705,493,471,705,350,3379
6080,688,1137,1549,2189,2602,,688,449,412,640,413,3478
6017,704,1155,1570,2206,2540,,704,451,415,636,334,3477
6192,704,1173,1645,2347,2738,,704,469,472,702,391,3454
6190,709,1184,1612,2319,2730,,709,475,428,707,411,3460
6192,716,1209,1697,2376,2752,,716,493,488,679,376,3440
5979,703,1173,1618,2255,2592,,703,470,445,637,337,3387
6017,704,1130,1541,2178,2527,,704,426,411,637,349,3490
5949,705,1198,1671,2292,2609,,705,493,473,621,317,3340
6075,716,1191,1621,2273,2636,,716,475,430,652,363,3439
6355,716,1209,1696,2410,2873,,716,493,487,714,463,3482
6038,701,1146,1586,2230,2584,,701,445,440,644,354,3454
6016,702,1172,1599,2234,2562,,702,470,427,635,328,3454
5924,705,1173,1645,2266,2585,,705,468,472,621,319,3339
6169,698,1147,1601,2299,2711,,698,449,454,698,412,3458
6330,717,1209,1697,2409,2818,,717,492,488,712,409,3512
6306,716,1209,1699,2409,2820,,716,493,490,710,411,3486
6256,742,1198,1639,2364,2797,,742,456,441,725,433,3459
6257,717,1209,1700,2409,2806,,717,492,491,709,397,3451
6231,716,1210,1698,2389,2770,,716,494,488,691,381,3461
6255,717,1209,1698,2389,2795,,717,492,489,691,406,3460
6152,715,1207,1674,2308,2698,,715,492,467,634,390,3454
6148,743,1197,1639,2254,2696,,743,454,442,615,442,3452
6204,716,1211,1699,2391,2772,,716,495,488,692,381,3432
6280,717,1209,1697,2410,2822,,717,492,488,713,412,3458
6331,715,1210,1699,2410,2821,,715,495,489,711,411,3510
6329,717,1210,1698,2409,2820,,717,493,488,711,411,3509
6207,741,1198,1641,2304,2746,,741,457,443,663,442,3461
6335,718,1209,1698,2409,2820,,718,491,489,711,411,3515
6206,717,1210,1698,2410,2746,,717,493,488,712,336,3460
6315,717,1210,1697,2411,2845,,717,493,487,714,434,3470
6140,719,1210,1677,2359,2717,,719,491,467,682,358,3423
6015,703,1130,1540,2179,2578,,703,427,410,639,399,3437
6191,705,1183,1659,2372,2763,,705,478,476,713,391,3428
6185,709,1185,1657,2360,2781,,709,476,472,703,421,3404
6007,704,1174,1647,2306,2640,,704,470,473,659,334,3367
6041,701,1174,1605,2232,2567,,701,473,431,627,335,3474
6018,706,1110,1519,2157,2559,,706,404,409,638,402,3459
6102,705,1173,1644,2348,2725,,705,468,471,704,377,3377
6147,704,1200,1672,2333,2712,,704,496,472,661,379,3435
6172,721,1221,1676,2371,2779,,721,500,455,695,408,3393
6205,692,1183,1642,2359,2715,,692,491,459,717,356,3490
6098,715,1186,1631,2273,2648,,715,471,445,642,375,3450
5927,705,1174,1646,2269,2563,,705,469,472,623,294,3364
5982,652,1068,1539,2206,2542,,652,416,471,667,336,3440
6091,701,1172,1640,2305,2641,,701,471,468,665,336,3450
6090,706,1197,1668,2311,2640,,706,491,471,643,329,3450
5879,703,1107,1520,2154,2478,,703,404,413,634,324,3401
6063,705,1176,1648,2348,2681,,705,471,472,700,333,3382
6009,704,1175,1647,2309,2643,,704,471,472,662,334,3366
5975,706,1173,1605,2238,2595,,706,467,432,633,357,3380
6138,653,1135,1624,2334,2691,,653,482,489,710,357,3447
6081,715,1185,1629,2305,2637,,715,470,444,676,332,3444
6306,717,1210,1699,2410,2820,,717,493,489,711,410,3486
6283,721,1209,1697,2408,2820,,721,488,488,711,412,3463
6331,717,1210,1697,2409,2820,,717,493,487,712,411,3511
6203,717,1208,1654,2359,2768,,717,491,446,705,409,3435
6182,715,1235,1682,2357,2732,,715,520,447,675,375,3450
6306,718,1209,1698,2411,2821,,718,491,489,713,410,3485
6305,717,1210,1697,2411,2820,,717,493,487,714,409,3485
6334,717,1210,1699,2411,2820,,717,493,489,712,409,3514
6259,676,1162,1648,2360,2784,,676,486,486,712,424,3475
6104,712,1208,1696,2329,2659,,712,496,488,633,330,3445
6306,716,1240,1724,2435,2846,,716,524,484,711,411,3460
6162,664,1091,1577,2292,2699,,664,427,486,715,407,3463
6331,716,1210,1698,2411,2821,,716,494,488,713,410,3510
6306,716,1210,1699,2412,2846,,716,494,489,713,434,3460
6081,717,1210,1699,2321,2644,,717,493,489,622,323,3437
6330,717,1209,1698,2411,2819,,717,492,489,713,408,3511
6233,717,1211,1699,2392,2774,,717,494,488,693,382,3459
6332,716,1214,1698,2411,2821,,716,498,484,713,410,3511
6331,713,1211,1698,2411,2822,,713,498,487,713,411,3509
6157,712,1212,1700,2333,2722,,712,500,488,633,389,3435
6306,717,1210,1697,2409,2818,,717,493,487,712,409,3488
6285,729,1221,1706,2417,2825,,729,492,485,711,408,3460
6332,717,1211,1699,2414,2847,,717,494,488,715,433,3485
6332,716,1211,1698,2412,2846,,716,495,487,714,434,3486
6189,717,1211,1678,2361,2771,,717,494,467,683,410,3418
6258,713,1213,1701,2413,2822,,713,500,488,712,409,3436
6257,717,1211,1700,2390,2795,,717,494,489,690,405,3462
6307,717,1211,1700,2410,2821,,717,494,489,710,411,3486
6256,716,1206,1673,2385,2795,,716,490,467,712,410,3461
6157,716,1211,1700,2334,2695,,716,495,489,634,361,3462
6308,717,1212,1700,2413,2847,,717,495,488,713,434,3461
6234,717,1202,1655,2362,2786,,717,485,453,707,424,3448
6333,717,1210,1697,2409,2821,,717,493,487,712,412,3512
6333,717,1211,1699,2411,2821,,717,494,488,712,410,3512
6207,716,1210,1699,2331,2748,,716,494,489,632,417,3459
6331,716,1210,1698,2411,2846,,716,494,488,713,435,3485
6231,717,1210,1698,2391,2771,,717,493,488,693,380,3460
6361,719,1210,1699,2411,2847,,719,491,489,712,436,3514
6181,722,1171,1640,2360,2770,,722,449,469,720,410,3411
6207,717,1211,1698,2390,2771,,717,494,487,692,381,3436
6290,716,1210,1699,2411,2822,,716,494,489,712,411,3468
5989,648,1057,1533,2214,2571,,648,409,476,681,357,3418
6027,704,1198,1696,2397,2695,,704,494,498,701,298,3332
6104,705,1174,1648,2349,2723,,705,469,474,701,374,3381
6011,705,1174,1646,2308,2642,,705,469,472,662,334,3369
6010,706,1173,1645,2307,2640,,706,467,472,662,333,3370
6033,705,1174,1646,2308,2642,,705,469,472,662,334,3391
5948,706,1197,1628,2256,2592,,706,491,431,628,336,3356
6130,650,1072,1530,2214,2646,,650,422,458,684,432,3484
6233,715,1213,1698,2410,2800,,715,498,485,712,390,3433
6305,719,1208,1699,2408,2819,,719,489,491,709,411,3486
6031,691,1134,1573,2239,2590,,691,443,439,666,351,3441
6331,716,1209,1697,2410,2845,,716,493,488,713,435,3486
6330,716,1211,1698,2411,2819,,716,495,487,713,408,3511
6330,714,1209,1696,2413,2825,,714,495,487,717,412,3505
6330,715,1210,1698,2409,2823,,715,495,488,711,414,3507
6307,714,1209,1698,2410,2820,,714,495,489,712,410,3487
6333,716,1210,1699,2410,2821,,716,494,489,711,411,3512
6262,718,1218,1674,2369,2779,,718,500,456,695,410,3483
6306,715,1210,1700,2416,2829,,715,495,490,716,413,3477
6305,714,1208,1697,2409,2843,,714,494,489,712,434,3462
6105,689,1172,1627,2308,2663,,689,483,455,681,355,3442
6306,716,1210,1699,2410,2820,,716,494,489,711,410,3486
6331,715,1210,1698,2410,2821,,715,495,488,712,411,3510
6329,717,1209,1697,2371,2802,,717,492,488,674,431,3527
6164,715,1208,1674,2359,2744,,715,493,466,685,385,3420
6162,706,1200,1674,2376,2768,,706,494,474,702,392,3394
5976,703,1201,1631,2259,2591,,703,498,430,628,332,3385
6129,700,1148,1575,2280,2674,,700,448,427,705,394,3455
6231,718,1211,1699,2373,2764,,718,493,488,674,391,3467
6331,716,1211,1697,2410,2820,,716,495,486,713,410,3511
6029,665,1142,1584,2224,2593,,665,477,442,640,369,3436
6330,716,1213,1698,2410,2819,,716,497,485,712,409,3511
6331,715,1209,1698,2409,2820,,715,494,489,711,411,3511
6261,717,1210,1697,2410,2803,,717,493,487,713,393,3458
6165,717,1210,1677,2362,2745,,717,493,467,685,383,3420
6035,704,1175,1648,2308,2663,,704,471,473,660,355,3372
5951,707,1175,1607,2234,2568,,707,468,432,627,334,3383
6110,702,1131,1568,2233,2635,,702,429,437,665,402,3475
6080,716,1209,1668,2319,2634,,716,493,459,651,315,3446
6331,715,1209,1699,2410,2821,,715,494,490,711,411,3510
6182,717,1192,1650,2361,2721,,717,475,458,711,360,3461
6330,717,1209,1698,2410,2822,,717,492,489,712,412,3508
6306,717,1209,1698,2440,2846,,717,492,489,742,406,3460
6207,742,1234,1722,2434,2764,,742,492,488,712,330,3443
6138,717,1207,1676,2359,2744,,717,490,469,683,385,3394
6083,705,1197,1669,2349,2697,,705,492,472,680,348,3386
6049,707,1199,1629,2285,2640,,707,492,430,656,355,3409
6230,716,1210,1700,2361,2784,,716,494,490,661,423,3446
6156,715,1208,1697,2376,2713,,715,493,489,679,337,3443
6330,716,1208,1698,2409,2820,,716,492,490,711,411,3510
6105,715,1174,1648,2309,2665,,715,459,474,661,356,3440
6306,716,1210,1698,2412,2821,,716,494,488,714,409,3485
6179,718,1212,1699,2392,2775,,718,494,487,693,383,3404
6197,716,1212,1700,2391,2757,,716,496,488,691,366,3440
6132,706,1200,1671,2375,2726,,706,494,471,704,351,3406
6060,707,1200,1696,2359,2697,,707,493,496,663,338,3363
5951,704,1175,1606,2233,2566,,704,471,431,627,333,3385
6043,703,1134,1588,2229,2608,,703,431,454,641,379,3435
6182,730,1224,1697,2375,2735,,730,494,473,678,360,3447
6331,715,1208,1696,2409,2819,,715,493,488,713,410,3512
6108,705,1145,1598,2280,2658,,705,440,453,682,378,3450
6331,717,1211,1698,2411,2821,,717,494,487,713,410,3510
6232,717,1185,1644,2357,2768,,717,468,459,713,411,3464
6257,717,1212,1700,2413,2802,,717,495,488,713,389,3455
6332,717,1211,1698,2412,2821,,717,494,487,714,409,3511
6332,717,1211,1699,2412,2820,,717,494,488,713,408,3512
6331,716,1210,1698,2410,2823,,716,494,488,712,413,3508
6132,716,1212,1620,2296,2671,,716,496,408,676,375,3461
6201,715,1205,1614,2331,2748,,715,490,409,717,417,3453
6257,715,1211,1697,2389,2795,,715,496,486,692,406,3462
6029,704,1134,1546,2260,2590,,704,430,412,714,330,3439
6304,716,1212,1699,2411,2821,,716,496,487,712,410,3483
6305,717,1214,1700,2410,2846,,717,497,486,710,436,3459
6213,717,1212,1620,2338,2728,,717,495,408,718,390,3485
6308,717,1212,1700,2413,2847,,717,495,488,713,434,3461
6308,717,1211,1700,2412,2823,,717,494,489,712,411,3485
6308,716,1211,1699,2413,2846,,716,495,488,714,433,3462
6180,717,1209,1676,2348,2719,,717,492,467,672,371,3461
6145,717,1242,1648,2362,2697,,717,525,406,714,335,3448
6192,704,1176,1648,2350,2766,,704,472,472,702,416,3426
5791,616,1014,1403,2023,2346,,616,398,389,620,323,3445
5968,702,1172,1602,2246,2593,,702,470,430,644,347,3375
5812,614,1003,1369,1982,2341,,614,389,366,613,359,3471
5695,613,1004,1397,2003,2296,,613,391,393,606,293,3399
6130,712,1212,1656,2338,2707,,712,500,444,682,369,3423
6258,715,1211,1698,2411,2808,,715,496,487,713,397,3450
6329,741,1236,1723,2436,2825,,741,495,487,713,389,3504
6131,720,1211,1699,2330,2672,,720,491,488,631,342,3459
6117,717,1211,1677,2345,2708,,717,494,466,668,363,3409
6217,704,1173,1645,2349,2766,,704,469,472,704,417,3451
6071,681,1103,1529,2199,2555,,681,422,426,670,356,3516
5888,688,1096,1514,2184,2507,,688,408,418,670,323,3381
5803,628,1042,1438,2047,2365,,628,414,396,609,318,3438
5773,638,1034,1414,2015,2334,,638,396,380,601,319,3439
5833,699,1108,1519,2132,2467,,699,409,411,613,335,3366
5703,624,1037,1432,2062,2351,,624,413,395,630,289,3352
5667,622,1015,1412,2039,2328,,622,393,397,627,289,3339
5937,694,1117,1534,2169,2525,,694,423,417,635,356,3412
6224,747,1243,1731,2420,2791,,747,496,488,689,371,3433
6302,744,1234,1752,2460,2852,,744,490,518,708,392,3450
6055,702,1168,1635,2266,2611,,702,466,467,631,345,3444
6320,714,1211,1699,2411,2853,,714,497,488,712,442,3467
6359,717,1209,1698,2411,2822,,717,492,489,713,411,3537
6257,744,1236,1752,2437,2803,,744,492,516,685,366,3454
6331,716,1214,1698,2411,2846,,716,498,484,713,435,3485
6306,715,1211,1699,2411,2821,,715,496,488,712,410,3485
6332,716,1211,1697,2410,2821,,716,495,486,713,411,3511
6205,715,1211,1699,2380,2754,,715,496,488,681,374,3451
6239,746,1241,1730,2418,2786,,746,495,489,688,368,3453
6333,717,1212,1699,2415,2822,,717,495,487,716,407,3511
6021,716,1132,1587,2211,2582,,716,416,455,624,371,3439
6105,703,1176,1647,2350,2726,,703,473,471,703,376,3379
5967,703,1197,1626,2263,2588,,703,494,429,637,325,3379
6019,704,1175,1603,2236,2569,,704,471,428,633,333,3450
6042,703,1173,1646,2284,2616,,703,470,473,638,332,3426
6110,720,1200,1673,2375,2725,,720,480,473,702,350,3385
6078,702,1176,1648,2351,2700,,702,474,472,703,349,3378
6006,662,1125,1530,2207,2565,,662,463,405,677,358,3441
6392,749,1274,1812,2500,2879,,749,525,538,688,379,3513
6334,718,1211,1698,2411,2821,,718,493,487,713,410,3513
6115,722,1211,1670,2308,2677,,722,489,459,638,369,3438
6079,705,1174,1645,2349,2701,,705,469,471,704,352,3378
6070,705,1176,1604,2237,2633,,705,471,428,633,396,3437
6018,703,1107,1519,2155,2545,,703,404,412,636,390,3473
6079,705,1200,1673,2376,2725,,705,495,473,703,349,3354
6007,706,1174,1646,2312,2644,,706,468,472,666,332,3363
5952,705,1175,1604,2236,2565,,705,470,429,632,329,3387
6183,702,1176,1648,2326,2697,,702,474,472,678,371,3486
6166,762,1232,1742,2369,2737,,762,470,510,627,368,3429
6195,704,1175,1647,2350,2768,,704,471,472,703,418,3427
6116,705,1199,1671,2334,2718,,705,494,472,663,384,3398
6001,704,1172,1644,2306,2641,,704,468,472,662,335,3360
6044,700,1175,1605,2260,2593,,700,475,430,655,333,3451
5944,703,1108,1521,2156,2497,,703,405,413,635,341,3447
6029,706,1174,1647,2307,2665,,706,468,473,660,358,3364
6056,707,1200,1673,2332,2669,,707,493,473,659,337,3387
6306,745,1235,1726,2435,2845,,745,490,491,709,410,3461
6217,718,1211,1699,2412,2788,,718,493,488,713,376,3429
5921,705,1134,1547,2183,2488,,705,429,413,636,305,3433
6170,706,1176,1648,2351,2741,,706,470,472,703,390,3429
6218,710,1199,1671,2373,2779,,710,489,472,702,406,3439
5978,705,1200,1630,2260,2616,,705,495,430,630,356,3362
6043,700,1175,1605,2235,2566,,700,475,430,630,331,3477
6020,705,1136,1544,2207,2543,,705,431,408,663,336,3477
6081,706,1201,1673,2334,2691,,706,495,472,661,357,3390
6028,705,1199,1671,2335,2668,,705,494,472,664,333,3360
5959,705,1202,1632,2259,2592,,705,497,430,627,333,3367
5956,701,1175,1649,2269,2563,,701,474,474,620,294,3393
5855,640,1039,1435,2062,2406,,640,399,396,627,344,3449
5928,705,1200,1672,2295,2589,,705,495,472,623,294,3339
5958,704,1176,1606,2234,2566,,704,472,430,628,332,3392
6017,706,1174,1602,2234,2566,,706,468,428,632,332,3451
5978,706,1175,1646,2285,2617,,706,469,471,639,332,3361
5930,704,1110,1522,2158,2492,,704,406,412,636,334,3438
6381,716,1239,1724,2464,2925,,716,523,485,740,461,3456
6285,718,1210,1727,2436,2847,,718,492,517,709,411,3438
6078,704,1175,1646,2350,2725,,704,471,471,704,375,3353
5955,701,1199,1672,2292,2610,,701,498,473,620,318,3345
5821,649,1056,1452,2079,2398,,649,407,396,627,319,3423
6151,704,1174,1646,2349,2764,,704,470,472,703,415,3387
6039,705,1177,1648,2309,2665,,705,472,471,661,356,3374
5952,704,1178,1608,2259,2592,,704,474,430,651,333,3360
5977,700,1174,1604,2235,2571,,700,474,430,631,336,3406
5919,703,1109,1520,2158,2492,,703,406,411,638,334,3427
5927,707,1201,1673,2293,2586,,707,494,472,620,293,3341
6055,709,1200,1671,2335,2690,,709,491,471,664,355,3365
6069,704,1156,1593,2277,2657,,704,452,437,684,380,3412
6261,690,1185,1673,2385,2796,,690,495,488,712,411,3465
6057,657,1135,1598,2267,2595,,657,478,463,669,328,3462
6382,745,1266,1779,2487,2927,,745,521,513,708,440,3455
6205,717,1241,1726,2363,2753,,717,524,485,637,390,3452
6332,717,1212,1699,2412,2822,,717,495,487,713,410,3510
6315,715,1213,1700,2412,2846,,715,498,487,712,434,3469
6158,715,1240,1700,2369,2697,,715,525,460,669,328,3461
6412,744,1235,1724,2466,2926,,744,491,489,742,460,3486
6331,745,1235,1752,2461,2872,,745,490,517,709,411,3459
6333,715,1212,1700,2440,2847,,715,497,488,740,407,3486
6358,716,1211,1731,2436,2874,,716,495,520,705,438,3484
6208,717,1239,1698,2369,2758,,717,522,459,671,389,3450
6385,716,1239,1749,2489,2896,,716,523,510,740,407,3489
6206,718,1211,1700,2392,2772,,718,493,489,692,380,3434
6333,717,1213,1698,2439,2845,,717,496,485,741,406,3488
6322,715,1211,1698,2411,2821,,715,496,487,713,410,3501
6262,718,1239,1748,2422,2789,,718,521,509,674,367,3473
6332,717,1211,1727,2436,2846,,717,494,516,709,410,3486
6332,716,1240,1753,2461,2871,,716,524,513,708,410,3461
6333,716,1210,1729,2436,2871,,716,494,519,707,435,3462
6218,717,1209,1697,2410,2784,,717,492,488,713,374,3434
5894,645,1083,1508,2130,2448,,645,438,425,622,318,3446
6218,705,1198,1669,2374,2768,,705,493,471,705,394,3450
6069,705,1174,1644,2350,2700,,705,469,470,706,350,3369
6002,705,1174,1646,2306,2641,,705,469,472,660,335,3361
5978,701,1201,1629,2261,2593,,701,500,428,632,332,3385
5944,702,1131,1547,2182,2516,,702,429,416,635,334,3428
5927,706,1175,1647,2269,2588,,706,469,472,622,319,3339
6030,704,1174,1647,2307,2663,,704,470,473,660,356,3367
5961,704,1174,1606,2232,2563,,704,470,432,626,331,3398
6054,701,1174,1647,2349,2696,,701,473,473,702,347,3358
5881,625,1015,1483,2120,2452,,625,390,468,637,332,3429
5923,703,1198,1670,2293,2586,,703,495,472,623,293,3337
6060,705,1205,1677,2334,2690,,705,500,472,657,356,3370
6028,704,1201,1672,2333,2669,,704,497,471,661,336,3359
5891,715,1146,1561,2197,2530,,715,431,415,636,333,3361
6006,704,1176,1581,2208,2541,,704,472,405,627,333,3465
6331,716,1211,1699,2411,2822,,716,495,488,712,411,3509
6332,716,1216,1700,2415,2822,,716,500,484,715,407,3510
6307,745,1237,1724,2437,2847,,745,492,487,713,410,3460
6336,717,1211,1699,2439,2851,,717,494,488,740,412,3485
6261,740,1175,1688,2436,2774,,740,435,513,748,338,3487
6331,716,1210,1698,2411,2821,,716,494,488,713,410,3510
6308,716,1212,1700,2413,2823,,716,496,488,713,410,3485
6310,715,1239,1724,2436,2846,,715,524,485,712,410,3464
6253,715,1239,1689,2400,2820,,715,524,450,711,420,3433
6069,703,1198,1627,2258,2617,,703,495,429,631,359,3452
5951,704,1200,1672,2295,2611,,704,496,472,623,316,3340
6028,709,1202,1675,2334,2668,,709,493,473,659,334,3360
5954,703,1176,1648,2246,2563,,703,473,472,598,317,3391
6070,701,1129,1540,2242,2632,,701,428,411,702,390,3438
6020,645,1058,1485,2175,2566,,645,413,427,690,391,3454
5928,705,1174,1646,2270,2587,,705,469,472,624,317,3341
6032,705,1176,1649,2309,2665,,705,471,473,660,356,3367
6028,706,1175,1646,2309,2644,,706,469,471,663,335,3384
6002,706,1199,1629,2258,2591,,706,493,430,629,333,3411
6093,703,1174,1644,2305,2647,,703,471,470,661,342,3446
5926,705,1175,1649,2269,2586,,705,470,474,620,317,3340
6028,705,1176,1647,2308,2664,,705,471,471,661,356,3364
5953,708,1200,1633,2260,2591,,708,492,433,627,331,3362
6141,701,1175,1603,2300,2717,,701,474,428,697,417,3424
6020,645,1058,1471,2175,2595,,645,413,413,704,420,3425
5926,705,1200,1672,2293,2585,,705,495,472,621,292,3341
6130,704,1198,1669,2373,2751,,704,494,471,704,378,3379
6055,704,1201,1673,2336,2690,,704,497,472,663,354,3365
6053,706,1204,1677,2336,2689,,706,498,473,659,353,3364
6036,705,1202,1674,2335,2671,,705,497,472,661,336,3365
6027,705,1201,1674,2334,2669,,705,496,473,660,335,3358
6003,706,1175,1648,2307,2643,,706,469,473,659,336,3360
5950,706,1177,1607,2235,2566,,706,471,430,628,331,3384
6167,699,1175,1602,2325,2718,,699,476,427,723,393,3449
6020,645,1058,1471,2176,2592,,645,413,413,705,416,3428
5950,705,1199,1671,2293,2610,,705,494,472,622,317,3340
6128,705,1199,1670,2375,2751,,705,494,471,705,376,3377
6031,704,1173,1646,2308,2662,,704,469,473,662,354,3369
6080,705,1201,1673,2334,2691,,705,496,472,661,357,3389
6035,706,1202,1675,2333,2669,,706,496,473,658,336,3366
6028,706,1176,1647,2309,2644,,706,470,471,662,335,3384
6002,707,1176,1648,2309,2645,,707,469,472,661,336,3357
5961,706,1201,1631,2261,2593,,706,495,430,630,332,3368
6063,702,1171,1599,2233,2629,,702,469,428,634,396,3434
6020,646,1058,1470,2172,2562,,646,412,412,702,390,3458
5927,705,1176,1647,2270,2564,,705,471,471,623,294,3363
6107,704,1200,1672,2376,2726,,704,496,472,704,350,3381
6034,703,1175,1646,2309,2666,,703,472,471,663,357,3368
6030,705,1175,1647,2308,2664,,705,470,472,661,356,3366
6031,704,1175,1648,2309,2645,,704,471,473,661,336,3386
6027,708,1202,1673,2338,2670,,708,494,471,665,332,3357
6028,705,1175,1649,2314,2645,,705,470,474,665,331,3383
5953,707,1176,1607,2259,2592,,707,469,431,652,333,3361
6003,701,1176,1605,2239,2634,,701,475,429,634,395,3369
6020,645,1057,1458,2099,2515,,645,412,401,641,416,3505
5927,705,1175,1647,2270,2588,,705,470,472,623,318,3339
6084,705,1175,1647,2349,2700,,705,470,472,702,351,3384
6030,704,1177,1647,2309,2664,,704,473,470,662,355,3366
6048,676,1149,1644,2307,2666,,676,473,495,663,359,3382
6033,705,1176,1652,2313,2648,,705,471,476,661,335,3385
6001,700,1176,1649,2308,2642,,700,476,473,659,334,3359
6005,705,1134,1614,2283,2642,,705,429,480,669,359,3363
6027,705,1203,1676,2334,2669,,705,498,473,658,335,3358
6039,701,1174,1606,2235,2631,,701,473,432,629,396,3408
6234,740,1199,1638,2320,2775,,740,459,439,682,455,3459
6331,717,1210,1699,2413,2846,,717,493,489,714,433,3485
6282,715,1210,1699,2411,2823,,715,495,489,712,412,3459
6357,715,1241,1725,2465,2897,,715,526,484,740,432,3460
6356,745,1234,1722,2464,2896,,745,489,488,742,432,3460
6361,745,1236,1724,2435,2871,,745,491,488,711,436,3490
6306,716,1211,1700,2410,2821,,716,495,489,710,411,3485
6332,716,1211,1728,2437,2878,,716,495,517,709,441,3454
6306,715,1210,1696,2410,2820,,715,495,486,714,410,3486
6014,674,1120,1557,2219,2604,,674,446,437,662,385,3410
5814,628,1033,1467,2084,2398,,628,405,434,617,314,3416
6013,674,1122,1561,2247,2609,,674,448,439,686,362,3404
6258,676,1165,1652,2396,2803,,676,489,487,744,407,3455
6333,746,1237,1724,2437,2873,,746,491,487,713,436,3460
6359,715,1210,1727,2434,2845,,715,495,517,707,411,3514
6221,715,1212,1700,2411,2789,,715,497,488,711,378,3432
6026,707,1173,1645,2307,2663,,707,466,472,662,356,3363
6006,704,1175,1647,2309,2646,,704,471,472,662,337,3360
5978,702,1176,1607,2235,2568,,702,474,431,628,333,3410
6043,702,1178,1584,2210,2544,,702,476,406,626,334,3499
6020,703,1109,1522,2158,2535,,703,406,413,636,377,3485
6133,728,1202,1675,2376,2753,,728,474,473,701,377,3380
6006,706,1180,1654,2311,2646,,706,474,474,657,335,3360
6027,706,1202,1673,2335,2668,,706,496,471,662,333,3359
6002,705,1176,1649,2311,2646,,705,471,473,662,335,3356
6007,705,1176,1648,2311,2643,,705,471,472,663,332,3364
6048,706,1197,1694,2358,2691,,706,491,497,664,333,3357
6027,705,1175,1647,2312,2644,,705,470,472,665,332,3383
5985,702,1177,1607,2235,2567,,702,475,430,628,332,3418
6041,702,1198,1605,2231,2566,,702,496,407,626,335,3475
5896,662,1083,1496,2133,2466,,662,421,413,637,333,3430
6105,705,1177,1648,2350,2725,,705,472,471,702,375,3380
6003,705,1175,1652,2311,2645,,705,470,477,659,334,3358
6143,707,1202,1700,2361,2695,,707,495,498,661,334,3448
6028,705,1175,1647,2309,2643,,705,470,472,662,334,3385
6029,706,1199,1671,2332,2667,,706,493,472,661,335,3362
6032,704,1177,1649,2310,2669,,704,473,472,661,359,3363
6078,705,1200,1698,2359,2695,,705,495,498,661,336,3383
5977,702,1178,1608,2238,2570,,702,476,430,630,332,3407
5907,703,1176,1581,2209,2543,,703,473,405,628,334,3364
5922,662,1085,1497,2134,2481,,662,423,412,637,347,3441
6031,705,1201,1673,2377,2700,,705,496,472,704,323,3331
6107,706,1201,1676,2377,2729,,706,495,475,701,352,3378
6045,705,1196,1693,2354,2690,,705,491,497,661,336,3355
6049,707,1192,1665,2326,2659,,707,485,473,661,333,3390
6033,704,1176,1649,2311,2645,,704,472,473,662,334,3388
6004,706,1175,1648,2311,2647,,706,469,473,663,336,3357
6003,705,1178,1651,2310,2644,,705,473,473,659,334,3359
5977,702,1178,1608,2236,2568,,702,476,430,628,332,3409
5914,711,1185,1591,2221,2551,,711,474,406,630,330,3363
5897,664,1061,1471,2109,2456,,664,397,410,638,347,3441
6004,704,1176,1646,2352,2650,,704,472,470,706,298,3354
6130,704,1200,1673,2375,2748,,704,496,473,702,373,3382
5978,702,1177,1609,2242,2571,,702,475,432,633,329,3407
5903,649,1126,1558,2186,2520,,649,477,432,628,334,3383
6017,703,1174,1603,2235,2566,,703,471,429,632,331,3451
6008,705,1176,1650,2310,2666,,705,471,474,660,356,3342
6003,704,1177,1649,2310,2646,,704,473,472,661,336,3357
5977,700,1177,1632,2286,2618,,700,477,455,654,332,3359
5918,702,1175,1581,2206,2540,,702,473,406,625,334,3378
6165,744,1256,1707,2363,2718,,744,512,451,656,355,3447
6005,706,1176,1652,2352,2650,,706,470,476,700,298,3355
6030,705,1178,1651,2312,2667,,705,473,473,661,355,3363
6057,704,1202,1675,2336,2696,,704,498,473,661,360,3361
6029,705,1177,1652,2311,2645,,705,472,475,659,334,3384
6033,706,1201,1673,2335,2668,,706,495,472,662,333,3365
6006,701,1177,1649,2310,2645,,701,476,472,661,335,3361
6004,705,1179,1650,2311,2645,,705,474,471,661,334,3359
5979,702,1176,1606,2238,2568,,702,474,430,632,330,3411
5902,702,1175,1582,2210,2542,,702,473,407,628,332,3360
5946,702,1133,1547,2184,2517,,702,431,414,637,333,3429
6055,706,1200,1673,2377,2701,,706,494,473,704,324,3354
6080,704,1177,1650,2354,2703,,704,473,473,704,349,3377
6007,706,1182,1654,2315,2651,,706,476,472,661,336,3356
6031,705,1177,1649,2312,2646,,705,472,472,663,334,3385
6034,705,1177,1650,2313,2646,,705,472,473,663,333,3388
6004,707,1177,1648,2311,2646,,707,470,471,663,335,3358
6033,706,1177,1650,2310,2645,,706,471,473,660,335,3388
5980,701,1177,1609,2237,2569,,701,476,432,628,332,3411
5978,700,1176,1584,2208,2542,,700,476,408,624,334,3436
5921,703,1110,1524,2157,2491,,703,407,414,633,334,3430
6178,705,1202,1674,2376,2792,,705,497,472,702,416,3386
5978,703,1175,1605,2236,2569,,703,472,430,631,333,3409
6051,707,1182,1614,2240,2575,,707,475,432,626,335,3476
6132,684,1176,1674,2378,2774,,684,492,498,704,396,3358
6083,705,1177,1673,2335,2692,,705,472,496,662,357,3391
6029,707,1201,1675,2335,2669,,707,494,474,660,334,3360
6026,707,1175,1673,2334,2669,,707,468,498,661,335,3357
5978,703,1177,1611,2262,2593,,703,474,434,651,331,3385
5978,700,1178,1607,2236,2566,,700,478,429,629,330,3412
5945,704,1132,1544,2182,2514,,704,428,412,638,332,3431
6004,705,1176,1649,2351,2675,,705,471,473,702,324,3329
6033,705,1178,1652,2313,2666,,705,473,474,661,353,3367
6401,726,1226,1716,2427,2867,,726,500,490,711,440,3534
6295,724,1218,1706,2398,2804,,724,494,488,692,406,3491
6361,745,1237,1724,2438,2847,,745,492,487,714,409,3514
6332,715,1241,1725,2436,2846,,715,526,484,711,410,3486
6196,716,1180,1653,2352,2771,,716,464,473,699,419,3425
5574,615,983,1349,1958,2247,,615,368,366,609,289,3327
5758,602,1021,1426,2021,2338,,602,419,405,595,317,3420
6011,675,1122,1564,2185,2528,,675,447,442,621,343,3483
6154,738,1194,1634,2316,2682,,738,456,440,682,366,3472
5968,673,1119,1544,2220,2604,,673,446,425,676,384,3364
5766,636,1040,1439,2068,2389,,636,404,399,629,321,3377
5790,615,1006,1396,2011,2314,,615,391,390,615,303,3476
5711,639,1032,1421,2036,2362,,639,393,389,615,326,3349
5865,644,1058,1458,2084,2429,,644,414,400,626,345,3436
6039,706,1197,1649,2284,2618,,706,491,452,635,334,3421
5964,704,1178,1603,2241,2572,,704,474,425,638,331,3392
5719,640,1035,1430,2046,2347,,640,395,395,616,301,3372
5805,634,1042,1453,2069,2389,,634,408,411,616,320,3416
5763,620,1024,1421,2047,2390,,620,404,397,626,343,3373
5766,628,1044,1434,2062,2405,,628,416,390,628,343,3361
5864,630,1047,1445,2121,2463,,630,417,398,676,342,3401
5962,700,1138,1612,2234,2566,,700,438,474,622,332,3396
5682,624,1013,1404,2013,2327,,624,389,391,609,314,3355
5720,631,1038,1428,2043,2368,,631,407,390,615,325,3352
5699,623,1011,1399,2013,2320,,623,388,388,614,307,3379
5663,617,1009,1395,2008,2317,,617,392,386,613,309,3346
5765,632,1039,1434,2068,2409,,632,407,395,634,341,3356
5967,610,1040,1434,2060,2362,,610,430,394,626,302,3605
5690,626,1003,1391,2006,2304,,626,377,388,615,298,3386
5985,703,1171,1591,2273,2611,,703,468,420,682,338,3374
6332,661,1189,1701,2438,2824,,661,528,512,737,386,3508
6357,741,1238,1754,2459,2850,,741,497,516,705,391,3507
6358,742,1264,1777,2481,2881,,742,522,513,704,400,3477
6383,740,1262,1773,2512,2897,,740,522,511,739,385,3486
6382,742,1262,1777,2514,2900,,742,520,515,737,386,3482
6441,745,1271,1784,2520,2952,,745,526,513,736,432,3489
6331,717,1211,1702,2417,2824,,717,494,491,715,407,3507
6294,723,1251,1734,2446,2837,,723,528,483,712,391,3457
6331,717,1212,1730,2436,2847,,717,495,518,706,411,3484
6334,744,1266,1753,2463,2873,,744,522,487,710,410,3461
6306,716,1212,1729,2437,2848,,716,496,517,708,411,3458
6332,716,1212,1731,2437,2849,,716,496,519,706,412,3483
6312,746,1237,1755,2463,2874,,746,491,518,708,411,3438
6334,745,1267,1752,2463,2874,,745,522,485,711,411,3460
6363,716,1212,1700,2414,2847,,716,496,488,714,433,3516
6127,704,1177,1648,2351,2743,,704,473,471,703,392,3384
6029,708,1177,1650,2309,2664,,708,469,473,659,355,3365
6363,717,1212,1729,2438,2848,,717,495,517,709,410,3515
6332,716,1213,1701,2412,2822,,716,497,488,711,410,3510
6360,716,1213,1700,2413,2823,,716,497,487,713,410,3537
6364,717,1206,1700,2414,2825,,717,489,494,714,411,3539
6144,723,1190,1614,2324,2714,,723,467,424,710,390,3430
6106,715,1212,1698,2333,2651,,715,497,486,635,318,3455
6365,716,1213,1732,2438,2848,,716,497,519,706,410,3517
6333,717,1211,1702,2437,2847,,717,494,491,735,410,3486
6306,716,1211,1699,2411,2846,,716,495,488,712,435,3460
6176,712,1198,1683,2383,2798,,712,486,485,700,415,3378
6332,716,1212,1701,2411,2846,,716,496,489,710,435,3486
6334,717,1214,1703,2414,2824,,717,497,489,711,410,3510
6333,692,1189,1704,2413,2822,,692,497,515,709,409,3511
6333,743,1239,1726,2465,2897,,743,496,487,739,432,3436
6139,716,1210,1673,2360,2745,,716,494,463,687,385,3394
6308,715,1241,1724,2467,2859,,715,526,483,743,392,3449
6364,716,1215,1700,2413,2823,,716,499,485,713,410,3541
6357,716,1241,1725,2436,2901,,716,525,484,711,465,3456
6308,716,1212,1729,2419,2824,,716,496,517,690,405,3484
6305,717,1213,1700,2414,2821,,717,496,487,714,407,3484
6196,715,1212,1701,2412,2765,,715,497,489,711,353,3431
5928,703,1175,1646,2270,2564,,703,472,471,624,294,3364
5928,704,1176,1648,2271,2588,,704,472,472,623,317,3340
6033,705,1179,1575,2278,2698,,705,474,396,703,420,3335
6082,730,1201,1631,2326,2722,,730,471,430,695,396,3360
6196,705,1176,1647,2352,2769,,705,471,471,705,417,3427
6172,705,1174,1647,2349,2740,,705,469,473,702,391,3432
6168,703,1175,1646,2351,2743,,703,472,471,705,392,3425
6309,719,1240,1726,2437,2849,,719,521,486,711,412,3460
6309,716,1212,1700,2413,2823,,716,496,488,713,410,3486
6220,718,1212,1728,2416,2783,,718,494,516,688,367,3437
5953,710,1201,1672,2295,2614,,710,491,471,623,319,3339
6195,705,1203,1674,2377,2768,,705,498,471,703,391,3427
6159,705,1177,1605,2321,2729,,705,472,428,716,408,3430
6359,744,1268,1752,2493,2900,,744,524,484,741,407,3459
6221,716,1212,1702,2412,2796,,716,496,490,710,384,3425
5927,703,1176,1648,2270,2563,,703,473,472,622,293,3364
6196,704,1176,1649,2351,2744,,704,472,473,702,393,3452
6233,667,1162,1650,2362,2774,,667,495,488,712,412,3459
6334,745,1266,1751,2461,2873,,745,521,485,710,412,3461
6237,716,1213,1699,2393,2774,,716,497,486,694,381,3463
6333,715,1212,1700,2443,2874,,715,497,488,743,431,3459
6309,717,1214,1701,2415,2822,,717,497,487,714,407,3487
6354,740,1263,1748,2460,2869,,740,523,485,712,409,3485
6205,716,1212,1700,2390,2773,,716,496,488,690,383,3432
6333,716,1213,1700,2412,2823,,716,497,487,712,411,3510
6330,717,1209,1697,2438,2845,,717,492,488,741,407,3485
6365,719,1221,1736,2469,2909,,719,502,515,733,440,3456
6234,688,1187,1675,2388,2797,,688,499,488,713,409,3437
6332,716,1210,1698,2412,2822,,716,494,488,714,410,3510
6259,714,1190,1677,2388,2799,,714,476,487,711,411,3460
6308,715,1213,1700,2415,2823,,715,498,487,715,408,3485
6338,715,1212,1701,2412,2848,,715,497,489,711,436,3490
6364,718,1216,1706,2457,2863,,718,498,490,751,406,3501
6247,717,1214,1702,2412,2810,,717,497,488,710,398,3437
6319,717,1241,1726,2438,2843,,717,524,485,712,405,3476
6132,705,1202,1673,2377,2751,,705,497,471,704,374,3381
6233,703,1200,1627,2337,2775,,703,497,427,710,438,3458
6317,745,1206,1699,2413,2849,,745,461,493,714,436,3468
6335,716,1212,1701,2413,2850,,716,496,489,712,437,3485
6278,750,1243,1760,2470,2847,,750,493,517,710,377,3431
6196,703,1176,1648,2351,2767,,703,473,472,703,416,3429
6149,704,1176,1647,2353,2770,,704,472,471,706,417,3379
5768,698,1102,1496,2106,2421,,698,404,394,610,315,3347
5797,699,1102,1479,2093,2401,,699,403,377,614,308,3396
5702,627,1024,1417,2048,2375,,627,397,393,631,327,3327
6009,673,1120,1558,2221,2532,,673,447,438,663,311,3477
6383,743,1265,1777,2515,2896,,743,522,512,738,381,3487
6008,741,1180,1688,2319,2662,,741,439,508,631,343,3346
5848,681,1127,1564,2166,2481,,681,446,437,602,315,3367
5692,628,1020,1391,1977,2264,,628,392,371,586,287,3428
6358,743,1265,1777,2465,2844,,743,522,512,688,379,3514
6302,741,1263,1778,2513,2898,,741,522,515,735,385,3404
6292,747,1271,1681,2422,2822,,747,524,410,741,400,3470
6383,743,1264,1777,2513,2909,,743,521,513,736,396,3474
6357,742,1265,1777,2464,2869,,742,523,512,687,405,3488
6436,740,1264,1777,2515,2950,,740,524,513,738,435,3486
6333,743,1265,1777,2514,2899,,743,522,512,737,385,3434
6155,646,1095,1578,2285,2695,,646,449,483,707,410,3460
6359,746,1236,1726,2437,2848,,746,490,490,711,411,3511
6334,742,1267,1753,2443,2826,,742,525,486,690,383,3508
6332,716,1213,1700,2412,2824,,716,497,487,712,412,3508
6308,717,1213,1701,2412,2823,,717,496,488,711,411,3485
6167,674,1200,1664,2370,2713,,674,526,464,706,343,3454
6309,717,1212,1700,2414,2826,,717,495,488,714,412,3483
6232,717,1212,1700,2391,2772,,717,495,488,691,381,3460
6332,716,1212,1700,2413,2827,,716,496,488,713,414,3505
6311,716,1213,1702,2413,2852,,716,497,489,711,439,3459
6031,703,1173,1594,2261,2623,,703,470,421,667,362,3408
5847,649,1073,1516,2148,2488,,649,424,443,632,340,3359
6271,727,1228,1715,2427,2816,,727,501,487,712,389,3455
6384,716,1242,1726,2466,2928,,716,526,484,740,462,3456
6356,744,1235,1723,2436,2899,,744,491,488,713,463,3457
6290,703,1193,1711,2418,2830,,703,490,518,707,412,3460
6309,717,1213,1701,2413,2846,,717,496,488,712,433,3463
6309,715,1212,1701,2412,2822,,715,497,489,711,410,3487
6364,744,1267,1751,2465,2875,,744,523,484,714,410,3489
6290,720,1219,1707,2419,2829,,720,499,488,712,410,3461
6196,715,1213,1649,2352,2746,,715,498,436,703,394,3450
6028,705,1176,1648,2309,2646,,705,471,472,661,337,3382
6259,729,1182,1617,2334,2773,,729,453,435,717,439,3486
6308,741,1237,1726,2409,2822,,741,496,489,683,413,3486
6310,716,1213,1701,2414,2823,,716,497,488,713,409,3487
6132,656,1058,1549,2262,2671,,656,402,491,713,409,3461
6308,716,1241,1726,2437,2877,,716,525,485,711,440,3431
6362,717,1213,1729,2467,2874,,717,496,516,738,407,3488
6333,744,1238,1726,2438,2874,,744,494,488,712,436,3459
6332,716,1213,1701,2392,2822,,716,497,488,691,430,3510
6173,717,1193,1637,2328,2724,,717,476,444,691,396,3449
6000,704,1174,1647,2304,2644,,704,470,473,657,340,3356
6167,705,1157,1613,2335,2774,,705,452,456,722,439,3393
6172,688,1154,1628,2332,2726,,688,466,474,704,394,3446
6105,708,1177,1648,2351,2727,,708,469,471,703,376,3378
6061,664,1109,1590,2260,2642,,664,445,481,670,382,3419
6334,716,1214,1703,2413,2878,,716,498,489,710,465,3456
6245,743,1267,1779,2467,2815,,743,524,512,688,348,3430
5929,704,1176,1651,2271,2589,,704,472,475,620,318,3340
6032,705,1177,1649,2312,2668,,705,472,472,663,356,3364
6143,704,1177,1604,2300,2716,,704,473,427,696,416,3427
6338,716,1213,1730,2438,2847,,716,497,517,708,409,3491
6222,715,1243,1756,2425,2787,,715,528,513,669,362,3435
6196,705,1176,1649,2351,2768,,705,471,473,702,417,3428
6030,709,1175,1650,2308,2644,,709,466,475,658,336,3386
5971,673,1109,1556,2213,2571,,673,436,447,657,358,3400
6118,705,1177,1648,2310,2689,,705,472,471,662,379,3429
6221,715,1214,1702,2400,2772,,715,499,488,698,372,3449
6028,703,1177,1648,2312,2646,,703,474,471,664,334,3382
5972,700,1196,1625,2254,2589,,700,496,429,629,335,3383
6052,701,1131,1588,2224,2645,,701,430,457,636,421,3407
6102,701,1174,1646,2348,2725,,701,473,472,702,377,3377
6132,666,1151,1623,2259,2673,,666,485,472,636,414,3459
6331,716,1212,1700,2412,2822,,716,496,488,712,410,3509
6277,716,1212,1700,2414,2839,,716,496,488,714,425,3438
6098,663,1133,1569,2278,2672,,663,470,436,709,394,3426
6208,705,1201,1673,2377,2748,,705,496,472,704,371,3460
6259,716,1214,1701,2414,2804,,716,498,487,713,390,3455
6330,716,1210,1697,2410,2819,,716,494,487,713,409,3511
6329,716,1208,1695,2408,2819,,716,492,487,713,411,3510
6221,714,1215,1670,2378,2794,,714,501,455,708,416,3427
5973,705,1172,1601,2231,2566,,705,467,429,630,335,3407
6142,705,1198,1647,2343,2714,,705,493,449,696,371,3428
6104,705,1177,1649,2350,2725,,705,472,472,701,375,3379
5967,703,1202,1630,2259,2588,,703,499,428,629,329,3379
5982,713,1141,1555,2193,2536,,713,428,414,638,343,3446
6072,705,1178,1569,2254,2627,,705,473,391,685,373,3445
6039,704,1178,1650,2310,2665,,704,474,472,660,355,3374
5998,702,1174,1644,2306,2641,,702,472,470,662,335,3357
5977,650,1124,1598,2258,2593,,650,474,474,660,335,3384
5981,701,1175,1605,2258,2594,,701,474,430,653,336,3387
6111,708,1183,1654,2359,2735,,708,475,471,705,376,3376
6115,709,1150,1569,2259,2652,,709,441,419,690,393,3463
6363,717,1213,1702,2415,2824,,717,496,489,713,409,3539
6307,716,1212,1700,2416,2823,,716,496,488,716,407,3484
6210,704,1177,1645,2365,2775,,704,473,468,720,410,3435
6259,692,1189,1679,2389,2798,,692,497,490,710,409,3461
6230,716,1213,1701,2414,2803,,716,497,488,713,389,3427
6310,716,1213,1703,2413,2824,,716,497,490,710,411,3486
6310,718,1213,1701,2409,2823,,718,495,488,708,414,3487
6181,716,1212,1681,2362,2750,,716,496,469,681,388,3431
6359,721,1213,1701,2414,2825,,721,492,488,713,411,3534
6164,686,1135,1614,2327,2689,,686,449,479,713,362,3475
6334,716,1213,1701,2413,2823,,716,497,488,712,410,3511
6308,716,1212,1701,2412,2824,,716,496,489,711,412,3484
5716,636,1026,1409,2022,2343,,636,390,383,613,321,3373
5714,620,1017,1408,2042,2355,,620,397,391,634,313,3359
5990,606,1279,1665,2298,2615,,606,673,386,633,317,3375
5739,618,1017,1407,2046,2385,,618,399,390,639,339,3354
5688,621,1019,1409,2019,2332,,621,398,390,610,313,3356
5739,621,1021,1415,2046,2373,,621,400,394,631,327,3366
5686,619,1018,1409,2018,2332,,619,399,391,609,314,3354
5791,622,1021,1416,2047,2383,,622,399,395,631,336,3408
6155,631,1039,1724,2349,2724,,631,408,685,625,375,3431
6016,703,1173,1642,2261,2591,,703,470,469,619,330,3425
6017,701,1175,1631,2263,2596,,701,474,456,632,333,3421
6014,701,1171,1596,2230,2576,,701,470,425,634,346,3438
6018,701,1174,1599,2237,2567,,701,473,425,638,330,3451
6021,700,1173,1599,2234,2567,,700,473,426,635,333,3454
6028,706,1201,1675,2335,2671,,706,495,474,660,336,3357
5957,705,1177,1631,2261,2597,,705,472,454,630,336,3360
6104,700,1176,1648,2352,2726,,700,476,472,704,374,3378
6170,705,1176,1626,2325,2743,,705,471,450,699,418,3427
5926,705,1176,1653,2271,2564,,705,471,477,618,293,3362
6082,704,1180,1651,2313,2668,,704,476,471,662,355,3414
5993,679,1153,1597,2252,2574,,679,474,444,655,322,3419
6010,704,1182,1653,2314,2648,,704,478,471,661,334,3362
6034,707,1181,1652,2313,2648,,707,474,471,661,335,3386
6005,707,1179,1651,2313,2646,,707,472,472,662,333,3359
6005,706,1178,1650,2313,2647,,706,472,472,663,334,3358
5958,705,1178,1609,2237,2570,,705,473,431,628,333,3388
5954,702,1177,1650,2273,2566,,702,475,473,623,293,3388
6238,708,1193,1669,2370,2790,,708,485,476,701,420,3448
5951,709,1201,1672,2297,2613,,709,492,471,625,316,3338
6055,706,1178,1651,2351,2703,,706,472,473,700,352,3352
5980,675,1152,1623,2280,2602,,675,477,471,657,322,3378
6009,704,1179,1651,2312,2648,,704,475,472,661,336,3361
6035,706,1203,1675,2338,2672,,706,497,472,663,334,3363
6003,704,1177,1650,2311,2647,,704,473,473,661,336,3356
6006,664,1151,1622,2285,2643,,664,487,471,663,358,3363
5957,705,1178,1607,2235,2570,,705,473,429,628,335,3387
5855,700,1177,1609,2223,2519,,700,477,432,614,296,3336
6198,705,1203,1676,2378,2770,,705,498,473,702,392,3428
5929,704,1177,1648,2272,2589,,704,473,471,624,317,3340
6082,705,1178,1651,2352,2703,,705,473,473,701,351,3379
5982,665,1153,1624,2287,2620,,665,488,471,663,333,3362
6335,762,1264,1753,2465,2874,,762,502,489,712,409,3461
6278,715,1214,1701,2413,2822,,715,499,487,712,409,3456
6329,716,1210,1698,2410,2845,,716,494,488,712,435,3484
6335,717,1214,1702,2415,2850,,717,497,488,713,435,3485
6198,716,1217,1704,2393,2760,,716,501,487,689,367,3438
5950,673,1172,1669,2293,2614,,673,499,497,624,321,3336
6197,704,1178,1649,2353,2770,,704,474,471,704,417,3427
6106,704,1176,1647,2350,2728,,704,472,471,703,378,3378
5979,704,1142,1613,2261,2593,,704,438,471,648,332,3386
5984,701,1177,1607,2235,2571,,701,476,430,628,336,3413
5981,699,1175,1603,2235,2568,,699,476,428,632,333,3413
6046,704,1178,1648,2287,2619,,704,474,470,639,332,3427
6128,704,1175,1646,2351,2741,,704,471,471,705,390,3387
6004,703,1177,1649,2310,2644,,703,474,472,661,334,3360
5979,700,1174,1603,2235,2568,,700,474,429,632,333,3411
5984,708,1183,1612,2265,2622,,708,475,429,653,357,3362
6171,706,1179,1651,2336,2738,,706,473,472,685,402,3433
5930,704,1176,1644,2272,2567,,704,472,468,628,295,3363
6056,704,1202,1672,2338,2693,,704,498,470,666,355,3363
6062,707,1200,1672,2335,2670,,707,493,472,663,335,3392
5959,711,1202,1633,2262,2594,,711,491,431,629,332,3365
6011,700,1174,1646,2308,2644,,700,474,472,662,336,3367
6027,726,1199,1671,2332,2667,,726,473,472,661,335,3360
5977,701,1176,1606,2235,2566,,701,475,430,629,331,3411
5981,701,1175,1606,2234,2567,,701,474,431,628,333,3414
5987,707,1182,1613,2291,2646,,707,475,431,678,355,3341
6248,711,1202,1673,2378,2795,,711,491,471,705,417,3453
5953,704,1176,1672,2295,2616,,704,472,496,623,321,3337
6008,704,1178,1651,2287,2643,,704,474,473,636,356,3365
6005,705,1175,1646,2309,2640,,705,470,471,663,331,3365
5979,704,1176,1607,2262,2596,,704,472,431,655,334,3383
6010,701,1175,1646,2309,2644,,701,474,471,663,335,3366
5976,702,1176,1648,2283,2619,,702,474,472,635,336,3357
5976,702,1175,1603,2234,2567,,702,473,428,631,333,3409
5979,701,1175,1606,2236,2567,,701,474,431,630,331,3412
5963,699,1186,1656,2279,2599,,699,487,470,623,320,3364
6193,704,1200,1672,2375,2752,,704,496,472,703,377,3441
5952,705,1175,1645,2269,2588,,705,470,470,624,319,3364
6030,705,1177,1649,2311,2668,,705,472,472,662,357,3362
6011,705,1182,1654,2311,2646,,705,477,472,657,335,3365
6098,705,1177,1649,2313,2647,,705,472,472,664,334,3451
5987,701,1176,1607,2258,2595,,701,475,431,651,337,3392
6028,702,1199,1672,2333,2670,,702,497,473,661,337,3358
5895,702,1176,1598,2230,2548,,702,474,422,632,318,3347
5983,705,1181,1613,2240,2573,,705,476,432,627,333,3410
5862,708,1183,1613,2226,2523,,708,475,430,613,297,3339
6182,712,1157,1629,2335,2728,,712,445,472,706,393,3454
5951,707,1174,1648,2268,2562,,707,467,474,620,294,3389
6031,705,1179,1651,2311,2670,,705,474,472,660,359,3361
5982,704,1135,1614,2284,2621,,704,431,479,670,337,3361
6037,703,1130,1600,2302,2654,,703,427,470,702,352,3383
6033,708,1202,1672,2336,2670,,708,494,470,664,334,3363
5977,704,1176,1605,2259,2596,,704,472,429,654,337,3381
5977,702,1175,1604,2235,2577,,702,473,429,631,342,3400
5978,700,1175,1605,2235,2568,,700,475,430,630,333,3410
5959,709,1184,1653,2278,2573,,709,475,469,625,295,3386
6197,704,1179,1652,2354,2770,,704,475,473,702,416,3427
5952,704,1199,1668,2293,2613,,704,495,469,625,320,3339
6030,704,1178,1650,2310,2667,,704,474,472,660,357,3363
6008,704,1176,1648,2310,2645,,704,472,472,662,335,3363
5967,705,1177,1607,2260,2596,,705,472,430,653,336,3371
5989,704,1204,1633,2263,2595,,704,500,429,630,332,3394
6030,701,1178,1651,2309,2644,,701,477,473,658,335,3386
5975,701,1176,1606,2236,2568,,701,475,430,630,332,3407
5978,700,1174,1605,2233,2566,,700,474,431,628,333,3412
5884,706,1182,1610,2224,2544,,706,476,428,614,320,3340
6197,704,1178,1650,2352,2771,,704,474,472,702,419,3426
5950,705,1198,1667,2293,2588,,705,493,469,626,295,3362
6056,703,1180,1650,2312,2670,,703,477,470,662,358,3386
6032,705,1177,1675,2338,2673,,705,472,498,663,335,3359
5978,705,1176,1605,2259,2594,,705,471,429,654,335,3384
6040,703,1177,1648,2312,2647,,703,474,471,664,335,3393
6028,702,1176,1648,2308,2644,,702,474,472,660,336,3384
5980,700,1173,1605,2233,2565,,700,473,432,628,332,3415
5980,703,1176,1606,2236,2568,,703,473,430,630,332,3412
5859,707,1181,1609,2225,2520,,707,474,428,616,295,3339
6125,706,1178,1613,2303,2694,,706,472,435,690,391,3431
5963,710,1184,1655,2280,2575,,710,474,471,625,295,3388
6033,705,1178,1649,2311,2667,,705,473,471,662,356,3366
6006,704,1177,1649,2310,2643,,704,473,472,661,333,3363
5953,706,1177,1608,2259,2595,,706,471,431,651,336,3358
6044,701,1177,1673,2336,2668,,701,476,496,663,332,3376
5987,696,1185,1614,2244,2579,,696,489,429,630,335,3408
5977,701,1175,1604,2233,2566,,701,474,429,629,333,3411
5880,648,1126,1560,2183,2516,,648,478,434,623,333,3364
5855,649,1126,1596,2218,2512,,649,477,470,622,294,3343
6197,705,1179,1654,2354,2770,,705,474,475,700,416,3427
5962,710,1185,1660,2280,2571,,710,475,475,620,291,3391
6082,705,1179,1654,2354,2704,,705,474,475,700,350,3378
6144,706,1203,1675,2331,2695,,706,497,472,656,364,3449
5980,702,1177,1608,2261,2597,,702,475,431,653,336,3383
6030,705,1178,1649,2313,2648,,705,473,471,664,335,3382
6004,704,1179,1650,2310,2652,,704,475,471,660,342,3352
6029,705,1178,1650,2314,2646,,705,473,472,664,332,3383
5958,705,1177,1607,2239,2569,,705,472,430,632,330,3389
5879,701,1177,1606,2224,2519,,701,476,429,618,295,3360
6172,660,1154,1626,2329,2723,,660,494,472,703,394,3449
5961,711,1185,1655,2280,2572,,711,474,470,625,292,3389
6081,706,1177,1649,2353,2702,,706,471,472,704,349,3379
5983,704,1136,1615,2260,2598,,704,432,479,645,338,3385
6090,706,1132,1601,2305,2724,,706,426,469,704,419,3366
6034,703,1178,1651,2312,2668,,703,475,473,661,356,3366
5972,706,1196,1626,2257,2588,,706,490,430,631,331,3384
6031,705,1179,1649,2311,2675,,705,474,470,662,364,3356
5961,704,1179,1609,2239,2569,,704,475,430,630,330,3392
5954,714,1203,1676,2298,2615,,714,489,473,622,317,3339
6196,707,1178,1649,2354,2771,,707,471,471,705,417,3425
6289,725,1217,1707,2418,2853,,725,492,490,711,435,3436
6171,716,1138,1617,2327,2747,,716,422,479,710,420,3424
6084,705,1179,1649,2354,2704,,705,474,470,705,350,3380
6034,705,1179,1650,2313,2670,,705,474,471,663,357,3364
6011,704,1179,1650,2311,2647,,704,475,471,661,336,3364
6005,705,1179,1651,2313,2645,,705,474,472,662,332,3360
6005,704,1179,1651,2311,2646,,704,475,472,660,335,3359
5960,705,1177,1608,2235,2571,,705,472,431,627,336,3389
5878,702,1178,1609,2222,2543,,702,476,431,613,321,3335
6221,705,1178,1650,2353,2770,,705,473,472,703,417,3451
5930,704,1178,1650,2274,2566,,704,474,472,624,292,3364
6109,705,1178,1650,2356,2730,,705,473,472,706,374,3379
6049,705,1195,1666,2329,2664,,705,490,471,663,335,3385
5979,705,1178,1608,2262,2596,,705,473,430,654,334,3383
6014,705,1179,1650,2311,2645,,705,474,471,661,334,3369
6034,706,1178,1651,2313,2647,,706,472,473,662,334,3387
6005,704,1179,1652,2310,2645,,704,475,473,658,335,3360
5979,701,1176,1605,2235,2568,,701,475,429,630,333,3411
5880,703,1178,1607,2224,2545,,703,475,429,617,321,3335
6196,704,1178,1650,2359,2762,,704,474,472,709,403,3434
5929,703,1178,1650,2274,2567,,703,475,472,624,293,3362
6087,705,1179,1651,2355,2705,,705,474,472,704,350,3382
6031,707,1180,1652,2311,2647,,707,473,472,659,336,3384
5984,706,1179,1610,2261,2597,,706,473,431,651,336,3387
6037,703,1177,1650,2315,2646,,703,474,473,665,331,3391
6004,705,1178,1649,2312,2645,,705,473,471,663,333,3359
6031,704,1179,1652,2311,2646,,704,475,473,659,335,3385
5981,729,1204,1660,2288,2619,,729,475,456,628,331,3362
6024,681,1178,1607,2263,2621,,681,497,429,656,358,3403
6260,715,1195,1677,2389,2799,,715,480,482,712,410,3461
6237,711,1191,1678,2391,2803,,711,480,487,713,412,3434
6334,718,1216,1702,2414,2828,,718,498,486,712,414,3506
6178,743,1262,1719,2409,2742,,743,519,457,690,333,3436
6044,704,1177,1647,2286,2617,,704,473,470,639,331,3427
6019,704,1177,1604,2236,2569,,704,473,427,632,333,3450
6020,700,1176,1602,2234,2566,,700,476,426,632,332,3454
5978,665,1153,1628,2328,2637,,665,488,475,700,309,3341
5955,729,1202,1629,2263,2594,,729,473,427,634,331,3361
5861,697,1187,1617,2232,2529,,697,490,430,615,297,3332
6173,706,1185,1667,2380,2736,,706,479,482,713,356,3437
6360,674,1192,1676,2386,2823,,674,518,484,710,437,3537
6333,717,1242,1726,2437,2848,,717,525,484,711,411,3485
6333,716,1242,1725,2437,2878,,716,526,483,712,441,3455
6260,716,1163,1652,2368,2803,,716,447,489,716,435,3457
6336,715,1214,1729,2467,2879,,715,499,515,738,412,3457
6309,715,1216,1702,2415,2825,,715,501,486,713,410,3484
6362,716,1242,1727,2439,2854,,716,526,485,712,415,3508
6310,717,1216,1703,2416,2826,,717,499,487,713,410,3484
6338,745,1239,1727,2468,2855,,745,494,488,741,387,3483
6061,646,1123,1606,2300,2651,,646,477,483,694,351,3410
6197,706,1179,1651,2353,2774,,706,473,472,702,421,3423
6130,704,1177,1649,2353,2745,,704,473,472,704,392,3385
6032,705,1177,1649,2310,2666,,705,472,472,661,356,3366
6006,705,1178,1652,2313,2647,,705,473,474,661,334,3359
6040,705,1178,1651,2311,2647,,705,473,473,660,336,3393
6007,706,1177,1650,2313,2646,,706,471,473,663,333,3361
6117,704,1177,1649,2315,2671,,704,473,472,666,356,3446
5990,702,1176,1602,2236,2582,,702,474,426,634,346,3408
6332,715,1214,1701,2442,2823,,715,499,487,741,381,3509
5912,678,1123,1538,2161,2470,,678,445,415,623,309,3442
6112,717,1195,1653,2332,2703,,717,478,458,679,371,3409
6041,688,1148,1586,2248,2635,,688,460,438,662,387,3406
6018,675,1124,1562,2223,2610,,675,449,438,661,387,3408
6314,716,1217,1705,2417,2830,,716,501,488,712,413,3484
6309,718,1214,1703,2414,2850,,718,496,489,711,436,3459
6121,716,1189,1657,2339,2726,,716,473,468,682,387,3395
6110,704,1179,1650,2354,2730,,704,475,471,704,376,3380
5940,712,1186,1616,2247,2579,,712,474,430,631,332,3361
5956,705,1180,1655,2273,2590,,705,475,475,618,317,3366
6147,705,1178,1619,2329,2719,,705,473,441,710,390,3428
6136,664,1083,1578,2289,2699,,664,419,495,711,410,3437
6310,717,1213,1732,2438,2848,,717,496,519,706,410,3462
6331,717,1214,1704,2414,2825,,717,497,490,710,411,3506
6294,724,1223,1712,2424,2836,,724,499,489,712,412,3458
6309,717,1215,1702,2417,2850,,717,498,487,715,433,3459
6336,717,1215,1731,2439,2851,,717,498,516,708,412,3485
6365,716,1213,1702,2415,2824,,716,497,489,713,409,3541
6276,715,1214,1703,2417,2825,,715,499,489,714,408,3451
6170,703,1137,1616,2328,2723,,703,434,479,712,395,3447
6196,706,1179,1643,2354,2770,,706,473,464,711,416,3426
6098,705,1137,1589,2278,2673,,705,432,452,689,395,3425
6032,706,1180,1652,2313,2667,,706,474,472,661,354,3365
6010,673,1152,1622,2288,2621,,673,479,470,666,333,3389
5967,649,1123,1594,2217,2583,,649,474,471,623,366,3384
6038,704,1180,1653,2313,2647,,704,476,473,660,334,3391
6028,701,1177,1651,2310,2645,,701,476,474,659,335,3383
5984,701,1178,1611,2262,2592,,701,477,433,651,330,3392
5895,701,1129,1543,2182,2514,,701,428,414,639,332,3381
5955,703,1179,1650,2274,2591,,703,476,471,624,317,3364
6196,706,1176,1647,2351,2766,,706,470,471,704,415,3430
6217,705,1178,1604,2316,2726,,705,473,426,712,410,3491
6339,717,1215,1703,2416,2827,,717,498,488,713,411,3512
6232,704,1190,1679,2390,2800,,704,486,489,711,410,3432
6336,716,1245,1728,2441,2849,,716,529,483,713,408,3487
6312,715,1214,1702,2418,2826,,715,499,488,716,408,3486
6335,716,1216,1703,2414,2828,,716,500,487,711,414,3507
6314,717,1215,1704,2415,2852,,717,498,489,711,437,3462
6334,716,1216,1730,2440,2850,,716,500,514,710,410,3484
6180,722,1223,1710,2404,2750,,722,501,487,694,346,3430
6191,705,1197,1669,2372,2762,,705,492,472,703,390,3429
6186,705,1162,1617,2341,2749,,705,457,455,724,408,3437
6173,715,1163,1640,2353,2749,,715,448,477,713,396,3424
6006,664,1152,1624,2285,2644,,664,488,472,661,359,3362
5982,679,1153,1582,2213,2546,,679,474,429,631,333,3436
6046,705,1177,1648,2287,2619,,705,472,471,639,332,3427
5931,705,1178,1648,2273,2592,,705,473,470,625,319,3339
6007,706,1179,1651,2314,2648,,706,473,472,663,334,3359
5978,702,1177,1609,2237,2569,,702,475,432,628,332,3409
5966,699,1188,1658,2282,2600,,699,489,470,624,318,3366
6211,697,1163,1661,2363,2781,,697,466,498,702,418,3430
6036,705,1138,1577,2277,2696,,705,433,439,700,419,3340
6107,704,1206,1679,2378,2752,,704,502,473,699,374,3355
6057,664,1153,1625,2327,2681,,664,489,472,702,354,3376
6107,713,1203,1674,2377,2729,,713,490,471,703,352,3378
6011,705,1177,1648,2311,2647,,705,472,471,663,336,3364
6028,701,1176,1648,2311,2650,,701,475,472,663,339,3378
5977,703,1177,1607,2239,2569,,703,474,430,632,330,3408
5978,701,1175,1605,2235,2567,,701,474,430,630,332,3411
5953,703,1177,1672,2298,2592,,703,474,495,626,294,3361
6207,695,1187,1685,2388,2780,,695,492,498,703,392,3427
6106,706,1177,1650,2309,2713,,706,471,473,659,404,3393
6057,705,1206,1679,2337,2691,,705,501,473,658,354,3366
5982,664,1128,1600,2261,2622,,664,464,472,661,361,3360
6005,705,1150,1623,2286,2621,,705,445,473,663,335,3384
6010,705,1176,1647,2312,2644,,705,471,471,665,332,3366
6028,700,1176,1649,2308,2645,,700,476,473,659,337,3383
5980,702,1176,1607,2237,2568,,702,474,431,630,331,3412
5979,701,1176,1607,2235,2568,,701,475,431,628,333,3411
5966,699,1165,1636,2257,2573,,699,466,471,621,316,3393
6152,695,1184,1656,2333,2724,,695,489,472,677,391,3428
6190,704,1178,1650,2306,2705,,704,474,472,656,399,3485
6336,717,1215,1704,2415,2826,,717,498,489,711,411,3510
6341,717,1242,1727,2440,2850,,717,525,485,713,410,3491
6211,717,1152,1634,2340,2750,,717,435,482,706,410,3461
6245,717,1215,1704,2415,2806,,717,498,489,711,391,3439
6336,717,1215,1704,2416,2826,,717,498,489,712,410,3510
6237,717,1216,1705,2395,2802,,717,499,489,690,407,3435
6296,717,1216,1704,2416,2827,,717,499,488,712,411,3469
6185,717,1196,1654,2341,2751,,717,479,458,687,410,3434
6197,716,1244,1698,2342,2738,,716,528,454,644,396,3459
6237,716,1214,1702,2394,2800,,716,498,488,692,406,3437
6312,716,1215,1703,2415,2825,,716,499,488,712,410,3487
6311,716,1189,1677,2390,2828,,716,473,488,713,438,3483
6261,716,1215,1681,2390,2806,,716,499,466,709,416,3455
6283,715,1212,1700,2412,2823,,715,497,488,712,411,3460
6311,716,1214,1702,2414,2849,,716,498,488,712,435,3462
6236,715,1214,1701,2393,2800,,715,499,487,692,407,3436
6334,717,1214,1701,2414,2825,,717,497,487,713,411,3509
6336,717,1215,1703,2444,2876,,717,498,488,741,432,3460
6236,716,1194,1653,2342,2775,,716,478,459,689,433,3461
6215,716,1215,1702,2382,2736,,716,499,487,680,354,3479
6335,716,1214,1702,2414,2825,,716,498,488,712,411,3510
6337,716,1216,1702,2415,2856,,716,500,486,713,441,3481
6336,717,1218,1680,2390,2826,,717,501,462,710,436,3510
6269,723,1224,1709,2422,2834,,723,501,485,713,412,3435
6313,717,1216,1704,2415,2826,,717,499,488,711,411,3487
6289,718,1215,1704,2445,2852,,718,497,489,741,407,3437
6366,717,1216,1704,2416,2827,,717,499,488,712,411,3539
6334,745,1239,1728,2464,2877,,745,494,489,736,413,3457
6182,716,1189,1650,2338,2752,,716,473,461,688,414,3430
6212,718,1215,1683,2366,2752,,718,497,468,683,386,3460
6336,716,1215,1702,2416,2826,,716,499,487,714,410,3510
6318,717,1215,1702,2416,2826,,717,498,487,714,410,3492
6311,718,1215,1703,2416,2827,,718,497,488,713,411,3484
6292,723,1223,1710,2423,2833,,723,500,487,713,410,3459
6336,716,1215,1704,2415,2827,,716,499,489,711,412,3509
6293,716,1214,1702,2413,2825,,716,498,488,711,412,3468
6336,718,1215,1703,2416,2855,,718,497,488,713,439,3481
6364,718,1215,1703,2416,2826,,718,497,488,713,410,3538
6186,730,1216,1625,2342,2732,,730,486,409,717,390,3454
6211,715,1214,1680,2365,2750,,715,499,466,685,385,3461
6308,715,1214,1701,2414,2824,,715,499,487,713,410,3484
6292,716,1213,1701,2413,2824,,716,497,488,712,411,3468
6311,715,1216,1703,2420,2826,,715,501,487,717,406,3485
6295,726,1225,1714,2425,2835,,726,499,489,711,410,3460
6313,717,1215,1704,2416,2850,,717,498,489,712,434,3463
6318,717,1215,1703,2415,2823,,717,498,488,712,408,3495
6363,716,1215,1701,2414,2849,,716,499,486,713,435,3514
6248,718,1215,1672,2392,2814,,718,497,457,720,422,3434
6110,675,1165,1632,2316,2656,,675,490,467,684,340,3454
6265,717,1214,1731,2364,2775,,717,497,517,633,411,3490
6310,717,1214,1704,2414,2826,,717,497,490,710,412,3484
6335,714,1214,1702,2414,2824,,714,500,488,712,410,3511
6311,717,1215,1701,2419,2857,,717,498,486,718,438,3454
6332,717,1216,1701,2413,2848,,717,499,485,712,435,3484
6366,718,1219,1704,2415,2850,,718,501,485,711,435,3516
6336,716,1243,1727,2439,2850,,716,527,484,712,411,3486
6313,717,1216,1704,2415,2825,,717,499,488,711,410,3488
6340,716,1215,1703,2415,2855,,716,499,488,712,440,3485
6240,715,1215,1670,2353,2757,,715,500,455,683,404,3483
6239,716,1214,1680,2365,2750,,716,498,466,685,385,3489
6333,717,1214,1702,2414,2828,,717,497,488,712,414,3505
6212,716,1216,1654,2367,2777,,716,500,438,713,410,3435
6284,717,1243,1744,2440,2829,,717,526,501,696,389,3455
6311,716,1217,1705,2445,2852,,716,501,488,740,407,3459
6106,706,1179,1651,2352,2728,,706,473,472,701,376,3378
6038,704,1178,1651,2311,2668,,704,474,473,660,357,3370
6005,705,1178,1647,2312,2645,,705,473,469,665,333,3360
5887,657,1070,1543,2190,2523,,657,413,473,647,333,3364
6082,704,1178,1650,2312,2670,,704,474,472,662,358,3412
6003,678,1124,1562,2226,2563,,678,446,438,664,337,3440
5824,677,1125,1542,2157,2476,,677,448,417,615,319,3348
5715,624,1018,1413,2045,2387,,624,394,395,632,342,3328
5740,625,1020,1415,2044,2363,,625,395,395,629,319,3377
6049,704,1180,1651,2287,2621,,704,476,471,636,334,3428
6198,706,1177,1648,2356,2748,,706,471,471,708,392,3450
5930,702,1177,1648,2274,2592,,702,475,471,626,318,3338
6156,729,1203,1675,2379,2754,,729,474,472,704,375,3402
6034,704,1178,1649,2312,2667,,704,474,471,663,355,3367
6138,704,1177,1647,2285,2664,,704,473,470,638,379,3474
6290,715,1242,1726,2469,2798,,715,527,484,743,329,3492
6312,717,1244,1728,2440,2851,,717,527,484,712,411,3461
6365,716,1216,1705,2417,2879,,716,500,489,712,462,3486
6413,745,1266,1750,2492,2927,,745,521,484,742,435,3486
6185,692,1191,1708,2401,2732,,692,499,517,693,331,3453
6389,716,1214,1730,2468,2903,,716,498,516,738,435,3486
6391,716,1244,1756,2494,2901,,716,528,512,738,407,3490
6360,716,1217,1729,2468,2900,,716,501,512,739,432,3460
6339,718,1245,1729,2470,2906,,718,527,484,741,436,3433
6234,716,1195,1707,2444,2773,,716,479,512,737,329,3461
6283,715,1241,1725,2416,2825,,715,526,484,691,409,3458
6336,716,1247,1763,2466,2875,,716,531,516,703,409,3461
6337,715,1214,1703,2418,2879,,715,499,489,715,461,3458
6308,717,1243,1727,2425,2840,,717,526,484,698,415,3468
6125,664,1153,1624,2330,2724,,664,489,471,706,394,3401
6111,704,1179,1652,2355,2730,,704,475,473,703,375,3381
6060,705,1179,1650,2314,2669,,705,474,471,664,355,3391
6058,708,1203,1675,2336,2694,,708,495,472,661,358,3364
6061,705,1202,1674,2335,2669,,705,497,472,661,334,3392
6039,705,1184,1654,2313,2648,,705,479,470,659,335,3391
6060,704,1180,1677,2337,2673,,704,476,497,660,336,3387
5982,706,1181,1615,2264,2599,,706,475,434,649,335,3383
6045,703,1177,1605,2261,2596,,703,474,428,656,335,3449
6238,705,1177,1648,2352,2750,,705,472,471,704,398,3488
6363,746,1240,1757,2493,2902,,746,494,517,736,409,3461
6415,745,1241,1757,2495,2932,,745,496,516,738,437,3483
6363,745,1241,1729,2470,2907,,745,496,488,741,437,3456
6388,715,1243,1727,2440,2903,,715,528,484,713,463,3485
6310,716,1214,1703,2414,2824,,716,498,489,711,410,3486
6142,702,1136,1616,2304,2700,,702,434,480,688,396,3442
6337,717,1216,1704,2444,2829,,717,499,488,740,385,3508
6364,743,1240,1755,2493,2900,,743,497,515,738,407,3464
6335,716,1215,1731,2468,2876,,716,499,516,737,408,3459
6341,743,1241,1734,2465,2877,,743,498,493,731,412,3464
6361,744,1236,1759,2465,2901,,744,492,523,706,436,3460
6464,746,1270,1785,2519,3043,,746,524,515,734,524,3421
6312,746,1268,1781,2469,2874,,746,522,513,688,405,3438
6368,745,1241,1729,2442,2877,,745,496,488,713,435,3491
6261,715,1216,1689,2390,2802,,715,501,473,701,412,3459
6187,718,1163,1641,2329,2724,,718,445,478,688,395,3463
6225,704,1180,1650,2355,2771,,704,476,470,705,416,3454
6172,705,1178,1649,2353,2743,,705,473,471,704,390,3429
6149,704,1178,1648,2310,2712,,704,474,470,662,402,3437
6135,672,1162,1633,2337,2690,,672,490,471,704,353,3445
6211,666,1088,1607,2317,2756,,666,422,519,710,439,3455
6312,715,1216,1702,2414,2828,,715,501,486,712,414,3484
6341,716,1244,1759,2465,2876,,716,528,515,706,411,3465
6390,744,1241,1728,2469,2901,,744,497,487,741,432,3489
6387,744,1238,1725,2466,2898,,744,494,487,741,432,3489
6163,717,1185,1655,2355,2775,,717,468,470,700,420,3388
6201,704,1181,1652,2356,2771,,704,477,471,704,415,3430
6148,703,1178,1652,2353,2698,,703,475,474,701,345,3450
6217,704,1179,1626,2286,2731,,704,475,447,660,445,3486
6300,725,1206,1717,2427,2836,,725,481,511,710,409,3464
6335,715,1217,1733,2496,2904,,715,502,516,763,408,3431
6366,718,1217,1703,2445,2852,,718,499,486,742,407,3514
6315,717,1218,1704,2445,2881,,717,501,486,741,436,3434
6340,746,1242,1729,2441,2851,,746,496,487,712,410,3489
6292,717,1217,1688,2392,2802,,717,500,471,704,410,3490
6185,743,1208,1681,2380,2733,,743,465,473,699,353,3452
6367,718,1245,1730,2442,2853,,718,527,485,712,411,3514
6369,715,1243,1728,2439,2879,,715,528,485,711,440,3490
6365,715,1192,1677,2392,2826,,715,477,485,715,434,3539
6338,746,1194,1677,2387,2826,,746,448,483,710,439,3512
6235,717,1215,1651,2367,2775,,717,498,436,716,408,3460
6335,715,1216,1732,2470,2877,,715,501,516,738,407,3458
6310,744,1268,1752,2445,2826,,744,524,484,693,381,3484
6335,746,1240,1727,2469,2877,,746,494,487,742,408,3458
6344,744,1236,1723,2464,2841,,744,492,487,741,377,3503
6147,704,1179,1632,2330,2708,,704,475,453,698,378,3439
6170,704,1176,1647,2354,2747,,704,472,471,707,393,3423
6199,705,1179,1651,2355,2772,,705,474,472,704,417,3427
6173,705,1179,1609,2305,2723,,705,474,430,696,418,3450
6340,688,1176,1659,2391,2831,,688,488,483,732,440,3509
6335,718,1244,1730,2439,2878,,718,526,486,709,439,3457
6337,717,1216,1733,2440,2850,,717,499,517,707,410,3487
6360,716,1243,1755,2465,2900,,716,527,512,710,435,3460
6336,748,1269,1754,2464,2876,,748,521,485,710,412,3460
6359,718,1212,1730,2467,2899,,718,494,518,737,432,3460
6222,745,1240,1706,2403,2797,,745,495,466,697,394,3425
6211,703,1190,1661,2367,2760,,703,487,471,706,393,3451
6199,705,1180,1650,2355,2771,,705,475,470,705,416,3428
6174,728,1204,1635,2329,2748,,728,476,431,694,419,3426
6174,688,1189,1626,2370,2739,,688,501,437,744,369,3435
6116,704,1137,1616,2303,2697,,704,433,479,687,394,3419
6173,705,1178,1652,2354,2745,,705,473,474,702,391,3428
6175,705,1179,1651,2356,2747,,705,474,472,705,391,3428
6200,704,1179,1650,2353,2769,,704,475,471,703,416,3431
6178,708,1207,1684,2395,2788,,708,499,477,711,393,3390
6184,705,1180,1651,2355,2726,,705,475,471,704,371,3458
6337,716,1213,1730,2438,2849,,716,497,517,708,411,3488
6260,744,1238,1649,2364,2799,,744,494,411,715,435,3461
6362,715,1212,1699,2407,2821,,715,497,487,708,414,3541
6359,719,1244,1750,2493,2899,,719,525,506,743,406,3460
6334,744,1268,1781,2470,2851,,744,524,513,689,381,3483
6311,716,1243,1727,2440,2849,,716,527,484,713,409,3462
6385,717,1243,1756,2493,2924,,717,526,513,737,431,3461
6340,744,1240,1760,2465,2874,,744,496,520,705,409,3466
6345,726,1254,1767,2454,2889,,726,528,513,687,435,3456
6141,716,1192,1636,2327,2722,,716,476,444,691,395,3419
6206,717,1187,1659,2363,2783,,717,470,472,704,420,3423
6198,703,1178,1651,2353,2773,,703,475,473,702,420,3425
6242,706,1180,1651,2355,2767,,706,474,471,704,412,3475
6365,746,1221,1678,2391,2829,,746,475,457,713,438,3536
6311,744,1240,1727,2445,2855,,744,496,487,718,410,3456
6336,716,1215,1703,2417,2854,,716,499,488,714,437,3482
6387,746,1240,1728,2469,2931,,746,494,488,741,462,3456
6365,715,1214,1731,2442,2849,,715,499,517,711,407,3516
6398,721,1251,1736,2428,2862,,721,530,485,692,434,3536
6236,744,1218,1664,2377,2797,,744,474,446,713,420,3439
6352,745,1284,1797,2505,2916,,745,539,513,708,411,3436
6337,717,1213,1700,2412,2852,,717,496,487,712,440,3485
6334,745,1269,1753,2464,2866,,745,524,484,711,402,3468
6206,716,1186,1706,2393,2776,,716,470,520,687,383,3430
6263,718,1217,1705,2419,2813,,718,499,488,714,394,3450
6366,716,1216,1734,2440,2879,,716,500,518,706,439,3487
6361,715,1214,1703,2444,2905,,715,499,489,741,461,3456
6311,716,1216,1702,2415,2850,,716,500,486,713,435,3461
6326,726,1227,1715,2455,2841,,726,501,488,740,386,3485
6310,747,1218,1678,2417,2851,,747,471,460,739,434,3459
6315,717,1244,1728,2467,2899,,717,527,484,739,432,3416
6311,717,1215,1704,2444,2856,,717,498,489,740,412,3455
6337,717,1217,1705,2418,2829,,717,500,488,713,411,3508
6354,716,1215,1732,2442,2852,,716,499,517,710,410,3502
6260,716,1214,1702,2414,2804,,716,498,488,712,390,3456
6310,768,1293,1778,2469,2875,,768,525,485,691,406,3435
6348,716,1216,1703,2416,2856,,716,500,487,713,440,3492
6385,715,1245,1757,2465,2930,,715,530,512,708,465,3455
6201,707,1183,1655,2360,2754,,707,476,472,705,394,3447
6174,705,1179,1651,2354,2745,,705,474,472,703,391,3429
6098,633,1105,1576,2280,2672,,633,472,471,704,392,3426
6201,705,1181,1653,2357,2774,,705,476,472,704,417,3427
6040,704,1180,1651,2353,2701,,704,476,471,702,348,3339
6045,707,1201,1591,2257,2603,,707,494,390,666,346,3442
6340,716,1190,1706,2444,2852,,716,474,516,738,408,3488
6336,740,1240,1730,2468,2875,,740,500,490,738,407,3461
6341,716,1216,1703,2415,2851,,716,500,487,712,436,3490
6415,746,1241,1757,2494,2926,,746,495,516,737,432,3489
6287,701,1193,1706,2393,2798,,701,492,513,687,405,3489
6364,716,1200,1683,2390,2825,,716,484,483,707,435,3539
6213,656,1169,1653,2364,2773,,656,513,484,711,409,3440
6365,716,1215,1702,2415,2829,,716,499,487,713,414,3536
6238,716,1191,1677,2390,2801,,716,475,486,713,411,3437
6340,716,1244,1730,2470,2862,,716,528,486,740,392,3478
6334,745,1239,1728,2469,2877,,745,494,489,741,408,3457
6337,746,1240,1728,2440,2852,,746,494,488,712,412,3485
6338,717,1217,1704,2416,2827,,717,500,487,712,411,3511
6321,717,1216,1704,2416,2825,,717,499,488,712,409,3496
6136,716,1157,1617,2291,2700,,716,441,460,674,409,3436
6214,715,1214,1703,2367,2765,,715,499,489,664,398,3449
6363,718,1213,1702,2415,2853,,718,495,489,713,438,3510
6333,717,1213,1700,2413,2822,,717,496,487,713,409,3511
6310,716,1215,1702,2414,2823,,716,499,487,712,409,3487
6340,717,1215,1701,2415,2825,,717,498,486,714,410,3515
6340,715,1215,1703,2414,2824,,715,500,488,711,410,3516
6312,716,1215,1703,2415,2825,,716,499,488,712,410,3487
6311,715,1215,1703,2414,2826,,715,500,488,711,412,3485
6318,716,1216,1703,2415,2850,,716,500,487,712,435,3468
6236,739,1219,1678,2365,2774,,739,480,459,687,409,3462
6260,715,1215,1682,2372,2803,,715,500,467,690,431,3457
6311,717,1215,1702,2414,2824,,717,498,487,712,410,3487
6311,716,1216,1704,2414,2825,,716,500,488,710,411,3486
6335,717,1216,1703,2415,2851,,717,499,487,712,436,3484
6335,716,1215,1703,2416,2827,,716,499,488,713,411,3508
6336,716,1217,1705,2416,2850,,716,501,488,711,434,3486
6335,716,1214,1703,2414,2826,,716,498,489,711,412,3509
6315,746,1240,1759,2466,2876,,746,494,519,707,410,3439
6179,716,1220,1691,2377,2766,,716,504,471,686,389,3413
6148,705,1139,1579,2280,2700,,705,434,440,701,420,3448
6067,706,1181,1650,2303,2659,,706,475,469,653,356,3408
6161,704,1112,1602,2317,2726,,704,408,490,715,409,3435
6336,716,1214,1703,2416,2824,,716,498,489,713,408,3512
6333,717,1217,1705,2420,2827,,717,500,488,715,407,3506
6335,715,1213,1702,2418,2850,,715,498,489,716,432,3485
6334,716,1218,1704,2414,2825,,716,502,486,710,411,3509
6294,715,1215,1703,2415,2825,,715,500,488,712,410,3469
6337,717,1215,1704,2416,2825,,717,498,489,712,409,3512
6336,717,1216,1703,2415,2850,,717,499,487,712,435,3486
6332,714,1210,1694,2411,2821,,714,496,484,717,410,3511
6282,716,1216,1705,2416,2844,,716,500,489,711,428,3438
6238,705,1136,1628,2344,2777,,705,431,492,716,433,3461
6335,716,1216,1704,2414,2824,,716,500,488,710,410,3511
6333,716,1213,1701,2413,2825,,716,497,488,712,412,3508
6212,716,1215,1704,2399,2763,,716,499,489,695,364,3449
6346,717,1217,1701,2415,2824,,717,500,484,714,409,3522
6337,747,1239,1727,2441,2850,,747,492,488,714,409,3487
6337,716,1215,1705,2415,2826,,716,499,490,710,411,3511
6337,717,1216,1703,2417,2851,,717,499,487,714,434,3486
6034,646,1057,1537,2219,2601,,646,411,480,682,382,3433
6261,717,1216,1705,2417,2817,,717,499,489,712,400,3444
6125,715,1160,1586,2282,2676,,715,445,426,696,394,3449
5999,703,1179,1651,2305,2644,,703,476,472,654,339,3355
6006,706,1178,1648,2286,2622,,706,472,470,638,336,3384
5986,705,1180,1609,2238,2573,,705,475,429,629,335,3413
6105,704,1178,1648,2312,2649,,704,474,470,664,337,3456
6199,705,1180,1651,2355,2771,,705,475,471,704,416,3428
6156,706,1180,1652,2356,2772,,706,474,472,704,416,3384
6133,706,1180,1650,2355,2730,,706,474,470,705,375,3403
6162,665,1153,1600,2291,2702,,665,488,447,691,411,3460
6235,716,1219,1704,2415,2781,,716,503,485,711,366,3454
6163,716,1179,1591,2316,2727,,716,463,412,725,411,3436
6337,714,1215,1702,2415,2855,,714,501,487,713,440,3482
6336,715,1215,1702,2414,2824,,715,500,487,712,410,3512
6364,716,1214,1700,2413,2824,,716,498,486,713,411,3540
6335,717,1215,1703,2418,2830,,717,498,488,715,412,3505
6337,716,1246,1730,2441,2851,,716,530,484,711,410,3486
6312,718,1216,1705,2416,2827,,718,498,489,711,411,3485
6334,717,1214,1702,2413,2823,,717,497,488,711,410,3511
6135,717,1165,1643,2326,2709,,717,448,478,683,383,3426
6189,718,1216,1704,2417,2752,,718,498,488,713,335,3437
6187,717,1196,1604,2317,2728,,717,479,408,713,411,3459
6338,717,1217,1705,2417,2828,,717,500,488,712,411,3510
6314,717,1217,1705,2421,2829,,717,500,488,716,408,3485
6299,718,1218,1707,2418,2828,,718,500,489,711,410,3471
6338,715,1216,1704,2417,2828,,715,501,488,713,411,3510
6312,717,1217,1704,2416,2828,,717,500,487,712,412,3484
6313,717,1218,1705,2418,2828,,717,501,487,713,410,3485
6313,716,1216,1706,2417,2828,,716,500,490,711,411,3485
6160,718,1218,1689,2354,2747,,718,500,471,665,393,3413
6211,704,1179,1650,2355,2752,,704,475,471,705,397,3459
6337,716,1216,1704,2417,2852,,716,500,488,713,435,3485
6327,717,1219,1705,2417,2827,,717,502,486,712,410,3500
6412,743,1269,1753,2493,2931,,743,526,484,740,438,3481
6514,744,1269,1781,2519,3041,,744,525,512,738,522,3473
6510,741,1265,1783,2518,3039,,741,524,518,735,521,3471
6308,742,1244,1780,2468,2851,,742,502,536,688,383,3457
6338,717,1218,1706,2446,2878,,717,501,488,740,432,3460
6313,717,1217,1704,2417,2826,,717,500,487,713,409,3487
6337,717,1218,1705,2417,2826,,717,501,487,712,409,3511
6335,717,1217,1704,2416,2827,,717,500,487,712,411,3508
6195,706,1164,1627,2351,2760,,706,458,463,724,409,3435
6315,718,1222,1706,2417,2829,,718,504,484,711,412,3486
6338,717,1216,1703,2416,2825,,717,499,487,713,409,3513
6335,718,1216,1704,2420,2854,,718,498,488,716,434,3481
6280,715,1209,1697,2408,2820,,715,494,488,711,412,3460
6335,716,1216,1704,2417,2852,,716,500,488,713,435,3483
6338,716,1217,1705,2419,2826,,716,501,488,714,407,3512
6337,717,1215,1705,2416,2831,,717,498,490,711,415,3506
6162,746,1241,1716,2393,2746,,746,495,475,677,353,3416
6302,717,1217,1706,2449,2880,,717,500,489,743,431,3422
6244,723,1203,1659,2350,2785,,723,480,456,691,435,3459
6336,718,1215,1703,2416,2826,,718,497,488,713,410,3510
6182,717,1217,1690,2377,2767,,717,500,473,687,390,3415
6009,705,1179,1650,2357,2680,,705,474,471,707,323,3329
6089,705,1179,1650,2354,2703,,705,474,471,704,349,3386
6032,705,1181,1653,2313,2649,,705,476,472,660,336,3383
6006,704,1179,1652,2313,2649,,704,475,473,661,336,3357
6007,705,1180,1652,2313,2649,,705,475,472,661,336,3358
6164,706,1180,1609,2302,2694,,706,474,429,693,392,3470
6296,717,1216,1706,2417,2826,,717,499,490,711,409,3470
6237,745,1216,1729,2381,2786,,745,471,513,652,405,3451
6337,717,1217,1705,2417,2828,,717,500,488,712,411,3509
6321,716,1214,1703,2414,2825,,716,498,489,711,411,3496
6341,716,1217,1703,2416,2831,,716,501,486,713,415,3510
6311,717,1217,1704,2417,2829,,717,500,487,713,412,3482
6313,717,1216,1705,2416,2829,,717,499,489,711,413,3484
6058,677,1153,1624,2328,2680,,677,476,471,704,352,3378
6008,705,1180,1652,2314,2648,,705,475,472,662,334,3360
6190,706,1182,1610,2318,2729,,706,476,428,708,411,3461
6293,717,1216,1704,2417,2826,,717,499,488,713,409,3467
6195,723,1199,1644,2287,2729,,723,476,445,643,442,3466
6337,718,1217,1704,2445,2851,,718,499,487,741,406,3486
6286,717,1217,1705,2416,2832,,717,500,488,711,416,3454
6310,715,1218,1730,2440,2831,,715,503,512,710,391,3479
6310,716,1215,1703,2415,2825,,716,499,488,712,410,3485
6337,718,1217,1705,2417,2827,,718,499,488,712,410,3510
6336,715,1216,1703,2416,2826,,715,501,487,713,410,3510
6212,718,1217,1705,2397,2804,,718,499,488,692,407,3408
6337,718,1217,1706,2420,2852,,718,499,489,714,432,3485
6318,717,1218,1705,2416,2830,,717,501,487,711,414,3488
6145,753,1227,1670,2335,2700,,753,474,443,665,365,3445
6337,717,1220,1705,2417,2827,,717,503,485,712,410,3510
6195,716,1217,1706,2396,2777,,716,501,489,690,381,3418
6057,707,1206,1677,2380,2703,,707,499,471,703,323,3354
6118,712,1187,1662,2364,2737,,712,475,475,702,373,3381
6034,706,1182,1653,2316,2652,,706,476,471,663,336,3382
6073,706,1179,1650,2314,2650,,706,473,471,664,336,3423
5982,707,1182,1612,2241,2573,,707,475,430,629,332,3409
6012,708,1182,1611,2265,2625,,708,474,429,654,360,3387
5961,706,1204,1631,2265,2597,,706,498,427,634,332,3364
5926,705,1115,1526,2139,2486,,705,410,411,613,347,3440
6198,704,1180,1652,2355,2771,,704,476,472,703,416,3427
5935,707,1182,1654,2275,2592,,707,475,472,621,317,3343
6018,708,1181,1610,2307,2638,,708,473,429,697,331,3380
6076,705,1191,1662,2326,2682,,705,486,471,664,356,3394
6033,705,1180,1652,2313,2647,,705,475,472,661,334,3386
6042,707,1183,1654,2315,2651,,707,476,471,661,336,3391
6007,707,1181,1654,2316,2649,,707,474,473,662,333,3358
6090,699,1152,1601,2246,2603,,699,453,449,645,357,3487
6299,716,1216,1704,2417,2829,,716,500,488,713,412,3470
6163,717,1244,1692,2349,2714,,717,527,448,657,365,3449
6246,726,1204,1662,2375,2787,,726,478,458,713,412,3459
6314,717,1218,1705,2416,2828,,717,501,487,711,412,3486
6336,719,1218,1706,2418,2854,,719,499,488,712,436,3482
6272,729,1204,1692,2404,2814,,729,475,488,712,410,3458
6340,719,1222,1706,2418,2830,,719,503,484,712,412,3510
6314,718,1217,1735,2443,2854,,718,499,518,708,411,3460
6297,718,1218,1705,2417,2829,,718,500,487,712,412,3468
6120,718,1218,1627,2319,2704,,718,500,409,692,385,3416
6016,707,1182,1652,2312,2651,,707,475,470,660,339,3365
5980,707,1139,1555,2190,2537,,707,432,416,635,347,3443
6183,714,1190,1662,2364,2757,,714,476,472,702,393,3426
5935,705,1182,1653,2276,2568,,705,477,471,623,292,3367
6094,707,1183,1655,2357,2705,,707,476,472,702,348,3389
6039,707,1182,1653,2314,2649,,707,475,471,661,335,3390
6008,710,1183,1654,2315,2650,,710,473,471,661,335,3358
6037,706,1182,1655,2315,2651,,706,476,473,660,336,3386
6007,707,1182,1653,2316,2652,,707,475,471,663,336,3355
5988,707,1180,1652,2290,2621,,707,473,472,638,331,3367
5991,707,1182,1612,2241,2573,,707,475,430,629,332,3418
5948,705,1137,1551,2189,2521,,705,432,414,638,332,3427
6188,708,1193,1664,2367,2759,,708,485,471,703,392,3429
5935,706,1180,1652,2276,2568,,706,474,472,624,292,3367
6110,707,1182,1655,2356,2732,,707,475,473,701,376,3378
6014,709,1182,1654,2315,2648,,709,473,472,661,333,3366
6033,706,1180,1651,2314,2651,,706,474,471,663,337,3382
6009,706,1181,1651,2314,2649,,706,475,470,663,335,3360
6009,706,1180,1609,2263,2600,,706,474,429,654,337,3409
6264,717,1217,1705,2417,2811,,717,500,488,712,394,3453
6307,717,1217,1705,2417,2827,,717,500,488,712,410,3480
6160,715,1213,1678,2347,2709,,715,498,465,669,362,3451
6348,728,1229,1715,2428,2839,,728,501,486,713,411,3509
6336,717,1216,1706,2419,2827,,717,499,490,713,408,3509
6281,717,1218,1705,2417,2827,,717,501,487,712,410,3454
6337,720,1217,1706,2448,2856,,720,497,489,742,408,3481
6313,718,1216,1704,2418,2827,,718,498,488,714,409,3486
6338,718,1217,1706,2418,2829,,718,499,489,712,411,3509
6337,717,1220,1705,2418,2826,,717,503,485,713,408,3511
6173,717,1215,1705,2382,2731,,717,498,490,677,349,3442
6042,707,1180,1651,2312,2648,,707,473,471,661,336,3394
6025,706,1137,1551,2187,2534,,706,431,414,636,347,3491
6202,706,1183,1653,2357,2774,,706,477,470,704,417,3428
5933,707,1182,1653,2276,2594,,707,475,471,623,318,3339
6085,706,1180,1652,2356,2708,,706,474,472,704,352,3377
6063,707,1135,1606,2307,2686,,707,428,471,701,379,3377
6059,707,1180,1677,2340,2674,,707,473,497,663,334,3385
6014,707,1180,1650,2315,2651,,707,473,470,665,336,3363
6030,706,1180,1652,2314,2650,,706,474,472,662,336,3380
5968,707,1183,1615,2242,2574,,707,476,432,627,332,3394
5988,708,1182,1611,2240,2573,,708,474,429,629,333,3415
5927,674,1113,1530,2165,2499,,674,439,417,635,334,3428
5933,707,1181,1654,2276,2570,,707,474,473,622,294,3363
6036,707,1182,1654,2315,2652,,707,475,472,661,337,3384
5959,706,1181,1610,2241,2572,,706,475,429,631,331,3387
6069,679,1106,1588,2275,2665,,679,427,482,687,390,3404
6264,718,1193,1681,2394,2806,,718,475,488,713,412,3458
6338,717,1217,1705,2417,2829,,717,500,488,712,412,3509
6338,717,1217,1704,2417,2852,,717,500,487,713,435,3486
6265,717,1217,1704,2417,2808,,717,500,487,713,391,3457
6311,718,1218,1705,2417,2827,,718,500,487,712,410,3484
5964,660,1101,1519,2164,2508,,660,441,418,645,344,3456
6120,715,1217,1684,2353,2714,,715,502,467,669,361,3406
6015,675,1124,1563,2224,2586,,675,449,439,661,362,3429
6152,715,1210,1697,2411,2802,,715,495,487,714,391,3350
6306,721,1218,1707,2419,2828,,721,497,489,712,409,3478
6338,718,1216,1705,2417,2827,,718,498,489,712,410,3511
6316,717,1218,1706,2418,2828,,717,501,488,712,410,3488
6149,717,1193,1659,2344,2730,,717,476,466,685,386,3419
6113,706,1183,1654,2357,2707,,706,477,471,703,350,3406
5987,706,1180,1607,2239,2572,,706,474,427,632,333,3415
6026,706,1181,1585,2214,2547,,706,475,404,629,333,3479
6189,657,1144,1632,2344,2754,,657,487,488,712,410,3435
6312,717,1216,1705,2416,2826,,717,499,489,711,410,3486
6284,717,1216,1704,2417,2828,,717,499,488,713,411,3456
6085,706,1141,1559,2268,2676,,706,435,418,709,408,3409
6368,717,1193,1682,2393,2832,,717,476,489,711,439,3536
6313,718,1217,1705,2418,2828,,718,499,488,713,410,3485
6237,717,1193,1680,2393,2808,,717,476,487,713,415,3429
6315,718,1218,1705,2418,2828,,718,500,487,713,410,3487
6335,718,1217,1704,2419,2851,,718,499,487,715,432,3484
6213,746,1221,1705,2392,2759,,746,475,484,687,367,3454
6236,704,1191,1680,2392,2802,,704,487,489,712,410,3434
6314,717,1217,1706,2418,2827,,717,500,489,712,409,3487
6305,717,1217,1704,2416,2827,,717,500,487,712,411,3478
6310,717,1217,1704,2418,2853,,717,500,487,714,435,3457
6178,706,1182,1653,2357,2746,,706,476,471,704,389,3432
6159,707,1181,1652,2357,2776,,707,474,471,705,419,3383
6032,706,1180,1654,2314,2649,,706,474,474,660,335,3383
6040,709,1180,1652,2312,2651,,709,471,472,660,339,3389
5986,708,1206,1635,2266,2597,,708,498,429,631,331,3389
6026,706,1183,1604,2234,2578,,706,477,421,630,344,3448
6175,706,1147,1621,2333,2731,,706,441,474,712,398,3444
6035,707,1180,1650,2315,2649,,707,473,470,665,334,3386
5963,706,1183,1612,2243,2574,,706,477,429,631,331,3389
6070,697,1191,1620,2315,2693,,697,494,429,695,378,3377
6200,707,1181,1655,2357,2776,,707,474,474,702,419,3424
6162,706,1181,1654,2357,2772,,706,475,473,703,415,3390
6007,706,1182,1654,2316,2649,,706,476,472,662,333,3358
5965,676,1114,1552,2217,2551,,676,438,438,665,334,3414
5999,707,1181,1609,2242,2571,,707,474,428,633,329,3428
6026,705,1180,1587,2214,2548,,705,475,407,627,334,3478
6109,705,1183,1641,2332,2725,,705,478,458,691,393,3384
5959,706,1183,1614,2240,2572,,706,477,431,626,332,3387
6048,703,1179,1648,2289,2621,,703,476,469,641,332,3427
6132,705,1180,1650,2300,2709,,705,475,470,650,409,3423
6312,716,1217,1704,2416,2826,,716,501,487,712,410,3486
6339,716,1216,1704,2419,2826,,716,500,488,715,407,3513
6311,715,1215,1703,2415,2829,,715,500,488,712,414,3482
6312,716,1216,1705,2416,2827,,716,500,489,711,411,3485
6313,718,1218,1705,2416,2825,,718,500,487,711,409,3488
6214,704,1178,1653,2367,2754,,704,474,475,714,387,3460
6180,705,1163,1598,2306,2725,,705,458,435,708,419,3455
6087,707,1181,1652,2356,2707,,707,474,471,704,351,3380
5957,707,1180,1611,2242,2573,,707,473,431,631,331,3384
6090,707,1184,1614,2230,2594,,707,477,430,616,364,3496
6337,717,1217,1703,2416,2827,,717,500,486,713,411,3510
6337,716,1216,1704,2416,2827,,716,500,488,712,411,3510
6320,717,1216,1704,2417,2826,,717,499,488,713,409,3494
6261,716,1216,1704,2416,2807,,716,500,488,712,391,3454
6336,715,1215,1703,2416,2825,,715,500,488,713,409,3511
6126,718,1197,1622,2330,2679,,718,479,425,708,349,3447
5933,706,1181,1649,2273,2565,,706,475,468,624,292,3368
6079,707,1181,1653,2316,2672,,707,474,472,663,356,3407
6297,742,1242,1730,2442,2852,,742,500,488,712,410,3445
6287,717,1217,1704,2446,2799,,717,500,487,742,353,3488
6338,718,1218,1704,2418,2828,,718,500,486,714,410,3510
6310,717,1214,1703,2415,2824,,717,497,489,712,409,3486
6198,717,1218,1684,2367,2777,,717,501,466,683,410,3421
6119,707,1183,1655,2358,2731,,707,476,472,703,373,3388
5966,706,1182,1616,2242,2574,,706,476,434,626,332,3392
6050,706,1181,1653,2288,2618,,706,475,472,635,330,3432
6031,707,1181,1653,2317,2651,,707,474,472,664,334,3380
6073,702,1178,1649,2292,2622,,702,476,471,643,330,3451
6039,716,1186,1659,2320,2656,,716,470,473,661,336,3383
6072,707,1182,1655,2315,2671,,707,475,473,660,356,3401
6225,708,1181,1652,2358,2774,,708,473,471,706,416,3451
6110,706,1181,1652,2356,2748,,706,475,471,704,392,3362
6032,705,1180,1654,2314,2649,,705,475,474,660,335,3383
6039,705,1182,1653,2314,2650,,705,477,471,661,336,3389
6304,716,1218,1706,2417,2831,,716,502,488,711,414,3473
6150,716,1202,1652,2354,2705,,716,486,450,702,351,3445
5933,706,1182,1655,2263,2565,,706,476,473,608,302,3368
6038,707,1183,1655,2315,2672,,707,476,472,660,357,3366
5970,708,1181,1610,2242,2573,,708,473,429,632,331,3397
5964,656,1133,1626,2249,2582,,656,477,493,623,333,3382
6225,706,1182,1654,2357,2774,,706,476,472,703,417,3451
6120,707,1183,1654,2357,2748,,707,476,471,703,391,3372
6005,704,1180,1651,2313,2647,,704,476,471,662,334,3358
6011,705,1181,1653,2314,2649,,705,476,472,661,335,3362
5989,706,1182,1636,2263,2599,,706,476,454,627,336,3390
6079,708,1181,1652,2307,2634,,708,473,471,655,327,3445
6012,706,1182,1655,2264,2666,,706,476,473,609,402,3346
6061,708,1181,1653,2316,2672,,708,473,472,663,356,3389
5958,732,1208,1638,2266,2597,,732,476,430,628,331,3361
6137,707,1182,1654,2356,2752,,707,475,472,702,396,3385
6200,706,1182,1652,2356,2751,,706,476,470,704,395,3449
6111,708,1181,1655,2357,2732,,708,473,474,702,375,3379
6034,707,1181,1654,2315,2649,,707,474,473,661,334,3385
6006,704,1177,1648,2312,2648,,704,473,471,664,336,3358
5989,707,1182,1612,2242,2575,,707,475,430,630,333,3414
6101,707,1181,1653,2309,2662,,707,474,472,656,353,3439
5933,705,1179,1651,2276,2569,,705,474,472,625,293,3364
6009,708,1183,1655,2318,2652,,708,475,472,663,334,3357
5988,708,1181,1636,2265,2599,,708,473,455,629,334,3389
6239,708,1183,1655,2362,2758,,708,475,472,707,396,3481
6339,718,1220,1706,2418,2853,,718,502,486,712,435,3486
6336,716,1216,1703,2417,2851,,716,500,487,714,434,3485
6337,715,1216,1705,2417,2826,,715,501,489,712,409,3511
6338,715,1190,1678,2391,2825,,715,475,488,713,434,3513
6310,716,1216,1703,2415,2825,,716,500,487,712,410,3485
6151,717,1192,1647,2313,2715,,717,475,455,666,402,3436
6008,708,1182,1653,2357,2659,,708,474,471,704,302,3349
6032,706,1184,1657,2316,2652,,706,478,473,659,336,3380
5958,706,1181,1612,2240,2573,,706,475,431,628,333,3385
5965,708,1182,1654,2277,2570,,708,474,472,623,293,3395
6203,710,1183,1655,2356,2773,,710,473,472,701,417,3430
6085,706,1182,1655,2357,2709,,706,476,473,702,352,3376
6032,708,1181,1654,2314,2649,,708,473,473,660,335,3383
6010,705,1182,1655,2314,2650,,705,477,473,659,336,3360
5986,707,1180,1611,2241,2575,,707,473,431,630,334,3411
6100,706,1181,1652,2315,2653,,706,475,471,663,338,3447
5934,707,1182,1654,2278,2571,,707,475,472,624,293,3363
6011,708,1184,1655,2317,2651,,708,476,471,662,334,3360
5982,704,1180,1609,2239,2598,,704,476,429,630,359,3384
6114,708,1184,1654,2358,2710,,708,476,470,704,352,3404
6175,706,1183,1653,2356,2748,,706,477,470,703,392,3427
6087,706,1182,1654,2357,2706,,706,476,472,703,349,3381
6009,707,1182,1655,2315,2649,,707,475,473,660,334,3360
6035,707,1182,1656,2314,2650,,707,475,474,658,336,3385
5987,709,1184,1617,2242,2575,,709,475,433,625,333,3412
6077,708,1183,1654,2314,2648,,708,475,471,660,334,3429
5968,704,1179,1656,2272,2563,,704,475,477,616,291,3405
6035,707,1181,1653,2315,2650,,707,474,472,662,335,3385
5971,707,1185,1616,2243,2574,,707,478,431,627,331,3397
6226,640,1129,1617,2329,2739,,640,489,488,712,410,3487
6188,715,1216,1705,2402,2733,,715,501,489,697,331,3455
6339,718,1217,1706,2417,2852,,718,499,489,711,435,3487
6322,718,1222,1707,2418,2828,,718,504,485,711,410,3494
6261,694,1191,1680,2393,2803,,694,497,489,713,410,3458
6299,720,1219,1705,2418,2829,,720,499,486,713,411,3470
6238,747,1243,1730,2443,2789,,747,496,487,713,346,3449
6151,718,1193,1661,2341,2718,,718,475,468,680,377,3433
6160,709,1185,1658,2358,2749,,709,476,473,700,391,3411
5958,706,1182,1611,2244,2574,,706,476,429,633,330,3384
6083,715,1191,1661,2322,2659,,715,476,470,661,337,3424
6200,705,1180,1650,2356,2775,,705,475,470,706,419,3425
6085,708,1182,1653,2356,2706,,708,474,471,703,350,3379
5984,709,1182,1653,2293,2625,,709,473,471,640,332,3359
6010,708,1184,1656,2318,2650,,708,476,472,662,332,3360
6000,708,1184,1614,2241,2574,,708,476,430,627,333,3426
6288,719,1217,1706,2418,2829,,719,498,489,712,411,3459
6237,718,1217,1707,2396,2802,,718,499,490,689,406,3435
6314,718,1218,1705,2418,2829,,718,500,487,713,411,3485
6339,719,1218,1706,2418,2828,,719,499,488,712,410,3511
6332,717,1211,1699,2410,2821,,717,494,488,711,411,3511
6340,718,1217,1705,2417,2829,,718,499,488,712,412,3511
6339,718,1218,1706,2418,2829,,718,500,488,712,411,3510
6238,718,1219,1706,2418,2808,,718,501,487,712,390,3430
6338,722,1220,1707,2418,2855,,722,498,487,711,437,3483
6313,719,1218,1707,2418,2829,,719,499,489,711,411,3484
6285,721,1219,1709,2419,2830,,721,498,490,710,411,3455
6266,720,1219,1707,2399,2806,,720,499,488,692,407,3460
6310,716,1214,1702,2414,2826,,716,498,488,712,412,3484
6296,718,1217,1705,2417,2829,,718,499,488,712,412,3467
6340,717,1218,1706,2418,2829,,717,501,488,712,411,3511
6314,718,1218,1707,2418,2829,,718,500,489,711,411,3485
6338,718,1192,1679,2393,2857,,718,474,487,714,464,3481
6239,718,1219,1705,2419,2809,,718,501,486,714,390,3430
6338,718,1219,1706,2419,2859,,718,501,487,713,440,3479
6281,716,1217,1706,2416,2852,,716,501,489,710,436,3429
6242,719,1219,1706,2420,2829,,719,500,487,714,409,3413
6228,718,1219,1707,2420,2794,,718,501,488,713,374,3434
6191,707,1186,1669,2357,2776,,707,479,483,688,419,3415
6035,690,1183,1660,2316,2651,,690,493,477,656,335,3384
6150,656,1135,1607,2309,2704,,656,479,472,702,395,3446
6196,705,1178,1674,2379,2771,,705,473,496,705,392,3425
6087,709,1185,1657,2359,2711,,709,476,472,702,352,3376
6034,708,1183,1654,2316,2651,,708,475,471,662,335,3383
6055,708,1209,1682,2341,2677,,708,501,473,659,336,3378
5963,710,1181,1611,2266,2599,,710,471,430,655,333,3364
6090,708,1183,1658,2359,2712,,708,475,475,701,353,3378
6178,708,1183,1655,2358,2749,,708,475,472,703,391,3429
6087,709,1183,1655,2357,2709,,709,474,472,702,352,3378
5969,707,1182,1636,2266,2598,,707,475,454,630,332,3371
6090,652,1118,1590,2294,2690,,652,466,472,704,396,3400
6178,698,1183,1655,2358,2750,,698,485,472,703,392,3428
6119,707,1183,1654,2357,2732,,707,476,471,703,375,3387
6010,709,1183,1654,2318,2652,,709,474,471,664,334,3358
6033,709,1182,1654,2317,2651,,709,473,472,663,334,3382
5963,708,1183,1614,2240,2573,,708,475,431,626,333,3390
6172,709,1185,1659,2359,2731,,709,476,474,700,372,3441
6214,718,1218,1706,2418,2750,,718,500,488,712,332,3464
6340,718,1218,1706,2420,2829,,718,500,488,714,409,3511
6339,719,1219,1706,2419,2829,,719,500,487,713,410,3510
6265,714,1203,1692,2404,2838,,714,489,489,712,434,3427
6340,718,1218,1706,2418,2829,,718,500,488,712,411,3511
6314,718,1218,1706,2418,2830,,718,500,488,712,412,3484
6315,720,1219,1706,2418,2828,,720,499,487,712,410,3487
6325,718,1219,1707,2419,2830,,718,501,488,712,411,3495
6295,718,1218,1706,2418,2827,,718,500,488,712,409,3468
6324,719,1217,1706,2416,2828,,719,498,489,710,412,3496
6339,722,1222,1738,2444,2859,,722,500,516,706,415,3480
6338,720,1219,1706,2418,2829,,720,499,487,712,411,3509
6340,721,1219,1707,2419,2831,,721,498,488,712,412,3509
6104,724,1167,1638,2324,2720,,724,443,471,686,396,3384
6229,709,1184,1661,2358,2775,,709,475,477,697,417,3454
6085,706,1183,1655,2358,2711,,706,477,472,703,353,3374
6011,708,1183,1656,2315,2653,,708,475,473,659,338,3358
5961,708,1183,1612,2268,2600,,708,475,429,656,332,3361
5985,708,1183,1637,2267,2600,,708,475,454,630,333,3385
6102,697,1168,1640,2344,2717,,697,471,472,704,373,3385
6181,709,1182,1654,2356,2751,,709,473,472,702,395,3430
6059,708,1182,1652,2358,2706,,708,474,470,706,348,3353
5988,708,1208,1613,2241,2584,,708,500,405,628,343,3404
6090,698,1188,1660,2363,2713,,698,490,472,703,350,3377
6009,706,1181,1653,2355,2654,,706,475,472,702,299,3355
6112,708,1183,1657,2358,2735,,708,475,474,701,377,3377
6033,706,1181,1653,2315,2649,,706,475,472,662,334,3384
5984,708,1182,1612,2265,2602,,708,474,430,653,337,3382
5985,709,1184,1614,2244,2576,,709,475,430,630,332,3409
6049,697,1169,1640,2343,2669,,697,472,471,703,326,3380
6176,707,1181,1653,2358,2749,,707,474,472,705,391,3427
6096,708,1182,1654,2316,2673,,708,474,472,662,357,3423
5904,709,1185,1606,2237,2555,,709,476,421,631,318,3349
6043,697,1165,1608,2314,2667,,697,468,443,706,353,3376
5972,703,1168,1639,2262,2593,,703,465,471,623,331,3379
6111,708,1183,1656,2359,2733,,708,475,473,703,374,3378
6033,708,1183,1655,2317,2652,,708,475,472,662,335,3381
6036,707,1183,1680,2339,2676,,707,476,497,659,337,3360
5985,708,1182,1610,2243,2575,,708,474,428,633,332,3410
6074,699,1193,1664,2368,2694,,699,494,471,704,326,3380
6200,709,1182,1655,2359,2776,,709,473,473,704,417,3424
6008,706,1183,1656,2320,2651,,706,477,473,664,331,3357
5997,709,1183,1614,2244,2577,,709,474,431,630,333,3420
6165,717,1183,1658,2358,2778,,717,466,475,700,420,3387
6088,699,1168,1561,2268,2659,,699,469,393,707,391,3429
6119,707,1183,1655,2357,2731,,707,476,472,702,374,3388
6008,707,1182,1660,2318,2651,,707,475,478,658,333,3357
6067,707,1135,1606,2307,2686,,707,428,471,701,379,3381
5983,709,1183,1612,2268,2601,,709,474,429,656,333,3382
6074,698,1168,1641,2344,2698,,698,470,473,703,354,3376
6214,709,1182,1629,2345,2779,,709,473,447,716,434,3435
6340,718,1218,1707,2419,2829,,718,500,489,712,410,3511
6316,721,1220,1707,2419,2853,,721,499,487,712,434,3463
6189,720,1218,1686,2366,2738,,720,498,468,680,372,3451
6342,717,1217,1712,2417,2827,,717,500,495,705,410,3515
6213,721,1220,1708,2399,2780,,721,499,488,691,381,3433
6301,720,1221,1709,2421,2831,,720,501,488,712,410,3470
6341,719,1218,1707,2418,2829,,719,499,489,711,411,3512
6340,720,1219,1706,2419,2829,,720,499,487,713,410,3511
6388,718,1218,1706,2421,2853,,718,500,488,715,432,3535
6314,719,1220,1708,2419,2829,,719,501,488,711,410,3485
6340,719,1219,1708,2420,2829,,719,500,489,712,409,3511
6315,719,1198,1681,2394,2834,,719,479,483,713,440,3481
6214,719,1198,1680,2369,2779,,719,479,482,689,410,3435
6291,715,1221,1707,2419,2829,,715,506,486,712,410,3462
6340,719,1218,1707,2449,2856,,719,499,489,742,407,3484
6214,721,1222,1708,2400,2781,,721,501,486,692,381,3433
6316,720,1220,1708,2420,2831,,720,500,488,712,411,3485
6315,719,1219,1708,2419,2830,,719,500,489,711,411,3485
6323,728,1228,1717,2428,2839,,728,500,489,711,411,3484
6336,716,1216,1705,2417,2851,,716,500,489,712,434,3485
6337,717,1217,1705,2417,2826,,717,500,488,712,409,3511
6315,719,1219,1707,2418,2829,,719,500,488,711,411,3486
6126,704,1142,1600,2285,2679,,704,438,458,685,394,3447
6294,676,1168,1686,2393,2804,,676,492,518,707,411,3490
6340,721,1218,1708,2419,2829,,721,497,490,711,410,3511
6318,722,1221,1709,2422,2856,,722,499,488,713,434,3462
6339,719,1218,1707,2418,2829,,719,499,489,711,411,3510
6331,718,1221,1705,2417,2829,,718,503,484,712,412,3502
6398,715,1231,1715,2427,2863,,715,516,484,712,436,3535
6367,718,1219,1706,2419,2832,,718,501,487,713,413,3535
6147,705,1177,1642,2313,2718,,705,472,465,671,405,3429
6049,706,1181,1652,2296,2623,,706,475,471,644,327,3426
6045,705,1179,1638,2268,2601,,705,474,459,630,333,3444
6025,665,1130,1600,2262,2572,,665,465,470,662,310,3453
6011,707,1183,1655,2358,2657,,707,476,472,703,299,3354
6088,708,1183,1654,2358,2708,,708,475,471,704,350,3380
6009,707,1181,1653,2313,2650,,707,474,472,660,337,3359
5988,709,1184,1612,2243,2576,,709,475,428,631,333,3412
6099,701,1193,1664,2369,2719,,701,492,471,705,350,3380
5972,709,1183,1655,2359,2657,,709,474,472,704,298,3315
6114,710,1185,1657,2359,2735,,710,475,472,702,376,3379
5997,709,1183,1615,2242,2576,,709,474,432,627,334,3421
6064,710,1132,1572,2295,2631,,710,422,440,723,336,3433
6341,745,1245,1733,2445,2857,,745,500,488,712,412,3484
6339,721,1219,1708,2420,2829,,721,498,489,712,409,3510
6344,720,1220,1707,2419,2855,,720,500,487,712,436,3489
6340,720,1220,1708,2420,2831,,720,500,488,712,411,3509
6338,721,1220,1707,2419,2829,,721,499,487,712,410,3509
6303,716,1203,1692,2403,2814,,716,487,489,711,411,3489
6340,720,1219,1707,2420,2831,,720,499,488,713,411,3509
6341,720,1219,1707,2419,2829,,720,499,488,712,410,3512
6370,719,1219,1707,2420,2829,,719,500,488,713,409,3541
6367,720,1219,1709,2420,2832,,720,499,490,711,412,3535
6175,745,1224,1707,2401,2781,,745,479,483,694,380,3394
6136,708,1183,1655,2358,2751,,708,475,472,703,393,3385
6036,709,1184,1658,2318,2653,,709,475,474,660,335,3383
6009,707,1182,1654,2316,2651,,707,475,472,662,335,3358
6001,704,1194,1624,2254,2585,,704,490,430,630,331,3416
6022,701,1195,1668,2370,2668,,701,494,473,702,298,3354
6011,707,1183,1659,2359,2657,,707,476,476,700,298,3354
6087,708,1183,1656,2359,2706,,708,475,473,703,347,3381
5987,706,1182,1613,2240,2573,,706,476,431,627,333,3414
6048,705,1137,1617,2265,2622,,705,432,480,648,357,3426
6078,647,1067,1546,2233,2627,,647,420,479,687,394,3451
6088,709,1184,1656,2359,2708,,709,475,472,703,349,3380
6036,712,1183,1654,2317,2652,,712,471,471,663,335,3384
6037,707,1183,1655,2314,2651,,707,476,472,659,337,3386
6024,700,1173,1627,2257,2589,,700,473,454,630,332,3435
6000,700,1174,1645,2348,2648,,700,474,471,703,300,3352
6037,709,1183,1654,2359,2683,,709,474,471,705,324,3354
6061,708,1183,1654,2318,2675,,708,475,471,664,357,3386
5984,707,1182,1613,2242,2575,,707,475,431,629,333,3409
6115,710,1141,1557,2239,2654,,710,431,416,682,415,3461
6270,745,1184,1668,2370,2779,,745,439,484,702,409,3491
6370,721,1219,1707,2420,2830,,721,498,488,713,410,3540
6314,719,1218,1707,2419,2829,,719,499,489,712,410,3485
6315,719,1219,1707,2419,2829,,719,500,488,712,410,3486
6208,648,1134,1623,2364,2771,,648,486,489,741,407,3437
6337,718,1218,1706,2420,2829,,718,500,488,714,409,3508
6298,727,1227,1715,2427,2837,,727,500,488,712,410,3461
6339,720,1219,1709,2420,2856,,720,499,490,711,436,3483
6108,719,1218,1670,2357,2722,,719,499,452,687,365,3386
6114,707,1182,1610,2264,2664,,707,475,428,654,400,3450
6242,719,1195,1662,2369,2779,,719,476,467,707,410,3463
6215,722,1220,1708,2399,2780,,722,498,488,691,381,3435
6341,719,1219,1708,2420,2834,,719,500,489,712,414,3507
6314,718,1219,1706,2418,2829,,718,501,487,712,411,3485
6340,719,1222,1708,2419,2831,,719,503,486,711,412,3509
6336,718,1218,1707,2419,2854,,718,500,489,712,435,3482
6341,720,1220,1709,2421,2829,,720,500,489,712,408,3512
6341,720,1219,1709,2420,2830,,720,499,490,711,410,3511
6340,750,1245,1733,2445,2855,,750,495,488,712,410,3485
6371,720,1219,1707,2422,2856,,720,499,488,715,434,3515
6267,719,1246,1680,2394,2806,,719,527,434,714,412,3461
6237,721,1219,1719,2399,2806,,721,498,500,680,407,3431
6183,720,1220,1692,2379,2771,,720,500,472,687,392,3412
5977,655,1113,1541,2208,2572,,655,458,428,667,364,3405
5960,711,1183,1613,2243,2575,,711,472,430,630,332,3385
6007,700,1168,1640,2344,2669,,700,468,472,704,325,3338
6036,709,1184,1657,2358,2683,,709,475,473,701,325,3353
6010,708,1183,1654,2317,2652,,708,475,471,663,335,3358
5922,701,1169,1597,2230,2560,,701,468,428,633,330,3362
6075,707,1183,1653,2291,2624,,707,476,470,638,333,3451
6028,650,1067,1479,2183,2600,,650,417,412,704,417,3428
6114,707,1184,1657,2358,2732,,707,477,473,701,374,3382
6011,707,1183,1654,2318,2651,,707,476,471,664,333,3360
6010,707,1182,1654,2291,2626,,707,475,472,637,335,3384
5988,657,1134,1606,2267,2603,,657,477,472,661,336,3385
5860,657,1134,1606,2229,2522,,657,477,472,623,293,3338
5989,708,1185,1656,2360,2660,,708,477,471,704,300,3329
6064,710,1183,1655,2318,2675,,710,473,472,663,357,3389
5985,709,1184,1614,2242,2575,,709,475,430,628,333,3410
6065,710,1141,1555,2192,2568,,710,431,414,637,376,3497
6242,745,1204,1669,2370,2782,,745,459,465,701,412,3460
6288,719,1219,1707,2419,2854,,719,500,488,712,435,3434
6341,721,1220,1708,2421,2856,,721,499,488,713,435,3485
6342,720,1250,1732,2444,2855,,720,530,482,712,411,3487
6316,722,1220,1708,2420,2829,,722,498,488,712,409,3487
6290,720,1219,1707,2420,2830,,720,499,488,713,410,3460
6272,726,1225,1714,2427,2836,,726,499,489,713,409,3436
6316,720,1220,1707,2420,2830,,720,500,487,713,410,3486
6314,720,1219,1709,2422,2831,,720,499,490,713,409,3483
6338,720,1220,1707,2420,2830,,720,500,487,713,410,3508
6190,743,1204,1647,2343,2754,,743,461,443,696,411,3436
6298,720,1220,1708,2423,2830,,720,500,488,715,407,3468
6187,717,1218,1706,2397,2779,,717,501,488,691,382,3408
6314,721,1220,1708,2419,2831,,721,499,488,711,412,3483
6338,720,1219,1708,2419,2831,,720,499,489,711,412,3507
6314,715,1219,1708,2419,2831,,715,504,489,711,412,3483
6300,717,1205,1693,2405,2841,,717,488,488,712,436,3459
6313,721,1219,1707,2405,2820,,721,498,488,698,415,3493
6266,719,1218,1708,2399,2804,,719,499,490,691,405,3462
6341,719,1218,1708,2419,2828,,719,499,490,711,409,3513
6170,749,1209,1662,2316,2722,,749,460,453,654,406,3448
6173,719,1219,1689,2370,2755,,719,500,470,681,385,3418
6192,710,1132,1613,2320,2733,,710,422,481,707,413,3459
6340,718,1218,1707,2418,2829,,718,500,489,711,411,3511
6261,716,1185,1678,2391,2805,,716,469,493,713,414,3456
6313,720,1218,1707,2419,2829,,720,498,489,712,410,3484
6367,718,1217,1705,2417,2829,,718,499,488,712,412,3538
6339,718,1219,1708,2419,2829,,718,501,489,711,410,3510
6314,719,1219,1708,2421,2831,,719,500,489,713,410,3483
6213,718,1218,1655,2368,2779,,718,500,437,713,411,3434
6165,747,1219,1665,2304,2710,,747,472,446,639,406,3455
6296,716,1216,1702,2415,2826,,716,500,486,713,411,3470
6238,720,1219,1707,2398,2805,,720,499,488,691,407,3433
6315,720,1219,1708,2419,2830,,720,499,489,711,411,3485
6353,718,1219,1706,2418,2853,,718,501,487,712,435,3500
6339,721,1219,1707,2419,2855,,721,498,488,712,436,3484
6340,720,1219,1707,2420,2855,,720,499,488,713,435,3485
6340,719,1219,1708,2420,2831,,719,500,489,712,411,3509
6339,720,1222,1705,2419,2829,,720,502,483,714,410,3510
6322,718,1219,1706,2420,2830,,718,501,487,714,410,3492
6115,719,1193,1639,2279,2663,,719,474,446,640,384,3452
6298,719,1218,1706,2418,2852,,719,499,488,712,434,3446
6240,720,1220,1707,2404,2796,,720,500,487,697,392,3444
6340,720,1220,1709,2423,2829,,720,500,489,714,406,3511
6295,727,1227,1713,2428,2838,,727,500,486,715,410,3457
6300,720,1219,1708,2420,2831,,720,499,489,712,411,3469
6316,718,1218,1705,2418,2829,,718,500,487,713,411,3487
6316,719,1220,1708,2421,2830,,719,501,488,713,409,3486
6315,722,1219,1707,2420,2830,,722,497,488,713,410,3485
6352,720,1220,1707,2419,2831,,720,500,487,712,412,3521
5877,657,1085,1484,2110,2429,,657,428,399,626,319,3448
6012,709,1184,1655,2358,2681,,709,475,471,703,323,3331
6041,710,1184,1655,2317,2673,,710,474,471,662,356,3368
6036,709,1184,1655,2317,2652,,709,475,471,662,335,3384
6168,710,1141,1632,2345,2755,,710,431,491,713,410,3413
6369,720,1219,1707,2418,2828,,720,499,488,711,410,3541
6366,708,1218,1706,2419,2854,,708,510,488,713,435,3512
6339,719,1217,1707,2419,2829,,719,498,490,712,410,3510
6316,720,1220,1708,2420,2855,,720,500,488,712,435,3461
6368,721,1220,1708,2422,2855,,721,499,488,714,433,3513
6192,720,1244,1693,2365,2743,,720,524,449,672,378,3449
6341,721,1221,1708,2420,2856,,721,500,487,712,436,3485
6342,723,1223,1710,2421,2833,,723,500,487,711,412,3509
6189,704,1220,1708,2399,2782,,704,516,488,691,383,3407
6230,716,1210,1684,2406,2818,,716,494,474,722,412,3412
6214,720,1165,1657,2369,2779,,720,445,492,712,410,3435
6341,700,1193,1710,2444,2854,,700,493,517,734,410,3487
6287,716,1191,1679,2391,2833,,716,475,488,712,442,3454
6250,719,1217,1704,2417,2817,,719,498,487,713,400,3433
6116,710,1184,1680,2385,2734,,710,474,496,705,349,3382
6066,708,1143,1621,2334,2686,,708,435,478,713,352,3380
6034,709,1184,1656,2317,2652,,709,475,472,661,335,3382
6041,708,1183,1655,2317,2650,,708,475,472,662,333,3391
6013,709,1183,1654,2317,2653,,709,474,471,663,336,3360
5994,702,1194,1625,2280,2614,,702,492,431,655,334,3380
6244,709,1140,1633,2345,2756,,709,431,493,712,411,3488
6340,720,1220,1708,2421,2834,,720,500,488,713,413,3506
6342,721,1221,1711,2421,2832,,721,500,490,710,411,3510
6333,717,1214,1703,2414,2826,,717,497,489,711,412,3507
6299,720,1220,1709,2420,2855,,720,500,489,711,435,3444
6131,703,1111,1581,2285,2696,,703,408,470,704,411,3435
6338,721,1219,1707,2420,2856,,721,498,488,713,436,3482
6341,721,1220,1708,2421,2830,,721,499,488,713,409,3511
6137,719,1117,1597,2294,2695,,719,398,480,697,401,3442
6008,707,1183,1613,2269,2602,,707,476,430,656,333,3406
6225,700,1149,1642,2355,2767,,700,449,493,713,412,3458
6268,750,1222,1709,2420,2816,,750,472,487,711,396,3452
6371,727,1226,1713,2426,2862,,727,499,487,713,436,3509
6314,720,1219,1708,2421,2828,,720,499,489,713,407,3486
6174,719,1220,1706,2397,2779,,719,501,486,691,382,3395
6154,709,1182,1612,2309,2704,,709,473,430,697,395,3450
6085,707,1183,1655,2358,2710,,707,476,472,703,352,3375
5988,709,1183,1614,2245,2577,,709,474,431,631,332,3411
5983,706,1182,1613,2239,2574,,706,476,431,626,335,3409
5985,705,1180,1609,2227,2554,,705,475,429,618,327,3431
6216,709,1138,1630,2344,2755,,709,429,492,714,411,3461
6341,718,1220,1708,2420,2831,,718,502,488,712,411,3510
6289,718,1218,1704,2417,2827,,718,500,486,713,410,3462
6341,721,1220,1709,2421,2832,,721,499,489,712,411,3509
6273,719,1219,1708,2419,2831,,719,500,489,711,412,3442
6216,720,1219,1630,2344,2755,,720,499,411,714,411,3461
6338,719,1219,1706,2419,2830,,719,500,487,713,411,3508
6341,721,1223,1708,2419,2832,,721,502,485,711,413,3509
6315,719,1219,1707,2421,2828,,719,500,488,714,407,3487
6240,721,1221,1710,2393,2791,,721,500,489,683,398,3449
6298,727,1228,1715,2428,2838,,727,501,487,713,410,3460
6269,721,1221,1684,2396,2807,,721,500,463,712,411,3462
6297,725,1226,1713,2425,2836,,725,501,487,712,411,3461
6316,721,1221,1708,2421,2834,,721,500,487,713,413,3482
6340,721,1220,1709,2421,2857,,721,499,489,712,436,3483
6142,720,1173,1657,2370,2702,,720,453,484,713,332,3440
6341,720,1220,1708,2420,2829,,720,500,488,712,409,3512
6318,723,1221,1709,2421,2856,,723,498,488,712,435,3462
6316,721,1220,1708,2422,2832,,721,499,488,714,410,3484
6140,708,1123,1608,2317,2692,,708,415,485,709,375,3448
6340,718,1219,1700,2448,2886,,718,501,481,748,438,3454
6299,721,1221,1711,2422,2831,,721,500,490,711,409,3468
6345,724,1253,1737,2478,2910,,724,529,484,741,432,3435
6269,719,1218,1706,2419,2810,,719,499,488,713,391,3459
6340,721,1220,1708,2420,2830,,721,499,488,712,410,3510
6105,720,1199,1659,2295,2665,,720,479,460,636,370,3440
6086,708,1184,1656,2357,2708,,708,476,472,701,351,3378
5966,709,1144,1579,2219,2556,,709,435,435,640,337,3410
5886,709,1143,1555,2191,2526,,709,434,412,636,335,3360
5895,716,1156,1555,2186,2528,,716,440,399,631,342,3367
5793,646,1050,1462,2106,2435,,646,404,412,644,329,3358
5885,709,1140,1556,2198,2526,,709,431,416,642,328,3359
5880,706,1136,1551,2186,2521,,706,430,415,635,335,3359
5817,630,1064,1467,2119,2449,,630,434,403,652,330,3368
5897,667,1113,1529,2171,2501,,667,446,416,642,330,3396
6092,718,1200,1654,2322,2684,,718,482,454,668,362,3408
6151,721,1219,1708,2399,2783,,721,498,489,691,384,3368
6341,750,1245,1733,2446,2881,,750,495,488,713,435,3460
6340,719,1220,1707,2419,2859,,719,501,487,712,440,3481
6340,722,1224,1709,2422,2836,,722,502,485,713,414,3504
6226,727,1203,1692,2402,2814,,727,476,489,710,412,3412
6112,692,1115,1597,2309,2703,,692,423,482,712,394,3409
5996,707,1195,1624,2255,2588,,707,488,429,631,333,3408
6219,671,1168,1657,2369,2778,,671,497,489,712,409,3441
6338,721,1222,1709,2454,2862,,721,501,487,745,408,3476
6073,721,1222,1689,2372,2705,,721,501,467,683,333,3368
5989,709,1187,1617,2269,2603,,709,478,430,652,334,3386
5885,709,1139,1555,2191,2524,,709,430,416,636,333,3361
5884,707,1139,1554,2190,2512,,707,432,415,636,322,3372
5865,669,1117,1532,2167,2503,,669,448,415,635,336,3362
6313,718,1218,1708,2418,2854,,718,500,490,710,436,3459
6191,719,1158,1630,2278,2737,,719,439,472,648,459,3454
6238,717,1193,1680,2391,2802,,717,476,487,711,411,3436
6316,720,1221,1707,2419,2830,,720,501,486,712,411,3486
6030,691,1136,1586,2260,2615,,691,445,450,674,355,3415
6092,708,1182,1653,2357,2708,,708,474,471,704,351,3384
6038,709,1184,1654,2319,2674,,709,475,470,665,355,3364
6040,709,1186,1659,2318,2676,,709,477,473,659,358,3364
6010,709,1185,1656,2319,2654,,709,476,471,663,335,3356
6018,708,1165,1648,2317,2652,,708,457,483,669,335,3366
6036,707,1181,1611,2307,2660,,707,474,430,696,353,3376
6009,707,1181,1610,2266,2628,,707,474,429,656,362,3381
6011,709,1185,1657,2320,2652,,709,476,472,663,332,3359
6242,672,1170,1657,2370,2781,,672,498,487,713,411,3461
6343,719,1219,1707,2449,2881,,719,500,488,742,432,3462
6216,720,1221,1687,2371,2756,,720,501,466,684,385,3460
6341,720,1219,1707,2420,2830,,720,499,488,713,410,3511
6315,719,1220,1707,2420,2829,,719,501,487,713,409,3486
6370,719,1220,1708,2419,2855,,719,501,488,711,436,3515
6154,719,1168,1645,2334,2706,,719,449,477,689,372,3448
6096,703,1149,1587,2291,2685,,703,446,438,704,394,3411
6057,698,1165,1609,2273,2643,,698,467,444,664,370,3414
6339,719,1220,1709,2420,2855,,719,501,489,711,435,3484
6342,721,1196,1682,2395,2833,,721,475,486,713,438,3509
6342,721,1221,1710,2420,2830,,721,500,489,710,410,3512
6217,721,1220,1710,2344,2755,,721,499,490,634,411,3462
6340,720,1219,1707,2423,2829,,720,499,488,716,406,3511
6315,719,1221,1707,2420,2833,,719,502,486,713,413,3482
6268,720,1198,1683,2396,2804,,720,478,485,713,408,3464
6154,722,1188,1654,2359,2713,,722,466,466,705,354,3441
6112,710,1185,1614,2310,2732,,710,475,429,696,422,3380
6103,710,1183,1614,2307,2671,,710,473,431,693,364,3432
6040,652,1132,1604,2308,2661,,652,480,472,704,353,3379
6017,709,1182,1654,2318,2653,,709,473,472,664,335,3364
6152,708,1185,1614,2309,2704,,708,477,429,695,395,3448
6178,709,1183,1657,2359,2751,,709,474,474,702,392,3427
5938,711,1185,1658,2280,2597,,711,474,473,622,317,3341
6114,710,1185,1657,2360,2735,,710,475,472,703,375,3379
6067,711,1184,1656,2319,2680,,711,473,472,663,361,3387
6140,708,1183,1619,2308,2681,,708,475,436,689,373,3459
6313,718,1246,1731,2443,2855,,718,528,485,712,412,3458
6229,720,1220,1676,2385,2805,,720,500,456,709,420,3424
6193,661,1148,1635,2347,2757,,661,487,487,712,410,3436
6240,719,1191,1681,2393,2805,,719,472,490,712,412,3435
6365,720,1220,1709,2421,2830,,720,500,489,712,409,3535
6216,720,1219,1708,2399,2781,,720,499,489,691,382,3435
6315,719,1220,1708,2420,2854,,719,501,488,712,434,3461
6339,718,1218,1705,2418,2853,,718,500,487,713,435,3486
6266,720,1220,1687,2394,2804,,720,500,467,707,410,3462
6202,722,1220,1657,2359,2754,,722,498,437,702,395,3448
6192,710,1184,1654,2327,2735,,710,474,470,673,408,3457
6178,719,1219,1686,2369,2741,,719,500,467,683,372,3437
6139,710,1186,1683,2385,2760,,710,476,497,702,375,3379
6216,693,1140,1633,2345,2760,,693,447,493,712,415,3456
6365,721,1220,1709,2421,2832,,721,499,489,712,411,3533
6238,719,1218,1705,2398,2779,,719,499,487,693,381,3459
6369,718,1218,1705,2418,2829,,718,500,487,713,411,3540
6341,719,1220,1707,2420,2830,,719,501,487,713,410,3511
6299,718,1220,1708,2423,2829,,718,502,488,715,406,3470
6315,721,1219,1707,2419,2854,,721,498,488,712,435,3461
6238,717,1219,1704,2373,2779,,717,502,485,669,406,3459
6152,720,1219,1688,2356,2722,,720,499,469,668,366,3430
6037,709,1156,1631,2294,2629,,709,447,475,663,335,3408
6240,707,1141,1633,2345,2779,,707,434,492,712,434,3461
6262,718,1218,1705,2418,2813,,718,500,487,713,395,3449
6262,717,1216,1705,2396,2802,,717,499,489,691,406,3460
6340,720,1220,1708,2420,2829,,720,500,488,712,409,3511
6316,719,1219,1708,2421,2829,,719,500,489,713,408,3487
6123,719,1219,1708,2351,2747,,719,500,489,643,396,3376
6165,709,1143,1600,2295,2706,,709,434,457,695,411,3459
6163,717,1183,1642,2314,2708,,717,466,459,672,394,3455
6061,705,1192,1664,2351,2699,,705,487,472,687,348,3362
5956,712,1186,1609,2258,2580,,712,474,423,649,322,3376
6168,672,1117,1611,2323,2733,,672,445,494,712,410,3435
6365,722,1219,1708,2419,2831,,722,497,489,711,412,3534
6272,728,1228,1715,2428,2816,,728,500,487,713,388,3456
6340,719,1219,1706,2419,2830,,719,500,487,713,411,3510
6315,719,1220,1707,2420,2831,,719,501,487,713,411,3484
6370,718,1219,1706,2419,2828,,718,501,487,713,409,3542
6340,720,1220,1708,2421,2830,,720,500,488,713,409,3510
6274,718,1203,1692,2403,2822,,718,485,489,711,419,3452
6219,717,1210,1678,2387,2794,,717,493,468,709,407,3425
6012,716,1214,1642,2289,2628,,716,498,428,647,339,3384
6241,710,1163,1646,2346,2782,,710,453,483,700,436,3459
6221,719,1219,1706,2396,2804,,719,500,487,690,408,3417
6179,712,1186,1658,2361,2753,,712,474,472,703,392,3426
5935,708,1185,1658,2278,2571,,708,477,473,620,293,3364
6114,711,1185,1658,2358,2733,,711,474,473,700,375,3381
6016,711,1187,1659,2321,2653,,711,476,472,662,332,3363
6218,709,1185,1660,2352,2783,,709,476,475,692,431,3435
6217,691,1196,1683,2394,2777,,691,505,487,711,383,3440
6266,721,1220,1708,2420,2809,,721,499,488,712,389,3457
6166,720,1249,1655,2283,2708,,720,529,406,628,425,3458
6324,719,1219,1707,2420,2855,,719,500,488,713,435,3469
6341,720,1251,1764,2471,2883,,720,531,513,707,412,3458
6365,749,1246,1764,2470,2882,,749,497,518,706,412,3483
6341,720,1219,1707,2419,2829,,720,499,488,712,410,3512
6340,720,1220,1708,2420,2832,,720,500,488,712,412,3508
6324,720,1219,1708,2420,2834,,720,499,489,712,414,3490
6314,719,1218,1708,2420,2831,,719,499,490,712,411,3483
6190,721,1219,1708,2401,2740,,721,498,489,693,339,3450
6178,719,1220,1687,2394,2751,,719,501,467,707,357,3427
6064,710,1185,1658,2322,2699,,710,475,473,664,377,3365
5884,708,1142,1555,2198,2527,,708,434,413,643,329,3357
6228,710,1186,1659,2359,2777,,710,476,473,700,418,3451
6213,709,1184,1655,2334,2751,,709,475,471,679,417,3462
5936,711,1184,1655,2282,2575,,711,473,471,627,293,3361
6111,706,1179,1650,2356,2730,,706,473,471,706,374,3381
6051,710,1142,1582,2243,2624,,710,432,440,661,381,3427
6341,719,1195,1684,2395,2833,,719,476,489,711,438,3508
6363,717,1216,1706,2416,2853,,717,499,490,710,437,3510
6180,720,1220,1708,2400,2746,,720,500,488,692,346,3434
6086,710,1187,1657,2360,2733,,710,477,470,703,373,3353
6024,712,1144,1554,2250,2628,,712,432,410,696,378,3396
6341,722,1222,1708,2421,2857,,722,500,486,713,436,3484
6372,721,1251,1737,2445,2857,,721,530,486,708,412,3515
6342,721,1221,1709,2421,2856,,721,500,488,712,435,3486
6318,720,1222,1708,2419,2831,,720,502,486,711,412,3487
6317,719,1249,1759,2471,2860,,719,530,510,712,389,3457
6271,721,1221,1710,2421,2788,,721,500,489,711,367,3483
6300,716,1203,1691,2403,2837,,716,487,488,712,434,3463
6205,696,1195,1684,2375,2766,,696,499,489,691,391,3439
6127,712,1183,1656,2334,2705,,712,471,473,678,371,3422
6088,699,1130,1568,2270,2661,,699,431,438,702,391,3427
6342,721,1221,1709,2422,2857,,721,500,488,713,435,3485
6247,715,1203,1692,2403,2814,,715,488,489,711,411,3433
6339,719,1219,1707,2419,2829,,719,500,488,712,410,3510
6292,720,1218,1705,2417,2828,,720,498,487,712,411,3464
6189,712,1186,1658,2361,2779,,712,474,472,703,418,3410
6129,711,1185,1656,2317,2677,,711,474,471,661,360,3452
6274,716,1202,1692,2404,2812,,716,486,490,712,408,3462
6192,721,1220,1708,2422,2737,,721,499,488,714,315,3455
6029,708,1123,1531,2192,2540,,708,415,408,661,348,3489
6159,710,1186,1614,2321,2731,,710,476,428,707,410,3428
6178,710,1185,1659,2361,2754,,710,475,474,702,393,3424
6157,675,1161,1658,2361,2755,,675,486,497,703,394,3402
6039,713,1185,1656,2362,2686,,713,472,471,706,324,3353
6090,717,1201,1634,2264,2612,,717,484,433,630,348,3478
6021,664,1135,1583,2228,2568,,664,471,448,645,340,3453
6018,708,1181,1648,2289,2638,,708,473,467,641,349,3380
6101,644,1068,1551,2255,2666,,644,424,483,704,411,3435
6202,719,1193,1680,2394,2750,,719,474,487,714,356,3452
6093,708,1185,1655,2359,2709,,708,477,470,704,350,3384
6144,710,1144,1599,2297,2707,,710,434,455,698,410,3437
6339,750,1245,1733,2445,2882,,750,495,488,712,437,3457
6296,718,1218,1705,2418,2829,,718,500,487,713,411,3467
6315,720,1221,1708,2420,2833,,720,501,487,712,413,3482
6339,720,1220,1708,2448,2857,,720,500,488,740,409,3482
6323,720,1221,1708,2420,2831,,720,501,487,712,411,3492
6339,719,1222,1707,2418,2829,,719,503,485,711,411,3510
6341,719,1220,1707,2419,2829,,719,501,487,712,410,3512
6341,720,1234,1718,2400,2830,,720,514,484,682,430,3511
6153,721,1220,1687,2357,2724,,721,499,467,670,367,3429
6205,709,1183,1632,2347,2757,,709,474,449,715,410,3448
6345,722,1221,1710,2424,2831,,722,499,489,714,407,3514
6300,716,1204,1692,2432,2841,,716,488,488,740,409,3459
6316,719,1220,1707,2419,2830,,719,501,487,712,411,3486
6340,721,1220,1708,2420,2831,,721,499,488,712,411,3509
6319,750,1246,1733,2444,2880,,750,496,487,711,436,3439
6341,722,1221,1709,2422,2831,,722,499,488,713,409,3510
6303,716,1203,1692,2405,2840,,716,487,489,713,435,3463
6341,720,1220,1709,2419,2831,,720,500,489,710,412,3510
6178,719,1220,1687,2356,2743,,719,501,467,669,387,3435
6039,709,1185,1614,2310,2662,,709,476,429,696,352,3377
6201,709,1183,1654,2360,2776,,709,474,471,706,416,3425
6186,701,1194,1666,2367,2760,,701,493,472,701,393,3426
6139,711,1184,1656,2361,2752,,711,473,472,705,391,3387
6065,711,1210,1680,2345,2700,,711,499,470,665,355,3365
5961,708,1184,1613,2268,2602,,708,476,429,655,334,3359
6054,709,1184,1656,2317,2650,,709,475,472,661,333,3404
6275,718,1203,1692,2404,2814,,718,485,489,712,410,3461
6293,721,1221,1708,2423,2810,,721,500,487,715,387,3483
6241,746,1271,1734,2418,2803,,746,525,463,684,385,3438
6342,721,1220,1708,2421,2832,,721,499,488,713,411,3510
6367,719,1219,1708,2420,2830,,719,500,489,712,410,3537
6275,718,1204,1694,2404,2814,,718,486,490,710,410,3461
6342,721,1221,1708,2419,2830,,721,500,487,711,411,3512
6342,721,1219,1708,2420,2831,,721,498,489,712,411,3511
6341,722,1222,1710,2449,2882,,722,500,488,739,433,3459
6310,721,1221,1709,2422,2832,,721,500,488,713,410,3478
6253,716,1206,1667,2381,2793,,716,490,461,714,412,3460
6254,722,1224,1741,2446,2823,,722,502,517,705,377,3431
6120,711,1185,1657,2361,2734,,711,474,472,704,373,3386
6089,711,1187,1617,2269,2662,,711,476,430,652,393,3427
6292,722,1222,1709,2401,2833,,722,500,487,692,432,3459
6183,674,1164,1637,2338,2754,,674,490,473,701,416,3429
6137,711,1184,1656,2359,2736,,711,473,472,703,377,3401
6136,709,1183,1654,2358,2733,,709,474,471,704,375,3403
6063,710,1187,1659,2317,2675,,710,477,472,658,358,3388
6113,710,1185,1658,2361,2711,,710,475,473,703,350,3402
6203,698,1169,1596,2306,2741,,698,471,427,710,435,3462
6340,722,1221,1708,2421,2855,,722,499,487,713,434,3485
6228,721,1220,1708,2400,2792,,721,499,488,692,392,3436
6191,708,1184,1656,2315,2730,,708,476,472,659,415,3461
6339,719,1218,1706,2419,2853,,719,499,488,713,434,3486
6256,713,1183,1671,2385,2796,,713,470,488,714,411,3460
6342,721,1220,1709,2421,2830,,721,499,489,712,409,3512
6341,720,1220,1709,2420,2831,,720,500,489,711,411,3510
6317,721,1221,1709,2420,2831,,721,500,488,711,411,3486
6341,720,1221,1708,2419,2830,,720,501,487,711,411,3511
6302,721,1221,1709,2421,2831,,721,500,488,712,410,3471
6264,720,1220,1708,2420,2811,,720,500,488,712,391,3453
6143,721,1220,1708,2343,2687,,721,499,488,635,344,3456
6344,720,1221,1708,2421,2831,,720,501,487,713,410,3513
6341,722,1220,1708,2420,2831,,722,498,488,712,411,3510
6265,719,1194,1681,2394,2804,,719,475,487,713,410,3461
6340,720,1220,1707,2420,2885,,720,500,487,713,465,3455
6342,719,1220,1707,2421,2829,,719,501,487,714,408,3513
6299,722,1219,1707,2420,2830,,722,497,488,713,410,3469
6366,721,1220,1709,2423,2857,,721,499,489,714,434,3509
6249,717,1205,1692,2405,2821,,717,488,487,713,416,3428
6265,722,1222,1710,2422,2812,,722,500,488,712,390,3453
6205,722,1221,1708,2400,2768,,722,499,487,692,368,3437
6241,710,1212,1709,2364,2780,,710,502,497,655,416,3461
6316,721,1221,1708,2420,2830,,721,500,487,712,410,3486
6273,717,1204,1692,2404,2815,,717,487,488,712,411,3458
6318,722,1221,1710,2422,2832,,722,499,489,712,410,3486
6316,721,1221,1708,2420,2830,,721,500,487,712,410,3486
6325,722,1220,1709,2424,2830,,722,498,489,715,406,3495
6342,721,1221,1709,2421,2835,,721,500,488,712,414,3507
6350,720,1234,1743,2454,2890,,720,514,509,711,436,3460
6317,721,1196,1684,2406,2838,,721,475,488,722,432,3479
6243,723,1222,1711,2408,2797,,723,499,489,697,389,3446
6342,723,1248,1734,2446,2870,,723,525,486,712,424,3472
6340,721,1220,1708,2419,2856,,721,499,488,711,437,3484
6251,716,1204,1695,2405,2816,,716,488,491,710,411,3435
6342,750,1246,1733,2446,2857,,750,496,487,713,411,3485
6342,720,1221,1709,2421,2831,,720,501,488,712,410,3511
6342,720,1221,1709,2421,2832,,720,501,488,712,411,3510
6367,721,1221,1708,2422,2830,,721,500,487,714,408,3537
6212,707,1180,1628,2341,2751,,707,473,448,713,410,3461
6304,720,1220,1707,2409,2840,,720,500,487,702,431,3464
6268,722,1222,1710,2421,2813,,722,500,488,711,392,3455
6248,719,1219,1708,2419,2799,,719,500,489,711,380,3449
6154,710,1184,1655,2361,2755,,710,474,471,706,394,3399
6243,675,1174,1660,2372,2784,,675,499,486,712,412,3459
6340,718,1218,1706,2419,2829,,718,500,488,713,410,3511
6341,719,1218,1706,2419,2854,,719,499,488,713,435,3487
6245,719,1220,1698,2419,2821,,719,501,478,721,402,3424
6343,723,1223,1710,2423,2834,,723,500,487,713,411,3509
6267,720,1220,1709,2420,2830,,720,500,489,711,410,3437
6243,723,1223,1709,2423,2801,,723,500,486,714,378,3442
6266,721,1220,1710,2420,2809,,721,499,490,710,389,3457
6314,719,1219,1708,2419,2830,,719,500,489,711,411,3484
6315,720,1250,1734,2474,2880,,720,530,484,740,406,3435
6302,713,1233,1715,2426,2839,,713,520,482,711,413,3463
6321,751,1278,1789,2475,2844,,751,527,511,686,369,3477
6367,746,1271,1785,2523,2906,,746,525,514,738,383,3461
6393,748,1272,1785,2522,2958,,748,524,513,737,436,3435
6268,710,1199,1686,2399,2809,,710,489,487,713,410,3459
6277,727,1227,1716,2421,2838,,727,500,489,705,417,3439
6318,722,1220,1710,2421,2829,,722,498,490,711,408,3489
6372,722,1222,1710,2424,2835,,722,500,488,714,411,3537
6318,723,1221,1709,2422,2832,,723,498,488,713,410,3486
6340,721,1221,1708,2424,2832,,721,500,487,716,408,3508
6230,714,1208,1693,2351,2765,,714,494,485,658,414,3465
6290,720,1220,1707,2420,2830,,720,500,487,713,410,3460
6343,723,1222,1711,2451,2884,,723,499,489,740,433,3459
6326,720,1219,1706,2420,2829,,720,499,487,714,409,3497
6341,721,1221,1709,2421,2831,,721,500,488,712,410,3510
6277,717,1204,1692,2404,2838,,717,487,488,712,434,3439
6245,723,1198,1687,2397,2808,,723,475,489,710,411,3437
6267,721,1221,1709,2422,2811,,721,500,488,713,389,3456
6316,720,1221,1708,2420,2831,,720,501,487,712,411,3485
6342,722,1225,1710,2422,2834,,722,503,485,712,412,3508
6276,716,1205,1693,2405,2831,,716,489,488,712,426,3445
6350,710,1231,1716,2433,2845,,710,521,485,717,412,3505
6346,721,1222,1710,2422,2833,,721,501,488,712,411,3513
6243,721,1221,1708,2401,2807,,721,500,487,693,406,3436
6366,753,1247,1734,2447,2858,,753,494,487,713,411,3508
6158,713,1188,1659,2322,2724,,713,475,471,663,402,3434
6166,709,1184,1655,2359,2729,,709,475,471,704,370,3437
6265,723,1219,1708,2422,2811,,723,496,489,714,389,3454
6343,722,1222,1709,2421,2832,,722,500,487,712,411,3511
6368,720,1219,1708,2422,2831,,720,499,489,714,409,3537
6241,721,1221,1656,2371,2784,,721,500,435,715,413,3457
6275,712,1204,1692,2405,2816,,712,492,488,713,411,3459
6342,721,1224,1709,2422,2831,,721,503,485,713,409,3511
6316,720,1220,1708,2420,2856,,720,500,488,712,436,3460
6285,718,1220,1707,2419,2829,,718,502,487,712,410,3456
6316,720,1220,1707,2420,2831,,720,500,487,713,411,3485
6336,716,1217,1704,2418,2827,,716,501,487,714,409,3509
6268,722,1222,1710,2425,2812,,722,500,488,715,387,3456
6299,721,1221,1709,2421,2855,,721,500,488,712,434,3444
6168,710,1186,1658,2361,2753,,710,476,472,703,392,3415
6191,711,1190,1647,2349,2757,,711,479,457,702,408,3434
6318,724,1223,1710,2423,2834,,724,499,487,713,411,3484
6344,725,1223,1710,2423,2832,,725,498,487,713,409,3512
6343,722,1223,1709,2421,2831,,722,501,486,712,410,3512
6331,720,1220,1709,2420,2830,,720,500,489,711,410,3501
6225,716,1204,1692,2404,2809,,716,488,488,712,405,3416
6242,723,1198,1686,2398,2809,,723,475,488,712,411,3433
6316,721,1221,1709,2421,2857,,721,500,488,712,436,3459
6343,722,1221,1709,2422,2832,,722,499,488,713,410,3511
6243,721,1196,1684,2398,2806,,721,475,488,714,408,3437
6351,717,1204,1722,2431,2864,,717,487,518,709,433,3487
6315,721,1220,1707,2420,2831,,721,499,487,713,411,3484
6341,720,1220,1709,2421,2831,,720,500,489,712,410,3510
6325,722,1221,1710,2422,2831,,722,499,489,712,409,3494
6336,721,1220,1709,2421,2855,,721,499,489,712,434,3481
6260,716,1204,1691,2404,2814,,716,488,487,713,410,3446
6341,721,1222,1708,2421,2832,,721,501,486,713,411,3509
6312,720,1219,1707,2419,2829,,720,499,488,712,410,3483
6343,721,1221,1709,2421,2831,,721,500,488,712,410,3512
6318,723,1222,1708,2422,2832,,723,499,486,714,410,3486
6228,718,1207,1694,2352,2767,,718,489,487,658,415,3461
6301,718,1205,1694,2404,2840,,718,487,489,710,436,3461
6342,722,1222,1709,2421,2833,,722,500,487,712,412,3509
6318,723,1223,1711,2423,2833,,723,500,488,712,410,3485
6341,722,1226,1710,2422,2834,,722,504,484,712,412,3507
6358,727,1226,1715,2426,2865,,727,499,489,711,439,3493
6177,725,1224,1690,2373,2759,,725,499,466,683,386,3418
5976,712,1187,1660,2362,2660,,712,475,473,702,298,3316
6095,711,1185,1658,2362,2712,,711,474,473,704,350,3383
6013,711,1185,1656,2320,2654,,711,474,471,664,334,3359
6191,710,1184,1634,2347,2747,,710,474,450,713,400,3444
6380,714,1208,1697,2437,2900,,714,494,489,740,463,3480
6343,723,1222,1710,2423,2832,,723,499,488,713,409,3511
6318,722,1223,1710,2422,2833,,722,501,487,712,411,3485
6346,725,1222,1710,2423,2833,,725,497,488,713,410,3513
6342,723,1223,1710,2423,2833,,723,500,487,713,410,3509
6185,722,1223,1711,2403,2809,,722,501,488,692,406,3376
6128,711,1188,1661,2363,2687,,711,477,473,702,324,3441
6118,710,1185,1656,2360,2737,,710,475,471,704,377,3381
6009,708,1184,1656,2317,2653,,708,476,472,661,336,3356
6143,710,1187,1617,2336,2689,,710,477,430,719,353,3454
6275,715,1204,1692,2404,2815,,715,489,488,712,411,3460
6343,722,1222,1710,2422,2832,,722,500,488,712,410,3511
6310,723,1222,1711,2422,2833,,723,499,489,711,411,3477
6341,723,1220,1708,2418,2830,,723,497,488,710,412,3511
6371,728,1224,1710,2422,2858,,728,496,486,712,436,3513
6344,722,1223,1739,2447,2882,,722,501,516,708,435,3462
6269,724,1252,1736,2448,2858,,724,528,484,712,410,3411
6305,722,1222,1710,2422,2862,,722,500,488,712,440,3443
6140,710,1186,1659,2360,2751,,710,476,473,701,391,3389
6142,711,1186,1656,2337,2687,,711,475,470,681,350,3455
6297,726,1227,1714,2427,2836,,726,501,487,713,409,3461
6366,722,1221,1709,2421,2834,,722,499,488,712,413,3532
5852,706,1108,1501,2122,2455,,706,402,393,621,333,3397
6039,684,1158,1627,2266,2616,,684,474,469,639,350,3423
6426,743,1257,1769,2506,2967,,743,514,512,737,461,3459
6332,749,1273,1786,2523,2959,,749,524,513,737,436,3373
6088,708,1183,1651,2359,2708,,708,475,468,708,349,3380
6050,706,1182,1649,2293,2624,,706,476,467,644,331,3426
6026,707,1182,1608,2245,2576,,707,475,426,637,331,3450
6027,711,1184,1610,2248,2578,,711,473,426,638,330,3449
6030,710,1186,1611,2245,2576,,710,476,425,634,331,3454
6014,713,1186,1659,2320,2654,,713,473,473,661,334,3360
5962,711,1187,1616,2244,2578,,711,476,429,628,334,3384
6117,714,1187,1661,2362,2737,,714,473,474,701,375,3380
6218,705,1199,1671,2374,2790,,705,494,472,703,416,3428
5940,713,1186,1661,2282,2573,,713,473,475,621,291,3367
6089,713,1184,1655,2360,2710,,713,471,471,705,350,3379
6016,711,1185,1656,2320,2654,,711,474,471,664,334,3362
6018,712,1188,1660,2320,2654,,712,476,472,660,334,3364
6044,713,1186,1656,2320,2675,,713,473,470,664,355,3369
6064,712,1210,1685,2345,2679,,712,498,475,660,334,3385
6040,712,1211,1684,2345,2678,,712,499,473,661,333,3362
5964,711,1185,1615,2246,2577,,711,474,430,631,331,3387
5975,723,1195,1667,2290,2582,,723,472,472,623,292,3393
6205,712,1186,1657,2363,2779,,712,474,471,706,416,3426
5938,709,1184,1655,2280,2572,,709,475,471,625,292,3366
6087,709,1185,1657,2359,2709,,709,476,472,702,350,3378
6041,711,1186,1657,2319,2679,,711,475,471,662,360,3362
6019,710,1186,1659,2320,2655,,710,476,473,661,335,3364
6043,712,1187,1658,2321,2678,,712,475,471,663,357,3365
6011,684,1158,1630,2293,2628,,684,474,472,663,335,3383
6039,708,1185,1657,2321,2654,,708,477,472,664,333,3385
5963,711,1186,1616,2245,2582,,711,475,430,629,337,3381
6028,711,1211,1682,2387,2685,,711,500,471,705,298,3343
6191,713,1187,1660,2364,2780,,713,474,473,704,416,3411
5966,712,1187,1616,2246,2578,,712,475,429,630,332,3388
6053,710,1183,1656,2299,2626,,710,473,473,643,327,3427
6155,709,1185,1656,2360,2711,,709,476,471,704,351,3444
6085,707,1181,1653,2356,2705,,707,474,472,703,349,3380
6155,673,1161,1631,2337,2713,,673,488,470,706,376,3442
6248,711,1169,1659,2373,2783,,711,458,490,714,410,3465
6319,721,1222,1710,2422,2832,,721,501,488,712,410,3487
6345,723,1223,1709,2425,2858,,723,500,486,716,433,3487
6354,721,1221,1709,2421,2834,,721,500,488,712,413,3520
6373,729,1224,1712,2424,2834,,729,495,488,712,410,3539
6343,723,1222,1712,2422,2858,,723,499,490,710,436,3485
6344,722,1222,1710,2425,2858,,722,500,488,715,433,3486
6342,724,1222,1711,2425,2833,,724,498,489,714,408,3509
6283,722,1222,1711,2422,2833,,722,500,489,711,411,3450
6219,710,1197,1633,2348,2758,,710,487,436,715,410,3461
6206,719,1157,1632,2337,2756,,719,438,475,705,419,3450
6014,711,1185,1655,2320,2653,,711,474,470,665,333,3361
5963,710,1186,1616,2245,2578,,710,476,430,629,333,3385
5963,712,1196,1674,2283,2576,,712,484,478,609,293,3387
6181,705,1173,1646,2347,2719,,705,468,473,701,372,3462
6343,722,1222,1710,2423,2834,,722,500,488,713,411,3509
6343,722,1222,1711,2423,2832,,722,500,489,712,409,3511
6265,718,1196,1682,2395,2805,,718,478,486,713,410,3460
6269,723,1197,1686,2397,2809,,723,474,489,711,412,3460
6340,720,1215,1705,2416,2850,,720,495,490,711,434,3490
6275,722,1144,1635,2347,2782,,722,422,491,712,435,3493
6318,722,1222,1709,2422,2833,,722,500,487,713,411,3485
6345,723,1252,1736,2447,2857,,723,529,484,711,410,3488
6318,722,1222,1711,2423,2833,,722,500,489,712,410,3485
6312,723,1222,1710,2423,2833,,723,499,488,713,410,3479
6269,697,1197,1685,2398,2809,,697,500,488,713,411,3460
6342,722,1196,1685,2425,2858,,722,474,489,740,433,3484
6344,722,1222,1710,2422,2833,,722,500,488,712,411,3511
6343,721,1222,1710,2422,2831,,721,501,488,712,409,3512
6341,723,1225,1710,2422,2833,,723,502,485,712,411,3508
6131,722,1144,1555,2261,2679,,722,422,411,706,418,3452
6041,712,1186,1657,2319,2677,,712,474,471,662,358,3364
5966,711,1186,1615,2246,2577,,711,475,429,631,331,3389
6174,710,1186,1659,2360,2752,,710,476,473,701,392,3422
6179,697,1183,1654,2359,2750,,697,486,471,705,391,3429
5940,711,1186,1658,2281,2597,,711,475,472,623,316,3343
6125,705,1197,1668,2372,2747,,705,492,471,704,375,3378
6046,711,1185,1658,2318,2676,,711,474,473,660,358,3370
6038,713,1187,1659,2320,2656,,713,474,472,661,336,3382
5989,686,1162,1634,2294,2630,,686,476,472,660,336,3359
6142,714,1192,1630,2338,2757,,714,478,438,708,419,3385
6062,710,1211,1682,2344,2679,,710,501,471,662,335,3383
5961,710,1186,1616,2247,2580,,710,476,430,631,333,3381
5964,710,1186,1656,2280,2598,,710,476,470,624,318,3366
6169,634,1123,1610,2323,2734,,634,489,487,713,411,3435
6343,723,1222,1711,2422,2833,,723,499,489,711,411,3510
6344,720,1220,1709,2421,2832,,720,500,489,712,411,3512
6319,724,1222,1712,2422,2863,,724,498,490,710,441,3456
6344,724,1223,1711,2424,2834,,724,499,488,713,410,3510
6339,724,1220,1708,2420,2830,,724,496,488,712,410,3509
6119,653,1132,1539,2248,2659,,653,479,407,709,411,3460
6318,722,1223,1712,2424,2834,,722,501,489,712,410,3484
6277,716,1205,1693,2404,2815,,716,489,488,711,411,3462
6373,723,1223,1711,2423,2833,,723,500,488,712,410,3540
6288,720,1218,1707,2418,2829,,720,498,489,711,411,3459
6341,723,1223,1711,2422,2833,,723,500,488,711,411,3508
6343,723,1223,1711,2421,2832,,723,500,488,710,411,3511
6295,723,1223,1711,2423,2834,,723,500,488,712,411,3461
6345,724,1224,1711,2423,2834,,724,500,487,712,411,3511
6321,722,1221,1709,2421,2832,,722,499,488,712,411,3489
6056,710,1123,1561,2223,2620,,710,413,438,662,397,3436
6041,710,1186,1660,2320,2676,,710,476,474,660,356,3365
6193,711,1186,1615,2323,2734,,711,475,429,708,411,3459
6342,722,1223,1710,2423,2834,,722,501,487,713,411,3508
6343,723,1223,1712,2423,2833,,723,500,489,711,410,3510
6317,722,1223,1710,2423,2833,,722,501,487,713,410,3484
6344,725,1223,1711,2426,2833,,725,498,488,715,407,3511
6347,722,1222,1710,2423,2836,,722,500,488,713,413,3511
6317,722,1223,1710,2423,2834,,722,501,487,713,411,3483
6347,723,1221,1712,2423,2835,,723,498,491,711,412,3512
6220,723,1203,1622,2337,2764,,723,480,419,715,427,3456
6319,724,1222,1710,2423,2833,,724,498,488,713,410,3486
6302,723,1223,1710,2423,2833,,723,500,487,713,410,3469
6151,697,1196,1667,2348,2758,,697,499,471,681,410,3393
5941,643,1059,1501,2159,2499,,643,416,442,658,340,3442
5926,712,1187,1658,2283,2600,,712,475,471,625,317,3326
6195,654,1148,1636,2348,2758,,654,494,488,712,410,3437
6343,723,1223,1711,2423,2833,,723,500,488,712,410,3510
6342,722,1223,1710,2423,2833,,722,501,487,713,410,3509
6343,723,1223,1710,2423,2834,,723,500,487,713,411,3509
6124,723,1223,1632,2265,2645,,723,500,409,633,380,3479
6341,720,1219,1708,2420,2830,,720,499,489,712,410,3511
6327,723,1223,1711,2423,2834,,723,500,488,712,411,3493
6176,724,1222,1691,2374,2759,,724,498,469,683,385,3417
5850,659,1083,1499,2134,2473,,659,424,416,635,339,3377
6257,715,1215,1688,2389,2806,,715,500,473,701,417,3451
6166,671,1162,1634,2338,2760,,671,491,472,704,422,3406
6041,711,1186,1658,2319,2673,,711,475,472,661,354,3368
6013,712,1186,1657,2319,2653,,712,474,471,662,334,3360
6016,659,1136,1609,2269,2627,,659,477,473,660,358,3389
6064,712,1186,1658,2346,2697,,712,474,472,688,351,3367
6013,711,1185,1656,2319,2653,,711,474,471,663,334,3360
5985,709,1185,1617,2267,2600,,709,476,432,650,333,3385
6176,707,1183,1655,2358,2748,,707,476,472,703,390,3428
6180,697,1163,1660,2361,2754,,697,466,497,701,393,3426
6063,710,1186,1578,2261,2679,,710,476,392,683,418,3384
6093,710,1185,1657,2358,2709,,710,475,472,701,351,3384
6015,710,1185,1663,2320,2655,,710,475,478,657,335,3360
6012,708,1182,1655,2318,2654,,708,474,473,663,336,3358
6091,710,1184,1682,2344,2704,,710,474,498,662,360,3387
6044,711,1186,1659,2323,2654,,711,475,473,664,331,3390
6037,709,1185,1657,2317,2652,,709,476,472,660,335,3385
5985,710,1185,1615,2242,2577,,710,475,430,627,335,3408
6152,683,1116,1595,2307,2724,,683,433,479,712,417,3428
6157,699,1138,1608,2312,2731,,699,439,470,704,419,3426
5937,711,1185,1655,2281,2601,,711,474,470,626,320,3336
6127,665,1089,1560,2267,2672,,665,424,471,707,405,3455
6345,724,1223,1711,2423,2859,,724,499,488,712,436,3486
6269,725,1202,1687,2399,2811,,725,477,485,712,412,3458
6341,723,1222,1710,2421,2833,,723,499,488,711,412,3508
6179,722,1197,1686,2355,2736,,722,475,489,669,381,3443
6014,711,1186,1657,2319,2653,,711,475,471,662,334,3361
5984,708,1184,1615,2243,2576,,708,476,431,628,333,3408
6201,708,1144,1622,2335,2753,,708,436,478,713,418,3448
6108,648,1087,1557,2263,2683,,648,439,470,706,420,3425
6029,711,1186,1655,2280,2574,,711,475,469,625,294,3455
6015,712,1189,1660,2322,2655,,712,477,471,662,333,3360
6015,710,1187,1659,2319,2653,,710,477,472,660,334,3362
6014,711,1186,1656,2318,2655,,711,475,470,662,337,3359
6012,710,1185,1657,2319,2653,,710,475,472,662,334,3359
6028,708,1185,1659,2318,2653,,708,477,474,659,335,3375
6013,696,1185,1657,2317,2654,,696,489,472,660,337,3359
5986,710,1186,1640,2269,2604,,710,476,454,629,335,3382
6154,708,1141,1622,2334,2726,,708,433,481,712,392,3428
6080,660,1066,1534,2235,2627,,660,406,468,701,392,3453
5936,710,1185,1655,2279,2573,,710,475,470,624,294,3363
6154,709,1184,1618,2336,2728,,709,475,434,718,392,3426
5752,648,1042,1437,2065,2384,,648,394,395,628,319,3368
6025,667,1109,1571,2233,2619,,667,442,462,662,386,3406
6024,642,1083,1521,2182,2568,,642,441,438,661,386,3456
6028,685,1134,1574,2232,2620,,685,449,440,658,388,3408
6323,726,1226,1713,2426,2839,,726,500,487,713,413,3484
6345,723,1224,1712,2425,2859,,723,501,488,713,434,3486
6319,725,1223,1711,2423,2858,,725,498,488,712,435,3461
6269,727,1168,1662,2376,2808,,727,441,494,714,432,3461
6318,725,1222,1710,2424,2833,,725,497,488,714,409,3485
6175,720,1217,1634,2332,2727,,720,497,417,698,395,3448
6050,705,1194,1667,2329,2684,,705,489,473,662,355,3366
6038,713,1186,1657,2321,2653,,713,473,471,664,332,3385
6040,712,1188,1660,2321,2680,,712,476,472,661,359,3360
6018,710,1185,1656,2320,2652,,710,475,471,664,332,3366
5985,686,1160,1633,2293,2627,,686,474,473,660,334,3358
5986,710,1183,1611,2242,2576,,710,473,428,631,334,3410
6102,710,1142,1558,2259,2653,,710,432,416,701,394,3449
6067,653,1076,1490,2198,2609,,653,423,414,708,411,3458
6264,719,1194,1683,2394,2804,,719,475,489,711,410,3460
6206,723,1223,1659,2363,2758,,723,500,436,704,395,3448
6099,703,1167,1639,2341,2716,,703,464,472,702,375,3383
6115,690,1186,1684,2385,2737,,690,496,498,701,352,3378
6039,713,1186,1657,2318,2677,,713,473,471,661,359,3362
6019,710,1186,1658,2322,2656,,710,476,472,664,334,3363
5987,710,1183,1614,2265,2602,,710,473,431,651,337,3385
5986,709,1202,1631,2270,2601,,709,493,429,639,331,3385
6105,709,1143,1556,2261,2653,,709,434,413,705,392,3452
6090,655,1091,1545,2247,2657,,655,436,454,702,410,3433
6343,724,1222,1710,2452,2885,,724,498,488,742,433,3458
6271,724,1204,1662,2374,2810,,724,480,458,712,436,3461
6272,721,1220,1708,2421,2832,,721,499,488,713,411,3440
6258,715,1214,1701,2413,2823,,715,499,487,712,410,3435
6344,721,1198,1715,2423,2833,,721,477,517,708,410,3511
6220,723,1223,1712,2345,2758,,723,500,489,633,413,3462
6345,723,1223,1712,2423,2836,,723,500,489,711,413,3509
6081,722,1222,1674,2308,2647,,722,500,452,634,339,3434
6078,710,1185,1615,2247,2645,,710,475,430,632,398,3433
6113,705,1127,1541,2246,2663,,705,422,414,705,417,3450
6094,712,1186,1657,2362,2712,,712,474,471,705,350,3382
6220,722,1221,1688,2371,2781,,722,499,467,683,410,3439
6299,725,1221,1708,2420,2832,,725,496,487,712,412,3467
6318,725,1252,1735,2448,2834,,725,527,483,713,386,3484
6320,727,1223,1712,2424,2833,,727,496,489,712,409,3487
6221,724,1225,1712,2346,2759,,724,501,487,634,413,3462
6320,723,1223,1712,2424,2834,,723,500,489,712,410,3486
6217,726,1222,1711,2402,2786,,726,496,489,691,384,3431
6343,725,1252,1737,2448,2859,,725,527,485,711,411,3484
6192,725,1189,1613,2324,2734,,725,464,424,711,410,3458
6346,723,1223,1712,2424,2835,,723,500,489,712,411,3511
6269,724,1224,1712,2402,2809,,724,500,488,690,407,3460
6298,726,1225,1714,2426,2834,,726,499,489,712,408,3464
6372,724,1223,1711,2424,2833,,724,499,488,713,409,3539
6318,722,1223,1711,2423,2858,,722,501,488,712,435,3460
6194,724,1224,1712,2346,2758,,724,500,488,634,412,3436
6318,723,1222,1709,2423,2858,,723,499,487,714,435,3460
6219,724,1224,1711,2403,2785,,724,500,487,692,382,3434
6335,724,1222,1710,2423,2834,,724,498,488,713,411,3501
6217,749,1210,1649,2348,2758,,749,461,439,699,410,3459
6344,723,1222,1710,2423,2833,,723,499,488,713,410,3511
6180,724,1222,1691,2338,2732,,724,498,469,647,394,3448
6114,711,1187,1657,2361,2753,,711,476,470,704,392,3361
6091,711,1186,1659,2324,2703,,711,475,473,665,379,3388
5965,712,1111,1582,2246,2605,,712,399,471,664,359,3360
5995,688,1162,1634,2296,2634,,688,474,472,662,338,3361
6013,712,1184,1655,2319,2653,,712,472,471,664,334,3360
5988,709,1185,1616,2244,2575,,709,476,431,628,331,3413
6052,708,1142,1556,2193,2591,,708,434,414,637,398,3461
6201,698,1144,1612,2318,2750,,698,446,468,706,432,3451
6326,722,1223,1710,2423,2857,,722,501,487,713,434,3469
6179,750,1246,1720,2369,2748,,750,496,474,649,379,3431
6124,661,1137,1608,2311,2710,,661,476,471,703,399,3414
6114,713,1188,1658,2362,2738,,713,475,470,704,376,3376
5992,673,1120,1599,2246,2604,,673,447,479,647,358,3388
6047,713,1186,1658,2322,2655,,713,473,472,664,333,3392
6014,710,1186,1658,2318,2651,,710,476,472,660,333,3363
5979,710,1185,1603,2260,2607,,710,475,418,657,347,3372
6056,697,1187,1593,2221,2621,,697,490,406,628,400,3435
5974,669,1068,1487,2117,2507,,669,399,419,630,390,3467
6320,723,1223,1711,2423,2834,,723,500,488,712,411,3486
6119,696,1173,1660,2352,2683,,696,477,487,692,331,3436
6268,692,1196,1683,2396,2808,,692,504,487,713,412,3460
6282,718,1212,1699,2412,2822,,718,494,487,713,410,3460
6319,721,1220,1708,2415,2830,,721,499,488,707,415,3489
6245,713,1199,1689,2399,2790,,713,486,490,710,391,3455
6319,723,1224,1712,2424,2860,,723,501,488,712,436,3459
6302,724,1226,1712,2425,2860,,724,502,486,713,435,3442
6343,724,1223,1709,2424,2859,,724,499,486,715,435,3484
6096,712,1157,1596,2239,2642,,712,445,439,643,403,3454
6344,724,1254,1737,2448,2883,,724,530,483,711,435,3461
6230,723,1222,1710,2423,2781,,723,499,488,713,358,3449
6164,711,1187,1659,2361,2782,,711,476,472,702,421,3382
5986,710,1184,1615,2245,2575,,710,474,431,630,330,3411
6248,667,1174,1663,2374,2809,,667,507,489,711,435,3439
6269,725,1224,1711,2424,2812,,725,499,487,713,388,3457
6345,725,1227,1711,2424,2833,,725,502,484,713,409,3512
6303,724,1199,1687,2400,2834,,724,475,488,713,434,3469
6372,724,1223,1711,2425,2832,,724,499,488,714,407,3540
6172,731,1189,1627,2310,2715,,731,458,438,683,405,3457
6290,722,1220,1710,2421,2831,,722,498,490,711,410,3459
6205,721,1221,1709,2387,2760,,721,500,488,678,373,3445
6140,712,1165,1649,2336,2756,,712,453,484,687,420,3384
6066,712,1188,1660,2321,2678,,712,476,472,661,357,3388
6065,712,1188,1660,2321,2679,,712,476,472,661,358,3386
6051,706,1196,1668,2329,2665,,706,490,472,661,336,3386
6037,710,1186,1656,2318,2655,,710,476,470,662,337,3382
5985,710,1184,1616,2243,2577,,710,474,432,627,334,3408
5910,710,1186,1593,2218,2552,,710,476,407,625,334,3358
5907,711,1126,1531,2145,2466,,711,415,405,614,321,3441
6208,713,1188,1660,2362,2779,,713,475,472,702,417,3429
6167,711,1148,1626,2336,2758,,711,437,478,710,422,3409
6195,694,1129,1611,2324,2735,,694,435,482,713,411,3460
6334,724,1224,1740,2435,2855,,724,500,516,695,420,3479
6039,712,1134,1606,2313,2665,,712,422,472,707,352,3374
6029,705,1173,1644,2307,2642,,705,468,471,663,335,3387
6009,707,1182,1653,2316,2651,,707,475,471,663,335,3358
5987,710,1185,1616,2244,2577,,710,475,431,628,333,3410
5886,709,1143,1556,2191,2525,,709,434,413,635,334,3361
6106,700,1125,1658,2321,2663,,700,425,533,663,342,3443
6318,699,1197,1686,2398,2834,,699,498,489,712,436,3484
6320,724,1225,1711,2426,2835,,724,501,486,715,409,3485
6243,712,1183,1667,2373,2784,,712,471,484,706,411,3459
6181,722,1202,1645,2336,2757,,722,480,443,691,421,3424
6220,713,1143,1636,2348,2758,,713,430,493,712,410,3462
6319,723,1221,1709,2422,2832,,723,498,488,713,410,3487
6346,725,1225,1713,2425,2861,,725,500,488,712,436,3485
6270,724,1224,1691,2377,2809,,724,500,467,686,432,3461
6372,724,1228,1711,2423,2832,,724,504,483,712,409,3540
6147,674,1146,1663,2334,2700,,674,472,517,671,366,3447
6295,724,1223,1710,2424,2833,,724,499,487,714,409,3462
6269,722,1223,1709,2421,2831,,722,501,486,712,410,3438
6220,726,1208,1667,2374,2784,,726,482,459,707,410,3436
6345,725,1225,1711,2427,2859,,725,500,486,716,432,3486
6336,723,1227,1712,2425,2837,,723,504,485,713,412,3499
6220,724,1223,1690,2376,2785,,724,499,467,686,409,3435
6224,725,1225,1691,2375,2784,,725,500,466,684,409,3440
6092,725,1224,1679,2327,2682,,725,499,455,648,355,3410
5964,713,1187,1616,2249,2579,,713,474,429,633,330,3385
6120,663,1178,1638,2307,2668,,663,515,460,669,361,3452
6345,724,1223,1712,2424,2839,,724,499,489,712,415,3506
6231,723,1222,1710,2422,2801,,723,499,488,712,379,3430
6125,712,1186,1621,2305,2707,,712,474,435,684,402,3418
6344,724,1224,1712,2424,2835,,724,500,488,712,411,3509
6274,711,1199,1686,2398,2810,,711,488,487,712,412,3464
6269,673,1173,1661,2373,2808,,673,500,488,712,435,3461
6345,723,1223,1710,2424,2834,,723,500,487,714,410,3511
6219,724,1223,1711,2403,2810,,724,499,488,692,407,3409
6301,722,1220,1708,2419,2829,,722,498,488,711,410,3472
6220,753,1249,1712,2381,2769,,753,496,463,669,388,3451
6270,725,1200,1688,2398,2809,,725,475,488,710,411,3461
6234,725,1225,1712,2424,2798,,725,500,487,712,374,3436
6195,713,1187,1616,2324,2736,,713,474,429,708,412,3459
6349,723,1224,1711,2423,2834,,723,501,487,712,411,3515
6245,726,1200,1687,2399,2809,,726,474,487,712,410,3436
6266,700,1200,1688,2400,2812,,700,500,488,712,412,3454
6345,724,1223,1712,2423,2836,,724,499,489,711,413,3509
6244,724,1224,1712,2425,2814,,724,500,488,713,389,3430
6288,724,1223,1712,2424,2835,,724,499,489,712,411,3453
5934,713,1136,1558,2192,2512,,713,423,422,634,320,3422
6232,713,1188,1659,2363,2780,,713,475,471,704,417,3452
6195,712,1144,1600,2299,2733,,712,432,456,699,434,3462
6219,724,1145,1635,2349,2758,,724,421,490,714,409,3461
6348,723,1223,1710,2425,2863,,723,500,487,715,438,3485
6182,724,1170,1650,2337,2756,,724,446,480,687,419,3426
5976,667,1104,1581,2228,2561,,667,437,477,647,333,3415
6062,712,1187,1684,2343,2681,,712,475,497,659,338,3381
5984,710,1184,1613,2245,2578,,710,474,429,632,333,3406
5988,709,1184,1612,2244,2577,,709,475,428,632,333,3411
6044,671,1112,1567,2231,2594,,671,441,455,664,363,3450
6293,722,1221,1710,2421,2832,,722,499,489,711,411,3461
6278,740,1232,1719,2433,2822,,740,492,487,714,389,3456
6345,726,1225,1713,2443,2860,,726,499,488,730,417,3485
6221,726,1225,1694,2375,2785,,726,499,469,681,410,3436
6271,724,1205,1688,2400,2810,,724,481,483,712,410,3461
6142,696,1144,1625,2314,2734,,696,448,481,689,420,3408
6015,713,1190,1661,2321,2656,,713,477,471,660,335,3359
5991,710,1185,1615,2244,2577,,710,475,430,629,333,3414
5986,710,1185,1618,2247,2578,,710,475,433,629,331,3408
6044,711,1143,1553,2240,2609,,711,432,410,687,369,3435
6278,715,1207,1696,2407,2818,,715,492,489,711,411,3460
6254,716,1207,1696,2407,2798,,716,491,489,711,391,3456
6220,724,1224,1712,2329,2759,,724,500,488,617,430,3461
6374,723,1223,1711,2423,2832,,723,500,488,712,409,3542
6256,724,1224,1681,2389,2807,,724,500,457,708,418,3449
5965,682,1121,1562,2220,2556,,682,439,441,658,336,3409
6040,713,1189,1687,2345,2681,,713,476,498,658,336,3359
5986,709,1184,1614,2244,2578,,709,475,430,630,334,3408
5985,709,1184,1612,2243,2577,,709,475,428,631,334,3408
6195,715,1163,1676,2375,2742,,715,448,513,699,367,3453
6278,716,1208,1697,2408,2819,,716,492,489,711,411,3459
6304,715,1207,1694,2409,2842,,715,492,487,715,433,3462
6222,724,1226,1691,2374,2764,,724,502,465,683,390,3458
6344,724,1224,1713,2424,2836,,724,500,489,711,412,3508
6345,725,1224,1714,2425,2834,,725,499,490,711,409,3511
6143,700,1188,1645,2361,2759,,700,488,457,716,398,3384
6014,714,1187,1660,2319,2654,,714,473,473,659,335,3360
5990,714,1185,1613,2244,2578,,714,471,428,631,334,3412
5986,709,1184,1613,2244,2575,,709,475,429,631,331,3411
5957,711,1146,1541,2169,2517,,711,435,395,628,348,3440
6181,712,1187,1659,2363,2740,,712,475,472,704,377,3441
6081,706,1176,1605,2301,2680,,706,470,429,696,379,3401
6037,715,1189,1618,2270,2620,,715,474,429,652,350,3417
6320,724,1225,1711,2425,2858,,724,501,486,714,433,3462
6271,725,1212,1694,2401,2810,,725,487,482,707,409,3461
6137,715,1185,1594,2300,2710,,715,470,409,706,410,3427
6345,724,1224,1712,2425,2864,,724,500,488,713,439,3481
6320,724,1225,1711,2426,2835,,724,501,486,715,409,3485
6310,725,1224,1712,2424,2835,,725,499,488,712,411,3475
6220,724,1233,1641,2375,2747,,724,509,408,734,372,3473
6279,702,1182,1670,2382,2820,,702,480,488,712,438,3459
6318,722,1196,1689,2422,2825,,722,474,493,733,403,3493
6215,719,1219,1707,2419,2752,,719,500,488,712,333,3463
6269,724,1204,1663,2374,2810,,724,480,459,711,436,3459
6183,726,1169,1640,2338,2732,,726,443,471,698,394,3451
6116,711,1185,1657,2361,2739,,711,474,472,704,378,3377
6014,711,1187,1660,2322,2655,,711,476,473,662,333,3359
5987,712,1188,1617,2250,2578,,712,476,429,633,328,3409
5986,709,1184,1612,2242,2575,,709,475,428,630,333,3411
6058,712,1175,1627,2284,2630,,712,463,452,657,346,3428
6199,705,1179,1651,2354,2746,,705,474,472,703,392,3453
6068,714,1186,1615,2289,2635,,714,472,429,674,346,3433
6271,724,1224,1712,2405,2812,,724,500,488,693,407,3459
6321,724,1223,1711,2424,2835,,724,499,488,713,411,3486
6246,724,1204,1675,2374,2785,,724,480,471,699,411,3461
6046,654,1074,1550,2181,2585,,654,420,476,631,404,3461
6194,725,1224,1710,2404,2785,,725,499,486,694,381,3409
6272,725,1226,1714,2425,2815,,725,501,488,711,390,3457
6334,723,1223,1711,2424,2835,,723,500,488,713,411,3499
6107,723,1189,1608,2311,2663,,723,466,419,703,352,3444
6205,712,1187,1660,2361,2777,,712,475,473,701,416,3428
6141,712,1189,1619,2288,2705,,712,477,430,669,417,3436
6246,725,1223,1711,2404,2785,,725,498,488,693,381,3461
6345,724,1223,1711,2423,2834,,724,499,488,712,411,3511
6244,726,1223,1691,2398,2789,,726,497,468,707,391,3455
6268,723,1199,1686,2401,2810,,723,476,487,715,409,3458
6344,724,1225,1711,2425,2864,,724,501,486,714,439,3480
6320,725,1224,1715,2435,2841,,725,499,491,720,406,3479
6311,724,1222,1712,2423,2833,,724,498,490,711,410,3478
6244,709,1227,1692,2398,2787,,709,518,465,706,389,3457
6346,725,1224,1713,2424,2835,,725,499,489,711,411,3511
6319,726,1225,1713,2424,2836,,726,499,488,711,412,3483
6217,755,1249,1737,2429,2809,,755,494,488,692,380,3408
6345,725,1253,1738,2449,2861,,725,528,485,711,412,3484
6265,706,1194,1682,2394,2805,,706,488,488,712,411,3460
6346,724,1224,1712,2425,2836,,724,500,488,713,411,3510
6321,724,1224,1713,2424,2834,,724,500,489,711,410,3487
6327,724,1224,1711,2424,2834,,724,500,487,713,410,3493
6275,711,1185,1668,2375,2816,,711,474,483,707,441,3459
6245,723,1212,1678,2378,2789,,723,489,466,700,411,3456
6305,725,1226,1713,2412,2829,,725,501,487,699,417,3476
6219,686,1174,1662,2376,2786,,686,488,488,714,410,3433
6345,725,1225,1712,2424,2836,,725,500,487,712,412,3509
6349,724,1224,1713,2425,2860,,724,500,489,712,435,3489
6117,712,1133,1606,2313,2733,,712,421,473,707,420,3384
6130,710,1187,1614,2334,2686,,710,477,427,720,352,3444
6091,712,1216,1688,2345,2702,,712,504,472,657,357,3389
5965,713,1187,1617,2246,2580,,713,474,430,629,334,3385
5986,709,1183,1612,2245,2576,,709,474,429,633,331,3410
6031,713,1186,1609,2240,2558,,713,473,423,631,318,3473
6183,714,1188,1660,2364,2755,,714,474,472,704,391,3428
6016,646,1112,1584,2247,2625,,646,466,472,663,378,3391
6146,713,1189,1659,2320,2698,,713,476,470,661,378,3448
6345,724,1257,1765,2475,2885,,724,533,508,710,410,3460
6183,711,1146,1624,2313,2733,,711,435,478,689,420,3450
6144,712,1144,1603,2286,2703,,712,432,459,683,417,3441
6321,727,1225,1713,2424,2860,,727,498,488,711,436,3461
6347,724,1224,1711,2424,2832,,724,500,487,713,408,3515
6335,726,1225,1714,2424,2836,,726,499,489,710,412,3499
6059,753,1218,1637,2285,2623,,753,465,419,648,338,3436
6014,713,1189,1661,2324,2658,,713,476,472,663,334,3356
6057,671,1137,1605,2269,2606,,671,466,468,664,337,3451
6193,712,1186,1657,2361,2733,,712,474,471,704,372,3460
6345,725,1225,1712,2426,2836,,725,500,487,714,410,3509
6244,724,1204,1661,2374,2784,,724,480,457,713,410,3460
6320,726,1225,1713,2425,2835,,726,499,488,712,410,3485
6318,721,1220,1710,2451,2858,,721,499,490,741,407,3460
6346,724,1225,1712,2429,2839,,724,501,487,717,410,3507
6337,725,1225,1713,2424,2835,,725,500,488,711,411,3502
6157,725,1223,1650,2339,2720,,725,498,427,689,381,3437
6257,714,1190,1687,2389,2806,,714,476,497,702,417,3451
6145,714,1150,1627,2313,2710,,714,436,477,686,397,3435
6272,725,1226,1713,2425,2815,,725,501,487,712,390,3457
6118,658,1137,1609,2313,2709,,658,479,472,704,396,3409
6044,717,1188,1660,2322,2657,,717,471,472,662,335,3387
6143,710,1185,1633,2310,2687,,710,475,448,677,377,3456
6313,716,1215,1703,2416,2852,,716,499,488,713,436,3461
6346,725,1225,1766,2474,2884,,725,500,541,708,410,3462
6336,725,1200,1687,2400,2836,,725,475,487,713,436,3500
6146,713,1134,1616,2305,2683,,713,421,482,689,378,3463
6208,680,1163,1634,2339,2758,,680,483,471,705,419,3450
6220,696,1145,1637,2350,2761,,696,449,492,713,411,3459
6271,700,1200,1688,2400,2810,,700,500,488,712,410,3461
6346,725,1225,1713,2428,2861,,725,500,488,715,433,3485
6346,724,1225,1713,2425,2859,,724,501,488,712,434,3487
6346,726,1225,1714,2426,2835,,726,499,489,712,409,3511
6321,726,1227,1714,2426,2837,,726,501,487,712,411,3484
6245,724,1226,1713,2425,2815,,724,502,487,712,390,3430
6337,726,1224,1711,2424,2834,,726,498,487,713,410,3503
6201,719,1219,1708,2399,2771,,719,500,489,691,372,3430
6257,717,1213,1684,2390,2807,,717,496,471,706,417,3450
6221,714,1145,1638,2350,2760,,714,431,493,712,410,3461
6344,723,1224,1711,2425,2859,,723,501,487,714,434,3485
6347,726,1226,1714,2426,2835,,726,500,488,712,409,3512
6322,725,1226,1711,2425,2835,,725,501,485,714,410,3487
6269,724,1223,1712,2424,2823,,724,499,489,712,399,3446
6320,724,1224,1713,2424,2834,,724,500,489,711,410,3486
6246,725,1225,1713,2425,2815,,725,500,488,712,390,3431
6311,725,1226,1713,2426,2836,,725,501,487,713,410,3475
6231,725,1224,1717,2405,2795,,725,499,493,688,390,3436
6182,712,1188,1659,2362,2755,,712,476,471,703,393,3427
6277,713,1164,1648,2351,2786,,713,451,484,703,435,3491
6344,724,1224,1712,2425,2860,,724,500,488,713,435,3484
6347,726,1226,1713,2427,2837,,726,500,487,714,410,3510
6347,725,1225,1713,2425,2861,,725,500,488,712,436,3486
6345,724,1223,1712,2426,2834,,724,499,489,714,408,3511
6271,706,1200,1690,2400,2811,,706,494,490,710,411,3460
6320,724,1224,1713,2454,2840,,724,500,489,741,386,3480
6305,725,1226,1714,2425,2840,,725,501,488,711,415,3465
6136,725,1224,1713,2395,2746,,725,499,489,682,351,3390
6207,713,1188,1661,2362,2754,,713,475,473,701,392,3453
6218,712,1146,1625,2349,2759,,712,434,479,724,410,3459
6271,724,1200,1688,2399,2812,,724,476,488,711,413,3459
6320,725,1225,1712,2425,2835,,725,500,487,713,410,3485
6270,724,1199,1686,2400,2808,,724,475,487,714,408,3462
6322,725,1226,1713,2428,2860,,725,501,487,715,432,3462
6220,719,1200,1689,2400,2791,,719,481,489,711,391,3429
6347,728,1226,1714,2426,2835,,728,498,488,712,409,3512
6312,725,1225,1712,2425,2836,,725,500,487,713,411,3476
6351,727,1253,1743,2429,2835,,727,526,490,686,406,3516
6321,726,1215,1700,2423,2834,,726,489,485,723,411,3487
6346,725,1224,1718,2424,2834,,725,499,494,706,410,3512
6321,725,1225,1715,2425,2838,,725,500,490,710,413,3483
6347,726,1225,1713,2425,2835,,726,499,488,712,410,3512
6320,726,1224,1713,2426,2835,,726,498,489,713,409,3485
6346,725,1225,1713,2425,2836,,725,500,488,712,411,3510
6107,726,1205,1664,2337,2703,,726,479,459,673,366,3404
6234,725,1225,1693,2427,2796,,725,500,468,734,369,3438
5989,711,1187,1617,2247,2579,,711,476,430,630,332,3410
6222,714,1165,1648,2350,2765,,714,451,483,702,415,3457
6258,725,1213,1709,2414,2809,,725,488,496,705,395,3449
6196,715,1146,1603,2325,2735,,715,431,457,722,410,3461
6344,724,1224,1710,2423,2834,,724,500,486,713,411,3510
6280,725,1226,1713,2425,2836,,725,501,487,712,411,3444
6272,725,1199,1680,2399,2810,,725,474,481,719,411,3462
6319,724,1224,1712,2423,2858,,724,500,488,711,435,3461
6174,654,1070,1561,2275,2683,,654,416,491,714,408,3491
6193,725,1224,1713,2404,2785,,725,499,489,691,381,3408
6335,726,1257,1766,2475,2884,,726,531,509,709,409,3451
6234,728,1227,1696,2404,2802,,728,499,469,708,398,3432
6207,713,1187,1659,2364,2782,,713,474,472,705,418,3425
6047,715,1189,1618,2314,2709,,715,474,429,696,395,3338
6092,715,1190,1663,2366,2716,,715,475,473,703,350,3376
6052,705,1197,1669,2335,2686,,705,492,472,666,351,3366
6247,714,1189,1641,2352,2786,,714,475,452,711,434,3461
6345,725,1225,1713,2424,2835,,725,500,488,711,411,3510
6171,713,1124,1597,2300,2711,,713,411,473,703,411,3460
6345,724,1224,1712,2427,2834,,724,500,488,715,407,3511
6345,725,1224,1711,2425,2837,,725,499,487,714,412,3508
6179,723,1224,1713,2371,2748,,723,501,489,658,377,3431
6204,712,1186,1656,2361,2776,,712,474,470,705,415,3428
5996,714,1148,1582,2248,2649,,714,434,434,666,401,3347
6070,719,1191,1663,2364,2711,,719,472,472,701,347,3359
6101,704,1157,1636,2348,2725,,704,453,479,712,377,3376
6222,715,1166,1634,2350,2761,,715,451,468,716,411,3461
6320,725,1225,1713,2424,2836,,725,500,488,711,412,3484
6160,726,1205,1610,2314,2737,,726,479,405,704,423,3423
6016,713,1187,1660,2322,2657,,713,474,473,662,335,3359
5966,714,1189,1619,2248,2582,,714,475,430,629,334,3384
6119,703,1190,1661,2374,2735,,703,487,471,713,361,3384
6183,716,1188,1636,2338,2755,,716,472,448,702,417,3428
6171,716,1146,1604,2289,2720,,716,430,458,685,431,3451
6320,726,1224,1713,2425,2836,,726,498,489,712,411,3484
6346,725,1199,1687,2399,2835,,725,474,488,712,436,3511
6245,724,1224,1711,2394,2809,,724,500,487,683,415,3436
6344,753,1248,1736,2448,2858,,753,495,488,712,410,3486
6173,724,1224,1637,2350,2760,,724,500,413,713,410,3413
6320,725,1226,1712,2425,2836,,725,501,486,713,411,3484
6346,725,1200,1688,2400,2835,,725,475,488,712,435,3511
6296,725,1224,1712,2428,2818,,725,499,488,716,390,3478
6232,724,1199,1663,2365,2782,,724,475,464,702,417,3450
6157,714,1190,1662,2322,2727,,714,476,472,660,405,3430
6164,715,1191,1664,2366,2783,,715,476,473,702,417,3381
6037,705,1143,1615,2300,2652,,705,438,472,685,352,3385
6197,716,1190,1662,2342,2732,,716,474,472,680,390,3465
6342,723,1222,1710,2423,2833,,723,499,488,713,410,3509
6221,754,1172,1638,2350,2761,,754,418,466,712,411,3460
6346,723,1224,1711,2423,2834,,723,501,487,712,411,3512
6345,724,1225,1712,2424,2834,,724,501,487,712,410,3511
6345,724,1224,1712,2427,2834,,724,500,488,715,407,3511
6208,725,1225,1657,2365,2784,,725,500,432,708,419,3424
6233,716,1190,1662,2364,2785,,716,474,472,702,421,3448
6146,715,1215,1687,2391,2783,,715,500,472,704,392,3363
6033,706,1180,1652,2314,2649,,706,474,472,662,335,3384
5991,674,1164,1561,2267,2618,,674,490,397,706,351,3373
6019,716,1189,1660,2324,2657,,716,473,471,664,333,3362
6062,716,1215,1687,2345,2698,,716,499,472,658,353,3364
6018,716,1191,1662,2323,2659,,716,475,471,661,336,3359
5966,690,1164,1592,2224,2556,,690,474,428,632,332,3410
6172,700,1164,1592,2301,2711,,700,464,428,709,410,3461
6182,726,1198,1634,2337,2756,,726,472,436,703,419,3426
6017,715,1189,1661,2322,2647,,715,474,472,661,325,3370
5892,700,1163,1638,2260,2554,,700,463,475,622,294,3338
6109,714,1189,1620,2272,2672,,714,475,431,652,400,3437
6196,714,1189,1616,2325,2736,,714,475,427,709,411,3460
6319,724,1224,1714,2425,2833,,724,500,490,711,408,3486
6170,726,1224,1634,2324,2710,,726,498,410,690,386,3460
6345,724,1224,1714,2424,2834,,724,500,490,710,410,3511
6320,724,1224,1713,2424,2835,,724,500,489,711,411,3485
6373,724,1225,1712,2424,2834,,724,501,487,712,410,3539
6184,725,1205,1632,2340,2734,,725,480,427,708,394,3450
6101,714,1189,1661,2321,2681,,714,475,472,660,360,3420
6307,724,1224,1711,2423,2834,,724,500,487,712,411,3473
6346,725,1225,1714,2425,2835,,725,500,489,711,410,3511
6320,725,1225,1715,2424,2835,,725,500,490,709,411,3485
6321,726,1225,1711,2425,2836,,726,499,486,714,411,3485
6112,717,1216,1625,2341,2677,,717,499,409,716,336,3435
6331,726,1225,1713,2425,2836,,726,499,488,712,411,3495
6320,726,1225,1713,2424,2835,,726,499,488,711,411,3485
6230,726,1224,1712,2424,2801,,726,498,488,712,377,3429
6230,704,1173,1646,2348,2767,,704,469,473,702,419,3463
6187,726,1226,1713,2406,2797,,726,500,487,693,391,3390
6297,708,1202,1689,2402,2811,,708,494,487,713,409,3486
6344,725,1225,1713,2453,2862,,725,500,488,740,409,3482
6320,725,1225,1712,2425,2861,,725,500,487,713,436,3459
6344,725,1225,1712,2425,2836,,725,500,487,713,411,3508
6320,724,1222,1709,2422,2857,,724,498,487,713,435,3463
6345,725,1225,1713,2426,2836,,725,500,488,713,410,3509
6344,724,1224,1712,2423,2858,,724,500,488,711,435,3486
6338,718,1220,1706,2411,2827,,718,502,486,705,416,3511
6197,726,1179,1637,2351,2761,,726,453,458,714,410,3436
6324,725,1225,1713,2425,2835,,725,500,488,712,410,3489
6296,724,1223,1711,2424,2833,,724,499,488,713,409,3463
6344,726,1228,1715,2425,2860,,726,502,487,710,435,3484
6269,723,1223,1710,2422,2831,,723,500,487,712,409,3438
6305,701,1232,1716,2426,2835,,701,531,484,710,409,3470
6178,705,1171,1642,2347,2743,,705,466,471,705,396,3435
6221,725,1226,1692,2400,2790,,725,501,466,708,390,3431
6283,743,1236,1724,2436,2848,,743,493,488,712,412,3435
6347,725,1253,1738,2450,2860,,725,528,485,712,410,3487
6311,715,1211,1699,2411,2822,,715,496,488,712,411,3489
6346,724,1255,1740,2451,2860,,724,531,485,711,409,3486
6269,725,1223,1711,2423,2835,,725,498,488,712,412,3434
6345,753,1249,1736,2450,2884,,753,496,487,714,434,3461
6375,725,1225,1714,2427,2837,,725,500,489,713,410,3538
6330,724,1224,1714,2428,2836,,724,500,490,714,408,3494
6146,713,1188,1660,2364,2738,,713,475,472,704,374,3408
6016,714,1190,1661,2326,2658,,714,476,471,665,332,3358
5965,716,1188,1618,2249,2580,,716,472,430,631,331,3385
6042,699,1147,1584,2289,2684,,699,448,437,705,395,3358
6093,711,1187,1661,2342,2745,,711,476,474,681,403,3348
6046,715,1189,1660,2323,2659,,715,474,471,663,336,3387
5966,699,1166,1665,2286,2604,,699,467,499,621,318,3362
6185,716,1192,1665,2366,2757,,716,476,473,701,391,3428
6117,716,1192,1621,2323,2725,,716,476,429,702,402,3392
6045,715,1190,1662,2323,2683,,715,475,472,661,360,3362
6113,673,1166,1638,2298,2678,,673,493,472,660,380,3435
6319,724,1223,1713,2424,2834,,724,499,490,711,410,3485
6346,729,1226,1715,2426,2862,,729,497,489,711,436,3484
6370,724,1253,1737,2450,2860,,724,529,484,713,410,3510
6159,725,1225,1682,2343,2735,,725,500,457,661,392,3424
6133,715,1191,1662,2366,2717,,715,476,471,704,351,3416
5968,701,1166,1637,2260,2577,,701,465,471,623,317,3391
6158,667,1138,1609,2314,2710,,667,471,471,705,396,3448
6147,716,1191,1638,2295,2712,,716,475,447,657,417,3435
6348,725,1226,1714,2426,2836,,725,501,488,712,410,3512
6272,712,1201,1689,2400,2811,,712,489,488,711,411,3461
6345,725,1226,1712,2426,2836,,725,501,486,714,410,3509
6346,725,1225,1713,2424,2835,,725,500,488,711,411,3511
6268,725,1224,1692,2400,2792,,725,499,468,708,392,3476
6301,727,1226,1693,2406,2813,,727,499,467,713,407,3488
6370,752,1249,1766,2504,2908,,752,497,517,738,404,3462
6298,715,1204,1689,2404,2814,,715,489,485,715,410,3484
6349,725,1224,1712,2425,2835,,725,499,488,713,410,3514
6245,724,1224,1691,2399,2793,,724,500,467,708,394,3452
6346,725,1225,1714,2425,2835,,725,500,489,711,410,3511
6320,726,1225,1712,2425,2835,,726,499,487,713,410,3485
6328,725,1227,1713,2425,2860,,725,502,486,712,435,3468
6346,725,1227,1714,2425,2861,,725,502,487,711,436,3485
6181,724,1227,1692,2399,2761,,724,503,465,707,362,3420
6070,716,1191,1662,2323,2727,,716,475,471,661,404,3343
6019,697,1165,1637,2297,2632,,697,468,472,660,335,3387
6138,714,1208,1680,2381,2775,,714,494,472,701,394,3363
6093,676,1165,1637,2341,2736,,676,489,472,704,395,3357
6021,716,1192,1666,2324,2659,,716,476,474,658,335,3362
6116,700,1189,1663,2363,2736,,700,489,474,700,373,3380
6161,716,1148,1629,2318,2713,,716,432,481,689,395,3448
6119,713,1190,1662,2365,2740,,713,477,472,703,375,3379
5968,715,1190,1620,2249,2584,,715,475,430,629,335,3384
5953,700,1192,1647,2261,2577,,700,492,455,614,316,3376
6113,717,1191,1620,2315,2694,,717,474,429,695,379,3419
6345,723,1223,1711,2423,2833,,723,500,488,712,410,3512
6342,724,1223,1712,2423,2832,,724,499,489,711,409,3510
6347,726,1225,1714,2425,2835,,726,499,489,711,410,3512
6270,723,1203,1662,2374,2808,,723,480,459,712,434,3462
6347,726,1225,1714,2426,2835,,726,499,489,712,409,3512
6145,654,1071,1552,2250,2685,,654,417,481,698,435,3460
6346,726,1225,1713,2425,2836,,726,499,488,712,411,3510
6319,724,1224,1713,2424,2836,,724,500,489,711,412,3483
6321,725,1226,1697,2424,2836,,725,501,471,727,412,3485
6321,764,1251,1740,2449,2837,,764,487,489,709,388,3484
6320,724,1225,1714,2424,2834,,724,501,489,710,410,3486
6038,729,1202,1646,2307,2669,,729,473,444,661,362,3369
6025,667,1115,1577,2235,2621,,667,448,462,658,386,3404
6012,666,1110,1573,2246,2587,,666,444,463,673,341,3425
6323,727,1227,1714,2426,2839,,727,500,487,712,413,3484
6197,714,1127,1617,2326,2737,,714,413,490,709,411,3460
6295,725,1225,1713,2426,2840,,725,500,488,713,414,3455
6321,726,1227,1714,2426,2836,,726,501,487,712,410,3485
6252,725,1226,1714,2406,2812,,725,501,488,692,406,3440
6197,641,1127,1616,2327,2738,,641,486,489,711,411,3459
6347,726,1227,1713,2426,2835,,726,501,486,713,409,3512
6347,726,1230,1713,2426,2861,,726,504,483,713,435,3486
6247,711,1179,1666,2376,2787,,711,468,487,710,411,3460
6161,728,1202,1654,2313,2731,,728,474,452,659,418,3430
5938,713,1188,1661,2283,2575,,713,475,473,622,292,3363
6185,705,1192,1650,2342,2737,,705,487,458,692,395,3448
6093,714,1189,1662,2364,2714,,714,475,473,702,350,3379
5967,715,1191,1621,2249,2582,,715,476,430,628,333,3385
6120,701,1191,1663,2366,2759,,701,490,472,703,393,3361
6175,721,1192,1664,2342,2716,,721,471,472,678,374,3459
6321,725,1227,1713,2425,2834,,725,502,486,712,409,3487
6248,683,1175,1664,2377,2788,,683,492,489,713,411,3460
6273,711,1204,1690,2403,2813,,711,493,486,713,410,3460
6272,726,1227,1694,2403,2822,,726,501,467,709,419,3450
6372,725,1225,1714,2425,2836,,725,500,489,711,411,3536
6247,727,1206,1664,2376,2787,,727,479,458,712,411,3460
6298,725,1226,1713,2425,2861,,725,501,487,712,436,3437
6276,727,1201,1690,2402,2813,,727,474,489,712,411,3463
6246,726,1226,1694,2403,2790,,726,500,468,709,387,3456
6272,713,1201,1688,2400,2813,,713,488,487,712,413,3459
6323,728,1227,1715,2429,2862,,728,499,488,714,433,3461
6320,726,1225,1714,2425,2835,,726,499,489,711,410,3485
6198,688,1154,1616,2328,2739,,688,466,462,712,411,3459
6234,726,1226,1713,2427,2804,,726,500,487,714,377,3430
5941,713,1188,1660,2283,2600,,713,475,472,623,317,3341
6209,715,1190,1662,2367,2783,,715,475,472,705,416,3426
6130,714,1189,1661,2365,2739,,714,475,472,704,374,3391
5990,715,1189,1662,2300,2631,,715,474,473,638,331,3359
6235,700,1191,1662,2366,2782,,700,491,471,704,416,3453
6146,715,1189,1661,2321,2699,,715,474,472,660,378,3447
6349,726,1226,1714,2427,2836,,726,500,488,713,409,3513
6322,725,1239,1724,2426,2837,,725,514,485,702,411,3485
6316,740,1259,1743,2480,2863,,740,519,484,737,383,3453
5995,715,1189,1661,2366,2665,,715,474,472,705,299,3330
6120,715,1193,1664,2366,2742,,715,478,471,702,376,3378
6234,713,1189,1660,2364,2784,,713,476,471,704,420,3450
6094,714,1191,1663,2364,2713,,714,477,472,701,349,3381
5966,713,1190,1620,2250,2580,,713,477,430,630,330,3386
6184,700,1191,1662,2356,2751,,700,491,471,694,395,3433
5974,715,1200,1679,2323,2630,,715,485,479,644,307,3344
6022,715,1194,1666,2323,2658,,715,479,472,657,335,3364
6227,699,1122,1615,2327,2737,,699,423,493,712,410,3490
6272,725,1226,1714,2425,2835,,725,501,488,711,410,3437
6336,729,1226,1714,2435,2855,,729,497,488,721,420,3481
5940,713,1190,1663,2283,2602,,713,477,473,620,319,3338
6124,714,1193,1665,2322,2725,,714,479,472,657,403,3399
6322,727,1226,1713,2426,2836,,727,499,487,713,410,3486
6346,725,1226,1714,2424,2836,,725,501,488,710,412,3510
6182,725,1225,1692,2341,2734,,725,500,467,649,393,3448
5990,710,1194,1671,2302,2596,,710,484,477,631,294,3394
6022,715,1191,1664,2322,2658,,715,476,473,658,336,3364
6260,701,1193,1690,2391,2809,,701,492,497,701,418,3451
6248,705,1193,1666,2377,2787,,705,488,473,711,410,3461
6205,716,1209,1697,2389,2771,,716,493,488,692,382,3434
6346,725,1227,1713,2426,2859,,725,502,486,713,433,3487
6223,728,1257,1663,2352,2763,,728,529,406,689,411,3460
6322,728,1225,1714,2425,2837,,728,497,489,711,412,3485
6195,726,1225,1692,2377,2761,,726,499,467,685,384,3434
6251,728,1227,1714,2406,2788,,728,499,487,692,382,3463
6159,690,1125,1602,2316,2711,,690,435,477,714,395,3448
6078,704,1191,1660,2365,2712,,704,487,469,705,347,3366
6208,700,1191,1660,2364,2781,,700,491,469,704,417,3427
6172,715,1189,1617,2328,2736,,715,474,428,711,408,3436
6210,725,1225,1715,2406,2780,,725,500,490,691,374,3430
5940,689,1165,1638,2261,2578,,689,476,473,623,317,3362
6186,717,1191,1662,2365,2741,,717,474,471,703,376,3445
6093,715,1190,1662,2365,2714,,715,475,472,703,349,3379
5966,714,1190,1618,2248,2580,,714,476,428,630,332,3386
6183,700,1190,1662,2365,2756,,700,490,472,703,391,3427
5972,715,1188,1658,2322,2628,,715,473,470,664,306,3344
6046,704,1191,1663,2325,2660,,704,487,472,662,335,3386
5966,700,1191,1664,2283,2575,,700,491,473,619,292,3391
6155,700,1132,1592,2310,2721,,700,432,460,718,411,3434
6272,727,1227,1714,2426,2827,,727,500,487,712,401,3445
6370,726,1227,1714,2425,2837,,726,501,487,711,412,3533
6220,726,1225,1713,2424,2769,,726,499,488,711,345,3451
6347,729,1226,1745,2452,2863,,729,497,519,707,411,3484
6323,728,1227,1715,2426,2862,,728,499,488,711,436,3461
6277,727,1207,1666,2353,2787,,727,480,459,687,434,3490
6235,725,1172,1654,2367,2786,,725,447,482,713,419,3449
6120,714,1190,1662,2364,2742,,714,476,472,702,378,3378
6234,701,1190,1662,2367,2784,,701,489,472,705,417,3450
6182,700,1151,1618,2335,2746,,700,451,467,717,411,3436
6245,725,1224,1714,2372,2784,,725,499,490,658,412,3461
6346,725,1225,1714,2426,2861,,725,500,489,712,435,3485
6362,716,1216,1705,2416,2857,,716,500,489,711,441,3505
6347,726,1226,1713,2426,2861,,726,500,487,713,435,3486
6331,727,1226,1714,2426,2837,,727,499,488,712,411,3494
6272,727,1206,1665,2376,2812,,727,479,459,711,436,3460
6184,723,1186,1609,2314,2735,,723,463,423,705,421,3449
6046,716,1190,1663,2324,2679,,716,474,473,661,355,3367
6184,702,1189,1686,2365,2755,,702,487,497,679,390,3429
6034,704,1137,1572,2277,2674,,704,433,435,705,397,3360
5986,715,1191,1622,2273,2629,,715,476,431,651,356,3357
6120,704,1191,1664,2365,2756,,704,487,473,701,391,3364
5982,702,1179,1651,2269,2601,,702,477,472,618,332,3381
6046,717,1191,1663,2327,2679,,717,474,472,664,352,3367
5966,716,1189,1620,2249,2584,,716,473,431,629,335,3382
6109,701,1191,1664,2367,2678,,701,490,473,703,311,3431
6023,672,1163,1601,2315,2665,,672,491,438,714,350,3358
6020,693,1166,1638,2300,2634,,693,473,472,662,334,3386
5968,701,1191,1662,2287,2578,,701,490,471,625,291,3390
6299,710,1197,1685,2398,2809,,710,487,488,713,411,3490
6246,727,1226,1713,2426,2794,,727,499,487,713,368,3452
6346,725,1202,1688,2400,2842,,725,477,486,712,442,3504
6273,711,1201,1689,2402,2812,,711,490,488,713,410,3461
6323,728,1226,1715,2427,2836,,728,498,489,712,409,3487
6171,728,1201,1689,2381,2761,,728,473,488,692,380,3410
6344,727,1227,1715,2427,2837,,727,500,488,712,410,3507
6184,725,1205,1629,2341,2735,,725,480,424,712,394,3449
6146,714,1189,1661,2363,2736,,714,475,472,702,373,3410
6211,700,1194,1666,2367,2775,,700,494,472,701,408,3436
5939,712,1145,1622,2222,2544,,712,433,477,600,322,3395
6136,714,1189,1660,2323,2701,,714,475,471,663,378,3435
6346,726,1226,1714,2420,2836,,726,500,488,706,416,3510
6295,712,1202,1690,2401,2836,,712,490,488,711,435,3459
6346,725,1225,1713,2425,2836,,725,500,488,712,411,3510
6321,725,1226,1712,2424,2836,,725,501,486,712,412,3485
6251,726,1206,1665,2352,2763,,726,480,459,687,411,3488
6210,751,1230,1654,2364,2784,,751,479,424,710,420,3426
6119,715,1193,1689,2391,2739,,715,478,496,702,348,3380
6194,701,1177,1647,2352,2750,,701,476,470,705,398,3444
6079,704,1174,1601,2258,2671,,704,470,427,657,413,3408
6322,725,1226,1713,2425,2862,,725,501,487,712,437,3460
6321,726,1226,1714,2425,2836,,726,500,488,711,411,3485
6295,718,1224,1712,2424,2835,,718,506,488,712,411,3460
6339,727,1202,1689,2403,2841,,727,475,487,714,438,3498
6331,727,1227,1715,2427,2838,,727,500,488,712,411,3493
6196,726,1205,1663,2324,2735,,726,479,458,661,411,3461
6135,751,1182,1604,2315,2710,,751,431,422,711,395,3425
6095,714,1190,1661,2365,2737,,714,476,471,704,372,3358
6168,707,1174,1646,2349,2739,,707,467,472,703,390,3429
6146,673,1165,1613,2307,2704,,673,492,448,694,397,3442
6347,726,1226,1713,2430,2838,,726,500,487,717,408,3509
6345,724,1224,1711,2427,2835,,724,500,487,716,408,3510
6202,667,1156,1643,2357,2767,,667,489,487,714,410,3435
6323,726,1226,1715,2427,2836,,726,500,489,712,409,3487
6331,727,1227,1714,2426,2836,,727,500,487,712,410,3495
6133,726,1205,1666,2337,2692,,726,479,461,671,355,3441
6085,656,1072,1552,2263,2655,,656,416,480,711,392,3430
6049,717,1191,1663,2326,2681,,717,474,472,663,355,3368
6197,701,1176,1648,2352,2769,,701,475,472,704,417,3428
6160,690,1166,1597,2291,2709,,690,476,431,694,418,3451
6117,716,1192,1663,2323,2693,,716,476,471,660,370,3424
6345,724,1200,1688,2400,2836,,724,476,488,712,436,3509
6300,697,1174,1662,2374,2810,,697,477,488,712,436,3490
6349,726,1225,1713,2426,2862,,726,499,488,713,436,3487
6348,726,1226,1714,2426,2836,,726,500,488,712,410,3512
6245,726,1226,1699,2389,2800,,726,500,473,690,411,3445
6207,725,1200,1653,2365,2758,,725,475,453,712,393,3449
6095,705,1191,1661,2365,2713,,705,486,470,704,348,3382
6168,705,1175,1648,2351,2741,,705,470,473,703,390,3427
5946,662,1142,1570,2186,2555,,662,480,428,616,369,3391
6126,713,1188,1660,2322,2702,,713,475,472,662,380,3424
6322,728,1201,1690,2401,2837,,728,473,489,711,436,3485
6216,693,1150,1660,2370,2780,,693,457,510,710,410,3436
6345,725,1224,1713,2424,2836,,725,499,489,711,412,3509
6246,728,1226,1715,2427,2817,,728,498,489,712,390,3429
6274,727,1227,1715,2427,2838,,727,500,488,712,411,3436
6254,715,1179,1645,2353,2764,,715,464,466,708,411,3490
6345,753,1278,1762,2474,2913,,753,525,484,712,439,3432
6375,725,1229,1714,2426,2840,,725,504,485,712,414,3535
6245,684,1175,1664,2374,2779,,684,491,489,710,405,3466
6271,712,1201,1689,2402,2813,,712,489,488,713,411,3458
6321,728,1225,1714,2426,2837,,728,497,489,712,411,3484
6222,709,1144,1627,2352,2763,,709,435,483,725,411,3459
6349,728,1227,1715,2430,2864,,728,499,488,715,434,3485
6306,727,1227,1714,2427,2840,,727,500,487,713,413,3466
6275,726,1206,1664,2352,2786,,726,480,458,688,434,3489
6246,724,1251,1677,2376,2784,,724,527,426,699,408,3462
6195,726,1226,1714,2406,2787,,726,500,488,692,381,3408
6236,716,1204,1691,2405,2801,,716,488,487,714,396,3435
6108,703,1098,1549,2228,2604,,703,395,451,679,376,3504
6322,727,1226,1716,2427,2862,,727,499,490,711,435,3460
6346,726,1226,1713,2426,2836,,726,500,487,713,410,3510
6248,713,1183,1642,2353,2788,,713,470,459,711,435,3460
6320,725,1223,1712,2423,2835,,725,498,489,711,412,3485
6328,724,1224,1712,2424,2835,,724,500,488,712,411,3493
6173,726,1205,1664,2352,2734,,726,479,459,688,382,3439
6135,752,1213,1651,2299,2700,,752,461,438,648,401,3435
6120,714,1191,1689,2390,2739,,714,477,498,701,349,3381
6188,650,1143,1615,2316,2739,,650,493,472,701,423,3449
6047,656,1072,1541,2197,2555,,656,416,469,656,358,3492
6273,727,1226,1714,2426,2818,,727,499,488,712,392,3455
6348,727,1228,1716,2426,2838,,727,501,488,710,412,3510
6146,696,1167,1585,2299,2710,,696,471,418,714,411,3436
6321,755,1286,1771,2477,2885,,755,531,485,706,408,3436
6180,726,1226,1692,2376,2762,,726,500,466,684,386,3418
6147,704,1192,1688,2351,2709,,704,488,496,663,358,3438
6160,727,1202,1647,2296,2700,,727,475,445,649,404,3460
6046,717,1191,1662,2324,2681,,717,474,471,662,357,3365
6059,648,1117,1553,2242,2637,,648,469,436,689,395,3422
5950,655,1072,1506,2135,2498,,655,417,434,629,363,3452
6347,728,1230,1715,2428,2863,,728,502,485,713,435,3484
6320,726,1225,1713,2425,2835,,726,499,488,712,410,3485
6198,728,1188,1607,2326,2736,,728,460,419,719,410,3462
6271,724,1225,1680,2400,2810,,724,501,455,720,410,3461
6306,726,1227,1715,2426,2836,,726,501,488,711,410,3470
6221,726,1205,1665,2353,2762,,726,479,460,688,409,3459
6249,726,1208,1650,2352,2789,,726,482,442,702,437,3460
6247,728,1227,1716,2428,2818,,728,499,489,712,390,3429
6248,698,1201,1690,2401,2793,,698,503,489,711,392,3455
6123,727,1189,1630,2316,2665,,727,462,441,686,349,3458
6345,727,1226,1713,2426,2837,,727,499,487,713,411,3508
6347,727,1227,1713,2427,2837,,727,500,486,714,410,3510
6271,726,1187,1627,2377,2813,,726,461,440,750,436,3458
6310,748,1238,1727,2438,2850,,748,490,489,711,412,3460
6246,726,1225,1743,2429,2811,,726,499,518,686,382,3435
6322,727,1227,1713,2426,2839,,727,500,486,713,413,3483
6198,726,1201,1660,2353,2747,,726,475,459,693,394,3451
6293,756,1251,1739,2451,2841,,756,495,488,712,390,3452
6275,715,1203,1690,2403,2812,,715,488,487,713,409,3463
6273,751,1214,1659,2378,2812,,751,463,445,719,434,3461
6375,725,1224,1712,2426,2863,,725,499,488,714,437,3512
6347,727,1225,1713,2427,2866,,727,498,488,714,439,3481
6245,752,1214,1658,2376,2787,,752,462,444,718,411,3458
6346,726,1226,1714,2427,2837,,726,500,488,713,410,3509
6323,727,1228,1713,2427,2837,,727,501,485,714,410,3486
6322,727,1227,1713,2426,2836,,727,500,486,713,410,3486
6100,718,1194,1640,2305,2673,,718,476,446,665,368,3427
6157,727,1226,1695,2378,2763,,727,499,469,683,385,3394
6246,697,1176,1664,2376,2785,,697,479,488,712,409,3461
6124,711,1166,1588,2287,2664,,711,455,422,699,377,3460
6324,727,1228,1715,2428,2837,,727,501,487,713,409,3487
6346,725,1226,1712,2425,2836,,725,501,486,713,411,3510
6120,712,1137,1577,2262,2669,,712,425,440,685,407,3451
6347,737,1227,1716,2428,2862,,737,490,489,712,434,3485
6275,717,1204,1692,2403,2815,,717,487,488,711,412,3460
6349,718,1205,1692,2404,2834,,718,487,487,712,430,3515
6167,722,1248,1697,2360,2718,,722,526,449,663,358,3449
6350,743,1229,1717,2433,2842,,743,486,488,716,409,3508
6252,728,1181,1665,2380,2789,,728,453,484,715,409,3463
6221,741,1190,1629,2353,2763,,741,449,439,724,410,3458
6274,717,1203,1692,2405,2815,,717,486,489,713,410,3459
6304,716,1203,1692,2403,2814,,716,487,489,711,411,3490
6076,647,1112,1525,2229,2630,,647,465,413,704,401,3446
6247,677,1177,1665,2378,2787,,677,500,488,713,409,3460
6324,727,1228,1717,2430,2839,,727,501,489,713,409,3485
6354,716,1203,1693,2403,2839,,716,487,490,710,436,3515
6146,727,1226,1689,2374,2704,,727,499,463,685,330,3442
6346,726,1225,1714,2426,2836,,726,499,489,712,410,3510
6277,727,1227,1716,2428,2817,,727,500,489,712,389,3460
6224,754,1215,1658,2347,2764,,754,461,443,689,417,3460
6349,729,1227,1717,2427,2838,,729,498,490,710,411,3511
6250,717,1203,1696,2404,2814,,717,486,493,708,410,3436
6078,659,1154,1565,2278,2621,,659,495,411,713,343,3457
6321,727,1238,1723,2426,2862,,727,511,485,703,436,3459
6350,726,1228,1715,2427,2838,,726,502,487,712,411,3512
6347,727,1226,1716,2426,2838,,727,499,490,710,412,3509
6172,728,1227,1691,2360,2726,,728,499,464,669,366,3446
6181,727,1226,1694,2377,2763,,727,499,468,683,386,3418
6159,716,1192,1663,2325,2728,,716,476,471,662,403,3431
5912,663,1076,1487,2123,2474,,663,413,411,636,351,3438
5946,704,1192,1664,2286,2578,,704,488,472,622,292,3368
6068,705,1191,1662,2367,2716,,705,486,471,705,349,3352
6023,704,1191,1663,2325,2658,,704,487,472,662,333,3365
6126,649,1067,1549,2254,2665,,649,418,482,705,411,3461
6323,726,1229,1715,2426,2866,,726,503,486,711,440,3457
6322,727,1228,1715,2428,2839,,727,501,487,713,411,3483
6146,739,1252,1700,2361,2700,,739,513,448,661,339,3446
6347,716,1203,1690,2402,2838,,716,487,487,712,436,3509
6275,716,1202,1660,2378,2812,,716,486,458,718,434,3463
6172,754,1227,1670,2312,2717,,754,473,443,642,405,3455
6279,715,1208,1696,2409,2818,,715,493,488,713,409,3461
6273,728,1228,1716,2407,2812,,728,500,488,691,405,3461
6020,715,1171,1590,2242,2637,,715,456,419,652,395,3383
6223,706,1148,1642,2353,2764,,706,442,494,711,411,3459
6253,719,1208,1696,2407,2817,,719,489,488,711,410,3436
6322,725,1226,1715,2426,2837,,725,501,489,711,411,3485
6197,717,1230,1692,2359,2747,,717,513,462,667,388,3450
6207,727,1227,1696,2379,2790,,727,500,469,683,411,3417
6249,703,1191,1619,2328,2764,,703,488,428,709,436,3485
6222,725,1251,1701,2336,2778,,725,526,450,635,442,3444
6347,726,1226,1714,2426,2837,,726,500,488,712,411,3510
6185,715,1203,1670,2353,2762,,715,488,467,683,409,3423
6208,715,1202,1690,2371,2776,,715,487,488,681,405,3432
6173,705,1167,1585,2301,2713,,705,462,418,716,412,3460
6348,727,1227,1715,2427,2838,,727,500,488,712,411,3510
6222,727,1227,1716,2427,2814,,727,500,489,711,387,3408
6195,715,1231,1742,2416,2779,,715,516,511,674,363,3416
6135,715,1203,1671,2354,2738,,715,488,468,683,384,3397
6226,704,1193,1642,2355,2763,,704,489,449,713,408,3463
6174,727,1227,1695,2365,2720,,727,500,468,670,355,3454
6323,727,1226,1715,2426,2836,,727,499,489,711,410,3487
6202,702,1203,1671,2353,2762,,702,501,468,682,409,3440
6187,716,1203,1691,2384,2756,,716,487,488,693,372,3431
6174,705,1150,1586,2302,2713,,705,445,436,716,411,3461
6273,728,1202,1690,2402,2813,,728,474,488,712,411,3460
6348,726,1202,1689,2402,2837,,726,476,487,713,435,3511
6243,725,1259,1772,2455,2823,,725,534,513,683,368,3420
6330,726,1227,1714,2426,2838,,726,501,487,712,412,3492
6272,717,1204,1695,2404,2814,,717,487,491,709,410,3458
6175,717,1233,1694,2375,2725,,717,516,461,681,350,3450
6324,747,1228,1719,2427,2838,,747,481,491,708,411,3486
6173,716,1203,1670,2355,2739,,716,487,467,685,384,3434
6158,715,1202,1670,2352,2727,,715,487,468,682,375,3431
6278,705,1193,1641,2354,2793,,705,488,448,713,439,3485
6347,726,1226,1714,2427,2837,,726,500,488,713,410,3510
6349,729,1227,1715,2429,2841,,729,498,488,714,412,3508
6189,715,1205,1716,2389,2752,,715,490,511,673,363,3437
6184,716,1234,1698,2381,2764,,716,518,464,683,383,3420
6133,705,1176,1647,2297,2703,,705,471,471,650,406,3430
6123,727,1226,1714,2349,2678,,727,499,488,635,329,3445
6324,727,1229,1715,2429,2838,,727,502,486,714,409,3486
6322,726,1226,1714,2426,2836,,726,500,488,712,410,3486
6174,727,1227,1636,2352,2705,,727,500,409,716,353,3469
6323,727,1226,1714,2442,2849,,727,499,488,728,407,3474
6348,728,1227,1716,2427,2837,,728,499,489,711,410,3511
6348,727,1228,1715,2429,2838,,727,501,487,714,409,3510
6200,715,1205,1690,2379,2745,,715,490,485,689,366,3455
6248,717,1204,1691,2404,2814,,717,487,487,713,410,3434
6332,727,1227,1716,2427,2837,,727,500,489,711,410,3495
6075,727,1203,1612,2244,2622,,727,476,409,632,378,3453
6349,727,1229,1716,2427,2837,,727,502,487,711,410,3512
6349,702,1202,1691,2404,2839,,702,500,489,713,435,3510
6197,717,1233,1697,2379,2764,,717,516,464,682,385,3433
6276,718,1205,1692,2405,2815,,718,487,487,713,410,3461
6273,677,1208,1692,2403,2813,,677,531,484,711,410,3460
6276,717,1205,1693,2404,2815,,717,488,488,711,411,3461
6173,727,1229,1690,2339,2726,,727,502,461,649,387,3447
6230,708,1199,1687,2385,2800,,708,491,488,698,415,3430
6324,728,1230,1717,2428,2840,,728,502,487,711,412,3484
6272,726,1227,1715,2409,2813,,726,501,488,694,404,3459
6348,716,1203,1690,2432,2839,,716,487,487,742,407,3509
6295,727,1226,1715,2458,2844,,727,499,489,743,386,3451
6235,726,1226,1715,2427,2805,,726,500,489,712,378,3430
6173,704,1190,1661,2367,2721,,704,486,471,706,354,3452
6348,728,1227,1715,2458,2864,,728,499,488,743,406,3484
6295,725,1226,1712,2424,2836,,725,501,486,712,412,3459
6248,714,1201,1691,2428,2799,,714,487,490,737,371,3449
6347,727,1226,1715,2426,2837,,727,499,489,711,411,3510
6224,730,1227,1716,2427,2782,,730,497,489,711,355,3442
6346,727,1227,1714,2426,2890,,727,500,487,712,464,3456
6321,726,1225,1714,2425,2835,,726,499,489,711,410,3486
6306,728,1229,1716,2428,2839,,728,501,487,712,411,3467
6299,727,1226,1714,2426,2816,,727,499,488,712,390,3483
6347,728,1227,1745,2451,2862,,728,499,518,706,411,3485
6346,756,1251,1738,2452,2861,,756,495,487,714,409,3485
6349,727,1227,1717,2427,2863,,727,500,490,710,436,3486
6349,728,1257,1741,2482,2888,,728,529,484,741,406,3461
6300,728,1227,1716,2426,2863,,728,499,489,710,437,3437
6277,716,1205,1693,2406,2816,,716,489,488,713,410,3461
6210,701,1201,1689,2402,2775,,701,500,488,713,373,3435
6077,704,1191,1662,2368,2715,,704,487,471,706,347,3362
5970,704,1192,1623,2251,2584,,704,488,431,628,333,3386
5967,700,1192,1663,2287,2604,,700,492,471,624,317,3363
6034,704,1194,1666,2326,2684,,704,490,472,660,358,3350
6097,705,1194,1666,2327,2708,,705,489,472,661,381,3389
5973,705,1192,1620,2252,2583,,705,487,428,632,331,3390
6199,705,1170,1652,2350,2740,,705,465,482,698,390,3459
6274,716,1203,1691,2403,2812,,716,487,488,712,409,3462
6349,728,1228,1716,2428,2839,,728,500,488,712,411,3510
6259,725,1225,1713,2426,2805,,725,500,488,713,379,3454
6101,707,1190,1663,2366,2715,,707,483,473,703,349,3386
5970,705,1194,1624,2251,2585,,705,489,430,627,334,3385
5894,701,1168,1641,2260,2552,,701,467,473,619,292,3342
6164,707,1193,1664,2326,2725,,707,486,471,662,399,3439
6046,704,1192,1662,2325,2679,,704,488,470,663,354,3367
5979,705,1195,1625,2252,2584,,705,490,430,627,332,3395
6037,703,1150,1588,2251,2588,,703,447,438,663,337,3449
6034,715,1191,1618,2251,2584,,715,476,427,633,333,3450
6060,715,1190,1662,2286,2625,,715,475,472,624,339,3435
6223,703,1190,1662,2367,2762,,703,487,472,705,395,3461
6273,707,1202,1690,2403,2812,,707,495,488,713,409,3461
6321,726,1226,1714,2426,2837,,726,500,488,712,411,3484
6374,726,1227,1715,2427,2837,,726,501,488,712,410,3537
6349,728,1228,1715,2429,2892,,728,500,487,714,463,3457
6322,726,1228,1740,2451,2862,,726,502,512,711,411,3460
6323,727,1226,1714,2427,2862,,727,499,488,713,435,3461
6346,726,1226,1714,2414,2870,,726,500,488,700,456,3476
6305,726,1225,1714,2425,2837,,726,499,489,711,412,3468
6323,727,1227,1714,2426,2836,,727,500,487,712,410,3487
6248,692,1177,1664,2376,2794,,692,485,487,712,418,3454
6347,727,1227,1714,2427,2837,,727,500,487,713,410,3510
6247,729,1227,1716,2428,2818,,729,498,489,712,390,3429
6249,716,1206,1692,2403,2814,,716,490,486,711,411,3435
6349,728,1226,1716,2426,2838,,728,498,490,710,412,3511
6348,727,1226,1716,2427,2838,,727,499,490,711,411,3510
6376,726,1227,1715,2425,2838,,726,501,488,710,413,3538
6348,727,1226,1714,2430,2837,,727,499,488,716,407,3511
6324,727,1227,1715,2427,2838,,727,500,488,712,411,3486
6347,727,1228,1714,2427,2838,,727,501,486,713,411,3509
6347,728,1226,1715,2427,2838,,728,498,489,712,411,3509
6348,728,1226,1715,2427,2838,,728,498,489,712,411,3510
6224,715,1202,1689,2402,2812,,715,487,487,713,410,3412
6272,718,1203,1690,2403,2814,,718,485,487,713,411,3458
6349,727,1227,1715,2427,2893,,727,500,488,712,466,3456
6348,727,1227,1715,2428,2838,,727,500,488,713,410,3510
6273,716,1203,1690,2403,2814,,716,487,487,713,411,3459
6323,726,1227,1714,2427,2861,,726,501,487,713,434,3462
6323,726,1226,1714,2430,2862,,726,500,488,716,432,3461
6273,718,1202,1690,2402,2812,,718,484,488,712,410,3461
6323,726,1226,1715,2425,2835,,726,500,489,710,410,3488
6296,726,1226,1714,2426,2835,,726,500,488,712,409,3461
6305,726,1226,1713,2426,2860,,726,500,487,713,434,3445
6321,728,1227,1714,2427,2862,,728,499,487,713,435,3459
6322,726,1227,1714,2427,2836,,726,501,487,713,409,3486
6250,718,1203,1691,2405,2814,,718,485,488,714,409,3436
6371,726,1227,1715,2426,2860,,726,501,488,711,434,3511
6248,728,1227,1716,2427,2784,,728,499,489,711,357,3464
6345,727,1225,1712,2425,2835,,727,498,487,713,410,3510
6347,727,1228,1726,2427,2837,,727,501,498,701,410,3510
6349,741,1228,1715,2429,2839,,741,487,487,714,410,3510
6323,728,1227,1715,2427,2838,,728,499,488,712,411,3485
6306,717,1203,1690,2403,2839,,717,486,487,713,436,3467
6345,725,1225,1712,2425,2836,,725,500,487,713,411,3509
6274,715,1204,1690,2403,2812,,715,489,486,713,409,3462
6323,727,1226,1714,2428,2863,,727,499,488,714,435,3460
6325,727,1228,1714,2428,2837,,727,501,486,714,409,3488
6346,728,1227,1714,2428,2837,,728,499,487,714,409,3509
6272,715,1202,1690,2402,2813,,715,487,488,712,411,3459
6324,727,1228,1715,2428,2837,,727,501,487,713,409,3487
6346,726,1227,1713,2426,2836,,726,501,486,713,410,3510
6295,724,1224,1712,2424,2835,,724,500,488,712,411,3460
6332,727,1226,1715,2426,2837,,727,499,489,711,411,3495
6274,715,1202,1689,2403,2813,,715,487,487,714,410,3461
6274,715,1202,1690,2402,2813,,715,487,488,712,411,3461
6273,718,1202,1690,2403,2813,,718,484,488,713,410,3460
6280,716,1209,1697,2409,2819,,716,493,488,712,410,3461
6272,716,1202,1690,2402,2813,,716,486,488,712,411,3459
6349,727,1227,1716,2427,2863,,727,500,489,711,436,3486
6284,727,1197,1690,2402,2813,,727,470,493,712,411,3471
6323,717,1202,1722,2430,2837,,717,485,520,708,407,3486
6306,745,1237,1724,2437,2847,,745,492,487,713,410,3459
6331,715,1204,1690,2403,2838,,715,489,486,713,435,3493
6249,727,1227,1717,2426,2836,,727,500,490,709,410,3413
6348,728,1226,1717,2427,2862,,728,498,491,710,435,3486
6096,676,1166,1638,2341,2738,,676,490,472,703,397,3358
6055,705,1193,1665,2326,2662,,705,488,472,661,336,3393
6111,704,1192,1665,2325,2661,,704,488,473,660,336,3450
6097,704,1167,1638,2342,2717,,704,463,471,704,375,3380
5975,664,1100,1580,2250,2588,,664,436,480,670,338,3387
6082,713,1188,1657,2300,2631,,713,475,469,643,331,3451
6149,703,1194,1665,2326,2706,,703,491,471,661,380,3443
6322,727,1225,1714,2427,2838,,727,498,489,713,411,3484
6342,727,1225,1713,2426,2837,,727,498,488,713,411,3505
6321,727,1227,1715,2427,2837,,727,500,488,712,410,3484
6344,724,1224,1712,2425,2836,,724,500,488,713,411,3508
6250,716,1204,1692,2404,2814,,716,488,488,712,410,3436
6322,741,1229,1716,2430,2839,,741,488,487,714,409,3483
6251,716,1203,1692,2402,2813,,716,487,489,710,411,3438
6348,727,1228,1715,2427,2837,,727,501,487,712,410,3511
6248,726,1147,1637,2351,2761,,726,421,490,714,410,3487
6378,717,1203,1691,2404,2842,,717,486,488,713,438,3536
6349,727,1228,1715,2428,2838,,727,501,487,713,410,3511
6374,727,1226,1714,2426,2837,,727,499,488,712,411,3537
6247,744,1228,1744,2433,2814,,744,484,516,689,381,3433
6351,716,1234,1718,2430,2839,,716,518,484,712,409,3512
6278,716,1202,1689,2402,2814,,716,486,487,713,412,3464
6346,726,1230,1715,2427,2836,,726,504,485,712,409,3510
6324,727,1227,1715,2456,2888,,727,500,488,741,432,3436
6273,728,1226,1657,2378,2812,,728,498,431,721,434,3461
6294,726,1226,1713,2426,2835,,726,500,487,713,409,3459
6348,728,1227,1716,2428,2862,,728,499,489,712,434,3486
6331,728,1226,1715,2431,2839,,728,498,489,716,408,3492
6344,716,1204,1692,2432,2865,,716,488,488,740,433,3479
6346,727,1226,1744,2451,2861,,727,499,518,707,410,3485
6347,727,1226,1714,2456,2889,,727,499,488,742,433,3458
6347,727,1227,1715,2427,2838,,727,500,488,712,411,3509
6339,716,1210,1698,2410,2846,,716,494,488,712,436,3493
6347,716,1204,1693,2403,2839,,716,488,489,710,436,3508
6273,716,1204,1691,2404,2813,,716,488,487,713,409,3460
6339,715,1204,1717,2428,2839,,715,489,513,711,411,3500
6297,726,1225,1714,2426,2835,,726,499,489,712,409,3462
6272,724,1225,1713,2425,2835,,724,501,488,712,410,3437
6191,711,1212,1700,2391,2773,,711,501,488,691,382,3418
6142,706,1194,1667,2368,2761,,706,488,473,701,393,3381
6199,704,1192,1642,2339,2746,,704,488,450,697,407,3453
6349,729,1227,1715,2427,2838,,729,498,488,712,411,3511
6285,727,1227,1714,2426,2838,,727,500,487,712,412,3447
6273,717,1202,1690,2403,2815,,717,485,488,713,412,3458
6352,714,1203,1690,2403,2843,,714,489,487,713,440,3509
6204,721,1209,1693,2395,2806,,721,488,484,702,411,3398
6349,715,1204,1690,2432,2840,,715,489,486,742,408,3509
6251,716,1205,1691,2404,2813,,716,489,486,713,409,3438
6227,715,1203,1641,2352,2763,,715,488,438,711,411,3464
6326,719,1219,1707,2420,2856,,719,500,488,713,436,3470
6274,716,1203,1691,2403,2813,,716,487,488,712,410,3461
6322,727,1227,1715,2427,2837,,727,500,488,712,410,3485
6346,726,1227,1714,2426,2860,,726,501,487,712,434,3486
6274,716,1203,1691,2405,2814,,716,487,488,714,409,3460
6320,727,1230,1714,2427,2838,,727,503,484,713,411,3482
6280,715,1210,1700,2410,2820,,715,495,490,710,410,3460
6322,719,1229,1716,2428,2839,,719,510,487,712,411,3483
6252,715,1204,1691,2403,2813,,715,489,487,712,410,3439
6264,713,1205,1693,2404,2814,,713,492,488,711,410,3450
6209,716,1189,1661,2364,2755,,716,473,472,703,391,3454
6122,705,1192,1664,2368,2743,,705,487,472,704,375,3379
5978,705,1194,1623,2252,2584,,705,489,429,629,332,3394
5970,700,1192,1664,2289,2581,,700,492,472,625,292,3389
6022,706,1194,1666,2368,2668,,706,488,472,702,300,3354
6204,707,1193,1666,2339,2770,,707,486,473,673,431,3434
6060,741,1196,1661,2317,2704,,741,455,465,656,387,3356
6158,716,1205,1692,2384,2750,,716,489,487,692,366,3408
6013,647,1088,1527,2213,2600,,647,441,439,686,387,3413
6076,669,1133,1579,2238,2624,,669,464,446,659,386,3452
6347,724,1224,1713,2426,2836,,724,500,489,713,410,3511
6249,715,1204,1691,2404,2813,,715,489,487,713,409,3436
6298,727,1227,1715,2426,2836,,727,500,488,711,410,3462
6273,717,1204,1692,2403,2814,,717,487,488,711,411,3459
6273,716,1202,1689,2403,2812,,716,486,487,714,409,3461
6248,717,1203,1692,2406,2815,,717,486,489,714,409,3433
6239,716,1213,1701,2413,2824,,716,497,488,712,411,3415
6215,713,1213,1703,2414,2850,,713,500,490,711,436,3365
6056,686,1162,1629,2297,2624,,686,476,467,668,327,3432
6033,700,1164,1590,2225,2575,,700,464,426,635,350,3458
6017,700,1190,1659,2298,2633,,700,490,469,639,335,3384
6123,704,1196,1666,2370,2744,,704,492,470,704,374,3379
5978,704,1192,1617,2252,2586,,704,488,425,635,334,3392
6051,699,1170,1641,2343,2672,,699,471,471,702,329,3379
6133,703,1193,1663,2368,2692,,703,490,470,705,324,3441
6227,703,1194,1666,2381,2792,,703,491,472,715,411,3435
6047,707,1180,1651,2315,2650,,707,473,471,664,335,3397
6068,703,1149,1608,2305,2682,,703,446,459,697,377,3386
6268,712,1212,1699,2413,2833,,712,500,487,714,420,3435
6276,716,1204,1693,2405,2816,,716,488,489,712,411,3460
6324,717,1202,1690,2403,2839,,717,485,488,713,436,3485
6274,716,1204,1691,2404,2814,,716,488,487,713,410,3460
6271,725,1226,1714,2426,2836,,725,501,488,712,410,3435
6272,716,1203,1691,2403,2814,,716,487,488,712,411,3458
6248,716,1205,1690,2404,2812,,716,489,485,714,408,3436
6216,716,1204,1692,2404,2776,,716,488,488,712,372,3440
6259,715,1211,1697,2405,2814,,715,496,486,708,409,3445
6281,716,1213,1700,2414,2846,,716,497,487,714,432,3435
6243,727,1227,1716,2428,2816,,727,500,489,712,388,3427
6276,716,1205,1693,2406,2815,,716,489,488,713,409,3461
6276,714,1204,1692,2405,2816,,714,490,488,713,411,3460
6201,646,1131,1617,2330,2738,,646,485,486,713,408,3463
6347,729,1226,1715,2427,2861,,729,497,489,712,434,3486
6275,716,1204,1693,2406,2816,,716,488,489,713,410,3459
6276,716,1205,1692,2403,2815,,716,489,487,711,412,3461
6278,718,1206,1692,2406,2815,,718,488,486,714,409,3463
6282,716,1206,1696,2404,2817,,716,490,490,708,413,3465
6277,717,1205,1692,2406,2816,,717,488,487,714,410,3461
6226,718,1207,1692,2406,2770,,718,489,485,714,364,3456
6275,716,1204,1692,2404,2815,,716,488,488,712,411,3460
6274,705,1204,1692,2404,2815,,705,499,488,712,411,3459
6325,716,1203,1691,2405,2840,,716,487,488,714,435,3485
6351,715,1204,1692,2407,2840,,715,489,488,715,433,3511
6373,717,1204,1692,2405,2840,,717,487,488,713,435,3533
6276,712,1205,1693,2406,2841,,712,493,488,713,435,3435
6354,716,1204,1693,2432,2865,,716,488,489,739,433,3489
6299,716,1204,1691,2404,2815,,716,488,487,713,411,3484
6348,717,1203,1691,2432,2864,,717,486,488,741,432,3484
6272,716,1203,1691,2403,2812,,716,487,488,712,409,3460
6274,714,1204,1693,2403,2814,,714,490,489,710,411,3460
6247,715,1189,1671,2377,2787,,715,474,482,706,410,3460
6274,716,1204,1691,2403,2814,,716,488,487,712,411,3460
6250,716,1204,1691,2405,2815,,716,488,487,714,410,3435
6373,718,1204,1691,2404,2840,,718,486,487,713,436,3533
6251,713,1205,1693,2405,2816,,713,492,488,712,411,3435
6251,716,1204,1692,2405,2814,,716,488,488,713,409,3437
6212,739,1217,1690,2392,2788,,739,478,473,702,396,3424
6212,707,1193,1665,2368,2759,,707,486,472,703,391,3453
5945,705,1193,1665,2287,2579,,705,488,472,622,292,3366
6047,704,1192,1665,2326,2683,,704,488,473,661,357,3364
6048,704,1196,1669,2327,2663,,704,492,473,658,336,3385
6046,703,1194,1692,2351,2687,,703,491,498,659,336,3359
5978,704,1194,1623,2277,2610,,704,490,429,654,333,3368
5869,700,1144,1614,2237,2529,,700,444,470,623,292,3340
6087,702,1192,1662,2326,2662,,702,490,470,664,336,3425
6071,704,1193,1664,2326,2685,,704,489,471,662,359,3386
6123,705,1193,1663,2369,2743,,705,488,470,706,374,3380
6139,704,1194,1666,2327,2707,,704,490,472,661,380,3432
6195,705,1193,1664,2368,2785,,705,488,471,704,417,3410
6013,705,1181,1655,2313,2650,,705,476,474,658,337,3363
6045,705,1194,1665,2327,2663,,705,489,471,662,336,3382
6137,703,1191,1663,2324,2703,,703,488,472,661,379,3434
6251,716,1204,1691,2404,2816,,716,488,487,713,412,3435
6223,716,1205,1693,2405,2817,,716,489,488,712,412,3406
6189,706,1194,1667,2369,2761,,706,488,473,702,392,3428
6135,706,1193,1665,2327,2705,,706,487,472,662,378,3430
6275,715,1183,1643,2355,2789,,715,468,460,712,434,3486
6273,716,1204,1692,2404,2816,,716,488,488,712,412,3457
6277,717,1204,1691,2403,2814,,717,487,487,712,411,3463
6276,716,1204,1692,2405,2814,,716,488,488,713,409,3462
6211,715,1215,1619,2316,2750,,715,500,404,697,434,3461
6350,717,1205,1693,2405,2840,,717,488,488,712,435,3510
6276,715,1204,1693,2404,2816,,715,489,489,711,412,3460
6310,717,1204,1693,2404,2815,,717,487,489,711,411,3495
6276,717,1204,1692,2405,2815,,717,487,488,713,410,3461
6326,717,1205,1693,2404,2870,,717,488,488,711,466,3456
6160,688,1123,1605,2292,2711,,688,435,482,687,419,3449
6161,704,1168,1642,2343,2732,,704,464,474,701,389,3429
5945,705,1195,1666,2290,2608,,705,490,471,624,318,3337
6149,706,1194,1666,2369,2745,,706,488,472,703,376,3404
6036,702,1191,1664,2318,2664,,702,489,473,654,346,3372
6050,705,1173,1668,2331,2667,,705,468,495,663,336,3383
5976,705,1193,1626,2277,2609,,705,488,433,651,332,3367
5882,702,1169,1641,2265,2557,,702,467,472,624,292,3325
6048,706,1194,1666,2370,2694,,706,488,472,704,324,3354
6051,706,1193,1667,2327,2663,,706,487,474,660,336,3388
5895,701,1168,1640,2263,2556,,701,467,472,623,293,3339
6165,697,1169,1641,2345,2738,,697,472,472,704,393,3427
6147,703,1194,1666,2368,2759,,703,491,472,702,391,3388
6073,706,1193,1667,2327,2685,,706,487,474,660,358,3388
6044,706,1195,1666,2330,2665,,706,489,471,664,335,3379
6020,707,1193,1665,2327,2665,,707,486,472,662,338,3355
5976,703,1192,1622,2255,2585,,703,489,430,633,330,3391
5957,700,1169,1665,2289,2583,,700,469,496,624,294,3374
6023,706,1195,1667,2370,2668,,706,489,472,703,298,3355
6026,705,1193,1664,2327,2661,,705,488,471,663,334,3365
6122,700,1193,1628,2320,2716,,700,493,435,692,396,3406
6211,706,1193,1664,2365,2780,,706,487,471,701,415,3431
6169,702,1167,1638,2341,2757,,702,465,471,703,416,3412
6072,703,1193,1689,2350,2706,,703,490,496,661,356,3366
5927,704,1177,1606,2238,2567,,704,473,429,632,329,3360
6031,704,1174,1645,2307,2643,,704,470,471,662,336,3388
5979,705,1169,1600,2230,2561,,705,464,431,630,331,3418
5970,699,1168,1649,2282,2577,,699,469,481,633,295,3393
6018,705,1191,1661,2367,2690,,705,486,470,706,323,3328
6050,706,1194,1668,2326,2663,,706,488,474,658,337,3387
5896,700,1169,1641,2263,2554,,700,469,472,622,291,3342
6177,696,1170,1641,2344,2716,,696,474,471,703,372,3461
6275,716,1204,1691,2403,2813,,716,488,487,712,410,3462
6326,718,1206,1696,2406,2843,,718,488,490,710,437,3483
6351,717,1230,1718,2430,2840,,717,513,488,712,410,3511
6274,716,1207,1691,2404,2814,,716,491,484,713,410,3460
6299,725,1225,1713,2425,2837,,725,500,488,712,412,3462
6253,716,1203,1692,2404,2815,,716,487,489,712,411,3438
6284,716,1214,1700,2414,2824,,716,498,486,714,410,3460
6352,717,1203,1692,2406,2841,,717,486,489,714,435,3511
6087,717,1168,1575,2281,2654,,717,451,407,706,373,3433
6173,704,1168,1640,2344,2761,,704,464,472,704,417,3412
6023,703,1194,1667,2371,2694,,703,491,473,704,323,3329
6040,705,1192,1665,2335,2675,,705,487,473,670,340,3365
6051,706,1194,1666,2330,2666,,706,488,472,664,336,3385
5934,706,1161,1601,2243,2574,,706,455,440,642,331,3360
5974,703,1193,1624,2251,2585,,703,490,431,627,334,3389
6208,701,1193,1664,2368,2785,,701,492,471,704,417,3423
5997,706,1193,1665,2368,2667,,706,487,472,703,299,3330
5977,705,1194,1624,2253,2586,,705,489,430,629,333,3391
6035,704,1166,1636,2278,2609,,704,462,470,642,331,3426
6195,701,1177,1651,2351,2770,,701,476,474,700,419,3425
6098,703,1192,1663,2368,2717,,703,489,471,705,349,3381
6052,704,1195,1665,2326,2684,,704,491,470,661,358,3368
6024,696,1171,1642,2302,2641,,696,475,471,660,339,3383
6251,718,1205,1692,2405,2814,,718,487,487,713,409,3437
6327,716,1234,1719,2430,2864,,716,518,485,711,434,3463
6274,719,1204,1692,2403,2813,,719,485,488,711,410,3461
6310,746,1238,1728,2438,2853,,746,492,490,710,415,3457
6275,715,1203,1691,2403,2815,,715,488,488,712,412,3460
6230,716,1184,1667,2317,2747,,716,468,483,650,430,3483
6277,716,1204,1692,2404,2815,,716,488,488,712,411,3462
6275,716,1203,1691,2404,2815,,716,487,488,713,411,3460
6350,716,1204,1692,2406,2844,,716,488,488,714,438,3506
6185,715,1227,1691,2390,2736,,715,512,464,699,346,3449
6297,726,1226,1712,2426,2836,,726,500,486,714,410,3461
6249,716,1207,1692,2406,2795,,716,491,485,714,389,3454
6352,717,1204,1693,2404,2839,,717,487,489,711,435,3513
6323,728,1228,1715,2429,2862,,728,500,487,714,433,3461
6325,716,1204,1692,2404,2839,,716,488,488,712,435,3486
6224,717,1207,1665,2353,2761,,717,490,458,688,408,3463
6323,726,1227,1714,2427,2836,,726,501,487,713,409,3487
6275,717,1205,1692,2404,2817,,717,488,487,712,413,3458
6251,716,1204,1693,2405,2815,,716,488,489,712,410,3436
6148,658,1079,1566,2278,2689,,658,421,487,712,411,3459
6225,691,1180,1668,2378,2789,,691,489,488,710,411,3436
6275,716,1206,1692,2405,2815,,716,490,486,713,410,3460
6087,716,1126,1618,2253,2653,,716,410,492,635,400,3434
6177,708,1181,1653,2357,2746,,708,473,472,704,389,3431
6025,705,1197,1669,2329,2664,,705,492,472,660,335,3361
6187,699,1170,1641,2346,2737,,699,471,471,705,391,3450
6197,704,1177,1672,2375,2750,,704,473,495,703,375,3447
6148,705,1194,1665,2368,2760,,705,489,471,703,392,3388
6023,705,1168,1641,2302,2659,,705,463,473,661,357,3364
6251,689,1165,1647,2354,2791,,689,476,482,707,437,3460
6345,717,1204,1692,2406,2840,,717,487,488,714,434,3505
6274,716,1204,1692,2404,2816,,716,488,488,712,412,3458
6249,716,1204,1693,2404,2813,,716,488,489,711,409,3436
6325,728,1227,1716,2428,2838,,728,499,489,712,410,3487
6348,718,1205,1693,2405,2839,,718,487,488,712,434,3509
6090,649,1123,1542,2243,2638,,649,474,419,701,395,3452
6206,703,1193,1665,2365,2756,,703,490,472,700,391,3450
6099,705,1193,1665,2367,2758,,705,488,472,702,391,3341
6023,705,1194,1666,2316,2671,,705,489,472,650,355,3352
6226,688,1180,1644,2354,2765,,688,492,464,710,411,3461
6275,716,1204,1691,2405,2816,,716,488,487,714,411,3459
6276,714,1202,1690,2403,2815,,714,488,488,713,412,3461
6276,715,1205,1693,2404,2816,,715,490,488,711,412,3460
6276,718,1207,1693,2405,2815,,718,489,486,712,410,3461
6199,720,1204,1695,2384,2767,,720,484,491,689,383,3432
6188,717,1205,1693,2385,2753,,717,488,488,692,368,3435
6198,706,1180,1651,2355,2750,,706,474,471,704,395,3448
5946,704,1194,1666,2289,2606,,704,490,472,623,317,3340
6048,705,1194,1666,2328,2685,,705,489,472,662,357,3363
6151,637,1119,1546,2255,2689,,637,482,427,709,434,3462
6275,717,1206,1691,2404,2815,,717,489,485,713,411,3460
6281,716,1209,1697,2411,2819,,716,493,488,714,408,3462
6324,715,1205,1692,2405,2840,,715,490,487,713,435,3484
6298,728,1228,1715,2427,2839,,728,500,487,712,412,3459
6247,716,1204,1692,2434,2822,,716,488,488,742,388,3425
6227,715,1205,1698,2385,2791,,715,490,493,687,406,3436
6252,710,1205,1693,2404,2816,,710,495,488,711,412,3436
6249,716,1205,1691,2404,2814,,716,489,486,713,410,3435
6250,715,1204,1692,2404,2813,,715,489,488,712,409,3437
6310,729,1227,1715,2429,2837,,729,498,488,714,408,3473
6275,716,1204,1690,2403,2813,,716,488,486,713,410,3462
6259,715,1212,1701,2412,2822,,715,497,489,711,410,3437
6300,716,1205,1692,2405,2815,,716,489,487,713,410,3485
6275,717,1203,1693,2403,2814,,717,486,490,710,411,3461
6157,716,1205,1672,2357,2765,,716,489,467,685,408,3392
6241,706,1197,1668,2371,2788,,706,491,471,703,417,3453
6188,705,1194,1663,2365,2757,,705,489,469,702,392,3431
6147,707,1194,1666,2369,2763,,707,487,472,703,394,3384
6049,707,1194,1664,2327,2684,,707,487,470,663,357,3365
6253,705,1174,1657,2356,2794,,705,469,483,699,438,3459
6251,717,1205,1695,2405,2814,,717,488,490,710,409,3437
6345,716,1260,1743,2455,2865,,716,544,483,712,410,3480
6336,716,1228,1696,2403,2879,,716,512,468,707,476,3457
6186,705,1194,1666,2370,2762,,705,489,472,704,392,3424
6024,705,1194,1666,2327,2663,,705,489,472,661,336,3361
6163,701,1170,1642,2344,2735,,701,469,472,702,391,3428
6087,704,1191,1659,2261,2651,,704,487,468,602,390,3436
6149,704,1195,1691,2395,2770,,704,491,496,704,375,3379
6018,704,1192,1663,2327,2661,,704,488,471,664,334,3357
6136,686,1111,1596,2289,2683,,686,425,485,693,394,3453
6103,703,1151,1630,2342,2719,,703,448,479,712,377,3384
5973,705,1197,1626,2254,2588,,705,492,429,628,334,3385
6124,701,1194,1667,2370,2747,,701,493,473,703,377,3377
5998,708,1195,1667,2368,2667,,708,487,472,701,299,3331
6045,705,1193,1665,2329,2664,,705,488,472,664,335,3381
6163,701,1169,1642,2346,2737,,701,468,473,704,391,3426
6222,676,1175,1663,2375,2786,,676,499,488,712,411,3436
6276,716,1206,1692,2405,2816,,716,490,486,713,411,3460
6226,716,1203,1673,2355,2766,,716,487,470,682,411,3460
6088,707,1151,1608,2279,2640,,707,444,457,671,361,3448
6074,706,1144,1616,2247,2665,,706,438,472,631,418,3409
5975,706,1195,1625,2255,2586,,706,489,430,630,331,3389
6124,706,1193,1664,2369,2747,,706,487,471,705,378,3377
6122,653,1143,1615,2318,2737,,653,490,472,703,419,3385
5968,704,1192,1622,2252,2585,,704,488,430,630,333,3383
6067,703,1174,1646,2308,2645,,703,471,472,662,337,3422
6161,698,1167,1638,2340,2731,,698,469,471,702,391,3430
6123,706,1193,1664,2368,2745,,706,487,471,704,377,3378
6020,705,1194,1666,2327,2663,,705,489,472,661,336,3357
6012,700,1190,1669,2315,2642,,700,490,479,646,327,3370
6206,697,1195,1645,2358,2768,,697,498,450,713,410,3438
6251,716,1204,1691,2404,2815,,716,488,487,713,411,3436
6301,718,1205,1693,2406,2816,,718,487,488,713,410,3485
6250,681,1180,1667,2380,2789,,681,499,487,713,409,3461
6280,717,1206,1693,2407,2841,,717,489,487,714,434,3439
6251,716,1206,1692,2405,2795,,716,490,486,713,390,3456
6352,741,1234,1719,2431,2845,,741,493,485,712,414,3507
6327,716,1207,1692,2405,2841,,716,491,485,713,436,3486
6350,717,1204,1694,2405,2841,,717,487,490,711,436,3509
6088,717,1204,1641,2291,2656,,717,487,437,650,365,3432
6039,704,1195,1667,2328,2672,,704,491,472,661,344,3367
5927,698,1170,1601,2230,2565,,698,472,431,629,335,3362
5928,700,1173,1643,2269,2564,,700,473,470,626,295,3364
6139,665,1120,1592,2295,2691,,665,455,472,703,396,3448
6021,705,1194,1665,2328,2663,,705,489,471,663,335,3358
6151,707,1141,1620,2331,2722,,707,434,479,711,391,3429
6070,636,1055,1521,2225,2618,,636,419,466,704,393,3452
6125,706,1194,1667,2372,2762,,706,488,473,705,390,3363
6021,705,1195,1666,2328,2662,,705,490,471,662,334,3359
6050,701,1191,1664,2323,2659,,701,490,473,659,336,3391
6080,702,1190,1619,2293,2643,,702,488,429,674,350,3437
6275,716,1206,1694,2406,2817,,716,490,488,712,411,3458
6298,716,1204,1691,2405,2815,,716,488,487,714,410,3483
6136,701,1124,1594,2292,2710,,701,423,470,698,418,3426
6172,705,1195,1666,2368,2784,,705,490,471,702,416,3388
6281,713,1210,1698,2410,2822,,713,497,488,712,412,3459
6225,742,1170,1654,2380,2792,,742,428,484,726,412,3433
6276,717,1206,1694,2405,2816,,717,489,488,711,411,3460
6250,717,1205,1694,2406,2816,,717,488,489,712,410,3434
6163,716,1206,1672,2355,2727,,716,490,466,683,372,3436
6119,705,1194,1666,2329,2707,,705,489,472,663,378,3412
6274,717,1205,1693,2407,2817,,717,488,488,714,410,3457
6325,721,1206,1695,2405,2841,,721,485,489,710,436,3484
6164,703,1153,1634,2343,2738,,703,450,481,709,395,3426
6214,705,1193,1666,2369,2786,,705,488,473,703,417,3428
5974,702,1153,1588,2247,2609,,702,451,435,659,362,3365
6234,705,1152,1617,2338,2778,,705,447,465,721,440,3456
6250,717,1206,1694,2407,2816,,717,489,488,713,409,3434
6253,716,1206,1695,2405,2798,,716,490,489,710,393,3455
6214,717,1206,1693,2379,2779,,717,489,487,686,400,3435
6009,705,1168,1639,2302,2637,,705,463,471,663,335,3372
5923,702,1169,1599,2228,2561,,702,467,430,629,333,3362
5974,700,1174,1644,2267,2587,,700,474,470,623,320,3387
6163,706,1162,1609,2296,2716,,706,456,447,687,420,3447
5945,704,1170,1640,2262,2582,,704,466,470,622,320,3363
6051,706,1193,1665,2327,2682,,706,487,472,662,355,3369
6102,665,1099,1574,2255,2665,,665,434,475,681,410,3437
6252,716,1205,1694,2406,2816,,716,489,489,712,410,3436
6251,716,1206,1695,2406,2816,,716,490,489,711,410,3435
6249,716,1204,1692,2384,2791,,716,488,488,692,407,3458
6275,717,1204,1693,2406,2814,,717,487,489,713,408,3461
6308,745,1236,1729,2436,2846,,745,491,493,707,410,3462
6276,718,1207,1696,2407,2817,,718,489,489,711,410,3459
6229,717,1195,1688,2394,2772,,717,478,493,706,378,3457
6353,716,1205,1693,2405,2841,,716,489,488,712,436,3512
6278,716,1205,1693,2405,2816,,716,489,488,712,411,3462
6188,716,1205,1639,2345,2764,,716,489,434,706,419,3424
6097,704,1193,1666,2369,2718,,704,489,473,703,349,3379
6045,703,1192,1662,2328,2662,,703,489,470,666,334,3383
6024,701,1192,1665,2324,2660,,701,491,473,659,336,3364
6061,701,1191,1622,2252,2627,,701,490,431,630,375,3434
6297,716,1202,1691,2405,2839,,716,486,489,714,434,3458
6276,716,1206,1694,2407,2817,,716,490,488,713,410,3459
6189,717,1206,1641,2348,2756,,717,489,435,707,408,3433
6187,704,1168,1639,2344,2760,,704,464,471,705,416,3427
6077,680,1167,1639,2342,2694,,680,487,472,703,352,3383
6158,715,1167,1615,2317,2711,,715,452,448,702,394,3447
6075,705,1195,1667,2328,2685,,705,490,472,661,357,3390
6021,704,1195,1667,2329,2662,,704,491,472,662,333,3359
6023,702,1191,1662,2327,2660,,702,489,471,665,333,3363
6005,702,1191,1620,2250,2583,,702,489,429,630,333,3422
5997,701,1194,1623,2253,2587,,701,493,429,630,334,3410
6102,701,1172,1644,2348,2740,,701,471,472,704,392,3362
6202,699,1148,1619,2333,2744,,699,449,471,714,411,3458
6276,716,1205,1692,2404,2815,,716,489,487,712,411,3461
6201,656,1130,1619,2331,2743,,656,474,489,712,412,3458
6201,718,1185,1644,2357,2770,,718,467,459,713,413,3431
6277,720,1207,1694,2406,2818,,720,487,487,712,412,3459
6353,717,1207,1696,2407,2843,,717,490,489,711,436,3510
6174,715,1205,1693,2326,2716,,715,490,488,633,390,3458
6282,716,1207,1695,2407,2819,,716,491,488,712,412,3463
6326,717,1207,1694,2410,2843,,717,490,487,716,433,3483
6277,717,1206,1695,2408,2817,,717,489,489,713,409,3460
6176,716,1128,1611,2306,2717,,716,412,483,695,411,3459
6350,716,1207,1694,2406,2841,,716,491,487,712,435,3509
6101,647,1055,1543,2256,2664,,647,408,488,713,408,3437
6296,725,1227,1714,2408,2839,,725,502,487,694,431,3457
6278,717,1207,1695,2408,2817,,717,490,488,713,409,3461
6277,717,1208,1695,2407,2820,,717,491,487,712,413,3457
6199,716,1205,1693,2385,2766,,716,489,488,692,381,3433
6202,702,1132,1619,2331,2742,,702,430,487,712,411,3460
6278,718,1207,1694,2408,2817,,718,489,487,714,409,3461
6275,717,1206,1694,2407,2817,,717,489,488,713,410,3458
6091,717,1186,1616,2262,2658,,717,469,430,646,396,3433
6047,689,1170,1668,2337,2693,,689,481,498,669,356,3354
6086,706,1171,1640,2300,2638,,706,465,469,660,338,3448
6184,704,1176,1623,2322,2729,,704,472,447,699,407,3455
6251,717,1208,1693,2406,2815,,717,491,485,713,409,3436
6333,716,1205,1692,2406,2839,,716,489,487,714,433,3494
6202,715,1206,1693,2406,2817,,715,491,487,713,411,3385
6276,716,1206,1693,2404,2815,,716,490,487,711,411,3461
6274,717,1205,1693,2405,2815,,717,488,488,712,410,3459
6307,718,1207,1697,2406,2818,,718,489,490,709,412,3489
6203,717,1207,1651,2333,2744,,717,490,444,682,411,3459
6250,717,1206,1694,2406,2817,,717,489,488,712,411,3433
6250,716,1172,1656,2381,2791,,716,456,484,725,410,3459
6204,716,1206,1673,2381,2763,,716,490,467,708,382,3441
6277,717,1206,1693,2406,2816,,717,489,487,713,410,3461
6210,717,1207,1693,2385,2792,,717,490,486,692,407,3418
6226,708,1205,1692,2405,2795,,708,497,487,713,390,3431
6275,717,1204,1692,2404,2815,,717,487,488,712,411,3460
6275,716,1205,1694,2406,2816,,716,489,489,712,410,3459
6251,718,1206,1693,2406,2795,,718,488,487,713,389,3456
6277,716,1206,1696,2406,2818,,716,490,490,710,412,3459
6351,716,1205,1693,2407,2841,,716,489,488,714,434,3510
6350,716,1205,1693,2406,2841,,716,489,488,713,435,3509
6177,716,1210,1695,2407,2726,,716,494,485,712,319,3451
6278,717,1208,1695,2407,2819,,717,491,487,712,412,3459
6356,717,1206,1696,2407,2843,,717,489,490,711,436,3513
6178,715,1206,1694,2407,2740,,715,491,488,713,333,3438
6278,718,1208,1694,2407,2819,,718,490,486,713,412,3459
6276,717,1207,1696,2408,2817,,717,490,489,712,409,3459
6253,718,1207,1694,2407,2796,,718,489,487,713,389,3457
6140,718,1207,1618,2333,2696,,718,489,411,715,363,3444
6189,705,1169,1641,2344,2760,,705,464,472,703,416,3429
6148,705,1152,1649,2345,2740,,705,447,497,696,395,3408
6135,710,1182,1653,2334,2704,,710,472,471,681,370,3431
6276,716,1206,1693,2407,2816,,716,490,487,714,409,3460
6276,717,1206,1694,2406,2817,,717,489,488,712,411,3459
6277,715,1205,1693,2406,2816,,715,490,488,713,410,3461
6276,717,1207,1696,2407,2818,,717,490,489,711,411,3458
6346,741,1232,1720,2432,2842,,741,491,488,712,410,3504
6274,716,1203,1691,2403,2814,,716,487,488,712,411,3460
6231,722,1222,1710,2409,2786,,722,500,488,699,377,3445
6213,705,1196,1666,2370,2787,,705,491,470,704,417,3426
6051,704,1150,1573,2257,2582,,704,446,423,684,325,3469
6210,726,1226,1714,2405,2772,,726,500,488,691,367,3438
6123,705,1194,1693,2393,2767,,705,489,499,700,374,3356
6139,705,1194,1667,2328,2706,,705,489,473,661,378,3433
6326,717,1206,1694,2406,2840,,717,489,488,712,434,3486
6349,717,1207,1695,2407,2840,,717,490,488,712,433,3509
6275,716,1203,1691,2403,2815,,716,487,488,712,412,3460
6350,716,1235,1719,2431,2841,,716,519,484,712,410,3509
6208,726,1226,1713,2405,2772,,726,500,487,692,367,3436
6215,705,1193,1690,2394,2787,,705,488,497,704,393,3428
6099,705,1193,1666,2369,2724,,705,488,473,703,355,3375
6025,705,1193,1665,2325,2662,,705,488,472,660,337,3363
6047,703,1194,1666,2330,2688,,703,491,472,664,358,3359
6046,703,1193,1665,2327,2663,,703,490,472,662,336,3383
6043,701,1192,1663,2324,2658,,701,491,471,661,334,3385
6003,702,1193,1623,2253,2585,,702,491,430,630,332,3418
5927,697,1171,1601,2230,2563,,697,474,430,629,333,3364
6167,700,1172,1643,2347,2741,,700,472,471,704,394,3426
6149,704,1157,1640,2334,2711,,704,453,483,694,377,3438
6164,704,1169,1642,2344,2735,,704,465,473,702,391,3429
6099,706,1195,1668,2369,2720,,706,489,473,701,351,3379
6181,705,1194,1666,2344,2739,,705,489,472,678,395,3442
6254,716,1206,1696,2408,2817,,716,490,490,712,409,3437
6277,717,1206,1693,2407,2817,,717,489,487,714,410,3460
6276,717,1207,1695,2406,2816,,717,490,488,711,410,3460
6225,719,1207,1699,2406,2817,,719,488,492,707,411,3408
6284,716,1215,1702,2415,2826,,716,499,487,713,411,3458
6350,717,1206,1723,2431,2841,,717,489,517,708,410,3509
6229,716,1206,1695,2375,2768,,716,490,489,680,393,3461
6275,716,1206,1694,2406,2816,,716,490,488,712,410,3459
6285,716,1214,1682,2396,2828,,716,498,468,714,432,3457
6221,716,1213,1702,2414,2791,,716,497,489,712,377,3430
6100,706,1195,1666,2369,2718,,706,489,471,703,349,3382
6047,704,1194,1667,2330,2664,,704,490,473,663,334,3383
6034,702,1194,1666,2326,2662,,702,492,472,660,336,3372
6018,705,1195,1667,2327,2662,,705,490,472,660,335,3356
6007,701,1192,1622,2251,2585,,701,491,430,629,334,3422
6217,701,1174,1645,2350,2766,,701,473,471,705,416,3451
6134,675,1112,1568,2265,2684,,675,437,456,697,419,3450
6252,718,1206,1694,2407,2815,,718,488,488,713,408,3437
6251,716,1205,1692,2394,2800,,716,489,487,702,406,3451
6139,717,1217,1704,2404,2769,,717,500,487,700,365,3370
6042,713,1189,1660,2323,2658,,713,476,471,663,335,3384
6024,704,1169,1641,2303,2639,,704,465,472,662,336,3385
6104,703,1196,1679,2351,2686,,703,493,483,672,335,3418
5998,700,1195,1626,2255,2611,,700,495,431,629,356,3387
5991,703,1190,1619,2248,2583,,703,487,429,629,335,3408
5977,700,1175,1646,2270,2590,,700,475,471,624,320,3387
6193,646,1135,1608,2321,2731,,646,489,473,713,410,3462
6277,716,1205,1692,2406,2816,,716,489,487,714,410,3461
6122,716,1204,1648,2331,2671,,716,488,444,683,340,3451
6212,716,1204,1692,2404,2782,,716,488,488,712,378,3430
6124,704,1196,1668,2370,2746,,704,492,472,702,376,3378
6053,705,1194,1666,2327,2662,,705,489,472,661,335,3391
6057,704,1195,1666,2327,2663,,704,491,471,661,336,3394
5996,705,1153,1633,2305,2638,,705,448,480,672,333,3358
6012,705,1179,1651,2313,2648,,705,474,472,662,335,3364
6023,702,1192,1663,2325,2662,,702,490,471,662,337,3361
6046,649,1123,1552,2225,2599,,649,474,429,673,374,3447
6341,717,1206,1696,2406,2843,,717,489,490,710,437,3498
6249,714,1203,1691,2404,2789,,714,489,488,713,385,3460
6199,657,1154,1642,2355,2745,,657,497,488,713,390,3454
6253,718,1207,1695,2407,2817,,718,489,488,712,410,3436
6278,717,1206,1694,2406,2817,,717,489,488,712,411,3461
6274,716,1206,1693,2405,2816,,716,490,487,712,411,3458
6278,717,1206,1695,2406,2818,,717,489,489,711,412,3460
6351,716,1206,1694,2408,2841,,716,490,488,714,433,3510
6277,717,1207,1694,2406,2816,,717,490,487,712,410,3461
6188,717,1203,1671,2379,2738,,717,486,468,708,359,3450
6048,705,1195,1666,2328,2665,,705,490,471,662,337,3383
5901,704,1151,1564,2202,2536,,704,447,413,638,334,3365
6083,666,1154,1622,2306,2675,,666,488,468,684,369,3408
6278,716,1207,1697,2406,2818,,716,491,490,709,412,3460
6281,717,1205,1695,2406,2820,,717,488,490,711,414,3461
6350,715,1206,1693,2406,2841,,715,491,487,713,435,3509
6278,715,1206,1695,2406,2815,,715,491,489,711,409,3463
6325,716,1206,1697,2431,2841,,716,490,491,734,410,3484
6277,715,1205,1692,2406,2815,,715,490,487,714,409,3462
6138,715,1196,1664,2347,2698,,715,481,468,683,351,3440
6123,705,1194,1667,2371,2747,,705,489,473,704,376,3376
6089,703,1170,1641,2305,2662,,703,467,471,664,357,3427
6350,716,1207,1694,2407,2842,,716,491,487,713,435,3508
6278,718,1202,1694,2407,2817,,718,484,492,713,410,3461
6352,717,1207,1694,2406,2843,,717,490,487,712,437,3509
6351,718,1232,1720,2433,2842,,718,514,488,713,409,3509
6277,717,1206,1695,2407,2816,,717,489,489,712,409,3461
6275,717,1208,1696,2408,2818,,717,491,488,712,410,3457
6276,715,1206,1695,2408,2817,,715,491,489,713,409,3459
6123,689,1168,1638,2346,2721,,689,479,470,708,375,3402
5832,650,1063,1480,2112,2450,,650,413,417,632,338,3382
5865,650,1073,1489,2125,2492,,650,423,416,636,367,3373
5835,644,1071,1488,2120,2459,,644,427,417,632,339,3376
5836,644,1070,1487,2119,2459,,644,426,417,632,340,3377
5834,646,1068,1484,2118,2458,,646,422,416,634,340,3376
5910,645,1070,1512,2169,2534,,645,425,442,657,365,3376
5886,645,1071,1487,2145,2509,,645,426,416,658,364,3377
6215,706,1195,1667,2370,2786,,706,489,472,703,416,3429
6119,699,1190,1662,2368,2743,,699,491,472,706,375,3376
5876,704,1128,1545,2177,2512,,704,424,417,632,335,3364
6123,706,1196,1666,2370,2721,,706,490,470,704,351,3402
6093,705,1171,1645,2294,2657,,705,466,474,649,363,3436
6161,664,1154,1629,2317,2711,,664,490,475,688,394,3450
6127,703,1195,1666,2369,2761,,703,492,471,703,392,3366
6098,704,1195,1665,2328,2683,,704,491,470,663,355,3415
6191,704,1192,1665,2367,2758,,704,488,473,702,391,3433
6191,703,1199,1672,2372,2763,,703,496,473,700,391,3428
6211,704,1193,1663,2369,2785,,704,489,470,706,416,3426
6214,704,1195,1668,2371,2786,,704,491,473,703,415,3428
6216,704,1195,1667,2371,2765,,704,491,472,704,394,3451
6098,706,1194,1666,2330,2687,,706,488,472,664,357,3411
6163,704,1195,1665,2329,2728,,704,491,470,664,399,3435
6185,703,1148,1630,2344,2763,,703,445,482,714,419,3422
6213,705,1194,1666,2369,2787,,705,489,472,703,418,3426
6191,705,1195,1666,2370,2764,,705,490,471,704,394,3427
6173,705,1195,1666,2370,2785,,705,490,471,704,415,3388
6214,704,1195,1669,2369,2786,,704,491,474,700,417,3428
6242,704,1200,1671,2374,2791,,704,496,471,703,417,3451
6217,705,1195,1665,2371,2790,,705,490,470,706,419,3427
6191,719,1195,1649,2345,2762,,719,476,454,696,417,3429
6098,705,1194,1664,2327,2685,,705,489,470,663,358,3413
6189,728,1219,1690,2354,2751,,728,491,471,664,397,3438
6071,672,1091,1549,2229,2614,,672,419,458,680,385,3457
6280,716,1208,1696,2408,2818,,716,492,488,712,410,3462
6352,720,1207,1694,2407,2841,,720,487,487,713,434,3511
6252,715,1206,1695,2407,2817,,715,491,489,712,410,3435
6278,715,1207,1695,2407,2817,,715,492,488,712,410,3461
6345,716,1208,1694,2406,2841,,716,492,486,712,435,3504
6251,716,1204,1693,2405,2814,,716,488,489,712,409,3437
6226,683,1163,1630,2330,2765,,683,480,467,700,435,3461
6353,716,1208,1695,2407,2843,,716,492,487,712,436,3510
6327,730,1231,1718,2432,2841,,730,501,487,714,409,3486
6106,704,1133,1614,2302,2697,,704,429,481,688,395,3409
5973,707,1195,1627,2258,2587,,707,488,432,631,329,3386
5872,704,1128,1541,2153,2488,,704,424,413,612,335,3384
5973,705,1154,1588,2230,2563,,705,449,434,642,333,3410
5871,705,1128,1543,2178,2513,,705,423,415,635,335,3358
5879,704,1135,1550,2184,2518,,704,431,415,634,334,3361
5950,707,1155,1591,2233,2564,,707,448,436,642,331,3386
5895,664,1105,1539,2180,2512,,664,441,434,641,332,3383
5874,704,1127,1542,2179,2512,,704,423,415,637,333,3362
5867,710,1143,1543,2173,2517,,710,433,400,630,344,3350
5959,705,1139,1574,2215,2574,,705,434,435,641,359,3385
5924,697,1155,1569,2204,2538,,697,458,414,635,334,3386
5921,705,1153,1565,2203,2537,,705,448,412,638,334,3384
5823,646,1055,1466,2103,2437,,646,409,411,637,334,3386
5846,664,1101,1517,2152,2487,,664,437,416,635,335,3359
6143,717,1216,1685,2366,2737,,717,499,469,681,371,3406
6254,716,1206,1693,2405,2815,,716,490,487,712,410,3439
6165,703,1193,1661,2357,2732,,703,490,468,696,375,3433
5994,703,1194,1624,2278,2612,,703,491,430,654,334,3382
5866,704,1147,1545,2173,2494,,704,443,398,628,321,3372
5977,705,1194,1625,2254,2588,,705,489,431,629,334,3389
5872,703,1126,1542,2177,2511,,703,423,416,635,334,3361
5976,706,1152,1589,2227,2562,,706,446,437,638,335,3414
5905,705,1152,1567,2203,2537,,705,447,415,636,334,3368
5896,704,1151,1573,2203,2539,,704,447,422,630,336,3357
5881,705,1137,1549,2185,2519,,705,432,412,636,334,3362
5975,705,1152,1588,2229,2558,,705,447,436,641,329,3417
5976,704,1155,1566,2210,2537,,704,451,411,644,327,3439
5895,705,1153,1566,2203,2535,,705,448,413,637,332,3360
5898,704,1155,1568,2202,2525,,704,451,413,634,323,3373
5905,704,1134,1545,2184,2519,,704,430,411,639,335,3386
5874,704,1129,1542,2178,2512,,704,425,413,636,334,3362
5897,705,1153,1587,2203,2535,,705,448,434,616,332,3362
5821,671,1080,1488,2128,2460,,671,409,408,640,332,3361
5849,666,1101,1518,2153,2486,,666,435,417,635,333,3363
5893,704,1152,1564,2202,2536,,704,448,412,638,334,3357
5871,704,1128,1542,2178,2512,,704,424,414,636,334,3359
5972,706,1156,1589,2229,2563,,706,450,433,640,334,3409
5972,705,1154,1568,2204,2537,,705,449,414,636,333,3435
5900,704,1130,1544,2179,2513,,704,426,414,635,334,3387
5878,704,1135,1549,2187,2518,,704,431,414,638,331,3360
5875,705,1131,1546,2180,2514,,705,426,415,634,334,3361
5897,705,1154,1569,2204,2537,,705,449,415,635,333,3360
5973,730,1178,1593,2228,2562,,730,448,415,635,334,3411
5895,705,1154,1567,2203,2535,,705,449,413,636,332,3360
5899,706,1157,1568,2203,2537,,706,451,411,635,334,3362
5898,706,1155,1568,2203,2537,,706,449,413,635,334,3361
5894,704,1167,1572,2202,2541,,704,463,405,630,339,3353
5973,706,1197,1627,2255,2587,,706,491,430,628,332,3386
5875,707,1127,1545,2178,2512,,707,420,418,633,334,3363
5907,704,1139,1552,2190,2524,,704,435,413,638,334,3383
5972,703,1152,1588,2232,2560,,703,449,436,644,328,3412
5896,706,1154,1567,2203,2536,,706,448,413,636,333,3360
5999,706,1154,1568,2204,2538,,706,448,414,636,334,3461
5791,642,1050,1446,2075,2419,,642,408,396,629,344,3372
5837,671,1092,1507,2143,2476,,671,421,415,636,333,3361
5846,665,1101,1517,2152,2487,,665,436,416,635,335,3359
5876,702,1128,1545,2178,2511,,702,426,417,633,333,3365
6148,705,1196,1671,2370,2762,,705,491,475,699,392,3386
6164,705,1169,1616,2321,2737,,705,464,447,705,416,3427
6257,719,1209,1679,2385,2795,,719,490,470,706,410,3462
6252,716,1208,1695,2406,2817,,716,492,487,711,411,3435
6279,717,1207,1696,2408,2819,,717,490,489,712,411,3460
6252,716,1207,1695,2407,2818,,716,491,488,712,411,3434
6284,716,1212,1701,2413,2822,,716,496,489,712,409,3462
6275,715,1204,1693,2404,2814,,715,489,489,711,410,3461
6278,717,1208,1695,2409,2818,,717,491,487,714,409,3460
6147,703,1168,1650,2325,2702,,703,465,482,675,377,3445
5947,705,1195,1669,2290,2582,,705,490,474,621,292,3365
5975,704,1170,1650,2294,2634,,704,466,480,644,340,3341
6217,705,1196,1668,2371,2787,,705,491,472,703,416,3430
6149,705,1194,1667,2370,2744,,705,489,473,703,374,3405
6125,704,1194,1665,2345,2722,,704,490,471,680,377,3403
6146,704,1194,1665,2371,2746,,704,490,471,706,375,3400
6130,655,1091,1551,2259,2669,,655,436,460,708,410,3461
6275,717,1206,1695,2406,2816,,717,489,489,711,410,3459
6277,716,1207,1693,2406,2817,,716,491,486,713,411,3460
6189,716,1174,1652,2345,2740,,716,458,478,693,395,3449
6149,705,1196,1668,2371,2762,,705,491,472,703,391,3387
6123,704,1194,1666,2369,2719,,704,490,472,703,350,3404
6122,704,1196,1667,2369,2720,,704,492,471,702,351,3402
6149,708,1195,1667,2370,2745,,708,487,472,703,375,3404
6096,705,1170,1641,2345,2694,,705,465,471,704,349,3402
6122,703,1194,1666,2369,2759,,703,491,472,703,390,3363
6128,705,1198,1669,2376,2750,,705,493,471,707,374,3378
6142,643,1139,1629,2340,2751,,643,496,490,711,411,3391
6253,716,1207,1696,2407,2819,,716,491,489,711,412,3434
6192,715,1192,1674,2382,2758,,715,477,482,708,376,3434
6191,705,1196,1668,2369,2762,,705,491,472,701,393,3429
6149,703,1170,1641,2345,2761,,703,467,471,704,416,3388
6150,703,1178,1650,2324,2717,,703,475,472,674,393,3433
5932,706,1180,1609,2241,2572,,706,474,429,632,331,3360
5971,704,1153,1567,2203,2538,,704,449,414,636,335,3433
5897,705,1154,1567,2202,2537,,705,449,413,635,335,3360
5887,704,1128,1542,2178,2512,,704,424,414,636,334,3375
5798,648,1067,1469,2106,2450,,648,419,402,637,344,3348
5845,664,1101,1516,2152,2484,,664,437,415,636,332,3361
5953,706,1156,1567,2206,2541,,706,450,411,639,335,3412
5899,704,1154,1566,2203,2537,,704,450,412,637,334,3362
5973,729,1177,1593,2229,2561,,729,448,416,636,332,3412
5993,674,1138,1586,2214,2588,,674,464,448,628,374,3405
6338,716,1208,1694,2408,2843,,716,492,486,714,435,3495
6344,718,1207,1694,2406,2841,,718,489,487,712,435,3503
6321,717,1206,1695,2406,2841,,717,489,489,711,435,3480
6252,718,1206,1694,2406,2816,,718,488,488,712,410,3436
6348,727,1237,1721,2427,2839,,727,510,484,706,412,3509
6278,716,1207,1695,2407,2817,,716,491,488,712,410,3461
6191,715,1207,1646,2347,2741,,715,492,439,701,394,3450
5866,704,1129,1543,2178,2510,,704,425,414,635,332,3356
5975,704,1154,1590,2229,2569,,704,450,436,639,340,3406
5972,668,1145,1575,2205,2540,,668,477,430,630,335,3432
5904,706,1136,1548,2187,2520,,706,430,412,639,333,3384
5971,706,1153,1589,2231,2562,,706,447,436,642,331,3409
5897,707,1153,1567,2204,2540,,707,446,414,637,336,3357
5865,713,1145,1561,2174,2518,,713,432,416,613,344,3347
6256,704,1157,1647,2361,2796,,704,453,490,714,435,3460
6278,716,1208,1695,2407,2820,,716,492,487,712,413,3458
6165,716,1206,1641,2349,2743,,716,490,435,708,394,3422
5973,705,1196,1651,2281,2613,,705,491,455,630,332,3360
5963,704,1152,1567,2210,2562,,704,448,415,643,352,3401
6229,690,1182,1670,2361,2792,,690,492,488,691,431,3437
6255,716,1207,1695,2407,2818,,716,491,488,712,411,3437
6252,716,1207,1695,2407,2797,,716,491,488,712,390,3455
6252,716,1207,1696,2408,2818,,716,491,489,712,410,3434
6214,717,1166,1631,2344,2778,,717,449,465,713,434,3436
6223,719,1203,1666,2378,2789,,719,484,463,712,411,3434
6276,717,1207,1695,2407,2818,,717,490,488,712,411,3458
6201,716,1186,1644,2355,2745,,716,470,458,711,390,3456
6305,716,1204,1693,2406,2816,,716,488,489,713,410,3489
6226,715,1205,1672,2381,2769,,715,490,467,709,388,3457
6154,716,1155,1644,2356,2758,,716,439,489,712,402,3396
6189,706,1197,1669,2371,2763,,706,491,472,702,392,3426
6050,705,1197,1668,2331,2686,,705,492,471,663,355,3364
5897,705,1156,1569,2206,2537,,705,451,413,637,331,3360
6003,666,1093,1552,2237,2601,,666,427,459,685,364,3402
6182,716,1209,1658,2359,2731,,716,493,449,701,372,3451
6282,717,1207,1694,2407,2817,,717,490,487,713,410,3465
6203,716,1187,1645,2357,2768,,716,471,458,712,411,3435
6253,715,1207,1698,2408,2817,,715,492,491,710,409,3436
6352,715,1207,1695,2407,2837,,715,492,488,712,430,3515
6365,716,1207,1695,2407,2840,,716,491,488,712,433,3525
6278,717,1207,1696,2408,2819,,717,490,489,712,411,3459
6253,717,1207,1697,2411,2819,,717,490,490,714,408,3434
6328,717,1207,1695,2438,2845,,717,490,488,743,407,3483
6228,716,1161,1646,2358,2767,,716,445,485,712,409,3461
6252,719,1208,1696,2407,2823,,719,489,488,711,416,3429
6165,704,1167,1636,2325,2731,,704,463,469,689,406,3434
6125,705,1192,1666,2369,2744,,705,487,474,703,375,3381
6053,706,1194,1666,2328,2686,,706,488,472,662,358,3367
6025,702,1194,1665,2328,2662,,702,492,471,663,334,3363
5976,702,1131,1551,2195,2559,,702,429,420,644,364,3417
6278,716,1208,1696,2409,2820,,716,492,488,713,411,3458
6253,716,1207,1696,2408,2818,,716,491,489,712,410,3435
6278,716,1208,1695,2407,2818,,716,492,487,712,411,3460
6228,715,1183,1615,2332,2766,,715,468,432,717,434,3462
6312,717,1207,1696,2421,2853,,717,490,489,725,432,3459
6307,717,1209,1694,2408,2818,,717,492,485,714,410,3489
6378,744,1258,1724,2460,2919,,744,514,466,736,459,3459
6252,716,1207,1695,2408,2823,,716,491,488,713,415,3429
6136,718,1208,1696,2388,2737,,718,490,488,692,349,3399
6175,704,1152,1589,2305,2716,,704,448,437,716,411,3459
6279,715,1207,1695,2409,2818,,715,492,488,714,409,3461
6353,716,1209,1696,2410,2844,,716,493,487,714,434,3509
6255,717,1207,1696,2408,2819,,717,490,489,712,411,3436
6278,710,1233,1699,2407,2817,,710,523,466,708,410,3461
6129,645,1122,1593,2252,2669,,645,477,471,659,417,3460
6352,716,1207,1694,2408,2842,,716,491,487,714,434,3510
6229,715,1208,1674,2352,2792,,715,493,466,678,440,3437
6188,716,1208,1695,2389,2794,,716,492,487,694,405,3394
6217,708,1209,1695,2410,2788,,708,501,486,715,378,3429
6329,717,1208,1697,2409,2844,,717,491,489,712,435,3485
6354,716,1208,1695,2408,2842,,716,492,487,713,434,3512
6280,716,1208,1696,2407,2817,,716,492,488,711,410,3463
6255,718,1208,1696,2409,2818,,718,490,488,713,409,3437
6230,717,1234,1660,2358,2769,,717,517,426,698,411,3461
6179,718,1208,1697,2408,2802,,718,490,489,711,394,3377
6206,703,1174,1643,2339,2746,,703,471,469,696,407,3460
6252,718,1207,1696,2385,2791,,718,489,489,689,406,3461
6111,717,1187,1645,2334,2705,,717,470,458,689,371,3406
6105,707,1197,1668,2373,2723,,707,490,471,705,350,3382
6057,704,1177,1649,2314,2693,,704,473,472,665,379,3364
6023,700,1197,1669,2330,2665,,700,497,472,661,335,3358
5996,701,1169,1599,2230,2560,,701,468,430,631,330,3436
6063,702,1152,1565,2204,2602,,702,450,413,639,398,3461
6078,646,1083,1552,2206,2618,,646,437,469,654,412,3460
6277,716,1206,1697,2409,2820,,716,490,491,712,411,3457
6277,716,1206,1694,2407,2817,,716,490,488,713,410,3460
6178,717,1208,1676,2309,2719,,717,491,468,633,410,3459
6279,716,1208,1696,2408,2819,,716,492,488,712,411,3460
6254,716,1209,1696,2408,2818,,716,493,487,712,410,3436
6267,723,1223,1710,2422,2833,,723,500,487,712,411,3434
6279,717,1208,1697,2408,2818,,717,491,489,711,410,3461
6352,717,1206,1694,2406,2843,,717,489,488,712,437,3509
6279,716,1208,1697,2410,2820,,716,492,489,713,410,3459
6229,743,1197,1642,2359,2768,,743,454,445,717,409,3461
6279,718,1209,1696,2408,2820,,718,491,487,712,412,3459
6280,716,1208,1696,2409,2820,,716,492,488,713,411,3460
6300,717,1207,1695,2407,2842,,717,490,488,712,435,3458
6282,720,1208,1696,2409,2819,,720,488,488,713,410,3463
6187,716,1209,1697,2387,2793,,716,493,488,690,406,3394
6255,710,1210,1699,2371,2806,,710,500,489,672,435,3449
6279,716,1209,1696,2409,2818,,716,493,487,713,409,3461
6279,716,1208,1696,2407,2818,,716,492,488,711,411,3461
6278,716,1208,1696,2409,2822,,716,492,488,713,413,3456
6180,742,1196,1650,2333,2732,,742,454,454,683,399,3448
6232,716,1208,1696,2409,2820,,716,492,488,713,411,3412
6164,716,1209,1677,2360,2769,,716,493,468,683,409,3395
6175,705,1197,1667,2371,2790,,705,492,470,704,419,3385
6073,705,1196,1693,2354,2709,,705,491,497,661,355,3364
6044,700,1191,1664,2323,2659,,700,491,473,659,336,3385
5991,650,1122,1552,2204,2552,,650,472,430,652,348,3439
6302,715,1215,1700,2405,2840,,715,500,485,705,435,3462
6279,717,1209,1696,2408,2819,,717,492,487,712,411,3460
6276,717,1206,1693,2405,2814,,717,489,487,712,409,3462
6051,716,1179,1626,2267,2610,,716,463,447,641,343,3441
6142,717,1147,1618,2322,2701,,717,430,471,704,379,3441
5947,704,1195,1665,2291,2609,,704,491,470,626,318,3338
6076,704,1195,1667,2329,2690,,704,491,472,662,361,3386
5997,701,1172,1644,2304,2640,,701,471,472,660,336,3357
6009,701,1195,1668,2327,2641,,701,494,473,659,314,3368
6227,697,1171,1658,2372,2787,,697,474,487,714,415,3440
6259,715,1213,1701,2413,2825,,715,498,488,712,412,3434
6279,717,1207,1695,2407,2818,,717,490,488,712,411,3461
6305,717,1207,1694,2406,2817,,717,490,487,712,411,3488
6177,716,1179,1625,2269,2726,,716,463,446,644,457,3451
6279,717,1208,1696,2409,2818,,717,491,488,713,409,3461
6182,717,1207,1695,2388,2794,,717,490,488,693,406,3388
6252,717,1208,1696,2411,2810,,717,491,488,715,399,3442
6231,716,1207,1695,2408,2818,,716,491,488,713,410,3413
6278,715,1207,1697,2410,2819,,715,492,490,713,409,3459
6282,715,1208,1695,2408,2818,,715,493,487,713,410,3464
6043,696,1154,1593,2250,2613,,696,458,439,657,363,3430
5918,668,1117,1556,2217,2529,,668,449,439,661,312,3389
5958,667,1117,1555,2220,2557,,667,450,438,665,337,3401
6181,716,1234,1684,2320,2726,,716,518,450,636,406,3455
6342,717,1208,1726,2432,2869,,717,491,518,706,437,3473
6143,717,1209,1675,2344,2747,,717,492,466,669,403,3396
6121,704,1172,1644,2346,2708,,704,468,472,702,362,3413
6256,717,1208,1694,2408,2819,,717,491,486,714,411,3437
6279,716,1210,1696,2407,2817,,716,494,486,711,410,3462
6278,716,1208,1696,2407,2817,,716,492,488,711,410,3461
6289,718,1218,1706,2418,2827,,718,500,488,712,409,3462
6279,717,1208,1696,2408,2819,,717,491,488,712,411,3460
6253,717,1208,1696,2408,2817,,717,491,488,712,409,3436
6103,716,1206,1669,2347,2659,,716,490,463,678,312,3444
6257,716,1209,1697,2409,2820,,716,493,488,712,411,3437
6110,717,1187,1647,2335,2704,,717,470,460,688,369,3406
6176,704,1197,1668,2372,2789,,704,493,471,704,417,3387
6006,705,1180,1651,2312,2647,,705,475,471,661,335,3359
6025,700,1169,1640,2303,2638,,700,469,471,663,335,3387
6008,701,1171,1642,2306,2639,,701,470,471,664,333,3369
6268,722,1224,1711,2423,2833,,722,502,487,712,410,3435
6254,714,1208,1697,2408,2820,,714,494,489,711,412,3434
6278,715,1210,1695,2409,2819,,715,495,485,714,410,3459
6154,716,1208,1671,2341,2708,,716,492,463,670,367,3446
6277,716,1205,1693,2406,2817,,716,489,488,713,411,3460
6252,716,1206,1694,2405,2815,,716,490,488,711,410,3437
6196,716,1215,1703,2384,2757,,716,499,488,681,373,3439
5897,706,1178,1582,2196,2525,,706,472,404,614,329,3372
6000,705,1170,1642,2305,2637,,705,465,472,663,332,3363
6036,701,1198,1669,2330,2665,,701,497,471,661,335,3371
6103,650,1120,1536,2233,2642,,650,470,416,697,409,3461
6283,716,1211,1696,2408,2818,,716,495,485,712,410,3465
6277,715,1208,1695,2410,2817,,715,493,487,715,407,3460
6130,717,1208,1672,2340,2678,,717,491,464,668,338,3452
6167,717,1208,1639,2321,2717,,717,491,431,682,396,3450
5949,705,1197,1667,2292,2586,,705,492,470,625,294,3363
6127,704,1171,1668,2373,2747,,704,467,497,705,374,3380
6034,707,1183,1655,2315,2650,,707,476,472,660,335,3384
6103,700,1169,1641,2303,2660,,700,469,472,662,357,3443
6277,715,1206,1695,2406,2818,,715,491,489,711,412,3459
6278,717,1208,1696,2409,2819,,717,491,488,713,410,3459
6354,717,1207,1696,2409,2845,,717,490,489,713,436,3509
6343,719,1206,1695,2408,2844,,719,487,489,713,436,3499
6154,716,1207,1673,2340,2703,,716,491,466,667,363,3451
6255,715,1206,1694,2407,2817,,715,491,488,713,410,3438
6111,717,1186,1647,2332,2704,,717,469,461,685,372,3407
5949,705,1172,1643,2266,2557,,705,467,471,623,291,3392
6267,721,1221,1709,2421,2831,,721,500,488,712,410,3436
6205,679,1161,1650,2360,2776,,679,482,489,710,416,3429
